0.75	2.0
1.5	3.0
2.25	4.0
3.01	1.0
3.74	2.0
4.47	3.0
5.2	4.0
5.95	1.0
6.66	2.0
7.4	3.0
8.13	4.0
8.88	1.0
9.59	2.0
10.33	3.0
11.06	4.0
11.8	1.0
12.52	2.0
13.25	3.0
13.99	4.0
14.72	1.0
15.45	2.0
16.17	3.0
16.92	4.0
17.64	1.0
18.38	2.0
19.1	3.0
19.85	4.0
20.57	1.0
21.3	2.0
22.03	3.0
22.77	4.0
23.52	1.0
24.24	2.0
24.97	3.0
25.7	4.0
26.42	1.0
27.16	2.0
27.88	3.0
28.63	4.0
29.35	1.0
30.09	2.0
30.81	3.0
31.55	4.0
32.28	1.0
33.02	2.0
33.74	3.0
34.48	4.0
35.21	1.0
35.94	2.0
36.65	3.0
37.41	4.0
38.13	1.0
38.88	2.0
39.6	3.0
40.34	4.0
41.05	1.0
41.8	2.0
42.5	3.0
43.27	4.0
43.99	1.0
44.73	2.0
45.45	3.0
46.2	4.0
46.94	1.0
47.65	2.0
48.38	3.0
49.12	4.0
49.85	1.0
50.58	2.0
51.31	3.0
52.05	4.0
52.78	1.0
53.52	2.0
54.24	3.0
54.98	4.0
55.7	1.0
56.44	2.0
57.17	3.0
57.91	4.0
58.64	1.0
59.37	2.0
60.1	3.0
60.84	4.0
61.56	1.0
62.3	2.0
63.02	3.0
63.76	4.0
64.48	1.0
65.22	2.0
65.94	3.0
66.68	4.0
67.41	1.0
68.14	2.0
68.87	3.0
69.61	4.0
70.33	1.0
71.07	2.0
71.79	3.0
72.53	4.0
73.26	1.0
74.0	2.0
74.71	3.0
75.46	4.0
76.19	1.0
76.93	2.0
77.67	3.0
78.39	4.0
79.12	1.0
79.85	2.0
80.56	3.0
81.32	4.0
82.04	1.0
82.78	2.0
83.5	3.0
84.25	4.0
84.97	1.0
85.71	2.0
86.43	3.0
87.17	4.0
87.9	1.0
88.64	2.0
89.37	3.0
90.1	4.0
90.83	1.0
91.55	2.0
92.29	3.0
93.03	4.0
93.75	1.0
94.49	2.0
95.22	3.0
95.96	4.0
96.68	1.0
97.42	2.0
98.15	3.0
98.88	4.0
99.61	1.0
100.35	2.0
101.08	3.0
101.82	4.0
102.54	1.0
103.28	2.0
104.0	3.0
104.74	4.0
105.47	1.0
106.21	2.0
106.9	3.0
107.67	4.0
108.42	1.0
109.13	2.0
109.85	3.0
110.59	4.0
111.32	1.0
112.03	2.0
112.78	3.0
113.51	4.0
114.27	1.0
114.99	2.0
115.72	3.0
116.45	4.0
117.2	1.0
117.91	2.0
118.65	3.0
119.38	4.0
120.11	1.0
120.84	2.0
121.57	3.0
122.32	4.0
123.04	1.0
123.78	2.0
124.5	3.0
125.24	4.0
125.96	1.0
126.7	2.0
127.43	3.0
128.17	4.0
128.89	1.0
129.63	2.0
130.35	3.0
131.09	4.0
131.82	1.0
132.56	2.0
133.28	3.0
134.02	4.0
134.75	1.0
135.49	2.0
136.21	3.0
136.95	4.0
137.68	1.0
138.42	2.0
139.14	3.0
139.88	4.0
140.61	1.0
141.34	2.0
142.07	3.0
142.81	4.0
143.53	1.0
144.27	2.0
144.99	3.0
145.71	4.0
146.46	1.0
147.2	2.0
147.89	3.0
148.67	4.0
149.38	1.0
150.12	2.0
150.84	3.0
151.59	4.0
152.33	1.0
153.05	2.0
153.79	3.0
154.52	4.0
155.24	1.0
155.98	2.0
156.7	3.0
157.44	4.0
158.17	1.0
158.91	2.0
159.64	3.0
160.38	4.0
161.1	1.0
161.82	2.0
162.55	3.0
163.3	4.0
164.04	1.0
164.74	2.0
165.5	3.0
166.23	4.0
166.96	1.0
167.69	2.0
168.42	3.0
169.16	4.0
169.88	1.0
170.62	2.0
171.35	3.0
172.09	4.0
172.81	1.0
173.55	2.0
174.28	3.0
175.02	4.0
175.74	1.0
176.48	2.0
177.2	3.0
177.95	4.0
178.67	1.0
179.41	2.0
180.13	3.0
180.88	4.0
181.6	1.0
182.34	2.0
183.06	3.0
183.8	4.0
184.53	1.0
185.26	2.0
185.99	3.0
186.73	4.0
187.46	1.0
188.19	2.0
188.91	3.0
189.65	4.0
190.37	1.0
191.12	2.0
191.85	3.0
192.59	4.0
193.32	1.0
194.02	2.0
194.75	3.0
195.51	4.0
196.24	1.0
196.94	2.0
197.7	3.0
198.42	4.0
199.16	1.0
199.96	2.0
200.7	3.0