0.01	2.0
0.52	3.0
1.0	4.0
1.52	1.0
2.0	2.0
2.5	3.0
3.0	4.0
3.5	1.0
3.99	2.0
4.49	3.0
4.97	4.0
5.34	1.0
5.7	2.0
6.03	3.0
6.38	4.0
6.73	1.0
7.1	2.0
7.43	3.0
7.77	4.0
8.11	1.0
8.47	2.0
8.79	3.0
9.14	4.0
9.48	1.0
9.83	2.0
10.16	3.0
10.5	4.0
10.85	1.0
11.2	2.0
11.54	3.0
11.91	4.0
12.26	1.0
12.59	2.0
12.94	3.0
13.28	4.0
13.64	1.0
13.96	2.0
14.31	3.0
14.65	4.0
15.0	1.0
15.34	2.0
15.68	3.0
16.02	4.0
16.35	1.0
16.7	2.0
17.04	3.0
17.39	4.0
17.73	1.0
18.07	2.0
18.41	3.0
18.76	4.0
19.1	1.0
19.45	2.0
19.78	3.0
20.13	4.0
20.48	1.0
20.83	2.0
21.17	3.0
21.52	4.0
21.87	1.0
22.21	2.0
22.54	3.0
22.9	4.0
23.25	1.0
23.58	2.0
23.92	3.0
24.27	4.0
24.61	1.0
24.95	2.0
25.3	3.0
25.65	4.0
26.0	1.0
26.34	2.0
26.67	3.0
27.02	4.0
27.36	1.0
27.7	2.0
28.03	3.0
28.4	4.0
28.74	1.0
29.08	2.0
29.41	3.0
29.77	4.0
30.11	1.0
30.44	2.0
30.77	3.0
31.14	4.0
31.47	1.0
31.83	2.0
32.17	3.0
32.51	4.0
32.86	1.0
33.21	2.0
33.55	3.0
33.9	4.0
34.26	1.0
34.62	2.0
34.96	3.0
35.31	4.0
35.66	1.0
36.0	2.0
36.36	3.0
36.7	4.0
37.04	1.0
37.37	2.0
37.71	3.0
38.06	4.0
38.41	1.0
38.74	2.0
39.08	3.0
39.44	4.0
39.79	1.0
40.13	2.0
40.48	3.0
40.85	4.0
41.19	1.0
41.55	2.0
41.9	3.0
42.23	4.0
42.59	1.0
42.91	2.0
43.24	3.0
43.56	4.0
43.92	1.0
44.25	2.0
44.59	3.0
44.92	4.0
45.27	1.0
45.59	2.0
45.92	3.0
46.25	4.0
46.59	1.0
46.93	2.0
47.27	3.0
47.6	4.0
47.94	1.0
48.28	2.0
48.6	3.0
48.94	4.0
49.29	1.0
49.66	2.0
50.01	3.0
50.36	4.0
50.7	1.0
51.08	2.0
51.43	3.0
51.77	4.0
52.13	1.0
52.48	2.0
52.81	3.0
53.17	4.0
53.51	1.0
53.87	2.0
54.23	3.0
54.55	4.0
54.9	1.0
55.25	2.0
55.6	3.0
55.95	4.0
56.3	1.0
56.64	2.0
56.99	3.0
57.35	4.0
57.7	1.0
58.04	2.0
58.38	3.0
58.74	4.0
59.1	1.0
59.43	2.0
59.78	3.0
60.13	4.0
60.49	1.0
60.82	2.0
61.16	3.0
61.51	4.0
61.84	1.0
62.19	2.0
62.56	3.0
62.9	4.0
63.26	1.0
63.58	2.0
63.93	3.0
64.28	4.0
64.62	1.0
64.98	2.0
65.33	3.0
65.67	4.0
66.02	1.0
66.37	2.0
66.71	3.0
67.07	4.0
67.41	1.0
67.75	2.0
68.1	3.0
68.45	4.0
68.8	1.0
69.14	2.0
69.49	3.0
69.83	4.0
70.18	1.0
70.54	2.0
70.87	3.0
71.23	4.0
71.58	1.0
71.91	2.0
72.25	3.0
72.6	4.0
72.95	1.0
73.29	2.0
73.63	3.0
73.99	4.0
74.32	1.0
74.66	2.0
75.0	3.0
75.35	4.0
75.7	1.0
76.05	2.0
76.39	3.0
76.75	4.0
77.1	1.0
77.44	2.0
77.79	3.0
78.15	4.0
78.5	1.0
78.84	2.0
79.19	3.0
79.53	4.0
79.87	1.0
80.22	2.0
80.56	3.0
80.9	4.0
81.27	1.0
81.61	2.0
81.95	3.0
82.31	4.0
82.64	1.0
82.98	2.0
83.33	3.0
83.69	4.0
84.04	1.0
84.38	2.0
84.73	3.0
85.08	4.0
85.42	1.0
85.77	2.0
86.1	3.0
86.46	4.0
86.81	1.0
87.17	2.0
87.53	3.0
87.9	4.0
88.24	1.0
88.62	2.0
88.98	3.0
89.33	4.0
89.68	1.0
90.06	2.0
90.42	3.0
90.77	4.0
91.12	1.0
91.5	2.0
91.85	3.0
92.21	4.0
92.57	1.0
92.93	2.0
93.27	3.0
93.59	4.0
93.95	1.0
94.27	2.0
94.61	3.0
94.96	4.0
95.32	1.0
95.67	2.0
96.0	3.0
96.35	4.0
96.7	1.0
97.05	2.0
97.37	3.0
97.73	4.0
98.08	1.0
98.43	2.0
98.77	3.0
99.11	4.0
99.45	1.0
99.79	2.0
100.13	3.0
100.5	4.0
100.83	1.0
101.2	2.0
101.55	3.0
101.89	4.0
102.23	1.0
102.58	2.0
102.93	3.0
103.29	4.0
103.63	1.0
103.97	2.0
104.31	3.0
104.67	4.0
105.01	1.0
105.37	2.0
105.7	3.0
106.07	4.0
106.41	1.0
106.75	2.0
107.09	3.0
107.45	4.0
107.79	1.0
108.13	2.0
108.49	3.0
108.84	4.0
109.19	1.0
109.53	2.0
109.9	3.0
110.24	4.0
110.6	1.0
110.93	2.0
111.27	3.0
111.62	4.0
111.96	1.0
112.3	2.0
112.64	3.0
113.0	4.0
113.34	1.0
113.69	2.0
114.04	3.0
114.38	4.0
114.74	1.0
115.08	2.0
115.43	3.0
115.78	4.0
116.11	1.0
116.45	2.0
116.79	3.0
117.16	4.0
117.49	1.0
117.84	2.0
118.17	3.0
118.53	4.0
118.87	1.0
119.22	2.0
119.56	3.0
119.92	4.0
120.27	1.0
120.62	2.0
120.97	3.0
121.32	4.0
121.67	1.0
122.01	2.0
122.36	3.0
122.72	4.0
123.06	1.0
123.4	2.0
123.75	3.0
124.12	4.0
124.47	1.0
124.8	2.0
125.17	3.0
125.51	4.0
125.85	1.0
126.2	2.0
126.54	3.0
126.9	4.0
127.24	1.0
127.57	2.0
127.92	3.0
128.27	4.0
128.62	1.0
128.97	2.0
129.33	3.0
129.68	4.0
130.05	1.0
130.38	2.0
130.73	3.0
131.07	4.0
131.4	1.0
131.74	2.0
132.08	3.0
132.44	4.0
132.77	1.0
133.12	2.0
133.45	3.0
133.8	4.0
134.13	1.0
134.48	2.0
134.82	3.0
135.19	4.0
135.54	1.0
135.87	2.0
136.22	3.0
136.58	4.0
136.93	1.0
137.29	2.0
137.62	3.0
137.96	4.0
138.31	1.0
138.66	2.0
139.0	3.0
139.36	4.0
139.73	1.0
140.07	2.0
140.43	3.0
140.79	4.0