0.01	1.0
0.48	2.0
0.94	3.0
1.42	4.0
1.88	1.0
2.35	2.0
2.82	3.0
3.29	4.0
3.75	1.0
4.23	2.0
4.71	3.0
5.16	4.0
5.65	1.0
6.1	2.0
6.57	3.0
7.04	4.0
7.51	1.0
7.98	2.0
8.48	3.0
8.96	4.0
9.44	1.0
9.9	2.0
10.38	3.0
10.86	4.0
11.36	1.0
11.83	2.0
12.3	3.0
12.78	4.0
13.27	1.0
13.74	2.0
14.22	3.0
14.7	4.0
15.17	1.0
15.63	2.0
16.11	3.0
16.57	4.0
17.07	1.0
17.55	2.0
18.03	3.0
18.49	4.0
18.99	1.0
19.45	2.0
19.94	3.0
20.42	4.0
20.88	1.0
21.36	2.0
21.84	3.0
22.3	4.0
22.79	1.0
23.27	2.0
23.74	3.0
24.23	4.0
24.69	1.0
25.18	2.0
25.66	3.0
26.13	4.0
26.61	1.0
27.07	2.0
27.56	3.0
28.03	4.0
28.5	1.0
28.97	2.0
29.46	3.0
29.93	4.0
30.41	1.0
30.89	2.0
31.37	3.0
31.84	4.0
32.31	1.0
32.8	2.0
33.27	3.0
33.74	4.0
34.22	1.0
34.68	2.0
35.17	3.0
35.65	4.0
36.13	1.0
36.6	2.0
37.08	3.0
37.56	4.0
38.03	1.0
38.51	2.0
38.99	3.0
39.46	4.0
39.93	1.0
40.41	2.0
40.9	3.0
41.38	4.0
41.84	1.0
42.3	2.0
42.78	3.0
43.27	4.0
43.74	1.0
44.22	2.0
44.71	3.0
45.19	4.0
45.65	1.0
46.13	2.0
46.61	3.0
47.08	4.0
47.55	1.0
48.03	2.0
48.52	3.0
49.0	4.0
49.46	1.0
49.92	2.0
50.41	3.0
50.89	4.0
51.36	1.0
51.84	2.0
52.31	3.0
52.8	4.0
53.27	1.0
53.75	2.0
54.22	3.0
54.7	4.0
55.17	1.0
55.65	2.0
56.13	3.0
56.61	4.0
57.08	1.0
57.54	2.0
58.03	3.0
58.51	4.0
58.98	1.0
59.46	2.0
59.94	3.0
60.43	4.0
60.89	1.0
61.36	2.0
61.83	3.0
62.31	4.0
62.79	1.0
63.27	2.0
63.75	3.0
64.22	4.0
64.7	1.0
65.16	2.0
65.65	3.0
66.13	4.0
66.6	1.0
67.07	2.0
67.55	3.0
68.03	4.0
68.48	1.0
68.98	2.0
69.46	3.0
69.94	4.0
70.41	1.0
70.89	2.0
71.37	3.0
71.85	4.0
72.32	1.0
72.78	2.0
73.25	3.0
73.74	4.0
74.22	1.0
74.69	2.0
75.18	3.0
75.65	4.0
76.13	1.0
76.61	2.0
77.08	3.0
77.56	4.0
78.03	1.0
78.51	2.0
78.99	3.0
79.47	4.0
79.94	1.0
80.42	2.0
80.89	3.0
81.38	4.0
81.84	1.0
82.33	2.0
82.8	3.0
83.26	4.0
83.75	1.0
84.21	2.0
84.7	3.0
85.18	4.0
85.65	1.0
86.14	2.0
86.61	3.0
87.09	4.0
87.56	1.0
88.01	2.0
88.51	3.0
88.97	4.0
89.47	1.0
89.95	2.0
90.42	3.0
90.89	4.0
91.37	1.0
91.84	2.0
92.32	3.0
92.81	4.0
93.27	1.0
93.76	2.0
94.23	3.0
94.69	4.0
95.18	1.0
95.64	2.0
96.13	3.0
96.61	4.0
97.09	1.0
97.55	2.0
98.04	3.0
98.52	4.0
98.99	1.0
99.44	2.0
99.94	3.0
100.42	4.0
100.89	1.0
101.37	2.0
101.85	3.0
102.33	4.0
102.8	1.0
103.26	2.0
103.75	3.0
104.23	4.0
104.71	1.0
105.17	2.0
105.66	3.0
106.13	4.0
106.61	1.0
107.08	2.0
107.56	3.0
108.04	4.0
108.51	1.0
108.99	2.0
109.47	3.0
109.95	4.0
110.42	1.0
110.89	2.0
111.36	3.0
111.85	4.0
112.31	1.0
112.79	2.0
113.28	3.0
113.76	4.0
114.23	1.0
114.7	2.0
115.17	3.0
115.65	4.0
116.12	1.0
116.61	2.0
117.1	3.0
117.57	4.0
118.03	1.0
118.51	2.0
118.97	3.0
119.46	4.0
119.94	1.0
120.41	2.0
120.9	3.0
121.38	4.0
121.83	1.0
122.32	2.0
122.79	3.0
123.27	4.0
123.74	1.0
124.22	2.0
124.72	3.0
125.2	4.0
125.65	1.0
126.12	2.0
126.61	3.0
127.08	4.0
127.55	1.0
128.03	2.0
128.51	3.0
128.99	4.0
129.46	1.0
129.94	2.0
130.42	3.0
130.89	4.0
131.36	1.0
131.85	2.0
132.32	3.0
132.8	4.0
133.27	1.0
133.73	2.0
134.22	3.0
134.7	4.0
135.17	1.0
135.65	2.0
136.13	3.0
136.62	4.0
137.08	1.0
137.55	2.0
138.03	3.0
138.51	4.0
138.98	1.0
139.46	2.0
139.94	3.0
140.42	4.0
140.89	1.0
141.34	2.0
141.84	3.0
142.32	4.0
142.79	1.0
143.26	2.0
143.75	3.0
144.23	4.0
144.7	1.0
145.17	2.0
145.65	3.0
146.11	4.0
146.6	1.0
147.08	2.0
147.56	3.0
148.04	4.0
148.51	1.0
148.97	2.0
149.46	3.0
149.94	4.0
150.41	1.0
150.89	2.0
151.37	3.0
151.86	4.0
152.32	1.0
152.79	2.0
153.27	3.0
153.75	4.0
154.22	1.0
154.7	2.0
155.19	3.0
155.67	4.0
156.13	1.0
156.62	2.0
157.08	3.0
157.57	4.0
158.06	1.0
158.54	2.0
158.99	3.0
159.48	4.0
159.94	1.0
160.41	2.0
160.89	3.0
161.37	4.0
161.85	1.0
162.32	2.0
162.8	3.0
163.28	4.0
163.75	1.0
164.2	2.0
164.7	3.0
165.17	4.0
165.66	1.0
166.13	2.0
166.61	3.0
167.08	4.0
167.56	1.0
168.04	2.0
168.51	3.0
168.98	4.0
169.46	1.0
169.94	2.0
170.42	3.0
170.9	4.0
171.37	1.0
171.85	2.0
172.32	3.0
172.82	4.0
173.28	1.0
173.75	2.0
174.23	3.0
174.7	4.0
175.17	1.0
175.65	2.0
176.13	3.0
176.61	4.0
177.08	1.0
177.55	2.0
178.04	3.0
178.51	4.0
178.99	1.0
179.45	2.0
179.93	3.0
180.41	4.0
180.88	1.0
181.36	2.0
181.83	3.0
182.31	4.0
182.8	1.0
183.27	2.0
183.75	3.0
184.22	4.0
184.7	1.0
185.17	2.0
185.65	3.0
186.12	4.0
186.6	1.0
187.07	2.0
187.56	3.0
188.05	4.0
188.51	1.0
188.97	2.0
189.45	3.0
189.94	4.0
190.42	1.0
190.88	2.0
191.35	3.0
191.84	4.0
192.31	1.0
192.8	2.0
193.28	3.0
193.75	4.0
194.23	1.0
194.69	2.0
195.18	3.0
195.66	4.0
196.13	1.0
196.6	2.0
197.08	3.0
197.58	4.0
198.04	1.0
198.51	2.0
198.98	3.0
199.46	4.0
199.93	1.0
200.42	2.0
200.9	3.0
201.36	4.0
201.85	1.0
202.34	2.0
202.8	3.0
203.26	4.0
203.75	1.0
204.22	2.0
204.7	3.0
205.17	4.0
205.66	1.0
206.13	2.0
206.61	3.0
207.1	4.0
207.56	1.0
208.04	2.0
208.51	3.0
208.99	4.0
209.46	1.0
209.93	2.0
210.41	3.0
210.88	4.0
211.37	1.0
211.84	2.0
212.32	3.0
212.81	4.0
213.28	1.0
213.74	2.0
214.23	3.0
214.69	4.0
215.17	1.0
215.64	2.0
216.13	3.0
216.61	4.0
217.08	1.0
217.57	2.0
218.04	3.0
218.52	4.0
218.99	1.0
219.46	2.0
219.94	3.0
220.42	4.0
220.89	1.0
221.36	2.0
221.84	3.0
222.32	4.0
222.8	1.0
223.26	2.0
223.74	3.0
224.19	4.0
224.67	1.0
225.16	2.0
225.65	3.0
226.12	4.0
226.61	1.0
227.07	2.0
227.56	3.0
228.03	4.0
228.51	1.0
228.98	2.0
229.46	3.0
229.94	4.0
230.42	1.0
230.88	2.0
231.37	3.0
231.84	4.0
232.31	1.0
232.78	2.0
233.26	3.0
233.71	4.0
234.21	1.0
234.69	2.0
235.15	3.0
235.65	4.0
236.13	1.0
236.6	2.0
237.07	3.0
237.57	4.0
238.03	1.0
238.51	2.0
238.98	3.0
239.43	4.0
239.93	1.0
240.4	2.0
240.89	3.0
241.37	4.0
241.84	1.0
242.31	2.0
242.79	3.0
243.29	4.0
243.75	1.0
244.22	2.0
244.7	3.0
245.18	4.0
245.64	1.0
246.13	2.0
246.61	3.0
247.08	4.0
247.57	1.0
248.06	2.0