3.77	1.0
4.28	2.0
4.76	3.0
5.26	4.0
5.75	1.0
6.26	2.0
6.74	3.0
7.24	4.0
7.72	1.0
8.23	2.0
8.72	3.0
9.2	4.0
9.69	1.0
10.19	2.0
10.67	3.0
11.16	4.0
11.65	1.0
12.17	2.0
12.64	3.0
13.16	4.0
13.63	1.0
14.13	2.0
14.6	3.0
15.11	4.0
15.6	1.0
16.1	2.0
16.58	3.0
17.07	4.0
17.55	1.0
18.05	2.0
18.53	3.0
19.0	4.0
19.48	1.0
19.95	2.0
20.43	3.0
20.89	4.0
21.38	1.0
21.86	2.0
22.33	3.0
22.81	4.0
23.29	1.0
23.76	2.0
24.24	3.0
24.71	4.0
25.19	1.0
25.66	2.0
26.14	3.0
26.61	4.0
27.08	1.0
27.54	2.0
28.02	3.0
28.48	4.0
28.96	1.0
29.43	2.0
29.9	3.0
30.37	4.0
30.84	1.0
31.31	2.0
31.79	3.0
32.25	4.0
32.73	1.0
33.2	2.0
33.67	3.0
34.13	4.0
34.6	1.0
35.07	2.0
35.54	3.0
36.0	4.0
36.48	1.0
36.94	2.0
37.41	3.0
37.88	4.0
38.35	1.0
38.82	2.0
39.28	3.0
39.75	4.0
40.22	1.0
40.69	2.0
41.17	3.0
41.62	4.0
42.08	1.0
42.54	2.0
43.02	3.0
43.48	4.0
43.95	1.0
44.41	2.0
44.88	3.0
45.35	4.0
45.82	1.0
46.28	2.0
46.75	3.0
47.22	4.0
47.69	1.0
48.15	2.0
48.62	3.0
49.08	4.0
49.54	1.0
50.01	2.0
50.49	3.0
50.95	4.0
51.43	1.0
51.89	2.0
52.38	3.0
52.84	4.0
53.31	1.0
53.78	2.0
54.26	3.0
54.73	4.0
55.19	1.0
55.66	2.0
56.14	3.0
56.58	4.0
57.03	1.0
57.49	2.0
57.97	3.0
58.42	4.0
58.89	1.0
59.36	2.0
59.83	3.0
60.29	4.0
60.77	1.0
61.23	2.0
61.71	3.0
62.17	4.0
62.64	1.0
63.11	2.0
63.58	3.0
64.02	4.0
64.46	1.0
64.93	2.0
65.4	3.0
65.86	4.0
66.33	1.0
66.79	2.0
67.25	3.0
67.7	4.0
68.16	1.0
68.61	2.0
69.08	3.0
69.55	4.0
70.01	1.0
70.48	2.0
70.96	3.0
71.42	4.0
71.87	1.0
72.33	2.0
72.8	3.0
73.26	4.0
73.73	1.0
74.19	2.0
74.64	3.0
75.11	4.0
75.55	1.0
76.03	2.0
76.49	3.0
76.95	4.0
77.42	1.0
77.88	2.0
78.34	3.0
78.81	4.0
79.27	1.0
79.74	2.0
80.19	3.0
80.65	4.0
81.12	1.0
81.58	2.0
82.04	3.0
82.51	4.0
82.96	1.0
83.43	2.0
83.88	3.0
84.34	4.0
84.81	1.0
85.27	2.0
85.73	3.0
86.19	4.0
86.65	1.0
87.1	2.0
87.57	3.0
88.04	4.0
88.51	1.0
88.97	2.0
89.44	3.0
89.91	4.0
90.37	1.0
90.84	2.0
91.31	3.0
91.77	4.0
92.23	1.0
92.71	2.0
93.17	3.0
93.64	4.0
94.09	1.0
94.57	2.0
95.03	3.0
95.5	4.0
95.96	1.0
96.44	2.0
96.9	3.0
97.37	4.0
97.82	1.0
98.29	2.0
98.77	3.0
99.23	4.0
99.71	1.0
100.17	2.0
100.63	3.0
101.1	4.0
101.57	1.0
102.03	2.0
102.5	3.0
102.96	4.0
103.42	1.0
103.89	2.0
104.36	3.0
104.8	4.0
105.25	1.0
105.72	2.0
106.19	3.0
106.64	4.0
107.09	1.0
107.57	2.0
108.02	3.0
108.48	4.0
108.93	1.0
109.41	2.0
109.87	3.0
110.34	4.0
110.8	1.0
111.27	2.0
111.74	3.0
112.19	4.0
112.65	1.0
113.1	2.0
113.58	3.0
114.06	4.0
114.52	1.0
115.0	2.0
115.47	3.0
115.94	4.0
116.41	1.0
116.88	2.0
117.35	3.0
117.82	4.0
118.28	1.0
118.76	2.0
119.22	3.0
119.67	4.0
120.12	1.0
120.59	2.0
121.07	3.0
121.54	4.0
122.01	1.0
122.48	2.0
122.95	3.0
123.42	4.0
123.88	1.0
124.35	2.0
124.82	3.0
125.29	4.0
125.75	1.0
126.23	2.0
126.69	3.0
127.15	4.0
127.61	1.0
128.08	2.0
128.55	3.0
129.01	4.0
129.47	1.0
129.94	2.0
130.4	3.0
130.85	4.0
131.31	1.0
131.78	2.0
132.23	3.0
132.69	4.0
133.15	1.0
133.62	2.0
134.08	3.0
134.54	4.0
135.0	1.0
135.46	2.0
135.92	3.0
136.39	4.0
136.85	1.0
137.32	2.0
137.78	3.0
138.23	4.0
138.69	1.0
139.16	2.0
139.62	3.0
140.08	4.0
140.54	1.0
141.01	2.0
141.47	3.0
141.93	4.0
142.39	1.0
142.86	2.0
143.3	3.0
143.78	4.0
144.24	1.0
144.72	2.0
145.17	3.0
145.63	4.0
146.09	1.0
146.57	2.0
147.03	3.0
147.49	4.0
147.96	1.0
148.43	2.0
148.9	3.0
149.36	4.0
149.83	1.0
150.3	2.0
150.77	3.0
151.23	4.0
151.7	1.0
152.16	2.0
152.63	3.0
153.08	4.0
153.53	1.0
154.0	2.0
154.46	3.0
154.92	4.0
155.38	1.0
155.85	2.0
156.3	3.0
156.77	4.0
157.21	1.0
157.69	2.0
158.16	3.0
158.62	4.0
159.07	1.0
159.55	2.0
160.01	3.0
160.47	4.0
160.92	1.0
161.37	2.0
161.84	3.0
162.3	4.0
162.75	1.0
163.21	2.0
163.67	3.0
164.12	4.0
164.59	1.0
165.06	2.0
165.52	3.0
165.98	4.0
166.43	1.0
166.89	2.0
167.36	3.0
167.81	4.0
168.26	1.0
168.73	2.0
169.19	3.0
169.65	4.0
170.11	1.0
170.57	2.0
171.03	3.0
171.49	4.0
171.95	1.0
172.41	2.0
172.87	3.0
173.34	4.0
173.79	1.0
174.25	2.0
174.71	3.0
175.17	4.0
175.62	1.0
176.09	2.0
176.56	3.0
177.02	4.0
177.48	1.0
177.94	2.0
178.41	3.0
178.86	4.0
179.32	1.0
179.78	2.0
180.24	3.0
180.7	4.0
181.15	1.0
181.62	2.0
182.08	3.0
182.54	4.0
182.98	1.0
183.45	2.0
183.91	3.0
184.37	4.0
184.83	1.0
185.29	2.0
185.75	3.0
186.22	4.0
186.67	1.0
187.13	2.0
187.6	3.0
188.06	4.0
188.51	1.0
188.97	2.0
189.42	3.0
189.87	4.0
190.32	1.0
190.79	2.0
191.27	3.0
191.74	4.0
192.21	1.0
192.68	2.0
193.16	3.0
193.62	4.0
194.07	1.0
194.54	2.0