0.0	1.0
0.49	2.0
1.03	3.0
1.55	4.0
2.06	1.0
2.58	2.0
3.11	3.0
3.63	4.0
4.15	1.0
4.68	2.0
5.2	3.0
5.73	4.0
6.25	1.0
6.77	2.0
7.29	3.0
7.81	4.0
8.33	1.0
8.86	2.0
9.38	3.0
9.9	4.0
10.42	1.0
10.95	2.0
11.46	3.0
11.99	4.0
12.5	1.0
13.03	2.0
13.56	3.0
14.08	4.0
14.59	1.0
15.11	2.0
15.64	3.0
16.16	4.0
16.69	1.0
17.21	2.0
17.73	3.0
18.25	4.0
18.77	1.0
19.31	2.0
19.81	3.0
20.34	4.0
20.86	1.0
21.38	2.0
21.91	3.0
22.42	4.0
22.94	1.0
23.46	2.0
23.99	3.0
24.51	4.0
25.03	1.0
25.56	2.0
26.08	3.0
26.6	4.0
27.12	1.0
27.64	2.0
28.15	3.0
28.67	4.0
29.2	1.0
29.73	2.0
30.24	3.0
30.77	4.0
31.29	1.0
31.81	2.0
32.34	3.0
32.85	4.0
33.38	1.0
33.9	2.0
34.43	3.0
34.95	4.0
35.46	1.0
35.99	2.0
36.51	3.0
37.03	4.0
37.55	1.0
38.06	2.0
38.59	3.0
39.1	4.0
39.64	1.0
40.18	2.0
40.68	3.0
41.19	4.0
41.72	1.0
42.24	2.0
42.77	3.0
43.29	4.0
43.8	1.0
44.34	2.0
44.85	3.0
45.37	4.0
45.89	1.0
46.42	2.0
46.94	3.0
47.47	4.0
47.98	1.0
48.51	2.0
49.03	3.0
49.55	4.0
50.07	1.0
50.6	2.0
51.11	3.0
51.63	4.0
52.15	1.0
52.68	2.0
53.2	3.0
53.73	4.0
54.24	1.0
54.76	2.0
55.29	3.0
55.81	4.0
56.33	1.0
56.85	2.0
57.37	3.0
57.89	4.0
58.41	1.0
58.94	2.0
59.46	3.0
59.98	4.0
60.5	1.0
61.02	2.0
61.55	3.0
62.06	4.0
62.61	1.0
63.12	2.0
63.64	3.0
64.16	4.0
64.68	1.0
65.2	2.0
65.71	3.0
66.25	4.0
66.77	1.0
67.3	2.0
67.81	3.0
68.34	4.0
68.85	1.0
69.37	2.0
69.9	3.0
70.43	4.0
70.95	1.0
71.47	2.0
71.98	3.0
72.51	4.0
73.04	1.0
73.56	2.0
74.08	3.0
74.6	4.0
75.12	1.0
75.64	2.0
76.16	3.0
76.68	4.0
77.2	1.0
77.72	2.0
78.24	3.0
78.75	4.0
79.27	1.0
79.81	2.0
80.33	3.0
80.85	4.0
81.38	1.0
81.9	2.0
82.42	3.0
82.95	4.0
83.47	1.0
83.98	2.0
84.51	3.0
85.03	4.0
85.55	1.0
86.07	2.0
86.6	3.0
87.12	4.0
87.64	1.0
88.15	2.0
88.68	3.0
89.2	4.0
89.72	1.0
90.25	2.0
90.76	3.0
91.29	4.0
91.81	1.0
92.32	2.0
92.85	3.0
93.37	4.0
93.89	1.0
94.41	2.0
94.93	3.0
95.46	4.0
95.98	1.0
96.5	2.0
97.02	3.0
97.55	4.0
98.07	1.0
98.59	2.0
99.11	3.0
99.63	4.0
100.15	1.0
100.68	2.0
101.2	3.0
101.72	4.0
102.24	1.0
102.76	2.0
103.28	3.0
103.81	4.0
104.33	1.0
104.85	2.0
105.37	3.0
105.9	4.0
106.42	1.0
106.94	2.0
107.46	3.0
107.98	4.0
108.51	1.0
109.03	2.0
109.55	3.0
110.08	4.0
110.59	1.0
111.13	2.0
111.64	3.0
112.14	4.0
112.69	1.0
113.2	2.0
113.72	3.0
114.24	4.0
114.76	1.0
115.29	2.0
115.81	3.0
116.33	4.0
116.85	1.0
117.38	2.0
117.9	3.0
118.41	4.0
118.89	1.0
119.34	2.0
119.76	3.0
120.15	4.0
120.54	1.0
120.92	2.0
121.29	3.0
121.69	4.0
122.05	1.0
122.43	2.0
122.79	3.0
123.16	4.0
123.56	1.0
123.98	2.0
124.37	3.0
124.8	4.0
125.2	1.0
125.73	2.0
126.25	3.0
126.77	4.0
127.28	1.0
127.77	2.0
128.31	3.0
128.82	4.0
129.37	1.0
129.92	2.0
130.39	3.0
130.89	4.0
131.37	1.0
131.93	2.0
132.47	3.0
133.01	4.0
133.56	1.0
134.09	2.0
134.6	3.0
135.1	4.0
135.63	1.0
136.16	2.0
136.68	3.0
137.2	4.0
137.72	1.0
138.25	2.0
138.76	3.0
139.29	4.0