0.01	1.0
0.44	2.0
0.88	3.0
1.31	4.0
1.76	1.0
2.2	2.0
2.64	3.0
3.07	4.0
3.52	1.0
3.99	2.0
4.44	3.0
4.87	4.0
5.32	1.0
5.78	2.0
6.25	3.0
6.73	4.0
7.21	1.0
7.68	2.0
8.13	3.0
8.59	4.0
9.04	1.0
9.52	2.0
9.95	3.0
10.3	4.0
10.68	1.0
11.05	2.0
11.42	3.0
11.8	4.0
12.17	1.0
12.54	2.0
12.91	3.0
13.3	4.0
13.67	1.0
14.04	2.0
14.4	3.0
14.78	4.0
15.15	1.0
15.53	2.0
15.9	3.0
16.28	4.0
16.66	1.0
17.04	2.0
17.42	3.0
17.79	4.0
18.16	1.0
18.53	2.0
18.89	3.0
19.25	4.0
19.62	1.0
20.0	2.0
20.36	3.0
20.73	4.0
21.1	1.0
21.5	2.0
21.88	3.0
22.26	4.0
22.63	1.0
23.01	2.0
23.38	3.0
23.75	4.0
24.12	1.0
24.49	2.0
24.85	3.0
25.23	4.0
25.61	1.0
25.98	2.0
26.35	3.0
26.72	4.0
27.09	1.0
27.46	2.0
27.83	3.0
28.2	4.0
28.58	1.0
28.95	2.0
29.33	3.0
29.7	4.0
30.07	1.0
30.44	2.0
30.81	3.0
31.19	4.0
31.56	1.0
31.94	2.0
32.31	3.0
32.68	4.0
33.05	1.0
33.43	2.0
33.8	3.0
34.17	4.0
34.54	1.0
34.92	2.0
35.3	3.0
35.66	4.0
36.04	1.0
36.41	2.0
36.78	3.0
37.15	4.0
37.53	1.0
37.9	2.0
38.27	3.0
38.64	4.0
39.01	1.0
39.39	2.0
39.76	3.0
40.13	4.0
40.49	1.0
40.87	2.0
41.24	3.0
41.62	4.0
41.98	1.0
42.34	2.0
42.72	3.0
43.1	4.0
43.47	1.0
43.83	2.0
44.2	3.0
44.57	4.0
44.93	1.0
45.3	2.0
45.67	3.0
46.07	4.0
46.45	1.0
46.83	2.0
47.21	3.0
47.58	4.0
47.96	1.0
48.34	2.0
48.72	3.0
49.09	4.0
49.46	1.0
49.83	2.0
50.21	3.0
50.57	4.0
50.95	1.0
51.33	2.0
51.71	3.0
52.08	4.0
52.44	1.0
52.8	2.0
53.18	3.0
53.54	4.0
53.91	1.0
54.28	2.0
54.66	3.0
55.02	4.0
55.4	1.0
55.78	2.0
56.14	3.0
56.51	4.0
56.88	1.0
57.26	2.0
57.63	3.0
58.01	4.0
58.38	1.0
58.75	2.0
59.13	3.0
59.5	4.0
59.87	1.0
60.24	2.0
60.61	3.0
60.98	4.0
61.35	1.0
61.72	2.0
62.09	3.0
62.46	4.0
62.84	1.0
63.21	2.0
63.59	3.0
63.97	4.0
64.35	1.0
64.71	2.0
65.1	3.0
65.48	4.0
65.85	1.0
66.22	2.0
66.6	3.0
66.97	4.0
67.34	1.0
67.72	2.0
68.08	3.0
68.46	4.0
68.81	1.0
69.19	2.0
69.57	3.0
69.94	4.0
70.31	1.0
70.67	2.0
71.05	3.0
71.41	4.0
71.78	1.0
72.15	2.0
72.53	3.0
72.9	4.0
73.27	1.0
73.66	2.0
74.03	3.0
74.4	4.0
74.76	1.0
75.13	2.0
75.52	3.0
75.9	4.0
76.27	1.0
76.64	2.0
77.02	3.0
77.38	4.0
77.75	1.0
78.12	2.0
78.5	3.0
78.87	4.0
79.24	1.0
79.6	2.0
79.98	3.0
80.35	4.0
80.74	1.0
81.1	2.0
81.47	3.0
81.85	4.0
82.21	1.0
82.59	2.0
82.96	3.0
83.33	4.0
83.7	1.0
84.08	2.0
84.45	3.0
84.82	4.0
85.19	1.0
85.57	2.0
85.94	3.0
86.31	4.0
86.66	1.0
87.05	2.0
87.42	3.0
87.8	4.0
88.17	1.0
88.55	2.0
88.92	3.0
89.29	4.0
89.65	1.0
90.04	2.0
90.41	3.0
90.78	4.0
91.15	1.0
91.52	2.0
91.9	3.0
92.27	4.0
92.62	1.0
93.0	2.0
93.38	3.0
93.75	4.0
94.12	1.0
94.5	2.0
94.87	3.0
95.24	4.0
95.63	1.0
96.0	2.0
96.36	3.0
96.73	4.0
97.1	1.0
97.47	2.0
97.84	3.0
98.21	4.0
98.58	1.0
98.95	2.0
99.34	3.0
99.71	4.0
100.1	1.0
100.48	2.0
100.86	3.0