4.36	1.0
4.78	2.0
5.19	3.0
5.6	4.0
6.01	1.0
6.42	2.0
6.83	3.0
7.24	4.0
7.64	1.0
8.05	2.0
8.46	3.0
8.87	4.0
9.28	1.0
9.7	2.0
10.1	3.0
10.51	4.0
10.91	1.0
11.32	2.0
11.74	3.0
12.15	4.0
12.55	1.0
12.97	2.0
13.37	3.0
13.78	4.0
14.19	1.0
14.6	2.0
15.0	3.0
15.41	4.0
15.82	1.0
16.23	2.0
16.64	3.0
17.05	4.0
17.46	1.0
17.87	2.0
18.28	3.0
18.69	4.0
19.09	1.0
19.5	2.0
19.91	3.0
20.32	4.0
20.73	1.0
21.14	2.0
21.55	3.0
21.96	4.0
22.37	1.0
22.78	2.0
23.19	3.0
23.6	4.0
24.01	1.0
24.41	2.0
24.82	3.0
25.23	4.0
25.64	1.0
26.05	2.0
26.46	3.0
26.87	4.0
27.28	1.0
27.69	2.0
28.1	3.0
28.5	4.0
28.91	1.0
29.32	2.0
29.73	3.0
30.14	4.0
30.55	1.0
30.96	2.0
31.37	3.0
31.78	4.0
32.19	1.0
32.59	2.0
33.01	3.0
33.41	4.0
33.82	1.0
34.23	2.0
34.64	3.0
35.05	4.0
35.46	1.0
35.87	2.0
36.28	3.0
36.68	4.0
37.09	1.0
37.5	2.0
37.91	3.0
38.32	4.0
38.73	1.0
39.14	2.0
39.55	3.0
39.96	4.0
40.37	1.0
40.77	2.0
41.19	3.0
41.59	4.0
42.0	1.0
42.41	2.0
42.82	3.0
43.23	4.0
43.64	1.0
44.05	2.0
44.46	3.0
44.86	4.0
45.27	1.0
45.68	2.0
46.1	3.0
46.5	4.0
46.91	1.0
47.32	2.0
47.73	3.0
48.14	4.0
48.55	1.0
48.96	2.0
49.37	3.0
49.77	4.0
50.18	1.0
50.59	2.0
51.0	3.0
51.41	4.0
51.82	1.0
52.23	2.0
52.64	3.0
53.05	4.0
53.46	1.0
53.87	2.0
54.27	3.0
54.68	4.0
55.09	1.0
55.5	2.0
55.91	3.0
56.32	4.0
56.73	1.0
57.14	2.0
57.55	3.0
57.96	4.0
58.37	1.0
58.78	2.0
59.19	3.0
59.59	4.0
60.0	1.0
60.41	2.0
60.82	3.0
61.23	4.0
61.64	1.0
62.05	2.0
62.46	3.0
62.87	4.0
63.28	1.0
63.69	2.0
64.1	3.0
64.51	4.0
64.92	1.0
65.31	2.0
65.73	3.0
66.14	4.0
66.55	1.0
66.96	2.0
67.37	3.0
67.78	4.0
68.19	1.0
68.59	2.0
69.01	3.0
69.41	4.0
69.82	1.0
70.23	2.0
70.64	3.0
71.05	4.0
71.46	1.0
71.87	2.0
72.28	3.0
72.69	4.0
73.1	1.0
73.51	2.0
73.91	3.0
74.32	4.0
74.74	1.0
75.14	2.0
75.55	3.0
75.96	4.0
76.37	1.0
76.78	2.0
77.19	3.0
77.6	4.0
78.01	1.0
78.41	2.0
78.82	3.0
79.23	4.0
79.64	1.0
80.05	2.0
80.46	3.0
80.86	4.0
81.28	1.0
81.69	2.0
82.1	3.0
82.5	4.0
82.92	1.0
83.32	2.0
83.73	3.0
84.14	4.0
84.55	1.0
84.96	2.0
85.37	3.0
85.78	4.0
86.19	1.0
86.6	2.0
87.0	3.0
87.41	4.0
87.83	1.0
88.23	2.0
88.64	3.0
89.05	4.0
89.46	1.0
89.87	2.0
90.28	3.0
90.69	4.0
91.1	1.0
91.5	2.0
91.91	3.0
92.32	4.0
92.73	1.0
93.14	2.0
93.55	3.0
93.96	4.0
94.37	1.0
94.78	2.0
95.19	3.0
95.6	4.0
96.01	1.0
96.41	2.0
96.82	3.0
97.23	4.0
97.64	1.0
98.05	2.0
98.46	3.0
98.87	4.0
99.27	1.0
99.68	2.0
100.11	3.0
100.5	4.0
100.91	1.0
101.32	2.0
101.73	3.0
102.14	4.0
102.55	1.0
102.95	2.0
103.37	3.0
103.77	4.0
104.18	1.0
104.59	2.0
105.0	3.0
105.42	4.0
105.82	1.0
106.23	2.0
106.64	3.0
107.05	4.0
107.46	1.0
107.86	2.0
108.27	3.0
108.68	4.0
109.09	1.0
109.5	2.0
109.91	3.0
110.32	4.0
110.73	1.0
111.14	2.0
111.55	3.0
111.96	4.0
112.37	1.0
112.78	2.0
113.19	3.0
113.59	4.0
114.0	1.0
114.41	2.0
114.82	3.0
115.23	4.0
115.64	1.0
116.05	2.0
116.46	3.0
116.87	4.0
117.28	1.0
117.69	2.0
118.1	3.0
118.5	4.0
118.92	1.0
119.32	2.0
119.73	3.0
120.14	4.0
120.55	1.0
120.95	2.0
121.37	3.0
121.78	4.0
122.19	1.0
122.59	2.0
123.0	3.0
123.41	4.0
123.83	1.0
124.23	2.0
124.64	3.0
125.05	4.0
125.46	1.0
125.87	2.0
126.28	3.0
126.68	4.0
127.1	1.0
127.5	2.0
127.92	3.0
128.32	4.0
128.74	1.0
129.14	2.0
129.55	3.0
129.96	4.0
130.37	1.0
130.78	2.0
131.19	3.0
131.6	4.0
132.01	1.0
132.41	2.0
132.82	3.0
133.23	4.0
133.64	1.0
134.05	2.0
134.46	3.0
134.87	4.0
135.28	1.0
135.69	2.0
136.09	3.0
136.5	4.0
136.91	1.0
137.32	2.0
137.73	3.0
138.14	4.0
138.55	1.0
138.96	2.0
139.37	3.0
139.78	4.0
140.19	1.0
140.6	2.0
141.01	3.0
141.41	4.0
141.82	1.0
142.23	2.0
142.64	3.0
143.05	4.0
143.46	1.0
143.87	2.0
144.28	3.0
144.69	4.0
145.1	1.0
145.5	2.0
145.91	3.0
146.32	4.0
146.73	1.0
147.14	2.0
147.55	3.0
147.96	4.0
148.37	1.0
148.78	2.0
149.19	3.0
149.59	4.0
150.01	1.0
150.41	2.0
150.82	3.0
151.23	4.0
151.64	1.0
152.05	2.0
152.46	3.0
152.87	4.0
153.28	1.0
153.69	2.0
154.1	3.0
154.5	4.0
154.92	1.0
155.32	2.0
155.73	3.0
156.14	4.0
156.55	1.0
156.96	2.0
157.37	3.0
157.78	4.0
158.19	1.0
158.6	2.0
159.0	3.0
159.41	4.0
159.82	1.0
160.23	2.0
160.64	3.0
161.05	4.0
161.46	1.0
161.87	2.0
162.29	3.0