0.0	1.0
0.92	2.0
1.84	3.0
2.77	4.0
3.69	1.0
4.6	2.0
5.51	3.0
6.4	4.0
7.33	1.0
8.2	2.0
9.05	3.0
9.94	4.0
10.82	1.0
11.75	2.0
12.65	3.0
13.56	4.0
14.43	1.0
15.31	2.0
16.18	3.0
17.05	4.0
17.94	1.0
18.8	2.0
19.71	3.0
20.59	4.0
21.49	1.0
22.38	2.0
23.24	3.0
24.15	4.0
25.04	1.0
25.93	2.0
26.81	3.0
27.7	4.0
28.59	1.0
29.49	2.0
30.34	3.0
31.24	4.0
32.09	1.0
32.96	2.0
33.85	3.0
34.74	4.0
35.64	1.0
36.56	2.0
37.45	3.0
38.35	4.0
39.25	1.0
40.17	2.0
41.07	3.0
41.97	4.0
42.85	1.0
43.75	2.0
44.67	3.0
45.55	4.0
46.44	1.0
47.36	2.0
48.25	3.0
49.17	4.0
50.08	1.0
51.0	2.0
51.87	3.0
52.78	4.0
53.65	1.0
54.56	2.0
55.44	3.0
56.33	4.0
57.2	1.0
58.11	2.0
58.97	3.0
59.86	4.0
60.74	1.0
61.66	2.0
62.55	3.0
63.43	4.0
64.3	1.0
65.16	2.0
66.05	3.0
66.92	4.0
67.84	1.0
68.76	2.0
69.62	3.0
70.54	4.0
71.42	1.0
72.34	2.0
73.22	3.0
74.11	4.0
74.99	1.0
75.88	2.0
76.75	3.0
77.66	4.0
78.54	1.0
79.45	2.0
80.32	3.0
81.2	4.0
82.08	1.0
82.97	2.0
83.83	3.0
84.71	4.0
85.57	1.0
86.46	2.0
87.33	3.0
88.23	4.0
89.1	1.0
90.01	2.0
90.86	3.0
91.78	4.0
92.66	1.0
93.54	2.0
94.43	3.0
95.31	4.0
96.18	1.0
97.1	2.0
98.0	3.0
98.91	4.0
99.79	1.0
100.69	2.0
101.59	3.0
102.48	4.0
103.36	1.0
104.28	2.0
105.19	3.0
106.09	4.0
106.99	1.0
107.92	2.0
108.79	3.0
109.65	4.0
110.53	1.0
111.45	2.0
112.33	3.0
113.25	4.0
114.12	1.0
115.02	2.0
115.9	3.0
116.79	4.0
117.67	1.0
118.58	2.0
119.49	3.0
120.36	4.0
121.22	1.0
122.12	2.0
123.02	3.0
123.91	4.0
124.8	1.0
125.71	2.0
126.59	3.0
127.47	4.0
128.34	1.0
129.26	2.0
130.13	3.0
130.99	4.0
131.85	1.0
132.77	2.0
133.67	3.0
134.52	4.0
135.38	1.0
136.23	2.0
137.16	3.0
137.99	4.0
138.88	1.0
139.8	2.0
140.7	3.0
141.52	4.0
142.37	1.0
143.27	2.0
144.13	3.0
145.01	4.0
145.88	1.0
146.76	2.0
147.62	3.0
148.48	4.0
149.34	1.0
150.22	2.0
151.09	3.0
151.95	4.0
152.81	1.0
153.7	2.0
154.57	3.0
155.45	4.0
156.34	1.0
157.2	2.0
158.04	3.0
158.82	4.0
159.71	1.0
160.62	2.0
161.49	3.0
162.38	4.0
163.25	1.0
164.14	2.0
165.01	3.0
165.9	4.0
166.76	1.0
167.64	2.0
168.5	3.0
169.39	4.0
170.25	1.0
171.15	2.0
172.03	3.0
172.91	4.0
173.78	1.0
174.64	2.0
175.5	3.0
176.33	4.0
177.19	1.0
178.04	2.0
178.9	3.0
179.77	4.0
180.63	1.0
181.53	2.0
182.38	3.0
183.28	4.0
184.12	1.0
185.0	2.0
185.85	3.0
186.68	4.0
187.49	1.0
188.38	2.0
189.25	3.0
190.15	4.0
191.01	1.0
191.91	2.0
192.76	3.0
193.65	4.0
194.5	1.0
195.41	2.0
196.29	3.0
197.2	4.0
198.06	1.0
198.96	2.0
199.83	3.0
200.66	4.0
201.52	1.0
202.44	2.0
203.31	3.0
204.19	4.0
205.04	1.0
205.93	2.0
206.78	3.0
207.65	4.0
208.52	1.0
209.41	2.0
210.29	3.0
211.14	4.0
212.03	1.0
212.87	2.0
213.74	3.0
214.67	4.0
215.54	1.0
216.44	2.0
217.28	3.0
218.18	4.0
219.07	1.0
219.95	2.0
220.86	3.0
221.81	4.0
222.82	1.0
223.81	2.0
224.87	3.0