0.0	1.0
0.5	2.0
0.98	3.0
1.49	4.0
1.98	1.0
2.47	2.0
2.97	3.0
3.46	4.0
3.96	1.0
4.46	2.0
4.97	3.0
5.44	4.0
5.94	1.0
6.42	2.0
6.91	3.0
7.38	4.0
7.85	1.0
8.33	2.0
8.82	3.0
9.3	4.0
9.77	1.0
10.26	2.0
10.74	3.0
11.22	4.0
11.7	1.0
12.19	2.0
12.67	3.0
13.14	4.0
13.62	1.0
14.11	2.0
14.59	3.0
15.07	4.0
15.55	1.0
16.04	2.0
16.52	3.0
17.01	4.0
17.5	1.0
17.98	2.0
18.47	3.0
18.96	4.0
19.44	1.0
19.93	2.0
20.42	3.0
20.91	4.0
21.4	1.0
21.87	2.0
22.36	3.0
22.85	4.0
23.34	1.0
23.82	2.0
24.31	3.0
24.8	4.0
25.28	1.0
25.77	2.0
26.26	3.0
26.74	4.0
27.23	1.0
27.72	2.0
28.21	3.0
28.7	4.0
29.19	1.0
29.67	2.0
30.16	3.0
30.65	4.0
31.14	1.0
31.63	2.0
32.12	3.0
32.61	4.0
33.09	1.0
33.58	2.0
34.06	3.0
34.55	4.0
35.04	1.0
35.52	2.0
36.01	3.0
36.49	4.0
36.98	1.0
37.46	2.0
37.95	3.0
38.44	4.0
38.92	1.0
39.39	2.0
39.86	3.0
40.32	4.0
40.79	1.0
41.25	2.0
41.73	3.0
42.2	4.0
42.68	1.0
43.15	2.0
43.62	3.0
44.09	4.0
44.57	1.0
45.03	2.0
45.51	3.0
45.98	4.0
46.46	1.0
46.93	2.0
47.42	3.0
47.88	4.0
48.36	1.0
48.83	2.0
49.31	3.0
49.77	4.0
50.25	1.0
50.71	2.0
51.2	3.0
51.66	4.0
52.14	1.0
52.61	2.0
53.09	3.0
53.56	4.0
54.03	1.0
54.51	2.0
54.99	3.0
55.45	4.0
55.93	1.0
56.4	2.0
56.87	3.0
57.34	4.0
57.82	1.0
58.29	2.0
58.77	3.0
59.24	4.0
59.72	1.0
60.19	2.0
60.66	3.0
61.13	4.0
61.6	1.0
62.08	2.0
62.56	3.0
63.03	4.0
63.5	1.0
63.97	2.0
64.46	3.0
64.93	4.0
65.41	1.0
65.88	2.0
66.36	3.0
66.82	4.0
67.3	1.0
67.77	2.0
68.25	3.0
68.72	4.0
69.19	1.0
69.67	2.0
70.15	3.0
70.61	4.0
71.09	1.0
71.56	2.0
72.05	3.0
72.51	4.0
72.99	1.0
73.46	2.0
73.94	3.0
74.4	4.0
74.88	1.0
75.36	2.0
75.84	3.0
76.3	4.0
76.78	1.0
77.25	2.0
77.73	3.0
78.2	4.0
78.68	1.0
79.15	2.0
79.63	3.0
80.09	4.0
80.57	1.0
81.03	2.0
81.52	3.0
81.98	4.0
82.47	1.0
82.94	2.0
83.41	3.0
83.87	4.0
84.34	1.0
84.82	2.0
85.3	3.0
85.77	4.0
86.25	1.0
86.72	2.0
87.2	3.0
87.67	4.0
88.15	1.0
88.62	2.0
89.1	3.0
89.56	4.0
90.04	1.0
90.51	2.0
90.99	3.0
91.46	4.0
91.94	1.0
92.41	2.0
92.89	3.0
93.35	4.0
93.84	1.0
94.3	2.0
94.78	3.0
95.25	4.0
95.73	1.0
96.2	2.0
96.67	3.0
97.15	4.0
97.63	1.0
98.09	2.0
98.57	3.0
99.04	4.0
99.52	1.0
99.99	2.0
100.46	3.0
100.92	4.0
101.41	1.0
101.9	2.0
102.36	3.0
102.83	4.0
103.3	1.0
103.77	2.0
104.25	3.0
104.72	4.0
105.19	1.0
105.66	2.0
106.14	3.0
106.6	4.0
107.08	1.0
107.54	2.0
108.02	3.0
108.5	4.0
108.97	1.0
109.46	2.0
109.94	3.0
110.4	4.0
110.88	1.0
111.35	2.0
111.83	3.0
112.3	4.0
112.77	1.0
113.24	2.0
113.71	3.0
114.18	4.0
114.66	1.0
115.13	2.0
115.61	3.0
116.08	4.0
116.56	1.0
117.03	2.0
117.51	3.0
117.97	4.0
118.45	1.0
118.91	2.0
119.39	3.0
119.86	4.0
120.33	1.0
120.8	2.0
121.28	3.0
121.75	4.0
122.23	1.0
122.7	2.0
123.18	3.0
123.65	4.0
124.12	1.0
124.6	2.0
125.07	3.0
125.54	4.0
126.02	1.0
126.49	2.0
126.97	3.0
127.44	4.0
127.92	1.0
128.39	2.0
128.87	3.0
129.33	4.0
129.81	1.0
130.28	2.0
130.77	3.0
131.24	4.0
131.71	1.0
132.19	2.0
132.67	3.0
133.14	4.0
133.61	1.0
134.09	2.0
134.56	3.0
135.03	4.0
135.51	1.0
135.98	2.0
136.46	3.0
136.93	4.0
137.41	1.0
137.88	2.0
138.36	3.0
138.83	4.0
139.31	1.0
139.78	2.0
140.26	3.0
140.72	4.0
141.2	1.0
141.67	2.0
142.15	3.0
142.62	4.0
143.09	1.0
143.56	2.0
144.05	3.0
144.51	4.0
144.99	1.0
145.46	2.0
145.94	3.0
146.41	4.0
146.88	1.0
147.36	2.0
147.84	3.0
148.29	4.0
148.78	1.0
149.25	2.0
149.73	3.0
150.19	4.0
150.68	1.0
151.15	2.0
151.63	3.0
152.09	4.0
152.57	1.0
153.04	2.0
153.52	3.0
153.99	4.0
154.46	1.0
154.93	2.0
155.41	3.0
155.87	4.0
156.35	1.0
156.82	2.0
157.31	3.0
157.77	4.0
158.26	1.0
158.72	2.0
159.21	3.0
159.68	4.0
160.15	1.0
160.62	2.0
161.1	3.0
161.57	4.0
162.04	1.0
162.51	2.0
163.0	3.0
163.46	4.0
163.95	1.0
164.42	2.0
164.9	3.0
165.35	4.0
165.82	1.0
166.3	2.0
166.76	3.0
167.24	4.0
167.7	1.0
168.19	2.0
168.66	3.0
169.14	4.0
169.6	1.0
170.08	2.0
170.55	3.0
171.01	4.0
171.5	1.0
171.95	2.0
172.43	3.0
172.9	4.0
173.37	1.0
173.84	2.0
174.3	3.0
174.77	4.0
175.24	1.0
175.72	2.0
176.19	3.0
176.67	4.0
177.14	1.0
177.61	2.0
178.07	3.0
178.54	4.0
179.0	1.0
179.48	2.0
179.95	3.0
180.43	4.0
180.91	1.0
181.38	2.0
181.86	3.0
182.33	4.0
182.8	1.0
183.27	2.0
183.74	3.0
184.21	4.0
184.69	1.0
185.16	2.0
185.62	3.0
186.09	4.0
186.56	1.0
187.03	2.0
187.51	3.0
187.97	4.0
188.45	1.0
188.91	2.0
189.39	3.0
189.86	4.0
190.32	1.0
190.8	2.0
191.27	3.0
191.74	4.0
192.22	1.0
192.69	2.0
193.15	3.0
193.62	4.0
194.08	1.0
194.57	2.0
195.04	3.0
195.51	4.0
195.99	1.0
196.46	2.0
196.94	3.0
197.41	4.0
197.9	1.0
198.37	2.0
198.85	3.0
199.32	4.0
199.8	1.0
200.27	2.0
200.75	3.0
201.22	4.0
201.68	1.0
202.16	2.0
202.64	3.0
203.1	4.0
203.59	1.0
204.06	2.0
204.54	3.0
205.0	4.0
205.48	1.0
205.95	2.0
206.43	3.0
206.89	4.0
207.37	1.0
207.84	2.0
208.32	3.0
208.78	4.0
209.26	1.0
209.73	2.0
210.21	3.0
210.68	4.0
211.16	1.0
211.63	2.0
212.11	3.0
212.57	4.0
213.06	1.0
213.52	2.0
214.01	3.0
214.47	4.0
214.95	1.0
215.41	2.0
215.9	3.0
216.37	4.0
216.84	1.0
217.31	2.0
217.8	3.0
218.27	4.0
218.75	1.0
219.22	2.0
219.7	3.0
220.16	4.0
220.65	1.0
221.11	2.0
221.6	3.0
222.07	4.0
222.54	1.0
223.01	2.0
223.48	3.0
223.95	4.0
224.43	1.0
224.9	2.0
225.38	3.0
225.85	4.0
226.32	1.0
226.79	2.0
227.27	3.0
227.74	4.0
228.22	1.0
228.69	2.0
229.17	3.0
229.63	4.0
230.11	1.0
230.59	2.0
231.06	3.0
231.54	4.0
232.01	1.0
232.5	2.0
232.97	3.0
233.44	4.0
233.92	1.0
234.4	2.0
234.88	3.0
235.34	4.0
235.82	1.0
236.29	2.0
236.77	3.0
237.24	4.0
237.71	1.0
238.18	2.0
238.66	3.0
239.13	4.0
239.59	1.0
240.08	2.0
240.56	3.0
241.02	4.0
241.5	1.0
241.97	2.0
242.45	3.0
242.92	4.0
243.4	1.0
243.87	2.0
244.35	3.0
244.82	4.0
245.3	1.0
245.77	2.0
246.25	3.0
246.72	4.0
247.19	1.0
247.66	2.0
248.14	3.0
248.61	4.0
249.09	1.0
249.57	2.0
250.04	3.0
250.51	4.0
250.99	1.0
251.46	2.0
251.93	3.0
252.4	4.0
252.88	1.0
253.36	2.0
253.83	3.0
254.3	4.0
254.78	1.0
255.25	2.0
255.73	3.0
256.2	4.0
256.66	1.0
257.15	2.0
257.62	3.0
258.09	4.0
258.57	1.0
259.04	2.0
259.52	3.0
259.99	4.0
260.47	1.0
260.95	2.0
261.43	3.0
261.9	4.0
262.38	1.0
262.85	2.0
263.32	3.0
263.79	4.0
264.27	1.0
264.74	2.0
265.21	3.0
265.68	4.0
266.13	1.0
266.56	2.0
267.02	3.0
267.46	4.0
267.89	1.0