0.0	1.0
0.46	2.0
0.94	3.0
1.4	4.0
1.87	1.0
2.34	2.0
2.81	3.0
3.28	4.0
3.74	1.0
4.21	2.0
4.68	3.0
5.15	4.0
5.61	1.0
6.09	2.0
6.55	3.0
7.02	4.0
7.49	1.0
7.96	2.0
8.43	3.0
8.89	4.0
9.36	1.0
9.83	2.0
10.3	3.0
10.77	4.0
11.24	1.0
11.71	2.0
12.17	3.0
12.65	4.0
13.12	1.0
13.58	2.0
14.06	3.0
14.52	4.0
14.99	1.0
15.46	2.0
15.92	3.0
16.39	4.0
16.85	1.0
17.32	2.0
17.79	3.0
18.27	4.0
18.74	1.0
19.2	2.0
19.67	3.0
20.13	4.0
20.62	1.0
21.09	2.0
21.56	3.0
22.02	4.0
22.5	1.0
22.96	2.0
23.43	3.0
23.89	4.0
24.37	1.0
24.83	2.0
25.3	3.0
25.77	4.0
26.25	1.0
26.72	2.0
27.18	3.0
27.64	4.0
28.12	1.0
28.59	2.0
29.05	3.0
29.53	4.0
30.0	1.0
30.46	2.0
30.93	3.0
31.39	4.0
31.87	1.0
32.34	2.0
32.8	3.0
33.27	4.0
33.74	1.0
34.21	2.0
34.68	3.0
35.16	4.0
35.62	1.0
36.09	2.0
36.56	3.0
37.03	4.0
37.5	1.0
37.96	2.0
38.43	3.0
38.9	4.0
39.37	1.0
39.84	2.0
40.31	3.0
40.78	4.0
41.25	1.0
41.71	2.0
42.18	3.0
42.65	4.0
43.12	1.0
43.59	2.0
44.06	3.0
44.53	4.0
45.0	1.0
45.46	2.0
45.93	3.0
46.4	4.0
46.87	1.0
47.34	2.0
47.8	3.0
48.27	4.0
48.74	1.0
49.21	2.0
49.67	3.0
50.13	4.0
50.62	1.0
51.08	2.0
51.55	3.0
52.01	4.0
52.5	1.0
52.96	2.0
53.43	3.0
53.89	4.0
54.37	1.0
54.83	2.0
55.31	3.0
55.77	4.0
56.25	1.0
56.71	2.0
57.18	3.0
57.64	4.0
58.12	1.0
58.58	2.0
59.06	3.0
59.52	4.0
59.99	1.0
60.45	2.0
60.93	3.0
61.39	4.0
61.87	1.0
62.33	2.0
62.8	3.0
63.26	4.0
63.75	1.0
64.21	2.0
64.69	3.0
65.14	4.0
65.61	1.0
66.09	2.0
66.56	3.0
67.04	4.0
67.5	1.0
67.97	2.0
68.44	3.0
68.9	4.0
69.37	1.0
69.84	2.0
70.3	3.0
70.77	4.0
71.24	1.0
71.72	2.0
72.18	3.0
72.66	4.0
73.12	1.0
73.6	2.0
74.06	3.0
74.53	4.0
75.0	1.0
75.46	2.0
75.94	3.0
76.41	4.0
76.87	1.0
77.34	2.0
77.81	3.0
78.28	4.0
78.75	1.0
79.22	2.0
79.69	3.0
80.16	4.0
80.62	1.0
81.09	2.0
81.56	3.0
82.03	4.0
82.49	1.0
82.96	2.0
83.43	3.0
83.9	4.0
84.37	1.0
84.84	2.0
85.31	3.0
85.78	4.0
86.24	1.0
86.71	2.0
87.18	3.0
87.65	4.0
88.12	1.0
88.59	2.0
89.05	3.0
89.53	4.0
89.99	1.0
90.46	2.0
90.93	3.0
91.4	4.0
91.87	1.0
92.33	2.0
92.81	3.0
93.28	4.0
93.74	1.0
94.21	2.0
94.68	3.0
95.15	4.0
95.61	1.0
96.07	2.0
96.54	3.0
97.02	4.0
97.47	1.0
97.95	2.0
98.43	3.0
98.9	4.0
99.37	1.0
99.83	2.0
100.3	3.0
100.76	4.0
101.24	1.0
101.71	2.0
102.18	3.0
102.64	4.0
103.12	1.0
103.58	2.0
104.06	3.0
104.51	4.0
105.0	1.0
105.46	2.0
105.93	3.0
106.39	4.0
106.87	1.0
107.33	2.0
107.81	3.0
108.26	4.0
108.75	1.0
109.21	2.0
109.68	3.0
110.14	4.0
110.61	1.0
111.08	2.0
111.55	3.0
112.01	4.0
112.49	1.0
112.96	2.0
113.43	3.0
113.89	4.0
114.37	1.0
114.83	2.0
115.31	3.0
115.76	4.0
116.25	1.0
116.71	2.0
117.18	3.0
117.64	4.0
118.12	1.0
118.58	2.0
119.06	3.0
119.51	4.0
119.99	1.0
120.46	2.0
120.93	3.0
121.39	4.0
121.87	1.0
122.33	2.0
122.8	3.0
123.27	4.0
123.74	1.0
124.21	2.0
124.68	3.0
125.14	4.0
125.62	1.0
126.08	2.0
126.55	3.0
127.04	4.0
127.49	1.0
127.96	2.0
128.43	3.0
128.9	4.0
129.37	1.0
129.83	2.0
130.31	3.0
130.77	4.0
131.24	1.0
131.71	2.0
132.18	3.0
132.65	4.0
133.11	1.0
133.58	2.0
134.05	3.0
134.52	4.0
134.99	1.0
135.46	2.0
135.93	3.0
136.4	4.0
136.86	1.0
137.33	2.0
137.8	3.0
138.27	4.0
138.74	1.0
139.21	2.0
139.68	3.0
140.15	4.0
140.62	1.0
141.08	2.0
141.56	3.0
142.02	4.0
142.49	1.0
142.96	2.0
143.43	3.0
143.9	4.0
144.37	1.0
144.83	2.0
145.31	3.0
145.77	4.0
146.24	1.0
146.71	2.0
147.18	3.0
147.65	4.0
148.12	1.0
148.58	2.0
149.06	3.0
149.52	4.0
149.99	1.0
150.46	2.0
150.93	3.0
151.4	4.0
151.87	1.0
152.33	2.0
152.81	3.0
153.27	4.0
153.74	1.0
154.2	2.0
154.68	3.0
155.15	4.0
155.62	1.0
156.08	2.0
156.56	3.0
157.02	4.0
157.48	1.0
157.94	2.0
158.42	3.0
158.89	4.0
159.37	1.0
159.84	2.0
160.3	3.0
160.78	4.0
161.24	1.0
161.71	2.0
162.18	3.0
162.64	4.0
163.12	1.0
163.59	2.0
164.05	3.0
164.53	4.0
164.99	1.0
165.46	2.0
165.93	3.0
166.38	4.0
166.86	1.0
167.33	2.0
167.8	3.0
168.26	4.0
168.74	1.0
169.21	2.0
169.68	3.0
170.13	4.0
170.61	1.0
171.08	2.0
171.55	3.0
172.01	4.0
172.49	1.0
172.96	2.0
173.43	3.0
173.9	4.0
174.37	1.0
174.83	2.0
175.3	3.0
175.76	4.0
176.24	1.0
176.71	2.0
177.18	3.0
177.64	4.0
178.12	1.0
178.58	2.0
179.06	3.0
179.51	4.0
180.0	1.0
180.46	2.0
180.93	3.0
181.38	4.0
181.87	1.0
182.33	2.0
182.8	3.0
183.26	4.0
183.74	1.0
184.21	2.0
184.68	3.0
185.14	4.0
185.62	1.0
186.08	2.0
186.56	3.0
187.01	4.0
187.5	1.0
187.96	2.0
188.43	3.0
188.89	4.0
189.35	1.0
189.84	2.0
190.32	3.0
190.79	4.0
191.27	1.0
191.76	2.0
192.23	3.0
192.68	4.0
193.13	1.0
193.61	2.0
194.08	3.0
194.55	4.0
195.01	1.0
195.5	2.0
195.95	3.0
196.43	4.0
196.87	1.0
197.34	2.0
197.8	3.0
198.26	4.0
198.75	1.0
199.22	2.0
199.69	3.0
200.15	4.0
200.59	1.0
201.08	2.0
201.55	3.0
202.01	4.0
202.47	1.0
202.94	2.0
203.41	3.0
203.9	4.0
204.36	1.0
204.84	2.0
205.3	3.0
205.77	4.0
206.24	1.0
206.71	2.0
207.18	3.0
207.65	4.0
208.12	1.0
208.58	2.0
209.05	3.0
209.52	4.0
209.99	1.0
210.46	2.0
210.93	3.0
211.4	4.0
211.87	1.0
212.34	2.0
212.81	3.0
213.27	4.0
213.74	1.0
214.21	2.0
214.68	3.0
215.15	4.0
215.62	1.0
216.08	2.0
216.56	3.0
217.03	4.0
217.49	1.0
217.96	2.0
218.43	3.0
218.9	4.0
219.36	1.0
219.84	2.0
220.31	3.0
220.77	4.0
221.24	1.0
221.71	2.0
222.18	3.0
222.65	4.0
223.12	1.0
223.59	2.0
224.05	3.0
224.52	4.0
224.99	1.0
225.46	2.0
225.93	3.0
226.4	4.0
226.86	1.0
227.34	2.0
227.8	3.0
228.28	4.0
228.74	1.0
229.21	2.0
229.68	3.0
230.15	4.0
230.62	1.0
231.08	2.0
231.56	3.0
232.03	4.0
232.49	1.0
232.96	2.0
233.43	3.0
233.9	4.0
234.37	1.0
234.84	2.0
235.31	3.0
235.77	4.0
236.24	1.0
236.71	2.0
237.18	3.0
237.65	4.0
238.12	1.0
238.58	2.0
239.06	3.0
239.53	4.0
240.0	1.0
240.46	2.0
240.93	3.0
241.4	4.0
241.86	1.0
242.34	2.0
242.81	3.0
243.28	4.0
243.74	1.0
244.21	2.0
244.68	3.0
245.15	4.0
245.62	1.0
246.08	2.0
246.56	3.0
247.03	4.0
247.49	1.0
247.96	2.0
248.43	3.0
248.9	4.0
249.36	1.0
249.81	2.0