4.49	1.0
5.01	2.0
5.55	3.0
6.07	4.0
6.58	1.0
7.1	2.0
7.63	3.0
8.12	4.0
8.64	1.0
9.18	2.0
9.7	3.0
10.19	4.0
10.72	1.0
11.25	2.0
11.77	3.0
12.27	4.0
12.82	1.0
13.32	2.0
13.84	3.0
14.36	4.0
14.9	1.0
15.41	2.0
15.94	3.0
16.44	4.0
16.97	1.0
17.48	2.0
17.98	3.0
18.49	4.0
19.02	1.0
19.52	2.0
20.06	3.0
20.55	4.0
21.09	1.0
21.61	2.0
22.09	3.0
22.62	4.0
23.13	1.0
23.61	2.0
24.12	3.0
24.61	4.0
25.13	1.0
25.62	2.0
26.09	3.0
26.6	4.0
27.09	1.0
27.59	2.0
28.09	3.0
28.59	4.0
29.09	1.0
29.59	2.0
30.07	3.0
30.56	4.0
31.08	1.0
31.55	2.0
32.08	3.0
32.58	4.0
33.1	1.0
33.6	2.0
34.08	3.0
34.57	4.0
35.06	1.0
35.54	2.0
36.05	3.0
36.54	4.0
37.06	1.0
37.55	2.0
38.06	3.0
38.55	4.0
39.06	1.0
39.54	2.0
40.02	3.0
40.51	4.0
41.0	1.0
41.51	2.0
42.01	3.0
42.51	4.0
43.04	1.0
43.52	2.0
44.02	3.0
44.53	4.0
45.05	1.0
45.55	2.0
46.07	3.0
46.55	4.0
47.07	1.0
47.53	2.0
48.05	3.0
48.54	4.0
49.04	1.0
49.52	2.0
50.03	3.0
50.54	4.0
51.05	1.0
51.53	2.0
52.02	3.0
52.52	4.0
53.02	1.0
53.53	2.0
54.06	3.0
54.57	4.0
55.06	1.0
55.55	2.0
56.05	3.0
56.55	4.0
57.04	1.0
57.54	2.0
58.02	3.0
58.52	4.0
59.0	1.0
59.5	2.0
59.98	3.0
60.46	4.0
60.93	1.0
61.44	2.0
61.94	3.0
62.44	4.0
62.93	1.0
63.42	2.0
63.91	3.0
64.41	4.0
64.9	1.0
65.4	2.0
65.88	3.0
66.36	4.0
66.84	1.0
67.34	2.0
67.82	3.0
68.29	4.0
68.77	1.0
69.29	2.0
69.79	3.0
70.29	4.0
70.79	1.0
71.29	2.0
71.79	3.0
72.29	4.0
72.78	1.0
73.28	2.0
73.77	3.0
74.27	4.0
74.76	1.0
75.26	2.0
75.74	3.0
76.22	4.0
76.71	1.0
77.22	2.0
77.73	3.0
78.23	4.0
78.72	1.0
79.21	2.0
79.71	3.0
80.19	4.0
80.69	1.0
81.16	2.0
81.68	3.0
82.18	4.0
82.67	1.0
83.18	2.0
83.65	3.0
84.13	4.0
84.62	1.0
85.13	2.0
85.62	3.0
86.11	4.0
86.6	1.0
87.09	2.0
87.57	3.0
88.08	4.0
88.56	1.0
89.06	2.0
89.54	3.0
90.03	4.0
90.52	1.0
91.01	2.0
91.49	3.0
91.96	4.0
92.44	1.0
92.94	2.0
93.43	3.0
93.93	4.0
94.41	1.0
94.9	2.0
95.38	3.0
95.88	4.0
96.35	1.0
96.86	2.0
97.33	3.0
97.83	4.0
98.3	1.0
98.76	2.0
99.24	3.0
99.7	4.0
100.17	1.0
100.67	2.0
101.18	3.0
101.66	4.0
102.15	1.0
102.66	2.0
103.14	3.0
103.63	4.0
104.1	1.0
104.59	2.0
105.07	3.0
105.57	4.0
106.03	1.0
106.53	2.0
107.0	3.0
107.48	4.0
107.94	1.0
108.44	2.0
108.93	3.0
109.42	4.0
109.9	1.0
110.39	2.0
110.87	3.0
111.36	4.0
111.83	1.0
112.34	2.0
112.81	3.0
113.3	4.0
113.78	1.0
114.28	2.0
114.75	3.0
115.24	4.0
115.72	1.0
116.22	2.0
116.72	3.0
117.21	4.0
117.69	1.0
118.19	2.0
118.67	3.0
119.17	4.0
119.66	1.0
120.13	2.0
120.63	3.0
121.11	4.0
121.59	1.0
122.1	2.0
122.57	3.0
123.05	4.0
123.52	1.0
124.02	2.0
124.51	3.0
125.0	4.0
125.48	1.0
125.98	2.0
126.47	3.0
126.95	4.0
127.44	1.0
127.93	2.0
128.39	3.0
128.89	4.0
129.35	1.0
129.83	2.0
130.29	3.0
130.76	4.0
131.22	1.0
131.73	2.0
132.22	3.0
132.72	4.0
133.19	1.0
133.68	2.0
134.16	3.0
134.66	4.0
135.15	1.0
135.63	2.0
136.1	3.0
136.59	4.0
137.06	1.0
137.55	2.0
138.03	3.0
138.5	4.0
138.98	1.0
139.48	2.0
139.98	3.0
140.47	4.0
140.96	1.0
141.46	2.0
141.94	3.0
142.42	4.0
142.9	1.0
143.39	2.0
143.88	3.0
144.37	4.0
144.85	1.0
145.33	2.0
145.8	3.0
146.27	4.0
146.75	1.0
147.26	2.0
147.8	3.0
148.32	4.0
148.81	1.0
149.3	2.0
149.82	3.0
150.29	4.0
150.79	1.0
151.3	2.0
151.78	3.0
152.3	4.0
152.82	1.0
153.3	2.0
153.81	3.0
154.31	4.0
154.8	1.0
155.31	2.0
155.83	3.0
156.32	4.0
156.83	1.0
157.3	2.0
157.8	3.0
158.29	4.0
158.79	1.0
159.28	2.0
159.79	3.0
160.27	4.0
160.78	1.0
161.27	2.0
161.74	3.0
162.25	4.0
162.74	1.0
163.25	2.0
163.75	3.0
164.24	4.0
164.76	1.0
165.24	2.0
165.75	3.0
166.23	4.0
166.73	1.0
167.26	2.0
167.75	3.0
168.26	4.0
168.77	1.0
169.24	2.0
169.74	3.0
170.24	4.0
170.75	1.0
171.26	2.0
171.73	3.0
172.24	4.0
172.76	1.0
173.22	2.0
173.74	3.0
174.22	4.0
174.7	1.0
175.18	2.0
175.68	3.0
176.16	4.0
176.67	1.0
177.14	2.0
177.64	3.0
178.13	4.0
178.61	1.0
179.13	2.0
179.63	3.0
180.12	4.0
180.6	1.0
181.1	2.0
181.59	3.0
182.07	4.0
182.54	1.0
183.04	2.0
183.53	3.0
184.02	4.0
184.49	1.0
184.97	2.0
185.44	3.0
185.91	4.0
186.39	1.0
186.89	2.0
187.39	3.0
187.87	4.0
188.35	1.0
188.83	2.0
189.31	3.0
189.79	4.0
190.28	1.0
190.74	2.0
191.22	3.0
191.71	4.0
192.17	1.0
192.65	2.0
193.12	3.0
193.59	4.0
194.06	1.0
194.56	2.0
195.05	3.0
195.55	4.0
196.03	1.0
196.52	2.0
197.0	3.0
197.47	4.0
197.96	1.0
198.45	2.0
198.93	3.0
199.42	4.0
199.88	1.0
200.36	2.0
200.83	3.0
201.31	4.0
201.78	1.0
202.27	2.0
202.77	3.0
203.24	4.0
203.73	1.0
204.22	2.0
204.7	3.0
205.18	4.0
205.65	1.0
206.15	2.0
206.63	3.0
207.12	4.0
207.6	1.0
208.05	2.0
208.53	3.0
209.01	4.0
209.48	1.0
209.99	2.0
210.48	3.0
210.98	4.0
211.46	1.0
211.95	2.0
212.42	3.0
212.92	4.0
213.42	1.0
213.9	2.0
214.39	3.0
214.87	4.0
215.34	1.0
215.82	2.0
216.3	3.0
216.75	4.0
217.24	1.0
217.73	2.0
218.23	3.0
218.73	4.0
219.22	1.0
219.7	2.0
220.18	3.0
220.65	4.0
221.1	1.0
221.56	2.0
222.03	3.0
222.5	4.0
222.97	1.0
223.44	2.0
223.92	3.0
224.39	4.0
224.85	1.0
225.36	2.0
225.86	3.0
226.33	4.0
226.82	1.0
227.3	2.0
227.78	3.0
228.24	4.0
228.73	1.0
229.22	2.0
229.73	3.0
230.21	4.0
230.68	1.0
231.17	2.0
231.65	3.0
232.12	4.0
232.56	1.0
233.05	2.0
233.52	3.0
234.01	4.0
234.49	1.0
234.96	2.0
235.44	3.0
235.94	4.0
236.4	1.0
236.89	2.0
237.38	3.0
237.86	4.0
238.35	1.0
238.84	2.0
239.31	3.0
239.79	4.0
240.27	1.0
240.76	2.0