2.24	1.0
2.78	2.0
3.35	3.0
3.89	4.0
4.46	1.0
5.01	2.0
5.53	3.0
6.1	4.0
6.66	1.0
7.2	2.0
7.78	3.0
8.31	4.0
8.87	1.0
9.41	2.0
9.98	3.0
10.53	4.0
11.08	1.0
11.62	2.0
12.19	3.0
12.72	4.0
13.27	1.0
13.81	2.0
14.38	3.0
14.91	4.0
15.45	1.0
16.0	2.0
16.57	3.0
17.11	4.0
17.65	1.0
18.2	2.0
18.76	3.0
19.29	4.0
19.83	1.0
20.37	2.0
20.94	3.0
21.46	4.0
22.01	1.0
22.55	2.0
23.11	3.0
23.64	4.0
24.19	1.0
24.72	2.0
25.27	3.0
25.81	4.0
26.36	1.0
26.91	2.0
27.47	3.0
28.0	4.0
28.54	1.0
29.08	2.0
29.63	3.0
30.17	4.0
30.7	1.0
31.23	2.0
31.79	3.0
32.33	4.0
32.87	1.0
33.41	2.0
33.96	3.0
34.47	4.0
35.02	1.0
35.56	2.0
36.13	3.0
36.65	4.0
37.21	1.0
37.72	2.0
38.28	3.0
38.82	4.0
39.37	1.0
39.92	2.0
40.48	3.0
41.02	4.0
41.55	1.0
42.09	2.0
42.64	3.0
43.2	4.0
43.75	1.0
44.3	2.0
44.85	3.0
45.39	4.0
45.93	1.0
46.48	2.0
47.04	3.0
47.58	4.0
48.12	1.0
48.67	2.0
49.23	3.0
49.76	4.0
50.3	1.0
50.83	2.0
51.38	3.0
51.92	4.0
52.47	1.0
52.99	2.0
53.55	3.0
54.08	4.0
54.63	1.0
55.16	2.0
55.7	3.0
56.27	4.0
56.82	1.0
57.36	2.0
57.91	3.0
58.45	4.0
58.98	1.0
59.54	2.0
60.1	3.0
60.64	4.0
61.19	1.0
61.74	2.0
62.3	3.0
62.85	4.0
63.4	1.0
63.94	2.0
64.5	3.0
65.04	4.0
65.6	1.0
66.14	2.0
66.7	3.0
67.19	4.0
67.72	1.0
68.26	2.0
68.8	3.0
69.35	4.0
69.9	1.0
70.42	2.0
70.99	3.0
71.52	4.0
72.08	1.0
72.6	2.0
73.15	3.0
73.7	4.0
74.25	1.0
74.77	2.0
75.32	3.0
75.86	4.0
76.41	1.0
76.93	2.0
77.5	3.0
78.03	4.0
78.59	1.0
79.12	2.0
79.67	3.0
80.21	4.0
80.76	1.0
81.28	2.0
81.84	3.0
82.38	4.0
82.92	1.0
83.46	2.0
83.99	3.0
84.54	4.0
85.09	1.0
85.6	2.0
86.17	3.0
86.73	4.0
87.28	1.0
87.83	2.0
88.39	3.0
88.92	4.0
89.46	1.0
90.02	2.0
90.57	3.0
91.13	4.0
91.67	1.0
92.22	2.0
92.77	3.0
93.31	4.0
93.85	1.0
94.4	2.0
94.96	3.0
95.51	4.0
96.06	1.0
96.62	2.0
97.17	3.0
97.72	4.0
98.26	1.0
98.81	2.0
99.36	3.0
99.89	4.0
100.45	1.0
101.0	2.0
101.52	3.0
102.05	4.0
102.61	1.0
103.17	2.0
103.74	3.0
104.29	4.0
104.83	1.0
105.37	2.0
105.93	3.0
106.49	4.0
107.04	1.0
107.6	2.0
108.15	3.0
108.69	4.0
109.24	1.0
109.78	2.0
110.34	3.0
110.87	4.0
111.4	1.0
111.94	2.0
112.5	3.0
113.05	4.0
113.6	1.0
114.12	2.0
114.7	3.0
115.24	4.0
115.78	1.0
116.33	2.0
116.89	3.0
117.42	4.0
117.97	1.0
118.49	2.0
119.03	3.0
119.55	4.0
120.09	1.0
120.65	2.0
121.18	3.0
121.76	4.0
122.31	1.0
122.84	2.0
123.41	3.0
123.95	4.0
124.49	1.0
125.03	2.0
125.59	3.0
126.15	4.0
126.7	1.0
127.26	2.0
127.82	3.0
128.36	4.0
128.91	1.0
129.44	2.0
130.0	3.0
130.55	4.0
131.1	1.0
131.65	2.0
132.21	3.0
132.76	4.0
133.31	1.0
133.85	2.0
134.4	3.0
134.95	4.0
135.49	1.0
136.04	2.0
136.6	3.0
137.11	4.0
137.65	1.0
138.2	2.0
138.76	3.0
139.32	4.0
139.86	1.0
140.41	2.0
140.99	3.0
141.52	4.0
142.07	1.0
142.63	2.0
143.19	3.0
143.73	4.0
144.27	1.0
144.82	2.0
145.38	3.0
145.91	4.0
146.46	1.0
147.01	2.0
147.57	3.0
148.14	4.0
148.68	1.0
149.24	2.0
149.81	3.0
150.34	4.0
150.9	1.0
151.45	2.0
152.0	3.0
152.56	4.0
153.1	1.0
153.64	2.0
154.18	3.0
154.73	4.0
155.27	1.0
155.84	2.0
156.41	3.0
156.95	4.0
157.51	1.0
158.08	2.0
158.62	3.0
159.18	4.0
159.74	1.0
160.28	2.0
160.83	3.0
161.37	4.0
161.93	1.0
162.48	2.0
163.03	3.0
163.57	4.0
164.11	1.0
164.66	2.0
165.23	3.0
165.78	4.0
166.33	1.0
166.89	2.0
167.45	3.0
167.97	4.0
168.51	1.0
169.04	2.0
169.6	3.0
170.15	4.0
170.67	1.0
171.22	2.0
171.75	3.0
172.29	4.0
172.82	1.0
173.38	2.0
173.94	3.0
174.49	4.0
175.04	1.0
175.59	2.0
176.14	3.0
176.68	4.0
177.23	1.0
177.77	2.0
178.33	3.0
178.88	4.0
179.41	1.0
179.95	2.0
180.49	3.0
181.02	4.0
181.55	1.0
182.1	2.0
182.69	3.0
183.23	4.0
183.76	1.0
184.31	2.0
184.89	3.0
185.42	4.0
185.97	1.0
186.52	2.0
187.07	3.0
187.61	4.0
188.17	1.0
188.71	2.0
189.25	3.0
189.77	4.0
190.3	1.0
190.87	2.0
191.44	3.0