0.0	1.0
0.38	2.0
0.79	3.0
1.16	4.0
1.56	1.0
1.95	2.0
2.34	3.0
2.72	4.0
3.13	1.0
3.52	2.0
3.9	3.0
4.29	4.0
4.68	1.0
5.07	2.0
5.44	3.0
5.81	4.0
6.2	1.0
6.6	2.0
6.98	3.0
7.37	4.0
7.75	1.0
8.13	2.0
8.52	3.0
8.91	4.0
9.3	1.0
9.7	2.0
10.06	3.0
10.45	4.0
10.83	1.0
11.22	2.0
11.6	3.0
11.96	4.0
12.35	1.0
12.74	2.0
13.13	3.0
13.53	4.0
13.9	1.0
14.28	2.0
14.67	3.0
15.03	4.0
15.44	1.0
15.83	2.0
16.2	3.0
16.61	4.0
16.98	1.0
17.37	2.0
17.74	3.0
18.14	4.0
18.52	1.0
18.91	2.0
19.29	3.0
19.67	4.0
20.06	1.0
20.45	2.0
20.83	3.0
21.22	4.0
21.6	1.0
21.99	2.0
22.37	3.0
22.76	4.0
23.14	1.0
23.53	2.0
23.9	3.0
24.29	4.0
24.68	1.0
25.06	2.0
25.44	3.0
25.81	4.0
26.21	1.0
26.6	2.0
26.98	3.0
27.36	4.0
27.75	1.0
28.14	2.0
28.52	3.0
28.9	4.0
29.29	1.0
29.68	2.0
30.05	3.0
30.44	4.0
30.81	1.0
31.21	2.0
31.59	3.0
31.99	4.0
32.37	1.0
32.76	2.0
33.14	3.0
33.52	4.0
33.9	1.0
34.3	2.0
34.68	3.0
35.07	4.0
35.46	1.0
35.84	2.0
36.21	3.0
36.6	4.0
36.98	1.0
37.37	2.0
37.75	3.0
38.12	4.0
38.52	1.0
38.9	2.0
39.29	3.0
39.68	4.0
40.06	1.0
40.45	2.0
40.83	3.0
41.22	4.0
41.61	1.0
41.99	2.0
42.37	3.0
42.76	4.0
43.13	1.0
43.51	2.0
43.9	3.0
44.3	4.0
44.69	1.0
45.07	2.0
45.44	3.0
45.81	4.0
46.21	1.0
46.61	2.0
46.99	3.0
47.37	4.0
47.75	1.0
48.14	2.0
48.52	3.0
48.91	4.0
49.29	1.0
49.68	2.0
50.06	3.0
50.45	4.0
50.84	1.0
51.22	2.0
51.61	3.0
51.99	4.0
52.37	1.0
52.76	2.0
53.14	3.0
53.53	4.0
53.89	1.0
54.3	2.0
54.67	3.0
55.07	4.0
55.44	1.0
55.83	2.0
56.21	3.0
56.61	4.0
57.01	1.0
57.38	2.0
57.76	3.0
58.13	4.0
58.52	1.0
58.91	2.0
59.29	3.0
59.68	4.0
60.07	1.0
60.45	2.0
60.83	3.0
61.2	4.0
61.6	1.0
61.99	2.0
62.37	3.0
62.74	4.0
63.15	1.0
63.53	2.0
63.91	3.0
64.29	4.0
64.66	1.0
65.07	2.0
65.44	3.0
65.84	4.0
66.22	1.0
66.6	2.0
66.98	3.0
67.36	4.0
67.75	1.0
68.14	2.0
68.52	3.0
68.89	4.0
69.3	1.0
69.67	2.0
70.05	3.0
70.43	4.0
70.83	1.0
71.21	2.0
71.59	3.0
71.99	4.0
72.37	1.0
72.74	2.0
73.13	3.0
73.51	4.0
73.91	1.0
74.29	2.0
74.67	3.0
75.05	4.0
75.45	1.0
75.82	2.0
76.21	3.0
76.58	4.0
76.98	1.0
77.38	2.0
77.75	3.0
78.14	4.0
78.52	1.0
78.9	2.0
79.28	3.0
79.66	4.0
80.05	1.0
80.45	2.0
80.82	3.0
81.21	4.0
81.6	1.0
81.98	2.0
82.37	3.0
82.76	4.0
83.14	1.0
83.53	2.0
83.9	3.0
84.28	4.0
84.68	1.0
85.05	2.0
85.44	3.0
85.82	4.0
86.21	1.0
86.59	2.0
86.98	3.0
87.37	4.0
87.74	1.0
88.13	2.0
88.51	3.0
88.87	4.0
89.27	1.0
89.67	2.0
90.06	3.0
90.44	4.0
90.82	1.0
91.22	2.0
91.6	3.0
91.99	4.0
92.36	1.0
92.74	2.0
93.14	3.0
93.52	4.0
93.89	1.0
94.29	2.0
94.68	3.0
95.07	4.0
95.46	1.0
95.83	2.0
96.22	3.0
96.59	4.0
96.97	1.0
97.37	2.0
97.75	3.0
98.13	4.0
98.52	1.0
98.9	2.0
99.29	3.0
99.68	4.0
100.05	1.0
100.44	2.0
100.83	3.0
101.22	4.0
101.6	1.0
101.99	2.0
102.37	3.0
102.75	4.0
103.13	1.0
103.52	2.0
103.9	3.0
104.3	4.0
104.67	1.0
105.06	2.0
105.45	3.0
105.82	4.0
106.19	1.0
106.6	2.0
106.98	3.0
107.37	4.0
107.75	1.0
108.14	2.0
108.53	3.0
108.91	4.0
109.29	1.0
109.68	2.0
110.06	3.0
110.45	4.0
110.83	1.0
111.22	2.0
111.61	3.0
111.99	4.0
112.36	1.0
112.75	2.0
113.14	3.0
113.52	4.0
113.91	1.0
114.29	2.0
114.68	3.0
115.06	4.0
115.44	1.0
115.83	2.0
116.22	3.0
116.6	4.0
116.99	1.0
117.37	2.0
117.75	3.0
118.13	4.0
118.52	1.0
118.91	2.0
119.29	3.0
119.68	4.0
120.06	1.0
120.45	2.0
120.83	3.0
121.21	4.0
121.59	1.0
121.98	2.0
122.37	3.0
122.76	4.0
123.13	1.0
123.52	2.0
123.91	3.0
124.29	4.0
124.67	1.0
125.06	2.0
125.45	3.0
125.83	4.0
126.2	1.0
126.6	2.0
126.98	3.0
127.37	4.0
127.76	1.0
128.13	2.0
128.51	3.0
128.88	4.0
129.29	1.0
129.68	2.0
130.05	3.0
130.44	4.0
130.83	1.0
131.21	2.0
131.59	3.0
131.99	4.0
132.37	1.0
132.76	2.0
133.13	3.0
133.52	4.0
133.91	1.0
134.28	2.0
134.67	3.0
135.05	4.0
135.44	1.0
135.83	2.0
136.2	3.0
136.57	4.0
136.98	1.0
137.36	2.0
137.75	3.0
138.12	4.0
138.52	1.0
138.91	2.0
139.29	3.0
139.69	4.0
140.06	1.0
140.43	2.0
140.82	3.0
141.21	4.0
141.59	1.0
141.98	2.0
142.36	3.0
142.74	4.0
143.14	1.0
143.52	2.0
143.9	3.0
144.29	4.0
144.67	1.0
145.04	2.0
145.44	3.0
145.84	4.0
146.22	1.0
146.59	2.0
146.97	3.0
147.35	4.0
147.74	1.0
148.11	2.0
148.51	3.0
148.9	4.0
149.28	1.0
149.66	2.0
150.05	3.0
150.44	4.0
150.81	1.0
151.21	2.0
151.6	3.0
151.98	4.0
152.36	1.0
152.75	2.0
153.14	3.0
153.52	4.0
153.91	1.0
154.29	2.0
154.68	3.0
155.06	4.0
155.43	1.0
155.83	2.0
156.21	3.0
156.6	4.0
156.98	1.0
157.37	2.0
157.76	3.0
158.13	4.0
158.51	1.0
158.9	2.0
159.29	3.0
159.66	4.0
160.05	1.0
160.44	2.0
160.83	3.0
161.21	4.0
161.59	1.0
161.98	2.0
162.37	3.0
162.74	4.0
163.14	1.0
163.52	2.0
163.91	3.0
164.29	4.0
164.67	1.0
165.06	2.0
165.45	3.0
165.83	4.0
166.22	1.0
166.6	2.0
166.99	3.0
167.36	4.0
167.73	1.0
168.14	2.0
168.52	3.0
168.92	4.0
169.29	1.0
169.67	2.0
170.06	3.0
170.44	4.0
170.83	1.0
171.22	2.0
171.6	3.0
171.99	4.0
172.38	1.0
172.76	2.0
173.11	3.0
173.49	4.0
173.87	1.0
174.22	2.0
174.59	3.0
174.98	4.0
175.35	1.0
175.72	2.0
176.08	3.0
176.44	4.0