0.0	1.0
0.47	2.0
0.92	3.0
1.39	4.0
1.84	1.0
2.3	2.0
2.76	3.0
3.22	4.0
3.67	1.0
4.15	2.0
4.59	3.0
5.06	4.0
5.5	1.0
5.95	2.0
6.39	3.0
6.81	4.0
7.25	1.0
7.71	2.0
8.15	3.0
8.59	4.0
9.03	1.0
9.46	2.0
9.89	3.0
10.33	4.0
10.79	1.0
11.2	2.0
11.64	3.0
12.08	4.0
12.5	1.0
12.94	2.0
13.34	3.0
13.76	4.0
14.16	1.0
14.58	2.0
14.96	3.0
15.37	4.0
15.78	1.0
16.18	2.0
16.56	3.0
16.96	4.0
17.37	1.0
17.76	2.0
18.18	3.0
18.58	4.0
18.98	1.0
19.37	2.0
19.76	3.0
20.17	4.0
20.57	1.0
20.97	2.0
21.39	3.0
21.81	4.0
22.19	1.0
22.6	2.0
22.98	3.0
23.36	4.0
23.77	1.0
24.15	2.0
24.54	3.0
24.95	4.0
25.34	1.0
25.75	2.0
26.15	3.0
26.54	4.0
26.93	1.0
27.34	2.0
27.74	3.0
28.13	4.0
28.52	1.0
28.9	2.0
29.26	3.0
29.64	4.0
30.03	1.0
30.41	2.0
30.83	3.0
31.23	4.0
31.62	1.0
32.03	2.0
32.45	3.0
32.85	4.0
33.27	1.0
33.68	2.0
34.1	3.0
34.52	4.0
34.93	1.0
35.34	2.0
35.74	3.0
36.15	4.0
36.58	1.0
36.99	2.0
37.4	3.0
37.82	4.0
38.23	1.0
38.64	2.0
39.05	3.0
39.45	4.0
39.86	1.0
40.27	2.0
40.68	3.0
41.08	4.0
41.48	1.0
41.88	2.0
42.25	3.0
42.65	4.0
43.04	1.0
43.43	2.0
43.86	3.0
44.26	4.0
44.67	1.0
45.06	2.0
45.48	3.0
45.86	4.0
46.26	1.0
46.69	2.0
47.09	3.0
47.51	4.0
47.91	1.0
48.32	2.0
48.72	3.0
49.13	4.0
49.52	1.0
49.93	2.0
50.33	3.0
50.71	4.0
51.11	1.0
51.54	2.0
51.94	3.0
52.34	4.0
52.75	1.0
53.15	2.0
53.54	3.0
53.94	4.0
54.32	1.0
54.71	2.0
55.07	3.0
55.47	4.0
55.86	1.0
56.27	2.0
56.7	3.0
57.08	4.0
57.5	1.0
57.9	2.0
58.29	3.0
58.68	4.0
59.1	1.0
59.5	2.0
59.92	3.0
60.32	4.0
60.72	1.0
61.11	2.0
61.52	3.0
61.92	4.0
62.3	1.0
62.7	2.0
63.11	3.0
63.52	4.0
63.92	1.0
64.33	2.0
64.73	3.0
65.13	4.0
65.53	1.0
65.92	2.0
66.34	3.0
66.74	4.0
67.14	1.0
67.52	2.0
67.88	3.0
68.26	4.0
68.66	1.0
69.07	2.0
69.47	3.0
69.86	4.0
70.27	1.0
70.7	2.0
71.1	3.0
71.51	4.0
71.92	1.0
72.35	2.0
72.75	3.0
73.17	4.0
73.57	1.0
73.99	2.0
74.4	3.0
74.81	4.0
75.21	1.0
75.63	2.0
76.04	3.0
76.45	4.0
76.85	1.0
77.26	2.0
77.68	3.0
78.08	4.0
78.49	1.0
78.91	2.0
79.32	3.0
79.73	4.0
80.27	1.0
80.91	2.0
81.65	3.0
82.51	4.0
83.27	1.0
84.11	2.0
84.91	3.0
85.73	4.0
86.54	1.0
87.35	2.0
88.13	3.0
88.93	4.0
89.71	1.0
90.54	2.0
91.34	3.0
92.14	4.0
92.94	1.0
93.72	2.0
94.5	3.0
95.31	4.0
96.11	1.0
96.91	2.0
97.71	3.0
98.51	4.0
99.29	1.0
100.11	2.0
100.89	3.0
101.73	4.0
102.53	1.0
103.33	2.0
104.12	3.0
104.92	4.0
105.69	1.0
106.49	2.0
107.3	3.0
108.09	4.0
108.84	1.0
109.64	2.0
110.42	3.0
111.2	4.0
111.95	1.0
112.7	2.0
113.45	3.0
114.18	4.0
114.91	1.0
115.68	2.0
116.39	3.0
117.18	4.0
117.91	1.0
118.69	2.0
119.42	3.0
120.22	4.0
120.96	1.0
121.72	2.0
122.46	3.0
123.22	4.0
123.99	1.0
124.72	2.0
125.46	3.0
126.2	4.0
126.92	1.0
127.68	2.0
128.42	3.0
129.15	4.0
129.87	1.0
130.62	2.0
131.43	3.0
132.2	4.0
132.98	1.0
133.75	2.0
134.51	3.0
135.3	4.0
136.06	1.0
136.82	2.0
137.56	3.0
138.36	4.0
139.12	1.0
139.91	2.0
140.67	3.0
141.43	4.0
142.19	1.0
142.96	2.0
143.69	3.0
144.49	4.0
145.26	1.0
146.05	2.0
146.83	3.0
147.6	4.0
148.37	1.0
149.12	2.0
149.93	3.0
150.69	4.0
151.47	1.0
152.26	2.0
153.02	3.0
153.76	4.0
154.53	1.0
155.28	2.0
156.04	3.0
156.83	4.0
157.57	1.0
158.34	2.0
159.09	3.0
159.84	4.0
160.59	1.0
161.33	2.0
162.05	3.0
162.78	4.0
163.49	1.0
164.25	2.0
165.0	3.0
165.74	4.0
166.48	1.0
167.23	2.0
167.97	3.0
168.73	4.0
169.47	1.0
170.22	2.0
170.95	3.0
171.69	4.0
172.45	1.0
173.17	2.0
173.88	3.0
174.59	4.0
175.29	1.0
176.04	2.0
176.78	3.0
177.52	4.0
178.23	1.0
179.01	2.0
179.71	3.0
180.47	4.0
181.24	1.0
181.95	2.0
182.69	3.0
183.41	4.0
184.11	1.0
184.85	2.0
185.57	3.0
186.29	4.0
187.03	1.0
187.72	2.0
188.45	3.0
189.16	4.0
189.84	1.0
190.54	2.0
191.25	3.0
192.04	4.0
192.82	1.0
193.59	2.0
194.35	3.0
195.12	4.0
195.86	1.0
196.64	2.0
197.38	3.0
198.17	4.0
198.92	1.0
199.7	2.0
200.44	3.0
201.19	4.0
201.93	1.0
202.67	2.0
203.39	3.0
204.13	4.0
204.85	1.0
205.58	2.0
206.32	3.0
207.01	4.0
207.71	1.0
208.47	2.0
209.19	3.0
209.93	4.0
210.65	1.0
211.39	2.0
212.1	3.0
212.81	4.0
213.54	1.0
214.25	2.0
214.95	3.0
215.68	4.0
216.4	1.0
217.13	2.0
217.85	3.0
218.56	4.0
219.26	1.0
220.01	2.0
220.71	3.0
221.43	4.0
222.16	1.0
222.9	2.0
223.61	3.0
224.31	4.0
225.03	1.0
225.78	2.0
226.51	3.0
227.24	4.0
227.96	1.0
228.7	2.0
229.44	3.0
230.17	4.0
230.88	1.0
231.62	2.0
232.33	3.0
233.07	4.0
233.78	1.0
234.51	2.0
235.23	3.0
235.95	4.0
236.66	1.0
237.39	2.0
238.12	3.0
238.86	4.0
239.58	1.0
240.32	2.0
241.05	3.0
241.76	4.0
242.49	1.0
243.21	2.0
243.92	3.0
244.65	4.0
245.36	1.0
246.09	2.0
246.81	3.0
247.54	4.0
248.28	1.0
249.0	2.0
249.75	3.0
250.48	4.0
251.17	1.0
251.88	2.0
252.59	3.0
253.3	4.0
254.0	1.0
254.7	2.0
255.4	3.0
256.11	4.0
256.81	1.0
257.52	2.0
258.27	3.0
259.01	4.0
259.72	1.0
260.46	2.0
261.18	3.0
261.88	4.0
262.57	1.0
263.28	2.0
264.03	3.0
264.72	4.0
265.42	1.0
266.13	2.0
266.84	3.0
267.53	4.0
268.22	1.0
268.9	2.0
269.62	3.0
270.31	4.0
271.03	1.0
271.74	2.0
272.48	3.0
273.16	4.0
273.88	1.0
274.59	2.0
275.32	3.0
276.01	4.0
276.71	1.0
277.4	2.0
278.15	3.0
278.85	4.0
279.57	1.0
280.29	2.0
280.99	3.0
281.7	4.0
282.4	1.0
283.08	2.0
283.78	3.0
284.47	4.0
285.15	1.0
285.82	2.0
286.56	3.0
287.23	4.0
287.93	1.0
288.6	2.0
289.3	3.0
289.95	4.0
290.65	1.0
291.48	2.0
292.38	3.0
293.3	4.0
294.25	1.0
295.17	2.0
296.05	3.0
296.9	4.0
297.77	1.0
298.65	2.0
299.47	3.0
300.23	4.0
301.03	1.0
301.86	2.0
302.64	3.0
303.47	4.0
304.25	1.0
305.06	2.0
305.86	3.0
306.66	4.0
307.44	1.0
308.23	2.0
309.01	3.0
309.81	4.0
310.59	1.0
311.38	2.0
312.14	3.0
312.89	4.0
313.67	1.0
314.45	2.0
315.23	3.0
316.04	4.0
316.84	1.0
317.64	2.0
318.44	3.0
319.23	4.0
320.02	1.0
320.83	2.0
321.62	3.0
322.44	4.0
323.22	1.0
324.0	2.0
324.77	3.0
325.53	4.0
326.32	1.0
327.12	2.0
327.91	3.0
328.75	4.0
329.54	1.0
330.34	2.0
331.13	3.0
331.94	4.0
332.71	1.0
333.54	2.0
334.33	3.0
335.17	4.0
335.94	1.0
336.75	2.0
337.52	3.0
338.29	4.0
339.06	1.0
339.88	2.0
340.65	3.0
341.48	4.0
342.26	1.0
343.07	2.0
343.85	3.0
344.65	4.0
345.42	1.0
346.22	2.0
346.98	3.0
347.83	4.0
348.62	1.0
349.4	2.0
350.18	3.0
350.94	4.0
351.74	1.0
352.54	2.0
353.26	3.0
354.07	4.0
354.84	1.0
355.63	2.0
356.38	3.0
357.12	4.0
357.87	1.0
358.6	2.0
359.33	3.0
360.08	4.0
360.84	1.0
361.61	2.0
362.33	3.0
363.1	4.0
363.82	1.0
364.62	2.0
365.35	3.0
366.11	4.0
366.86	1.0
367.61	2.0
368.35	3.0
369.09	4.0
369.8	1.0
370.54	2.0
371.22	3.0
371.99	4.0
372.74	1.0
373.48	2.0
374.21	3.0
374.95	4.0
375.67	1.0
376.43	2.0
377.16	3.0
377.89	4.0
378.62	1.0
379.36	2.0
380.09	3.0
380.8	4.0
381.52	1.0
382.25	2.0
382.96	3.0
383.69	4.0
384.45	1.0
385.18	2.0
385.94	3.0
386.67	4.0
387.4	1.0
388.16	2.0
388.88	3.0
389.61	4.0
390.34	1.0
391.06	2.0
391.79	3.0
392.51	4.0
393.22	1.0
393.93	2.0
394.62	3.0
395.32	4.0
396.12	1.0
396.91	2.0
397.68	3.0
398.49	4.0