0.0	1.0
0.39	2.0
0.78	3.0
1.17	4.0
1.57	1.0
1.96	2.0
2.35	3.0
2.75	4.0
3.14	1.0
3.53	2.0
3.92	3.0
4.31	4.0
4.71	1.0
5.1	2.0
5.49	3.0
5.88	4.0
6.28	1.0
6.67	2.0
7.06	3.0
7.45	4.0
7.84	1.0
8.23	2.0
8.63	3.0
9.02	4.0
9.41	1.0
9.81	2.0
10.2	3.0
10.59	4.0
10.98	1.0
11.37	2.0
11.77	3.0
12.15	4.0
12.55	1.0
12.94	2.0
13.34	3.0
13.72	4.0
14.12	1.0
14.51	2.0
14.9	3.0
15.29	4.0
15.69	1.0
16.08	2.0
16.47	3.0
16.86	4.0
17.26	1.0
17.65	2.0
18.04	3.0
18.43	4.0
18.82	1.0
19.22	2.0
19.61	3.0
20.0	4.0
20.39	1.0
20.78	2.0
21.18	3.0
21.57	4.0
21.96	1.0
22.35	2.0
22.75	3.0
23.14	4.0
23.53	1.0
23.92	2.0
24.31	3.0
24.7	4.0
25.1	1.0
25.49	2.0
25.88	3.0
26.28	4.0
26.67	1.0
27.06	2.0
27.45	3.0
27.85	4.0
28.24	1.0
28.63	2.0
29.02	3.0
29.41	4.0
29.81	1.0
30.19	2.0
30.59	3.0
30.98	4.0
31.37	1.0
31.76	2.0
32.16	3.0
32.55	4.0
32.95	1.0
33.33	2.0
33.73	3.0
34.12	4.0
34.51	1.0
34.9	2.0
35.3	3.0
35.68	4.0
36.08	1.0
36.47	2.0
36.87	3.0
37.25	4.0
37.65	1.0
38.04	2.0
38.43	3.0
38.81	4.0
39.22	1.0
39.61	2.0
40.0	3.0
40.39	4.0
40.79	1.0
41.17	2.0
41.55	3.0