0.45	2.0
0.94	3.0
1.43	4.0
1.88	1.0
2.35	2.0
2.83	3.0
3.3	4.0
3.77	1.0
4.24	2.0
4.71	3.0
5.22	4.0
5.7	1.0
6.2	2.0
6.69	3.0
7.16	4.0
7.63	1.0
8.12	2.0
8.58	3.0
9.06	4.0
9.54	1.0
9.99	2.0
10.46	3.0
10.92	4.0
11.38	1.0
11.86	2.0
12.34	3.0
12.81	4.0
13.29	1.0
13.76	2.0
14.23	3.0
14.7	4.0
15.17	1.0
15.64	2.0
16.11	3.0
16.59	4.0
17.05	1.0
17.51	2.0
17.99	3.0
18.45	4.0
18.92	1.0
19.39	2.0
19.85	3.0
20.32	4.0
20.79	1.0
21.25	2.0
21.72	3.0
22.17	4.0
22.62	1.0
23.08	2.0
23.54	3.0
24.01	4.0
24.47	1.0
24.93	2.0
25.39	3.0
25.85	4.0
26.32	1.0
26.78	2.0
27.26	3.0
27.71	4.0
28.15	1.0
28.57	2.0
29.03	3.0
29.48	4.0
29.97	1.0
30.44	2.0
30.94	3.0
31.4	4.0
31.85	1.0
32.3	2.0
32.77	3.0
33.22	4.0
33.7	1.0
34.16	2.0
34.62	3.0
35.09	4.0
35.57	1.0
36.04	2.0
36.51	3.0
36.97	4.0
37.43	1.0
37.9	2.0
38.35	3.0
38.83	4.0
39.29	1.0
39.76	2.0
40.21	3.0
40.7	4.0
41.16	1.0
41.63	2.0
42.1	3.0
42.57	4.0
43.04	1.0
43.5	2.0
43.98	3.0
44.42	4.0
44.9	1.0
45.36	2.0
45.84	3.0
46.29	4.0
46.77	1.0
47.23	2.0
47.7	3.0
48.15	4.0
48.62	1.0
49.08	2.0
49.55	3.0
50.02	4.0
50.49	1.0
50.96	2.0
51.42	3.0
51.88	4.0
52.33	1.0
52.8	2.0
53.26	3.0
53.72	4.0
54.19	1.0
54.65	2.0
55.12	3.0
55.57	4.0
56.02	1.0
56.49	2.0
56.97	3.0
57.42	4.0
57.89	1.0
58.35	2.0
58.82	3.0
59.27	4.0
59.74	1.0
60.19	2.0
60.67	3.0
61.12	4.0
61.6	1.0
62.05	2.0
62.53	3.0
62.97	4.0
63.42	1.0
63.88	2.0
64.34	3.0
64.8	4.0
65.26	1.0
65.73	2.0
66.2	3.0
66.65	4.0
67.12	1.0
67.59	2.0
68.04	3.0
68.51	4.0
68.96	1.0
69.4	2.0
69.86	3.0
70.31	4.0
70.76	1.0
71.21	2.0
71.69	3.0
72.14	4.0
72.62	1.0
73.07	2.0
73.56	3.0
74.02	4.0
74.5	1.0
74.95	2.0
75.41	3.0
75.88	4.0
76.35	1.0
76.81	2.0
77.26	3.0
77.72	4.0
78.18	1.0
78.63	2.0
79.09	3.0
79.56	4.0
80.02	1.0
80.46	2.0
80.92	3.0
81.39	4.0
81.86	1.0
82.32	2.0
82.78	3.0
83.25	4.0
83.7	1.0
84.17	2.0
84.64	3.0
85.08	4.0
85.53	1.0
85.99	2.0
86.46	3.0
86.92	4.0
87.4	1.0
87.85	2.0
88.3	3.0
88.75	4.0
89.21	1.0
89.67	2.0
90.13	3.0
90.59	4.0
91.05	1.0
91.52	2.0
91.98	3.0
92.42	4.0
92.88	1.0
93.34	2.0
93.8	3.0
94.26	4.0
94.7	1.0
95.16	2.0
95.61	3.0
96.07	4.0
96.5	1.0
96.96	2.0
97.41	3.0
97.88	4.0
98.34	1.0
98.8	2.0
99.26	3.0
99.71	4.0
100.17	1.0
100.62	2.0
101.07	3.0
101.53	4.0
101.99	1.0
102.44	2.0
102.91	3.0
103.35	4.0
103.8	1.0
104.26	2.0
104.73	3.0
105.18	4.0
105.64	1.0
106.09	2.0
106.56	3.0
107.03	4.0
107.49	1.0
107.96	2.0
108.41	3.0
108.87	4.0
109.33	1.0
109.78	2.0
110.25	3.0
110.68	4.0
111.12	1.0
111.55	2.0
112.04	3.0
112.5	4.0
112.98	1.0
113.42	2.0
113.89	3.0
114.35	4.0
114.8	1.0
115.29	2.0
115.74	3.0
116.2	4.0
116.64	1.0
117.09	2.0
117.54	3.0
117.99	4.0
118.43	1.0
118.89	2.0
119.36	3.0
119.82	4.0
120.28	1.0
120.74	2.0
121.2	3.0
121.67	4.0
122.11	1.0
122.56	2.0
123.02	3.0
123.49	4.0
123.94	1.0
124.39	2.0
124.86	3.0
125.31	4.0
125.76	1.0
126.2	2.0
126.66	3.0
127.1	4.0
127.54	1.0
128.0	2.0
128.44	3.0
128.9	4.0
129.34	1.0
129.8	2.0
130.24	3.0
130.69	4.0
131.13	1.0
131.58	2.0
132.02	3.0
132.47	4.0
132.9	1.0
133.36	2.0
133.8	3.0
134.25	4.0
134.69	1.0
135.14	2.0
135.57	3.0
136.03	4.0
136.46	1.0
136.92	2.0
137.36	3.0
137.81	4.0
138.25	1.0
138.7	2.0
139.14	3.0
139.58	4.0
140.02	1.0
140.47	2.0
140.91	3.0
141.37	4.0
141.83	1.0
142.27	2.0
142.72	3.0
143.16	4.0
143.6	1.0
144.06	2.0
144.51	3.0
144.96	4.0
145.41	1.0
145.86	2.0
146.32	3.0
146.76	4.0
147.2	1.0
147.66	2.0
148.11	3.0
148.56	4.0
149.01	1.0
149.46	2.0
149.91	3.0
150.36	4.0
150.81	1.0
151.26	2.0
151.71	3.0
152.16	4.0
152.6	1.0
153.05	2.0
153.48	3.0
153.93	4.0
154.36	1.0
154.82	2.0
155.26	3.0
155.71	4.0
156.15	1.0
156.59	2.0
157.04	3.0
157.51	4.0
157.95	1.0
158.42	2.0
158.89	3.0
159.36	4.0
159.82	1.0
160.28	2.0
160.75	3.0
161.2	4.0
161.67	1.0
162.1	2.0
162.57	3.0
163.03	4.0
163.51	1.0
163.96	2.0
164.43	3.0
164.88	4.0
165.34	1.0
165.79	2.0
166.26	3.0
166.71	4.0
167.17	1.0
167.62	2.0
168.08	3.0
168.52	4.0
168.98	1.0
169.43	2.0
169.88	3.0
170.33	4.0
170.79	1.0
171.24	2.0
171.68	3.0
172.13	4.0
172.59	1.0
173.03	2.0
173.5	3.0
173.95	4.0
174.42	1.0
174.87	2.0
175.33	3.0
175.78	4.0
176.24	1.0
176.68	2.0
177.15	3.0
177.59	4.0
178.06	1.0
178.51	2.0
178.97	3.0
179.41	4.0
179.87	1.0
180.33	2.0
180.78	3.0
181.25	4.0
181.7	1.0
182.16	2.0
182.62	3.0
183.07	4.0
183.53	1.0
183.99	2.0
184.45	3.0
184.9	4.0
185.37	1.0
185.82	2.0
186.28	3.0
186.72	4.0
187.17	1.0
187.63	2.0
188.09	3.0
188.56	4.0
189.02	1.0
189.47	2.0
189.91	3.0
190.38	4.0
190.84	1.0
191.3	2.0
191.73	3.0
192.18	4.0
192.64	1.0
193.1	2.0
193.58	3.0
194.03	4.0
194.48	1.0
194.95	2.0
195.41	3.0
195.88	4.0
196.33	1.0
196.79	2.0
197.25	3.0
197.7	4.0
198.15	1.0
198.59	2.0
199.05	3.0
199.51	4.0
199.96	1.0
200.42	2.0
200.88	3.0
201.31	4.0
201.77	1.0
202.21	2.0
202.66	3.0
203.12	4.0
203.57	1.0
204.02	2.0
204.47	3.0
204.91	4.0
205.35	1.0
205.81	2.0
206.24	3.0
206.7	4.0
207.13	1.0
207.58	2.0
208.02	3.0
208.46	4.0
208.9	1.0
209.35	2.0
209.78	3.0
210.22	4.0
210.67	1.0
211.11	2.0
211.55	3.0
211.98	4.0
212.44	1.0
212.88	2.0
213.32	3.0
213.75	4.0
214.19	1.0
214.64	2.0
215.07	3.0
215.51	4.0
215.95	1.0
216.39	2.0
216.82	3.0
217.26	4.0
217.7	1.0
218.14	2.0
218.56	3.0
219.01	4.0
219.45	1.0
219.89	2.0
220.33	3.0
220.76	4.0
221.2	1.0
221.63	2.0
222.06	3.0
222.5	4.0
222.94	1.0
223.37	2.0
223.81	3.0
224.23	4.0
224.67	1.0
225.09	2.0
225.52	3.0
225.96	4.0
226.4	1.0
226.84	2.0
227.25	3.0
227.68	4.0
228.12	1.0
228.57	2.0
229.02	3.0
229.44	4.0
229.87	1.0