0.0	3.0
0.48	4.0
0.95	1.0
1.44	2.0
1.91	3.0
2.39	4.0
2.87	1.0
3.36	2.0
3.86	3.0
4.32	4.0
4.79	1.0
5.26	2.0
5.73	3.0
6.19	4.0
6.67	1.0
7.15	2.0
7.63	3.0
8.11	4.0
8.59	1.0
9.05	2.0
9.53	3.0
9.99	4.0
10.47	1.0
10.95	2.0
11.43	3.0
11.91	4.0
12.38	1.0
12.84	2.0
13.33	3.0
13.8	4.0
14.27	1.0
14.75	2.0
15.23	3.0
15.69	4.0
16.16	1.0
16.63	2.0
17.11	3.0
17.57	4.0
18.05	1.0
18.53	2.0
19.02	3.0
19.49	4.0
19.97	1.0
20.44	2.0
20.92	3.0
21.39	4.0
21.86	1.0
22.34	2.0
22.82	3.0
23.31	4.0
23.78	1.0
24.25	2.0
24.73	3.0
25.2	4.0
25.67	1.0
26.14	2.0
26.63	3.0
27.1	4.0
27.57	1.0
28.05	2.0
28.53	3.0
29.0	4.0
29.47	1.0
29.95	2.0
30.43	3.0
30.9	4.0
31.38	1.0
31.85	2.0
32.33	3.0
32.8	4.0
33.29	1.0
33.78	2.0
34.27	3.0
34.74	4.0
35.21	1.0
35.69	2.0
36.17	3.0
36.63	4.0
37.1	1.0
37.57	2.0
38.04	3.0
38.51	4.0
38.97	1.0
39.43	2.0
39.9	3.0
40.39	4.0
40.88	1.0
41.36	2.0
41.83	3.0
42.3	4.0
42.78	1.0
43.25	2.0
43.73	3.0
44.21	4.0
44.68	1.0
45.15	2.0
45.63	3.0
46.1	4.0
46.57	1.0
47.05	2.0
47.53	3.0
47.99	4.0
48.46	1.0
48.92	2.0
49.39	3.0
49.87	4.0
50.35	1.0
50.82	2.0
51.29	3.0
51.77	4.0
52.23	1.0
52.72	2.0
53.18	3.0
53.66	4.0
54.13	1.0
54.61	2.0
55.07	3.0
55.55	4.0
56.01	1.0
56.5	2.0
56.97	3.0
57.45	4.0
57.92	1.0
58.4	2.0
58.88	3.0
59.35	4.0
59.82	1.0
60.29	2.0
60.76	3.0
61.24	4.0
61.71	1.0
62.19	2.0
62.67	3.0
63.14	4.0
63.61	1.0
64.09	2.0
64.57	3.0
65.04	4.0
65.52	1.0
65.99	2.0
66.47	3.0
66.95	4.0
67.42	1.0
67.9	2.0
68.37	3.0
68.85	4.0
69.33	1.0
69.81	2.0
70.29	3.0
70.75	4.0
71.22	1.0
71.7	2.0
72.17	3.0
72.65	4.0
73.11	1.0
73.6	2.0
74.07	3.0
74.54	4.0
75.01	1.0
75.49	2.0
75.97	3.0
76.44	4.0
76.91	1.0
77.38	2.0
77.87	3.0
78.34	4.0
78.82	1.0
79.29	2.0
79.76	3.0
80.23	4.0
80.54	1.0
80.86	2.0
81.16	3.0
81.47	4.0
81.8	1.0
82.12	2.0
82.59	3.0
83.06	4.0
83.53	1.0
84.01	2.0
84.48	3.0
84.95	4.0
85.43	1.0
85.91	2.0
86.39	3.0
86.86	4.0
87.33	1.0
87.8	2.0
88.28	3.0
88.75	4.0
89.23	1.0
89.71	2.0
90.18	3.0
90.65	4.0
91.13	1.0
91.6	2.0
92.08	3.0
92.55	4.0
93.02	1.0
93.48	2.0
93.95	3.0
94.43	4.0
94.91	1.0
95.38	2.0
95.86	3.0
96.34	4.0
96.81	1.0
97.3	2.0
97.78	3.0
98.24	4.0
98.72	1.0
99.19	2.0
99.66	3.0
100.14	4.0
100.62	1.0
101.09	2.0
101.58	3.0
102.05	4.0
102.51	1.0
102.99	2.0
103.45	3.0
103.91	4.0
104.39	1.0
104.86	2.0
105.34	3.0
105.82	4.0
106.29	1.0
106.77	2.0
107.25	3.0
107.73	4.0
108.21	1.0
108.68	2.0
109.16	3.0
109.64	4.0
110.11	1.0
110.59	2.0
111.06	3.0
111.54	4.0
112.01	1.0
112.48	2.0
112.95	3.0
113.43	4.0
113.91	1.0
114.39	2.0
114.88	3.0
115.34	4.0
115.81	1.0
116.28	2.0
116.75	3.0
117.22	4.0
117.69	1.0
118.15	2.0
118.62	3.0
119.09	4.0
119.55	1.0
120.03	2.0
120.51	3.0
120.99	4.0
121.46	1.0
121.94	2.0
122.41	3.0
122.89	4.0
123.36	1.0
123.84	2.0
124.3	3.0
124.78	4.0
125.25	1.0
125.73	2.0
126.2	3.0
126.68	4.0
127.14	1.0
127.62	2.0
128.09	3.0
128.57	4.0
129.04	1.0
129.52	2.0
130.0	3.0
130.48	4.0
130.95	1.0
131.43	2.0
131.9	3.0
132.38	4.0
132.84	1.0
133.33	2.0
133.8	3.0
134.28	4.0
134.75	1.0
135.23	2.0
135.69	3.0
136.16	4.0
136.64	1.0
137.11	2.0
137.58	3.0
138.05	4.0
138.53	1.0
139.0	2.0
139.48	3.0
139.95	4.0
140.44	1.0
140.91	2.0
141.38	3.0
141.86	4.0
142.35	1.0
142.82	2.0
143.29	3.0
143.77	4.0
144.25	1.0
144.71	2.0
145.19	3.0
145.66	4.0
146.14	1.0
146.61	2.0
147.08	3.0
147.56	4.0
148.04	1.0
148.51	2.0
148.98	3.0
149.46	4.0
149.94	1.0
150.41	2.0
150.89	3.0
151.37	4.0
151.86	1.0
152.33	2.0
152.81	3.0
153.28	4.0
153.74	1.0
154.21	2.0
154.69	3.0
155.16	4.0
155.64	1.0
156.11	2.0
156.58	3.0
157.06	4.0
157.53	1.0
158.02	2.0
158.49	3.0
158.97	4.0
159.44	1.0
159.92	2.0
160.39	3.0
160.87	4.0
161.35	1.0
161.81	2.0
162.29	3.0
162.75	4.0
163.22	1.0
163.7	2.0
164.17	3.0
164.64	4.0
165.1	1.0
165.57	2.0
166.05	3.0
166.53	4.0
167.0	1.0
167.47	2.0
167.95	3.0
168.42	4.0
168.89	1.0
169.37	2.0
169.84	3.0
170.32	4.0
170.8	1.0
171.26	2.0
171.74	3.0
172.21	4.0
172.68	1.0
173.15	2.0
173.63	3.0
174.1	4.0
174.58	1.0
175.04	2.0
175.52	3.0
175.99	4.0
176.46	1.0
176.95	2.0
177.42	3.0
177.9	4.0
178.38	1.0
178.85	2.0
179.33	3.0
179.8	4.0
180.28	1.0
180.75	2.0
181.22	3.0
181.69	4.0
182.16	1.0
182.64	2.0
183.11	3.0
183.58	4.0
184.07	1.0
184.54	2.0
185.02	3.0
185.49	4.0
185.96	1.0
186.44	2.0
186.92	3.0
187.39	4.0
187.87	1.0
188.34	2.0
188.81	3.0
189.29	4.0
189.77	1.0
190.25	2.0
190.73	3.0
191.2	4.0
191.67	1.0
192.15	2.0
192.62	3.0
193.09	4.0
193.57	1.0
194.05	2.0
194.53	3.0
195.0	4.0
195.48	1.0
195.94	2.0
196.41	3.0
196.88	4.0
197.36	1.0
197.83	2.0
198.31	3.0
198.78	4.0
199.26	1.0
199.74	2.0
200.21	3.0
200.68	4.0
201.16	1.0
201.62	2.0
202.1	3.0
202.57	4.0
203.05	1.0
203.52	2.0
204.0	3.0
204.46	4.0
204.93	1.0
205.41	2.0
205.9	3.0
206.37	4.0
206.84	1.0
207.32	2.0
207.79	3.0
208.26	4.0
208.73	1.0
209.21	2.0
209.67	3.0
210.14	4.0
210.6	1.0
211.08	2.0
211.55	3.0
212.02	4.0
212.49	1.0
212.98	2.0
213.45	3.0
213.92	4.0
214.39	1.0
214.87	2.0
215.33	3.0
215.8	4.0
216.27	1.0
216.75	2.0
217.23	3.0
217.7	4.0
218.16	1.0
218.64	2.0
219.11	3.0
219.6	4.0
220.07	1.0
220.56	2.0
221.02	3.0
221.5	4.0
221.98	1.0
222.45	2.0
222.92	3.0
223.4	4.0
223.87	1.0
224.34	2.0
224.82	3.0
225.3	4.0
225.79	1.0
226.27	2.0
226.74	3.0
227.22	4.0
227.7	1.0
228.18	2.0
228.66	3.0
229.13	4.0
229.62	1.0
230.09	2.0
230.57	3.0
231.04	4.0
231.53	1.0
232.0	2.0
232.47	3.0
232.94	4.0
233.41	1.0
233.88	2.0
234.36	3.0
234.83	4.0
235.31	1.0
235.78	2.0
236.27	3.0
236.74	4.0
237.21	1.0
237.69	2.0
238.17	3.0
238.64	4.0
239.11	1.0
239.59	2.0
240.05	3.0
240.53	4.0
241.01	1.0
241.49	2.0
241.96	3.0
242.45	4.0
242.9	1.0
243.39	2.0
243.85	3.0
244.32	4.0
244.8	1.0
245.27	2.0
245.75	3.0
246.23	4.0
246.7	1.0
247.16	2.0
247.64	3.0
248.11	4.0
248.58	1.0
249.05	2.0
249.54	3.0
250.01	4.0
250.49	1.0
250.96	2.0
251.44	3.0
251.91	4.0
252.38	1.0
252.86	2.0
253.33	3.0
253.81	4.0
254.27	1.0
254.74	2.0
255.22	3.0
255.69	4.0
256.16	1.0
256.63	2.0
257.1	3.0
257.57	4.0
258.04	1.0
258.52	2.0
258.99	3.0
259.48	4.0
259.94	1.0
260.41	2.0
260.89	3.0
261.35	4.0
261.83	1.0
262.3	2.0
262.77	3.0
263.25	4.0
263.7	1.0
264.19	2.0
264.66	3.0
265.14	4.0
265.62	1.0
266.12	2.0
266.61	3.0
267.08	4.0
267.56	1.0
268.03	2.0
268.51	3.0
268.98	4.0
269.44	1.0
269.91	2.0
270.38	3.0
270.85	4.0
271.32	1.0
271.77	2.0
272.25	3.0