0.0	1.0
0.78	2.0
1.65	3.0
2.47	4.0
3.3	1.0
4.13	2.0
4.95	3.0
5.78	4.0
6.61	1.0
7.43	2.0
8.27	3.0
9.09	4.0
9.93	1.0
10.75	2.0
11.59	3.0
12.41	4.0
13.24	1.0
14.06	2.0
14.9	3.0
15.72	4.0
16.55	1.0
17.38	2.0
18.22	3.0
19.04	4.0
19.87	1.0
20.69	2.0
21.53	3.0
22.35	4.0
23.18	1.0
24.0	2.0
24.84	3.0
25.66	4.0
26.49	1.0
27.32	2.0
28.15	3.0
28.98	4.0
29.8	1.0
30.63	2.0
31.46	3.0
32.29	4.0
33.12	1.0
33.94	2.0
34.78	3.0
35.6	4.0
36.43	1.0
37.26	2.0
38.08	3.0
38.92	4.0
39.74	1.0
40.57	2.0
41.4	3.0
42.23	4.0
43.06	1.0
43.88	2.0
44.72	3.0
45.54	4.0
46.37	1.0
47.19	2.0
48.03	3.0
48.85	4.0
49.68	1.0
50.51	2.0
51.34	3.0
52.16	4.0
52.99	1.0
53.82	2.0
54.66	3.0
55.47	4.0
56.31	1.0
57.13	2.0
57.97	3.0
58.79	4.0
59.62	1.0
60.45	2.0
61.29	3.0
62.11	4.0
62.93	1.0
63.76	2.0
64.59	3.0
65.42	4.0
66.25	1.0
67.08	2.0
67.9	3.0
68.73	4.0
69.56	1.0
70.39	2.0
71.22	3.0
72.05	4.0
72.88	1.0
73.7	2.0
74.54	3.0
75.36	4.0
76.19	1.0
77.01	2.0
77.85	3.0
78.67	4.0
79.5	1.0
80.33	2.0
81.16	3.0
81.98	4.0
82.82	1.0
83.64	2.0
84.48	3.0
85.3	4.0
86.13	1.0
86.95	2.0
87.78	3.0
88.61	4.0
89.44	1.0
90.27	2.0
91.1	3.0
91.92	4.0
92.75	1.0
93.58	2.0
94.41	3.0
95.24	4.0
96.07	1.0
96.9	2.0
97.73	3.0
98.55	4.0
99.38	1.0
100.21	2.0
101.04	3.0
101.87	4.0
102.7	1.0
103.52	2.0
104.36	3.0
105.18	4.0
106.01	1.0
106.83	2.0
107.66	3.0
108.49	4.0
109.32	1.0
110.14	2.0
110.99	3.0
111.8	4.0
112.63	1.0
113.46	2.0
114.29	3.0
115.12	4.0
115.94	1.0
116.77	2.0
117.61	3.0
118.43	4.0
119.26	1.0
120.09	2.0
120.92	3.0
121.74	4.0
122.57	1.0
123.4	2.0
124.24	3.0
125.06	4.0
125.89	1.0
126.71	2.0
127.55	3.0
128.37	4.0
129.2	1.0
130.03	2.0
130.86	3.0
131.68	4.0
132.51	1.0
133.34	2.0
134.17	3.0
135.0	4.0
135.83	1.0
136.65	2.0
137.48	3.0
138.31	4.0
139.14	1.0
139.97	2.0
140.8	3.0
141.62	4.0
142.45	1.0
143.28	2.0
144.11	3.0
144.94	4.0
145.77	1.0
146.59	2.0
147.41	3.0
148.25	4.0
149.08	1.0
149.91	2.0
150.74	3.0
151.56	4.0
152.39	1.0
153.22	2.0
154.04	3.0
154.88	4.0
155.71	1.0
156.53	2.0
157.36	3.0
158.19	4.0
159.02	1.0
159.88	2.0
160.72	3.0
161.56	4.0
162.39	1.0
163.22	2.0
164.04	3.0
164.89	4.0
165.72	1.0
166.55	2.0
167.36	3.0
168.2	4.0
169.03	1.0
169.89	2.0
170.69	3.0
171.56	4.0
172.38	1.0
173.21	2.0
174.05	3.0
174.87	4.0
175.72	1.0
176.55	2.0
177.38	3.0
178.23	4.0
179.06	1.0
179.89	2.0
180.72	3.0
181.55	4.0
182.39	1.0
183.23	2.0
184.05	3.0
184.88	4.0
185.72	1.0
186.54	2.0
187.37	3.0
188.2	4.0
189.03	1.0
189.86	2.0
190.7	3.0
191.52	4.0
192.34	1.0
193.17	2.0
194.0	3.0
194.83	4.0
195.65	1.0
196.48	2.0
197.32	3.0
198.14	4.0
198.97	1.0
199.79	2.0
200.62	3.0
201.45	4.0
202.28	1.0
203.11	2.0
203.94	3.0
204.77	4.0
205.6	1.0
206.42	2.0
207.25	3.0
208.08	4.0
208.91	1.0
209.73	2.0
210.57	3.0
211.4	4.0
212.23	1.0
213.04	2.0
213.87	3.0
214.76	4.0
215.57	1.0
216.41	2.0
217.33	3.0
218.2	4.0
219.17	1.0
220.15	2.0
221.11	3.0
222.09	4.0
223.05	1.0
224.03	2.0
225.06	3.0
226.0	4.0