0.26	1.0
0.72	2.0
1.14	3.0
1.6	4.0
2.03	1.0
2.47	2.0
2.91	3.0
3.35	4.0
3.8	1.0
4.24	2.0
4.68	3.0
5.11	4.0
5.56	1.0
6.01	2.0
6.46	3.0
6.91	4.0
7.36	1.0
7.82	2.0
8.26	3.0
8.71	4.0
9.17	1.0
9.62	2.0
10.07	3.0
10.52	4.0
10.97	1.0
11.43	2.0
11.89	3.0
12.34	4.0
12.8	1.0
13.25	2.0
13.7	3.0
14.15	4.0
14.6	1.0
15.05	2.0
15.51	3.0
15.96	4.0
16.41	1.0
16.86	2.0
17.31	3.0
17.77	4.0
18.23	1.0
18.68	2.0
19.14	3.0
19.58	4.0
20.04	1.0
20.49	2.0
20.95	3.0
21.41	4.0
21.87	1.0
22.32	2.0
22.78	3.0
23.24	4.0
23.69	1.0
24.15	2.0
24.61	3.0
25.06	4.0
25.52	1.0
25.98	2.0
26.44	3.0
26.89	4.0
27.35	1.0
27.81	2.0
28.27	3.0
28.73	4.0
29.18	1.0
29.64	2.0
30.1	3.0
30.55	4.0
31.01	1.0
31.47	2.0
31.91	3.0
32.36	4.0
32.82	1.0
33.29	2.0
33.75	3.0
34.2	4.0
34.64	1.0
35.1	2.0
35.55	3.0
36.02	4.0
36.47	1.0
36.92	2.0
37.38	3.0
37.83	4.0
38.29	1.0
38.74	2.0
39.2	3.0
39.66	4.0
40.12	1.0
40.58	2.0
41.03	3.0
41.49	4.0
41.94	1.0
42.4	2.0
42.86	3.0
43.32	4.0
43.77	1.0
44.23	2.0
44.69	3.0
45.15	4.0
45.6	1.0
46.06	2.0
46.52	3.0
46.98	4.0
47.43	1.0
47.88	2.0
48.34	3.0
48.8	4.0
49.25	1.0
49.71	2.0
50.16	3.0
50.62	4.0
51.08	1.0
51.53	2.0
51.99	3.0
52.45	4.0
52.91	1.0
53.37	2.0
53.82	3.0
54.28	4.0
54.74	1.0
55.19	2.0
55.65	3.0
56.11	4.0
56.57	1.0
57.03	2.0
57.49	3.0
57.95	4.0
58.41	1.0
58.87	2.0
59.33	3.0
59.79	4.0
60.26	1.0
60.71	2.0
61.17	3.0
61.63	4.0
62.09	1.0
62.56	2.0
63.02	3.0
63.47	4.0
63.93	1.0
64.39	2.0
64.85	3.0
65.31	4.0
65.77	1.0
66.22	2.0
66.68	3.0
67.14	4.0
67.6	1.0
68.07	2.0
68.52	3.0
68.98	4.0
69.44	1.0
69.91	2.0
70.36	3.0
70.82	4.0
71.28	1.0
71.74	2.0
72.21	3.0
72.67	4.0
73.13	1.0
73.58	2.0
74.05	3.0
74.51	4.0
74.97	1.0
75.42	2.0
75.89	3.0
76.34	4.0
76.8	1.0
77.28	2.0
77.73	3.0
78.19	4.0
78.64	1.0
79.12	2.0
79.58	3.0
80.04	4.0
80.5	1.0
80.97	2.0
81.43	3.0
81.89	4.0
82.35	1.0
82.81	2.0
83.28	3.0
83.75	4.0
84.2	1.0
84.67	2.0
85.14	3.0
85.59	4.0
86.05	1.0
86.51	2.0
86.98	3.0
87.44	4.0
87.9	1.0
88.36	2.0
88.82	3.0
89.28	4.0
89.73	1.0
90.19	2.0
90.65	3.0
91.11	4.0
91.57	1.0
92.03	2.0
92.49	3.0
92.95	4.0
93.4	1.0
93.86	2.0
94.32	3.0
94.78	4.0
95.24	1.0
95.69	2.0
96.15	3.0
96.62	4.0
97.08	1.0
97.53	2.0
97.99	3.0
98.45	4.0
98.91	1.0
99.37	2.0
99.82	3.0
100.29	4.0
100.75	1.0
101.2	2.0
101.67	3.0
102.13	4.0
102.58	1.0
103.04	2.0
103.5	3.0
103.95	4.0
104.41	1.0
104.88	2.0
105.34	3.0
105.8	4.0
106.27	1.0
106.74	2.0
107.2	3.0
107.66	4.0
108.11	1.0
108.57	2.0
109.03	3.0
109.5	4.0
109.96	1.0
110.42	2.0
110.88	3.0
111.34	4.0
111.81	1.0
112.27	2.0
112.72	3.0
113.18	4.0
113.63	1.0
114.1	2.0
114.56	3.0
115.02	4.0
115.47	1.0
115.94	2.0
116.4	3.0
116.86	4.0
117.33	1.0
117.79	2.0
118.26	3.0
118.71	4.0
119.17	1.0
119.64	2.0
120.09	3.0
120.55	4.0
121.01	1.0
121.47	2.0
121.94	3.0
122.38	4.0
122.85	1.0
123.32	2.0
123.77	3.0
124.21	4.0
124.67	1.0
125.13	2.0
125.58	3.0
126.01	4.0
126.48	1.0
126.93	2.0
127.38	3.0
127.82	4.0
128.27	1.0
128.74	2.0
129.2	3.0
129.65	4.0
130.1	1.0
130.57	2.0
131.01	3.0
131.46	4.0
131.92	1.0
132.37	2.0
132.82	3.0
133.26	4.0
133.71	1.0
134.18	2.0
134.62	3.0
135.07	4.0
135.53	1.0
135.98	2.0
136.44	3.0
136.89	4.0
137.35	1.0
137.82	2.0
138.28	3.0
138.74	4.0
139.21	1.0
139.67	2.0
140.13	3.0
140.59	4.0
141.05	1.0
141.52	2.0
141.97	3.0
142.43	4.0
142.88	1.0
143.35	2.0
143.81	3.0
144.26	4.0
144.72	1.0
145.18	2.0
145.65	3.0
146.11	4.0
146.56	1.0
147.03	2.0
147.5	3.0
147.95	4.0
148.41	1.0
148.88	2.0
149.34	3.0
149.8	4.0
150.27	1.0
150.74	2.0
151.2	3.0
151.66	4.0
152.1	1.0
152.58	2.0
153.04	3.0
153.5	4.0
153.96	1.0
154.41	2.0
154.88	3.0
155.33	4.0
155.8	1.0
156.27	2.0
156.73	3.0
157.19	4.0
157.65	1.0
158.11	2.0
158.57	3.0
159.03	4.0
159.49	1.0
159.96	2.0
160.43	3.0
160.89	4.0
161.35	1.0
161.81	2.0
162.27	3.0
162.73	4.0
163.19	1.0
163.65	2.0
164.11	3.0
164.58	4.0
165.05	1.0
165.5	2.0
165.96	3.0
166.42	4.0
166.88	1.0
167.34	2.0
167.8	3.0
168.26	4.0
168.72	1.0
169.18	2.0
169.64	3.0
170.11	4.0
170.57	1.0
171.03	2.0
171.5	3.0
171.96	4.0
172.42	1.0
172.89	2.0
173.35	3.0
173.81	4.0
174.27	1.0
174.73	2.0
175.19	3.0
175.66	4.0
176.11	1.0
176.57	2.0
177.03	3.0
177.49	4.0
177.95	1.0
178.41	2.0
178.87	3.0
179.32	4.0
179.78	1.0
180.25	2.0
180.71	3.0
181.16	4.0
181.62	1.0
182.09	2.0
182.54	3.0
183.01	4.0
183.48	1.0
183.95	2.0
184.41	3.0
184.86	4.0
185.33	1.0
185.79	2.0
186.26	3.0
186.72	4.0
187.19	1.0
187.66	2.0
188.12	3.0
188.58	4.0
189.04	1.0
189.5	2.0
189.96	3.0
190.44	4.0
190.9	1.0
191.36	2.0
191.82	3.0
192.3	4.0
192.77	1.0
193.24	2.0
193.69	3.0
194.17	4.0
194.63	1.0
195.1	2.0
195.56	3.0
196.02	4.0
196.48	1.0
196.95	2.0
197.42	3.0
197.88	4.0
198.34	1.0
198.8	2.0
199.27	3.0
199.73	4.0
200.2	1.0
200.66	2.0
201.13	3.0
201.59	4.0
202.05	1.0
202.53	2.0
202.99	3.0
203.45	4.0
203.91	1.0
204.37	2.0
204.84	3.0
205.3	4.0
205.77	1.0
206.24	2.0
206.7	3.0
207.16	4.0
207.62	1.0
208.08	2.0
208.54	3.0
209.0	4.0
209.46	1.0
209.93	2.0
210.4	3.0
210.85	4.0
211.31	1.0