0.0	1.0
0.66	2.0
1.33	3.0
1.97	4.0
2.66	1.0
3.33	2.0
4.0	3.0
4.67	4.0
5.34	1.0
6.0	2.0
6.67	3.0
7.34	4.0
8.03	1.0
8.7	2.0
9.37	3.0
10.05	4.0
10.73	1.0
11.4	2.0
12.06	3.0
12.73	4.0
13.42	1.0
14.1	2.0
14.77	3.0
15.44	4.0
16.12	1.0
16.79	2.0
17.45	3.0
18.13	4.0
18.81	1.0
19.48	2.0
20.15	3.0
20.83	4.0
21.51	1.0
22.18	2.0
22.85	3.0
23.52	4.0
24.2	1.0
24.88	2.0
25.55	3.0
26.22	4.0
26.9	1.0
27.58	2.0
28.23	3.0
28.92	4.0
29.59	1.0
30.28	2.0
30.93	3.0
31.62	4.0
32.29	1.0
32.97	2.0
33.63	3.0
34.32	4.0
34.98	1.0
35.67	2.0
36.33	3.0
37.01	4.0
37.68	1.0
38.36	2.0
39.01	3.0
39.71	4.0
40.37	1.0
41.06	2.0
41.72	3.0
42.4	4.0
43.07	1.0
43.75	2.0
44.41	3.0
45.1	4.0
45.77	1.0
46.45	2.0
47.11	3.0
47.79	4.0
48.46	1.0
49.14	2.0
49.81	3.0
50.48	4.0
51.16	1.0
51.83	2.0
52.5	3.0
53.18	4.0
53.85	1.0
54.53	2.0
55.2	3.0
55.88	4.0
56.55	1.0
57.22	2.0
57.9	3.0
58.57	4.0
59.25	1.0
59.93	2.0
60.58	3.0
61.27	4.0
61.94	1.0
62.62	2.0
63.28	3.0
63.97	4.0
64.63	1.0
65.32	2.0
65.98	3.0
66.66	4.0
67.33	1.0
68.01	2.0
68.68	3.0
69.36	4.0
70.03	1.0
70.71	2.0
71.36	3.0
72.05	4.0
72.73	1.0
73.4	2.0
74.07	3.0
74.75	4.0
75.42	1.0
76.1	2.0
76.76	3.0
77.44	4.0
78.12	1.0
78.8	2.0
79.46	3.0
80.14	4.0
80.81	1.0
81.49	2.0
82.14	3.0
82.84	4.0
83.51	1.0
84.19	2.0
84.85	3.0
85.53	4.0
86.2	1.0
86.88	2.0
87.54	3.0
88.23	4.0
88.9	1.0
89.58	2.0
90.25	3.0
90.92	4.0
91.59	1.0
92.27	2.0
92.94	3.0
93.62	4.0
94.28	1.0
94.97	2.0
95.64	3.0
96.31	4.0
96.98	1.0
97.66	2.0
98.33	3.0
99.01	4.0
99.68	1.0
100.36	2.0
101.03	3.0
101.7	4.0
102.37	1.0
103.06	2.0
103.71	3.0
104.4	4.0
105.07	1.0
105.75	2.0
106.41	3.0
107.09	4.0
107.76	1.0
108.45	2.0
109.1	3.0
109.79	4.0
110.46	1.0
111.14	2.0
111.8	3.0
112.49	4.0
113.16	1.0
113.84	2.0
114.5	3.0
115.18	4.0
115.86	1.0
116.53	2.0
117.2	3.0
117.88	4.0
118.55	1.0
119.22	2.0
119.89	3.0
120.57	4.0
121.25	1.0
121.92	2.0
122.59	3.0
123.27	4.0
123.94	1.0
124.62	2.0
125.27	3.0
125.96	4.0
126.63	1.0
127.31	2.0
127.97	3.0
128.66	4.0
129.32	1.0
130.01	2.0
130.67	3.0
131.35	4.0
132.02	1.0
132.71	2.0
133.37	3.0
134.05	4.0
134.72	1.0
135.39	2.0
136.06	3.0
136.74	4.0
137.41	1.0
138.09	2.0
138.76	3.0
139.44	4.0
140.11	1.0
140.79	2.0
141.46	3.0
142.13	4.0
142.81	1.0
143.48	2.0
144.15	3.0
144.83	4.0
145.5	1.0
146.18	2.0
146.84	3.0
147.52	4.0
148.19	1.0
148.87	2.0
149.54	3.0
150.22	4.0
150.89	1.0
151.57	2.0
152.24	3.0
152.91	4.0
153.59	1.0
154.26	2.0
154.93	3.0
155.61	4.0
156.28	1.0
156.96	2.0
157.63	3.0
158.31	4.0
158.97	1.0
159.66	2.0
160.33	3.0
161.0	4.0
161.67	1.0
162.35	2.0
163.02	3.0
163.7	4.0
164.37	1.0
165.05	2.0
165.73	3.0
166.39	4.0
167.06	1.0
167.74	2.0
168.42	3.0
169.09	4.0
169.76	1.0
170.44	2.0
171.09	3.0
171.78	4.0
172.45	1.0
173.13	2.0
173.8	3.0
174.48	4.0
175.15	1.0
175.83	2.0
176.5	3.0
177.18	4.0
177.84	1.0
178.53	2.0
179.2	3.0
179.87	4.0
180.54	1.0
181.22	2.0
181.87	3.0
182.57	4.0
183.23	1.0
183.92	2.0
184.6	3.0
185.26	4.0
185.93	1.0
186.61	2.0
187.29	3.0
187.96	4.0
188.63	1.0
189.31	2.0
189.96	3.0
190.65	4.0
191.32	1.0
192.0	2.0
192.66	3.0
193.35	4.0
194.01	1.0
194.7	2.0
195.36	3.0
196.04	4.0
196.71	1.0
197.4	2.0
198.06	3.0
198.74	4.0
199.42	1.0
200.09	2.0
200.75	3.0
201.43	4.0
202.11	1.0
202.78	2.0
203.45	3.0
204.13	4.0
204.81	1.0
205.48	2.0
206.15	3.0
206.82	4.0
207.5	1.0
208.17	2.0
208.85	3.0
209.52	4.0
210.19	1.0
210.87	2.0
211.53	3.0
212.21	4.0
212.88	1.0
213.56	2.0
214.23	3.0
214.91	4.0
215.58	1.0
216.26	2.0
216.93	3.0
217.6	4.0
218.28	1.0
218.95	2.0
219.62	3.0
220.3	4.0
220.97	1.0
221.65	2.0
222.31	3.0
222.99	4.0
223.67	1.0
224.34	2.0
225.01	3.0
225.69	4.0
226.36	1.0
227.04	2.0
227.71	3.0
228.38	4.0
229.06	1.0
229.73	2.0
230.41	3.0
231.08	4.0
231.75	1.0
232.43	2.0
233.1	3.0
233.77	4.0
234.45	1.0
235.12	2.0
235.79	3.0
236.47	4.0
237.14	1.0
237.82	2.0
238.49	3.0
239.17	4.0
239.84	1.0
240.51	2.0
241.19	3.0
241.86	4.0
242.53	1.0
243.21	2.0
243.88	3.0
244.56	4.0
245.23	1.0
245.9	2.0
246.58	3.0
247.25	4.0
247.92	1.0
248.6	2.0
249.27	3.0
249.95	4.0
250.62	1.0
251.29	2.0
251.97	3.0
252.65	4.0