0.01	1.0
1.0	2.0
2.0	3.0
3.0	4.0
4.07	1.0
5.04	2.0
6.11	3.0
7.11	4.0
8.09	1.0
9.11	2.0
10.17	3.0
11.1	4.0
12.06	1.0
13.01	2.0
14.0	3.0
14.95	4.0
15.92	1.0
16.9	2.0
17.84	3.0
18.77	4.0
19.73	1.0
20.7	2.0
21.69	3.0
22.61	4.0
23.54	1.0
24.46	2.0
25.33	3.0
26.3	4.0
27.2	1.0
28.13	2.0
29.0	3.0
29.93	4.0
30.79	1.0
31.74	2.0
32.56	3.0
33.37	4.0
34.25	1.0
35.02	2.0
35.81	3.0
36.61	4.0
37.37	1.0
38.17	2.0
38.96	3.0
39.7	4.0
40.44	1.0
41.24	2.0
42.0	3.0
42.75	4.0
43.48	1.0
44.27	2.0
45.01	3.0
45.8	4.0
46.52	1.0
47.32	2.0
48.04	3.0
48.81	4.0
49.56	1.0
50.35	2.0
51.13	3.0
51.93	4.0
52.73	1.0
53.53	2.0
54.26	3.0
55.01	4.0
55.72	1.0
56.46	2.0
57.21	3.0
57.95	4.0
58.75	1.0
59.55	2.0
60.32	3.0
61.09	4.0
61.85	1.0
62.63	2.0
63.49	3.0
64.27	4.0
65.1	1.0
65.9	2.0
66.7	3.0
67.49	4.0
68.26	1.0
69.05	2.0
69.86	3.0
70.69	4.0
71.55	1.0
72.4	2.0
73.18	3.0
73.96	4.0
74.74	1.0
75.5	2.0
76.26	3.0
77.05	4.0
77.8	1.0
78.56	2.0
79.33	3.0
80.07	4.0
80.86	1.0
81.63	2.0
82.39	3.0
83.17	4.0
83.95	1.0
84.71	2.0
85.47	3.0
86.23	4.0
86.99	1.0
87.75	2.0
88.51	3.0
89.28	4.0
90.03	1.0
90.81	2.0
91.56	3.0
92.33	4.0
93.1	1.0
93.85	2.0
94.63	3.0
95.41	4.0
96.16	1.0
96.93	2.0
97.69	3.0
98.45	4.0
99.22	1.0
99.99	2.0
100.74	3.0
101.52	4.0
102.27	1.0
103.04	2.0
103.81	3.0
104.57	4.0
105.33	1.0
106.08	2.0
106.82	3.0
107.58	4.0
108.38	1.0
109.11	2.0
109.86	3.0
110.64	4.0
111.35	1.0
112.12	2.0
112.87	3.0
113.63	4.0
114.41	1.0
115.15	2.0
115.91	3.0
116.69	4.0
117.45	1.0
118.2	2.0
118.98	3.0
119.74	4.0
120.53	1.0
121.33	2.0
122.11	3.0
122.92	4.0
123.73	1.0
124.53	2.0
125.33	3.0
126.14	4.0
126.97	1.0
127.77	2.0
128.59	3.0
129.39	4.0
130.18	1.0
130.96	2.0
131.76	3.0
132.56	4.0
133.37	1.0
134.17	2.0
134.98	3.0
135.76	4.0
136.57	1.0
137.34	2.0
138.16	3.0
138.95	4.0
139.73	1.0
140.52	2.0
141.32	3.0
142.11	4.0
142.9	1.0
143.68	2.0
144.5	3.0
145.29	4.0
146.08	1.0
146.84	2.0
147.65	3.0
148.43	4.0
149.19	1.0
150.01	2.0
150.82	3.0
151.63	4.0
152.41	1.0
153.27	2.0
154.06	3.0
154.87	4.0
155.72	1.0
156.57	2.0
157.4	3.0
158.2	4.0
158.97	1.0
159.76	2.0
160.57	3.0
161.32	4.0
162.13	1.0
162.93	2.0
163.71	3.0
164.48	4.0
165.31	1.0
166.06	2.0
166.85	3.0
167.64	4.0
168.46	1.0
169.25	2.0
170.05	3.0
170.8	4.0
171.62	1.0
172.39	2.0
173.18	3.0
173.98	4.0
174.78	1.0
175.54	2.0
176.29	3.0
177.04	4.0
177.79	1.0
178.58	2.0
179.4	3.0
180.17	4.0
180.99	1.0
181.76	2.0
182.58	3.0
183.38	4.0
184.17	1.0
184.98	2.0
185.74	3.0
186.52	4.0
187.33	1.0
188.12	2.0
188.89	3.0
189.71	4.0
190.51	1.0
191.35	2.0
192.15	3.0
193.03	4.0
193.85	1.0
194.62	2.0
195.44	3.0
196.21	4.0
196.96	1.0
197.74	2.0
198.52	3.0
199.3	4.0
200.12	1.0
200.88	2.0