2.2	1.0
2.76	2.0
3.29	3.0
3.85	4.0
4.38	1.0
4.93	2.0
5.47	3.0
6.0	4.0
6.55	1.0
7.09	2.0
7.64	3.0
8.17	4.0
8.72	1.0
9.26	2.0
9.8	3.0
10.34	4.0
10.89	1.0
11.43	2.0
11.96	3.0
12.51	4.0
13.05	1.0
13.6	2.0
14.13	3.0
14.68	4.0
15.23	1.0
15.76	2.0
16.3	3.0
16.85	4.0
17.39	1.0
17.94	2.0
18.47	3.0
19.02	4.0
19.56	1.0
20.11	2.0
20.65	3.0
21.19	4.0
21.73	1.0
22.27	2.0
22.81	3.0
23.36	4.0
23.9	1.0
24.44	2.0
24.97	3.0
25.53	4.0
26.07	1.0
26.61	2.0
27.15	3.0
27.7	4.0
28.24	1.0
28.78	2.0
29.32	3.0
29.87	4.0
30.41	1.0
30.96	2.0
31.49	3.0
32.04	4.0
32.59	1.0
33.12	2.0
33.67	3.0
34.21	4.0
34.75	1.0
35.3	2.0
35.83	3.0
36.38	4.0
36.92	1.0
37.47	2.0
38.0	3.0
38.55	4.0
39.1	1.0
39.63	2.0
40.18	3.0
40.71	4.0
41.26	1.0
41.8	2.0
42.34	3.0
42.89	4.0
43.43	1.0
43.97	2.0
44.51	3.0
45.06	4.0
45.6	1.0
46.15	2.0
46.68	3.0
47.23	4.0
47.77	1.0
48.32	2.0
48.85	3.0
49.4	4.0
49.94	1.0
50.49	2.0
51.02	3.0
51.57	4.0
52.11	1.0
52.66	2.0
53.2	3.0
53.74	4.0
54.28	1.0
54.83	2.0
55.35	3.0
55.91	4.0
56.46	1.0
56.99	2.0
57.54	3.0
58.08	4.0
58.62	1.0
59.17	2.0
59.7	3.0
60.25	4.0
60.79	1.0
61.34	2.0
61.87	3.0
62.42	4.0
62.96	1.0
63.51	2.0
64.05	3.0
64.59	4.0
65.13	1.0
65.68	2.0
66.22	3.0
66.76	4.0
67.29	1.0
67.85	2.0
68.39	3.0
68.93	4.0
69.47	1.0
70.02	2.0
70.56	3.0
71.1	4.0
71.64	1.0
72.18	2.0
72.72	3.0
73.27	4.0
73.81	1.0
74.35	2.0
74.89	3.0
75.44	4.0
75.97	1.0
76.52	2.0
77.06	3.0
77.61	4.0
78.15	1.0
78.7	2.0
79.23	3.0
79.78	4.0
80.32	1.0
80.86	2.0
81.39	3.0
81.95	4.0
82.48	1.0
83.03	2.0
83.57	3.0
84.12	4.0
84.66	1.0
85.2	2.0
85.75	3.0
86.29	4.0
86.83	1.0
87.37	2.0
87.91	3.0
88.45	4.0
89.0	1.0
89.54	2.0
90.08	3.0
90.63	4.0
91.17	1.0
91.71	2.0
92.25	3.0
92.79	4.0
93.34	1.0
93.88	2.0
94.42	3.0
94.96	4.0
95.5	1.0
96.05	2.0
96.59	3.0
97.13	4.0
97.67	1.0
98.22	2.0
98.74	3.0
99.3	4.0
99.85	1.0
100.39	2.0
100.93	3.0
101.47	4.0
102.01	1.0
102.56	2.0
103.1	3.0
103.64	4.0
104.19	1.0
104.73	2.0
105.27	3.0
105.81	4.0
106.35	1.0
106.9	2.0
107.44	3.0
107.98	4.0
108.53	1.0
109.07	2.0
109.6	3.0
110.15	4.0
110.7	1.0
111.24	2.0
111.77	3.0
112.32	4.0
112.86	1.0
113.41	2.0
113.95	3.0
114.49	4.0
115.03	1.0
115.57	2.0
116.1	3.0
116.66	4.0
117.2	1.0
117.74	2.0
118.29	3.0
118.83	4.0
119.38	1.0
119.92	2.0
120.47	3.0
121.01	4.0
121.55	1.0
122.09	2.0
122.63	3.0
123.17	4.0
123.72	1.0
124.26	2.0
124.79	3.0
125.35	4.0
125.89	1.0
126.43	2.0
126.98	3.0
127.52	4.0
128.06	1.0
128.6	2.0
129.13	3.0
129.69	4.0
130.23	1.0
130.77	2.0
131.31	3.0
131.85	4.0
132.4	1.0
132.94	2.0
133.47	3.0
134.02	4.0
134.57	1.0
135.11	2.0
135.65	3.0
136.2	4.0
136.74	1.0
137.29	2.0
137.82	3.0
138.37	4.0
138.91	1.0
139.45	2.0
140.0	3.0
140.54	4.0
141.08	1.0
141.62	2.0
142.16	3.0
142.71	4.0
143.25	1.0
143.79	2.0
144.34	3.0
144.88	4.0
145.42	1.0
145.96	2.0
146.5	3.0
147.05	4.0
147.59	1.0
148.14	2.0
148.68	3.0
149.22	4.0
149.77	1.0
150.31	2.0
150.83	3.0
151.39	4.0
151.94	1.0
152.47	2.0
153.02	3.0
153.56	4.0
154.1	1.0
154.64	2.0
155.18	3.0
155.73	4.0
156.27	1.0
156.82	2.0
157.36	3.0
157.91	4.0
158.44	1.0
158.99	2.0
159.52	3.0
160.08	4.0
160.61	1.0
161.16	2.0
161.7	3.0
162.25	4.0
162.79	1.0
163.33	2.0
163.86	3.0
164.41	4.0
164.96	1.0
165.5	2.0
166.04	3.0
166.59	4.0
167.13	1.0
167.67	2.0
168.21	3.0
168.76	4.0
169.29	1.0
169.84	2.0
170.38	3.0
170.93	4.0
171.47	1.0
172.01	2.0
172.56	3.0
173.1	4.0
173.64	1.0
174.19	2.0
174.73	3.0
175.27	4.0
175.81	1.0
176.36	2.0
176.91	3.0
177.45	4.0
177.98	1.0
178.53	2.0
179.07	3.0
179.61	4.0
180.15	1.0
180.7	2.0
181.23	3.0
181.79	4.0
182.33	1.0
182.87	2.0
183.4	3.0
183.95	4.0
184.49	1.0
185.04	2.0
185.57	3.0
186.12	4.0
186.67	1.0
187.2	2.0
187.74	3.0
188.3	4.0
188.84	1.0
189.38	2.0
189.92	3.0
190.47	4.0
191.01	1.0
191.55	2.0
192.1	3.0
192.64	4.0
193.18	1.0
193.72	2.0
194.26	3.0
194.8	4.0
195.35	1.0
195.89	2.0
196.44	3.0
196.98	4.0
197.52	1.0
198.06	2.0
198.6	3.0
199.15	4.0
199.69	1.0
200.24	2.0
200.78	3.0
201.32	4.0
201.86	1.0
202.41	2.0
202.95	3.0
203.49	4.0
204.03	1.0
204.57	2.0
205.12	3.0
205.67	4.0
206.21	1.0
206.75	2.0
207.3	3.0
207.84	4.0
208.37	1.0
208.92	2.0
209.46	3.0
210.01	4.0
210.55	1.0
211.09	2.0
211.62	3.0
212.18	4.0
212.72	1.0
213.26	2.0
213.81	3.0
214.35	4.0
214.9	1.0
215.44	2.0
215.98	3.0
216.53	4.0
217.07	1.0
217.61	2.0
218.15	3.0
218.69	4.0
219.24	1.0
219.78	2.0
220.29	3.0
220.87	4.0
221.41	1.0
221.94	2.0
222.49	3.0
223.04	4.0
223.58	1.0
224.12	2.0
224.66	3.0
225.21	4.0
225.75	1.0
226.3	2.0
226.84	3.0
227.38	4.0
227.93	1.0
228.47	2.0
229.02	3.0
229.55	4.0
230.09	1.0
230.64	2.0
231.17	3.0
231.72	4.0
232.27	1.0
232.81	2.0
233.36	3.0
233.9	4.0
234.45	1.0
234.98	2.0
235.53	3.0
236.07	4.0
236.62	1.0
237.15	2.0
237.69	3.0
238.24	4.0
238.78	1.0
239.32	2.0
239.86	3.0
240.38	4.0
240.95	1.0