0.02	2.0
0.52	3.0
0.98	4.0
1.48	1.0
1.95	2.0
2.43	3.0
2.91	4.0
3.39	1.0
3.87	2.0
4.32	3.0
4.79	4.0
5.28	1.0
5.74	2.0
6.2	3.0
6.69	4.0
7.14	1.0
7.62	2.0
8.08	3.0
8.53	4.0
9.0	1.0
9.47	2.0
9.95	3.0
10.41	4.0
10.87	1.0
11.34	2.0
11.82	3.0
12.27	4.0
12.74	1.0
13.2	2.0
13.68	3.0
14.14	4.0
14.6	1.0
15.07	2.0
15.55	3.0
16.0	4.0
16.47	1.0
16.94	2.0
17.42	3.0
17.87	4.0
18.34	1.0
18.8	2.0
19.29	3.0
19.75	4.0
20.22	1.0
20.69	2.0
21.17	3.0
21.62	4.0
22.07	1.0
22.55	2.0
23.03	3.0
23.49	4.0
23.95	1.0
24.41	2.0
24.89	3.0
25.34	4.0
25.81	1.0
26.3	2.0
26.76	3.0
27.22	4.0
27.69	1.0
28.15	2.0
28.62	3.0
29.07	4.0
29.54	1.0
30.0	2.0
30.46	3.0
30.93	4.0
31.39	1.0
31.86	2.0
32.34	3.0
32.81	4.0
33.28	1.0
33.75	2.0
34.23	3.0
34.67	4.0
35.14	1.0
35.61	2.0
36.09	3.0
36.54	4.0
37.01	1.0
37.48	2.0
37.93	3.0
38.41	4.0
38.87	1.0
39.35	2.0
39.83	3.0
40.28	4.0
40.75	1.0
41.22	2.0
41.7	3.0
42.15	4.0
42.6	1.0
43.07	2.0
43.54	3.0
44.0	4.0
44.47	1.0
44.95	2.0
45.42	3.0
45.88	4.0
46.35	1.0
46.84	2.0
47.31	3.0
47.74	4.0
48.2	1.0
48.66	2.0
49.13	3.0
49.59	4.0
50.05	1.0
50.54	2.0
50.99	3.0
51.44	4.0
51.9	1.0
52.36	2.0
52.84	3.0
53.3	4.0
53.76	1.0
54.26	2.0
54.73	3.0
55.2	4.0
55.65	1.0
56.13	2.0
56.6	3.0
57.07	4.0
57.53	1.0
57.99	2.0
58.48	3.0
58.94	4.0
59.4	1.0
59.89	2.0
60.36	3.0
60.82	4.0
61.29	1.0
61.76	2.0
62.23	3.0
62.68	4.0
63.15	1.0
63.62	2.0
64.1	3.0
64.54	4.0
65.0	1.0
65.46	2.0
65.94	3.0
66.39	4.0
66.87	1.0
67.33	2.0
67.82	3.0
68.28	4.0
68.76	1.0
69.22	2.0
69.7	3.0
70.15	4.0
70.62	1.0
71.08	2.0
71.57	3.0
72.01	4.0
72.48	1.0
72.95	2.0
73.41	3.0
73.87	4.0
74.34	1.0
74.82	2.0
75.3	3.0
75.77	4.0
76.22	1.0
76.69	2.0
77.17	3.0
77.62	4.0
78.09	1.0
78.55	2.0
79.03	3.0
79.48	4.0
79.94	1.0
80.41	2.0
80.88	3.0
81.34	4.0
81.82	1.0
82.31	2.0
82.78	3.0
83.23	4.0
83.69	1.0
84.16	2.0
84.63	3.0
85.09	4.0
85.55	1.0
86.04	2.0
86.51	3.0
86.96	4.0
87.41	1.0
87.89	2.0
88.36	3.0
88.82	4.0
89.29	1.0
89.76	2.0
90.23	3.0
90.68	4.0
91.15	1.0
91.63	2.0
92.1	3.0
92.56	4.0
93.04	1.0
93.5	2.0
93.95	3.0
94.43	4.0
94.89	1.0
95.37	2.0
95.85	3.0
96.3	4.0
96.75	1.0
97.22	2.0
97.69	3.0
98.13	4.0
98.6	1.0
99.07	2.0
99.55	3.0
100.0	4.0
100.47	1.0
100.95	2.0
101.42	3.0
101.87	4.0
102.33	1.0
102.8	2.0
103.26	3.0
103.72	4.0
104.18	1.0
104.64	2.0
105.11	3.0
105.58	4.0
106.04	1.0
106.53	2.0
107.02	3.0
107.48	4.0
107.95	1.0
108.43	2.0
108.91	3.0
109.37	4.0
109.84	1.0
110.31	2.0
110.79	3.0
111.24	4.0
111.7	1.0
112.17	2.0
112.65	3.0
113.11	4.0
113.57	1.0
114.05	2.0
114.53	3.0
114.97	4.0
115.43	1.0
115.9	2.0
116.37	3.0
116.81	4.0
117.27	1.0
117.75	2.0
118.23	3.0
118.68	4.0
119.13	1.0
119.59	2.0
120.07	3.0
120.51	4.0
120.98	1.0
121.47	2.0
121.94	3.0
122.4	4.0
122.86	1.0
123.34	2.0
123.81	3.0
124.27	4.0
124.74	1.0
125.21	2.0
125.69	3.0
126.15	4.0
126.61	1.0
127.08	2.0
127.55	3.0
128.0	4.0
128.46	1.0
128.94	2.0
129.42	3.0
129.89	4.0
130.37	1.0
130.85	2.0
131.34	3.0
131.8	4.0
132.25	1.0
132.73	2.0
133.19	3.0
133.64	4.0
134.1	1.0
134.57	2.0
135.05	3.0
135.51	4.0
135.98	1.0
136.45	2.0
136.92	3.0
137.37	4.0
137.83	1.0
138.29	2.0
138.77	3.0
139.23	4.0
139.71	1.0
140.17	2.0
140.66	3.0
141.1	4.0
141.57	1.0
142.03	2.0
142.51	3.0
142.96	4.0
143.44	1.0
143.91	2.0
144.39	3.0
144.84	4.0
145.31	1.0
145.78	2.0
146.26	3.0
146.71	4.0
147.18	1.0
147.63	2.0
148.11	3.0
148.57	4.0
149.04	1.0
149.5	2.0
149.98	3.0
150.44	4.0
150.91	1.0
151.38	2.0
151.86	3.0
152.31	4.0
152.78	1.0
153.24	2.0
153.72	3.0
154.19	4.0
154.65	1.0
155.12	2.0
155.6	3.0
156.06	4.0
156.53	1.0
156.99	2.0
157.48	3.0
157.94	4.0
158.38	1.0
158.86	2.0
159.32	3.0
159.77	4.0
160.23	1.0
160.69	2.0
161.17	3.0
161.63	4.0
162.11	1.0
162.58	2.0
163.05	3.0
163.51	4.0
164.0	1.0
164.46	2.0
164.94	3.0
165.39	4.0
165.86	1.0
166.32	2.0
166.78	3.0
167.25	4.0
167.72	1.0
168.19	2.0
168.64	3.0
169.12	4.0
169.59	1.0
170.06	2.0
170.52	3.0
170.99	4.0
171.45	1.0
171.93	2.0
172.4	3.0
172.86	4.0
173.32	1.0
173.79	2.0
174.27	3.0
174.72	4.0
175.18	1.0
175.65	2.0
176.12	3.0
176.58	4.0
177.05	1.0
177.53	2.0
177.98	3.0
178.46	4.0
178.94	1.0
179.42	2.0
179.88	3.0
180.33	4.0
180.78	1.0
181.25	2.0
181.72	3.0
182.18	4.0
182.65	1.0
183.13	2.0
183.6	3.0
184.05	4.0
184.51	1.0
184.98	2.0
185.45	3.0
185.91	4.0
186.38	1.0
186.86	2.0
187.33	3.0
187.79	4.0
188.25	1.0
188.73	2.0
189.2	3.0
189.66	4.0
190.12	1.0
190.6	2.0
191.06	3.0
191.52	4.0
191.99	1.0
192.47	2.0
192.93	3.0
193.38	4.0
193.84	1.0
194.31	2.0
194.77	3.0
195.23	4.0
195.68	1.0
196.16	2.0
196.63	3.0
197.09	4.0
197.55	1.0
198.04	2.0
198.51	3.0
198.96	4.0
199.42	1.0
199.89	2.0
200.37	3.0
200.83	4.0
201.3	1.0
201.77	2.0
202.25	3.0
202.7	4.0
203.17	1.0
203.67	2.0
204.14	3.0
204.58	4.0
205.04	1.0
205.51	2.0
205.99	3.0
206.45	4.0
206.91	1.0
207.38	2.0
207.85	3.0
208.3	4.0
208.77	1.0
209.24	2.0
209.72	3.0
210.17	4.0
210.62	1.0
211.11	2.0
211.58	3.0
212.04	4.0
212.51	1.0
212.98	2.0
213.46	3.0
213.91	4.0
214.37	1.0
214.83	2.0
215.29	3.0
215.77	4.0
216.23	1.0
216.71	2.0
217.18	3.0
217.63	4.0
218.11	1.0
218.6	2.0
219.06	3.0
219.51	4.0
219.97	1.0
220.45	2.0
220.92	3.0
221.38	4.0
221.84	1.0
222.31	2.0
222.78	3.0
223.24	4.0
223.7	1.0
224.18	2.0
224.64	3.0
225.09	4.0
225.55	1.0
226.03	2.0
226.5	3.0
226.97	4.0
227.44	1.0
227.91	2.0
228.37	3.0
228.83	4.0
229.3	1.0
229.76	2.0
230.23	3.0
230.69	4.0
231.16	1.0
231.63	2.0
232.1	3.0
232.56	4.0
233.03	1.0
233.53	2.0
234.0	3.0
234.44	4.0
234.91	1.0
235.39	2.0
235.86	3.0
236.32	4.0
236.79	1.0
237.26	2.0
237.72	3.0
238.19	4.0
238.65	1.0
239.13	2.0
239.6	3.0
240.05	4.0
240.53	1.0
241.01	2.0
241.47	3.0
241.93	4.0
242.4	1.0
242.87	2.0
243.33	3.0
243.79	4.0
244.25	1.0
244.72	2.0
245.19	3.0
245.65	4.0
246.12	1.0
246.58	2.0
247.05	3.0
247.5	4.0
247.96	1.0
248.44	2.0
248.91	3.0
249.37	4.0
249.84	1.0
250.3	2.0
250.78	3.0
251.24	4.0
251.7	1.0
252.17	2.0
252.63	3.0
253.09	4.0
253.56	1.0
254.03	2.0
254.52	3.0
254.98	4.0
255.47	1.0
255.96	2.0
256.41	3.0
256.87	4.0
257.34	1.0
257.82	2.0
258.28	3.0
258.73	4.0
259.18	1.0
259.65	2.0
260.11	3.0
260.57	4.0
261.04	1.0
261.52	2.0
261.98	3.0
262.44	4.0
262.91	1.0
263.4	2.0
263.88	3.0
264.34	4.0
264.8	1.0
265.28	2.0
265.76	3.0
266.21	4.0
266.68	1.0
267.15	2.0
267.61	3.0
268.07	4.0
268.54	1.0
269.01	2.0
269.49	3.0
269.94	4.0
270.41	1.0
270.88	2.0
271.37	3.0
271.82	4.0
272.29	1.0
272.77	2.0
273.24	3.0
273.68	4.0
274.14	1.0
274.61	2.0
275.08	3.0
275.53	4.0
276.0	1.0
276.47	2.0
276.95	3.0
277.42	4.0
277.87	1.0
278.36	2.0
278.81	3.0
279.29	4.0
279.75	1.0
280.22	2.0
280.69	3.0
281.14	4.0
281.61	1.0
282.07	2.0
282.55	3.0
283.01	4.0
283.48	1.0
283.96	2.0
284.43	3.0
284.9	4.0
285.36	1.0
285.85	2.0
286.31	3.0
286.76	4.0
287.21	1.0
287.68	2.0
288.15	3.0
288.62	4.0
289.08	1.0
289.56	2.0
290.02	3.0
290.48	4.0
290.94	1.0
291.42	2.0
291.89	3.0
292.36	4.0
292.81	1.0
293.29	2.0
293.76	3.0
294.22	4.0
294.68	1.0
295.16	2.0
295.62	3.0
296.06	4.0
296.54	1.0
297.0	2.0
297.47	3.0
297.93	4.0
298.39	1.0
298.86	2.0
299.33	3.0
299.81	4.0
300.35	1.0
300.85	2.0
301.39	3.0
301.93	4.0
302.46	1.0
302.97	2.0
303.5	3.0
304.04	4.0
304.59	1.0
305.14	2.0
305.68	3.0
306.19	4.0
306.73	1.0
307.31	2.0
307.88	3.0
308.44	4.0
309.0	1.0
309.53	2.0
310.11	3.0
310.65	4.0
311.23	1.0
311.81	2.0
312.4	3.0
312.97	4.0
313.55	1.0
314.13	2.0
314.68	3.0
315.28	4.0
315.87	1.0
316.47	2.0
317.04	3.0
317.63	4.0
318.24	1.0
318.84	2.0
319.42	3.0
320.03	4.0
320.64	1.0
321.24	2.0
321.83	3.0
322.43	4.0
323.05	1.0
323.64	2.0
324.23	3.0
324.82	4.0
325.43	1.0
326.04	2.0
326.62	3.0
327.22	4.0
327.82	1.0
328.42	2.0
329.0	3.0
329.59	4.0
330.2	1.0
330.79	2.0
331.38	3.0
331.97	4.0
332.58	1.0
333.17	2.0
333.75	3.0
334.34	4.0
334.95	1.0
335.55	2.0
336.13	3.0
336.72	4.0
337.32	1.0
337.92	2.0
338.5	3.0
339.1	4.0
339.69	1.0
340.29	2.0
340.87	3.0
341.46	4.0
342.06	1.0
342.66	2.0
343.24	3.0
343.84	4.0
344.43	1.0
345.03	2.0
345.61	3.0
346.21	4.0
346.82	1.0
347.42	2.0
347.99	3.0
348.6	4.0
349.2	1.0
349.8	2.0
350.38	3.0
350.98	4.0
351.58	1.0
352.18	2.0
352.75	3.0
353.35	4.0
353.96	1.0
354.57	2.0
355.13	3.0
355.73	4.0
356.34	1.0
356.94	2.0
357.51	3.0
358.12	4.0
358.71	1.0
359.31	2.0
359.89	3.0
360.49	4.0
361.07	1.0
361.69	2.0
362.28	3.0
362.89	4.0
363.49	1.0
364.09	2.0
364.69	3.0
365.28	4.0
365.88	1.0
366.48	2.0
367.08	3.0
367.68	4.0
368.28	1.0
368.88	2.0
369.47	3.0
370.07	4.0
370.66	1.0
371.28	2.0
371.85	3.0
372.45	4.0
373.04	1.0
373.64	2.0
374.22	3.0
374.79	4.0
375.38	1.0
375.97	2.0
376.55	3.0
377.13	4.0
377.73	1.0
378.33	2.0
378.91	3.0
379.5	4.0
380.1	1.0
380.71	2.0
381.32	3.0
381.92	4.0
382.51	1.0
383.09	2.0
383.69	3.0
384.29	4.0
384.88	1.0
385.49	2.0
386.09	3.0
386.68	4.0
387.25	1.0
387.85	2.0
388.43	3.0
389.01	4.0
389.59	1.0
390.19	2.0
390.76	3.0
391.35	4.0
391.94	1.0
392.53	2.0
393.1	3.0
393.69	4.0
394.26	1.0
394.86	2.0
395.43	3.0
396.02	4.0
396.61	1.0
397.21	2.0
397.78	3.0
398.36	4.0
398.94	1.0
399.54	2.0
400.11	3.0
400.7	4.0
401.29	1.0
401.88	2.0
402.46	3.0
403.04	4.0
403.61	1.0
404.21	2.0
404.78	3.0
405.37	4.0
405.96	1.0
406.55	2.0
407.12	3.0
407.71	4.0
408.32	1.0
408.91	2.0
409.49	3.0
410.07	4.0
410.66	1.0
411.24	2.0
411.81	3.0
412.38	4.0
412.95	1.0
413.54	2.0
414.1	3.0
414.68	4.0
415.26	1.0
415.86	2.0
416.43	3.0
417.01	4.0
417.6	1.0
418.19	2.0
418.76	3.0
419.34	4.0
419.93	1.0
420.51	2.0
421.08	3.0
421.67	4.0
422.26	1.0
422.84	2.0
423.41	3.0
424.01	4.0
424.61	1.0
425.19	2.0
425.76	3.0
426.35	4.0
426.95	1.0
427.54	2.0
428.12	3.0
428.7	4.0
429.29	1.0
429.87	2.0
430.45	3.0
431.04	4.0
431.62	1.0
432.21	2.0
432.79	3.0
433.38	4.0
433.98	1.0
434.57	2.0
435.15	3.0
435.73	4.0
436.31	1.0
436.9	2.0
437.48	3.0
438.07	4.0
438.66	1.0
439.25	2.0
439.82	3.0
440.41	4.0
440.99	1.0
441.58	2.0
442.16	3.0
442.75	4.0
443.32	1.0
443.91	2.0
444.5	3.0
445.09	4.0
445.69	1.0
446.27	2.0
446.85	3.0
447.46	4.0
448.05	1.0
448.65	2.0
449.22	3.0
449.81	4.0
450.42	1.0
451.01	2.0
451.58	3.0
452.19	4.0
452.79	1.0
453.37	2.0
453.93	3.0
454.52	4.0
455.12	1.0
455.69	2.0
456.26	3.0
456.86	4.0
457.45	1.0
458.03	2.0
458.6	3.0
459.21	4.0
459.8	1.0
460.39	2.0
460.95	3.0
461.56	4.0
462.14	1.0
462.73	2.0
463.32	3.0
463.91	4.0
464.51	1.0
465.09	2.0
465.67	3.0
466.27	4.0
466.87	1.0
467.46	2.0
468.05	3.0
468.65	4.0
469.25	1.0
469.82	2.0
470.4	3.0
470.97	4.0
471.56	1.0
472.11	2.0
472.69	3.0
473.28	4.0
473.86	1.0
474.45	2.0
475.02	3.0
475.61	4.0
476.21	1.0
476.8	2.0
477.37	3.0
477.96	4.0
478.55	1.0
479.14	2.0
479.72	3.0
480.32	4.0
480.92	1.0
481.5	2.0
482.08	3.0
482.67	4.0
483.26	1.0
483.86	2.0
484.43	3.0
485.03	4.0
485.63	1.0
486.21	2.0
486.79	3.0
487.38	4.0
487.96	1.0
488.55	2.0
489.13	3.0
489.71	4.0
490.32	1.0
491.18	2.0
492.05	3.0
492.94	4.0
493.79	1.0
494.38	2.0
494.98	3.0
495.56	4.0
496.14	1.0
496.73	2.0
497.32	3.0
497.91	4.0
498.48	1.0
499.07	2.0
499.66	3.0
500.25	4.0
500.84	1.0
501.44	2.0
502.03	3.0
502.64	4.0
503.22	1.0
503.82	2.0
504.39	3.0
504.98	4.0
505.59	1.0
506.2	2.0
506.78	3.0
507.36	4.0
507.95	1.0
508.55	2.0
509.15	3.0
509.73	4.0
510.33	1.0
510.92	2.0
511.52	3.0
512.11	4.0
512.69	1.0
513.26	2.0
513.85	3.0
514.4	4.0
514.97	1.0
515.57	2.0
516.14	3.0
516.7	4.0
517.29	1.0
517.87	2.0
518.47	3.0
519.05	4.0
519.63	1.0
520.22	2.0
520.79	3.0
521.38	4.0
521.96	1.0
522.54	2.0
523.13	3.0
523.71	4.0
524.28	1.0
524.88	2.0
525.44	3.0
526.02	4.0
526.61	1.0
527.19	2.0
527.77	3.0
528.34	4.0
528.93	1.0
529.53	2.0
530.1	3.0
530.68	4.0
531.26	1.0
531.84	2.0
532.43	3.0
533.02	4.0
533.59	1.0
534.17	2.0
534.73	3.0
535.3	4.0
535.89	1.0
536.45	2.0
537.04	3.0
537.62	4.0
538.2	1.0
538.8	2.0
539.35	3.0
539.93	4.0
540.51	1.0
541.1	2.0
541.66	3.0
542.24	4.0
542.82	1.0
543.4	2.0
543.95	3.0
544.54	4.0
545.11	1.0
545.68	2.0
546.24	3.0
546.81	4.0
547.39	1.0
547.95	2.0
548.51	3.0
549.09	4.0
549.66	1.0
550.23	2.0
550.8	3.0
551.39	4.0
551.96	1.0
552.55	2.0
553.12	3.0
553.7	4.0
554.29	1.0
554.89	2.0
555.45	3.0
556.03	4.0
556.61	1.0
557.21	2.0
557.78	3.0
558.37	4.0
558.96	1.0
559.55	2.0
560.11	3.0
560.7	4.0
561.28	1.0
561.87	2.0
562.44	3.0
563.03	4.0
563.61	1.0
564.2	2.0
564.78	3.0
565.36	4.0
565.96	1.0
566.55	2.0
567.12	3.0
567.71	4.0
568.31	1.0
568.91	2.0
569.48	3.0
570.07	4.0
570.66	1.0
571.25	2.0
571.82	3.0
572.42	4.0
573.0	1.0
573.59	2.0
574.16	3.0
574.75	4.0
575.33	1.0
575.93	2.0
576.51	3.0
577.09	4.0
577.66	1.0
578.27	2.0
578.83	3.0
579.42	4.0
580.02	1.0
580.59	2.0
581.16	3.0
581.75	4.0
582.34	1.0
582.94	2.0
583.51	3.0
584.12	4.0
584.72	1.0
585.3	2.0
585.87	3.0
586.47	4.0
587.06	1.0
587.66	2.0
588.24	3.0
588.83	4.0
589.41	1.0
590.0	2.0
590.57	3.0
591.17	4.0
591.75	1.0
592.34	2.0
592.91	3.0
593.51	4.0
594.1	1.0
594.68	2.0
595.26	3.0
595.84	4.0
596.42	1.0
597.0	2.0
597.57	3.0
598.16	4.0
598.73	1.0
599.3	2.0
599.87	3.0
600.48	4.0
601.05	1.0
601.63	2.0
602.19	3.0
602.81	4.0
603.38	1.0
603.96	2.0
604.54	3.0
605.14	4.0
605.71	1.0
606.3	2.0
606.89	3.0
607.49	4.0
608.07	1.0
608.66	2.0
609.24	3.0
609.83	4.0
610.42	1.0
611.0	2.0
611.58	3.0
612.18	4.0
612.76	1.0
613.34	2.0
613.92	3.0
614.52	4.0
615.09	1.0
615.68	2.0
616.27	3.0
616.86	4.0
617.44	1.0
618.04	2.0
618.61	3.0
619.2	4.0
619.8	1.0
620.38	2.0
620.96	3.0
621.57	4.0
622.16	1.0
622.73	2.0
623.31	3.0
623.92	4.0
624.5	1.0
625.09	2.0
625.67	3.0
626.27	4.0
626.85	1.0
627.45	2.0
628.03	3.0
628.64	4.0
629.22	1.0
629.82	2.0
630.41	3.0
631.01	4.0
631.59	1.0
632.18	2.0
632.76	3.0
633.37	4.0
633.93	1.0
634.53	2.0
635.11	3.0
635.73	4.0
636.31	1.0
636.89	2.0
637.48	3.0
638.1	4.0
638.67	1.0
639.25	2.0
639.83	3.0
640.43	4.0
641.0	1.0
641.58	2.0
642.15	3.0
642.75	4.0
643.31	1.0
643.9	2.0
644.47	3.0
645.07	4.0
645.64	1.0
646.22	2.0
646.79	3.0
647.39	4.0
647.97	1.0
648.55	2.0
649.13	3.0
649.73	4.0
650.31	1.0
650.89	2.0
651.49	3.0
652.09	4.0
652.67	1.0
653.24	2.0
653.83	3.0
654.43	4.0
655.01	1.0
655.6	2.0
656.18	3.0
656.77	4.0
657.36	1.0
657.94	2.0
658.53	3.0
659.12	4.0
659.7	1.0
660.3	2.0