0.01	2.0
0.54	3.0
1.1	4.0
1.66	1.0
2.2	2.0
2.75	3.0
3.3	4.0
3.85	1.0
4.4	2.0
4.94	3.0
5.49	4.0
6.04	1.0
6.6	2.0
7.14	3.0
7.7	4.0
8.24	1.0
8.81	2.0
9.34	3.0
9.89	4.0
10.44	1.0
11.0	2.0
11.55	3.0
12.1	4.0
12.64	1.0
13.19	2.0
13.74	3.0
14.27	4.0
14.84	1.0
15.38	2.0
15.94	3.0
16.48	4.0
17.04	1.0
17.58	2.0
18.14	3.0
18.69	4.0
19.24	1.0
19.79	2.0
20.35	3.0
20.9	4.0
21.45	1.0
22.0	2.0
22.54	3.0
23.09	4.0
23.64	1.0
24.2	2.0
24.75	3.0
25.3	4.0
25.84	1.0
26.38	2.0
26.94	3.0
27.5	4.0
28.04	1.0
28.6	2.0
29.14	3.0
29.7	4.0
30.24	1.0
30.77	2.0
31.34	3.0
31.88	4.0
32.44	1.0
32.99	2.0
33.54	3.0
34.07	4.0
34.64	1.0
35.17	2.0
35.74	3.0
36.27	4.0
36.84	1.0
37.39	2.0
37.94	3.0
38.49	4.0
39.04	1.0
39.59	2.0
40.14	3.0
40.67	4.0
41.24	1.0
41.79	2.0
42.34	3.0
42.89	4.0
43.45	1.0
43.97	2.0
44.54	3.0
45.09	4.0
45.64	1.0
46.19	2.0
46.74	3.0
47.28	4.0
47.85	1.0
48.4	2.0
48.94	3.0
49.5	4.0
50.04	1.0
50.6	2.0
51.14	3.0
51.68	4.0
52.24	1.0
52.79	2.0
53.35	3.0
53.91	4.0
54.45	1.0
55.04	2.0
55.82	3.0
56.64	4.0
57.22	1.0
57.75	2.0
58.28	3.0
58.85	4.0
59.38	1.0
59.95	2.0
60.5	3.0
61.04	4.0
61.6	1.0
62.14	2.0
62.7	3.0
63.25	4.0
63.8	1.0
64.34	2.0
64.89	3.0
65.45	4.0
66.01	1.0
66.54	2.0
67.1	3.0
67.64	4.0
68.19	1.0
68.72	2.0
69.28	3.0
69.84	4.0
70.4	1.0
70.94	2.0
71.5	3.0
72.04	4.0
72.58	1.0
73.13	2.0
73.68	3.0
74.24	4.0
74.79	1.0
75.33	2.0
75.88	3.0
76.42	4.0
76.98	1.0
77.54	2.0
78.11	3.0
78.64	4.0
79.2	1.0
79.76	2.0
80.31	3.0
80.84	4.0
81.4	1.0
81.94	2.0
82.48	3.0
83.04	4.0
83.6	1.0
84.15	2.0
84.7	3.0
85.24	4.0
85.77	1.0
86.32	2.0
86.87	3.0
87.43	4.0
87.98	1.0
88.52	2.0
89.07	3.0
89.62	4.0
90.15	1.0
90.7	2.0
91.26	3.0
91.81	4.0
92.37	1.0
92.93	2.0
93.49	3.0
94.04	4.0
94.57	1.0
95.12	2.0
95.67	3.0
96.23	4.0
96.78	1.0
97.33	2.0
97.89	3.0
98.43	4.0
99.0	1.0
99.55	2.0
100.12	3.0
100.66	4.0
101.19	1.0
101.75	2.0
102.3	3.0
102.84	4.0
103.39	1.0
103.94	2.0
104.49	3.0
105.04	4.0
105.59	1.0
106.14	2.0
106.69	3.0
107.24	4.0
107.79	1.0
108.34	2.0
108.88	3.0
109.44	4.0
110.0	1.0
110.54	2.0
111.08	3.0
111.64	4.0
112.18	1.0
112.74	2.0
113.29	3.0
113.83	4.0
114.39	1.0
114.93	2.0
115.48	3.0
116.02	4.0
116.58	1.0
117.13	2.0
117.67	3.0
118.22	4.0
118.79	1.0
119.33	2.0
119.9	3.0
120.43	4.0
120.97	1.0
121.52	2.0
122.08	3.0
122.63	4.0
123.19	1.0
123.74	2.0
124.31	3.0
124.85	4.0
125.38	1.0
125.91	2.0
126.46	3.0
127.04	4.0
127.59	1.0
128.13	2.0
128.69	3.0
129.23	4.0
129.77	1.0
130.31	2.0
130.84	3.0
131.42	4.0
131.97	1.0
132.53	2.0
133.09	3.0
133.63	4.0
134.17	1.0
134.72	2.0
135.27	3.0
135.83	4.0
136.39	1.0
136.95	2.0
137.48	3.0
138.03	4.0
138.59	1.0
139.13	2.0
139.68	3.0
140.23	4.0
140.77	1.0
141.32	2.0
141.86	3.0
142.42	4.0
142.98	1.0
143.53	2.0
144.07	3.0
144.61	4.0
145.17	1.0
145.72	2.0
146.28	3.0
146.82	4.0
147.37	1.0
147.92	2.0
148.47	3.0
149.03	4.0
149.59	1.0
150.13	2.0
150.7	3.0
151.22	4.0
151.77	1.0
152.3	2.0
152.88	3.0
153.44	4.0
153.99	1.0
154.54	2.0
155.09	3.0
155.63	4.0
156.17	1.0
156.71	2.0
157.25	3.0
157.82	4.0
158.37	1.0
158.93	2.0
159.47	3.0
160.02	4.0
160.57	1.0
161.11	2.0
161.65	3.0
162.23	4.0
162.77	1.0
163.31	2.0
163.87	3.0
164.43	4.0
164.98	1.0
165.53	2.0
166.08	3.0
166.63	4.0
167.19	1.0
167.75	2.0
168.28	3.0
168.82	4.0
169.38	1.0
169.92	2.0
170.48	3.0
171.03	4.0
171.58	1.0
172.13	2.0
172.67	3.0
173.21	4.0
173.76	1.0
174.31	2.0
174.86	3.0
175.41	4.0
175.97	1.0
176.53	2.0
177.09	3.0
177.62	4.0
178.18	1.0
178.73	2.0
179.27	3.0
179.81	4.0
180.37	1.0
180.93	2.0
181.45	3.0
182.0	4.0
182.51	1.0
183.06	2.0
183.61	3.0
184.13	4.0
184.68	1.0
185.22	2.0
185.76	3.0
186.29	4.0
186.85	1.0
187.39	2.0
187.93	3.0
188.49	4.0
189.04	1.0
189.57	2.0
190.12	3.0
190.67	4.0
191.21	1.0
191.76	2.0
192.3	3.0
192.84	4.0
193.37	1.0
193.9	2.0
194.44	3.0
194.97	4.0
195.49	1.0
196.04	2.0
196.59	3.0
197.12	4.0
197.66	1.0
198.21	2.0
198.75	3.0
199.29	4.0
199.83	1.0
200.38	2.0
200.93	3.0
201.48	4.0
202.03	1.0
202.58	2.0
203.13	3.0
203.66	4.0
204.21	1.0
204.75	2.0
205.3	3.0
205.85	4.0
206.39	1.0
206.94	2.0
207.49	3.0
208.05	4.0
208.61	1.0
209.15	2.0
209.7	3.0
210.25	4.0
210.8	1.0
211.37	2.0
211.92	3.0
212.47	4.0
213.03	1.0
213.58	2.0
214.14	3.0
214.69	4.0
215.22	1.0
215.77	2.0
216.32	3.0
216.84	4.0
217.38	1.0
217.92	2.0
218.47	3.0
219.01	4.0
219.56	1.0
220.1	2.0
220.64	3.0
221.18	4.0
221.7	1.0
222.26	2.0
222.8	3.0
223.34	4.0
223.89	1.0
224.43	2.0
224.97	3.0
225.54	4.0
226.08	1.0
226.63	2.0
227.17	3.0
227.7	4.0
228.22	1.0
228.77	2.0
229.3	3.0
229.86	4.0
230.4	1.0
230.95	2.0
231.48	3.0
232.03	4.0
232.59	1.0
233.13	2.0
233.67	3.0
234.22	4.0
234.77	1.0
235.33	2.0
235.85	3.0
236.42	4.0
236.97	1.0
237.51	2.0
238.04	3.0
238.59	4.0
239.1	1.0
239.67	2.0
240.2	3.0
240.73	4.0
241.29	1.0
241.83	2.0
242.37	3.0
242.9	4.0
243.45	1.0
243.99	2.0
244.52	3.0
245.06	4.0
245.62	1.0
246.15	2.0
246.68	3.0
247.21	4.0
247.73	1.0
248.27	2.0
248.8	3.0
249.34	4.0
249.88	1.0
250.45	2.0
250.99	3.0
251.53	4.0
252.06	1.0
252.59	2.0
253.12	3.0
253.66	4.0
254.2	1.0
254.75	2.0
255.29	3.0
255.82	4.0
256.35	1.0
256.89	2.0
257.41	3.0
257.93	4.0
258.45	1.0
259.0	2.0
259.53	3.0
260.07	4.0
260.6	1.0
261.13	2.0
261.67	3.0
262.2	4.0
262.75	1.0
263.3	2.0
263.84	3.0
264.38	4.0
264.9	1.0
265.44	2.0
265.97	3.0
266.5	4.0
267.02	1.0
267.56	2.0
268.11	3.0
268.64	4.0
269.17	1.0
269.7	2.0
270.22	3.0
270.75	4.0
271.28	1.0
271.82	2.0
272.36	3.0
272.89	4.0
273.43	1.0
273.96	2.0
274.5	3.0
275.02	4.0
275.54	1.0
276.08	2.0
276.61	3.0
277.16	4.0
277.7	1.0
278.24	2.0
278.77	3.0
279.3	4.0
279.83	1.0
280.37	2.0
280.9	3.0
281.44	4.0
281.97	1.0
282.51	2.0
283.05	3.0
283.6	4.0
284.12	1.0
284.68	2.0
285.21	3.0
285.75	4.0
286.29	1.0
286.83	2.0
287.37	3.0
287.89	4.0
288.41	1.0
288.95	2.0
289.48	3.0
290.02	4.0
290.56	1.0
291.1	2.0
291.63	3.0
292.16	4.0
292.69	1.0
293.23	2.0
293.78	3.0
294.31	4.0
294.85	1.0
295.36	2.0
295.88	3.0
296.39	4.0
296.9	1.0
297.46	2.0
297.99	3.0
298.53	4.0
299.05	1.0
299.58	2.0
300.11	3.0
300.65	4.0
301.16	1.0
301.71	2.0
302.24	3.0
302.78	4.0
303.31	1.0
303.85	2.0
304.38	3.0
304.91	4.0
305.43	1.0
305.98	2.0
306.51	3.0
307.03	4.0
307.55	1.0
308.09	2.0
308.62	3.0
309.15	4.0
309.66	1.0
310.19	2.0
310.72	3.0
311.25	4.0
311.78	1.0
312.3	2.0
312.83	3.0
313.36	4.0
313.88	1.0
314.42	2.0
314.96	3.0
315.49	4.0
316.04	1.0
316.59	2.0
317.13	3.0
317.68	4.0
318.2	1.0
318.75	2.0
319.29	3.0
319.83	4.0
320.35	1.0
320.9	2.0
321.44	3.0
321.97	4.0
322.5	1.0
323.03	2.0
323.56	3.0
324.09	4.0
324.61	1.0
325.13	2.0
325.66	3.0
326.18	4.0
326.7	1.0
327.24	2.0
327.77	3.0
328.34	4.0
328.91	1.0
329.44	2.0
329.99	3.0
330.54	4.0
331.09	1.0
331.64	2.0
332.2	3.0
332.74	4.0
333.28	1.0
333.85	2.0
334.38	3.0
334.94	4.0
335.5	1.0
336.05	2.0
336.59	3.0
337.15	4.0
337.69	1.0
338.25	2.0
338.79	3.0
339.35	4.0
339.9	1.0
340.45	2.0
340.98	3.0
341.55	4.0
342.08	1.0
342.64	2.0
343.18	3.0
343.74	4.0
344.3	1.0
344.85	2.0
345.39	3.0
345.95	4.0
346.5	1.0
347.06	2.0
347.6	3.0
348.16	4.0
348.7	1.0
349.26	2.0
349.8	3.0
350.36	4.0
350.9	1.0
351.46	2.0
352.01	3.0
352.56	4.0
353.11	1.0
353.65	2.0
354.22	3.0
354.76	4.0
355.3	1.0
355.86	2.0
356.42	3.0
356.96	4.0
357.53	1.0
358.06	2.0
358.61	3.0
359.17	4.0