0.01	1.0
0.52	2.0
1.05	3.0
1.59	4.0
2.1	1.0
2.62	2.0
3.15	3.0
3.67	4.0
4.17	1.0
4.67	2.0
5.2	3.0
5.74	4.0
6.23	1.0
6.73	2.0
7.24	3.0
7.73	4.0
8.23	1.0
8.73	2.0
9.23	3.0
9.75	4.0
10.26	1.0
10.76	2.0
11.26	3.0
11.77	4.0
12.28	1.0
12.78	2.0
13.29	3.0
13.79	4.0
14.29	1.0
14.79	2.0
15.31	3.0
15.81	4.0
16.33	1.0
16.82	2.0
17.32	3.0
17.83	4.0
18.32	1.0
18.82	2.0
19.31	3.0
19.8	4.0
20.29	1.0
20.8	2.0
21.29	3.0
21.8	4.0
22.29	1.0
22.8	2.0
23.31	3.0
23.8	4.0
24.31	1.0
24.81	2.0
25.32	3.0
25.83	4.0
26.34	1.0
26.84	2.0
27.32	3.0
27.83	4.0
28.33	1.0
28.82	2.0
29.32	3.0
29.83	4.0
30.33	1.0
30.82	2.0
31.34	3.0
31.84	4.0
32.35	1.0
32.85	2.0
33.36	3.0
33.86	4.0
34.35	1.0
34.86	2.0
35.36	3.0
35.87	4.0
36.36	1.0
36.88	2.0
37.37	3.0
37.86	4.0
38.36	1.0
38.86	2.0
39.37	3.0
39.87	4.0
40.35	1.0
40.86	2.0
41.36	3.0
41.86	4.0
42.35	1.0
42.85	2.0
43.34	3.0
43.83	4.0
44.3	1.0
44.81	2.0
45.3	3.0
45.79	4.0
46.27	1.0
46.77	2.0
47.26	3.0
47.74	4.0
48.23	1.0
48.73	2.0
49.22	3.0
49.71	4.0
50.2	1.0
50.7	2.0
51.18	3.0
51.68	4.0
52.17	1.0
52.65	2.0
53.16	3.0
53.66	4.0
54.14	1.0
54.63	2.0
55.12	3.0
55.61	4.0
56.1	1.0
56.6	2.0
57.09	3.0
57.57	4.0
58.06	1.0
58.56	2.0
59.05	3.0
59.56	4.0
60.05	1.0
60.57	2.0
61.08	3.0
61.6	4.0
62.09	1.0
62.59	2.0
63.1	3.0
63.61	4.0
64.11	1.0
64.61	2.0
65.12	3.0
65.64	4.0
66.13	1.0
66.63	2.0
67.13	3.0
67.63	4.0
68.14	1.0
68.64	2.0
69.13	3.0
69.65	4.0
70.12	1.0
70.63	2.0
71.14	3.0
71.63	4.0
72.13	1.0
72.62	2.0
73.14	3.0
73.63	4.0
74.12	1.0
74.62	2.0
75.11	3.0
75.61	4.0
76.1	1.0
76.59	2.0
77.09	3.0
77.58	4.0
78.1	1.0
78.6	2.0
79.09	3.0
79.63	4.0
80.11	1.0
80.61	2.0
81.12	3.0
81.61	4.0
82.1	1.0
82.59	2.0
83.1	3.0
83.59	4.0
84.08	1.0
84.58	2.0
85.08	3.0
85.58	4.0
86.08	1.0
86.59	2.0
87.09	3.0
87.59	4.0
88.08	1.0
88.59	2.0
89.1	3.0
89.59	4.0
90.09	1.0
90.6	2.0
91.08	3.0
91.56	4.0
92.05	1.0
92.57	2.0
93.06	3.0
93.56	4.0
94.04	1.0
94.54	2.0
95.03	3.0
95.52	4.0
96.0	1.0
96.51	2.0
97.0	3.0
97.49	4.0
97.98	1.0
98.48	2.0
98.96	3.0
99.45	4.0
99.94	1.0
100.43	2.0
100.92	3.0
101.42	4.0
101.91	1.0
102.4	2.0
102.88	3.0
103.37	4.0
103.85	1.0
104.35	2.0
104.84	3.0
105.33	4.0
105.81	1.0
106.3	2.0
106.79	3.0
107.27	4.0
107.75	1.0
108.24	2.0
108.73	3.0
109.19	4.0
109.68	1.0
110.16	2.0
110.64	3.0
111.13	4.0
111.62	1.0
112.1	2.0
112.59	3.0
113.06	4.0
113.55	1.0
114.02	2.0
114.51	3.0
114.99	4.0
115.47	1.0
115.95	2.0
116.44	3.0
116.92	4.0
117.4	1.0
117.87	2.0
118.36	3.0
118.85	4.0
119.34	1.0
119.82	2.0
120.31	3.0
120.8	4.0
121.28	1.0
121.76	2.0
122.25	3.0
122.73	4.0
123.24	1.0
123.75	2.0
124.26	3.0
124.73	4.0
125.24	1.0
125.72	2.0
126.23	3.0
126.73	4.0
127.23	1.0
127.72	2.0
128.23	3.0
128.72	4.0
129.25	1.0
129.74	2.0
130.23	3.0
130.75	4.0
131.24	1.0
131.73	2.0
132.25	3.0
132.74	4.0
133.24	1.0
133.74	2.0
134.24	3.0
134.74	4.0
135.24	1.0
135.73	2.0
136.22	3.0
136.73	4.0
137.22	1.0
137.71	2.0
138.21	3.0
138.69	4.0
139.21	1.0
139.71	2.0
140.22	3.0
140.7	4.0
141.17	1.0
141.66	2.0
142.14	3.0
142.62	4.0
143.1	1.0
143.58	2.0
144.08	3.0
144.56	4.0
145.04	1.0
145.53	2.0
146.02	3.0
146.49	4.0
146.98	1.0
147.46	2.0
147.96	3.0
148.44	4.0
148.93	1.0
149.4	2.0
149.9	3.0
150.38	4.0
150.87	1.0
151.35	2.0
151.85	3.0
152.33	4.0
152.81	1.0
153.3	2.0
153.8	3.0
154.29	4.0
154.76	1.0
155.25	2.0
155.74	3.0
156.22	4.0
156.69	1.0
157.17	2.0
157.67	3.0
158.15	4.0
158.63	1.0
159.13	2.0
159.6	3.0
160.08	4.0
160.56	1.0
161.08	2.0
161.58	3.0
162.06	4.0
162.56	1.0
163.07	2.0
163.56	3.0
164.03	4.0
164.53	1.0
165.04	2.0
165.51	3.0
166.0	4.0
166.48	1.0
166.97	2.0
167.44	3.0
167.94	4.0
168.42	1.0
168.91	2.0
169.4	3.0
169.9	4.0
170.37	1.0
170.86	2.0
171.35	3.0
171.85	4.0
172.33	1.0
172.82	2.0
173.3	3.0
173.8	4.0
174.27	1.0
174.76	2.0
175.24	3.0
175.73	4.0
176.22	1.0
176.73	2.0
177.21	3.0
177.73	4.0
178.22	1.0
178.72	2.0
179.21	3.0
179.71	4.0
180.21	1.0
180.72	2.0
181.2	3.0
181.72	4.0
182.23	1.0
182.72	2.0
183.22	3.0
183.71	4.0
184.23	1.0
184.73	2.0
185.23	3.0
185.75	4.0
186.24	1.0
186.74	2.0
187.24	3.0
187.74	4.0
188.25	1.0
188.73	2.0
189.24	3.0
189.74	4.0
190.24	1.0
190.72	2.0
191.21	3.0
191.7	4.0
192.19	1.0
192.67	2.0
193.17	3.0
193.67	4.0
194.17	1.0
194.67	2.0
195.16	3.0
195.65	4.0
196.17	1.0
196.67	2.0
197.15	3.0
197.67	4.0
198.16	1.0
198.65	2.0
199.15	3.0
199.61	4.0
200.13	1.0
200.63	2.0
201.13	3.0
201.62	4.0
202.12	1.0
202.62	2.0
203.13	3.0
203.62	4.0
204.12	1.0
204.62	2.0
205.12	3.0
205.59	4.0
206.08	1.0
206.58	2.0
207.07	3.0
207.57	4.0
208.05	1.0
208.57	2.0
209.06	3.0
209.56	4.0
210.03	1.0
210.54	2.0
211.02	3.0
211.53	4.0
212.03	1.0
212.52	2.0
213.01	3.0
213.52	4.0
214.01	1.0
214.51	2.0
214.99	3.0
215.46	4.0
215.93	1.0
216.45	2.0
216.94	3.0
217.45	4.0
217.93	1.0
218.42	2.0
218.92	3.0
219.41	4.0
219.9	1.0
220.39	2.0
220.87	3.0
221.36	4.0
221.83	1.0
222.34	2.0
222.82	3.0
223.3	4.0
223.78	1.0
224.27	2.0
224.78	3.0
225.27	4.0
225.76	1.0
226.26	2.0
226.75	3.0
227.23	4.0
227.72	1.0
228.22	2.0
228.69	3.0
229.19	4.0
229.67	1.0
230.16	2.0
230.64	3.0
231.14	4.0
231.63	1.0
232.14	2.0
232.63	3.0
233.13	4.0
233.63	1.0
234.13	2.0
234.63	3.0
235.13	4.0
235.63	1.0
236.13	2.0
236.62	3.0
237.12	4.0
237.62	1.0
238.1	2.0
238.61	3.0
239.1	4.0
239.59	1.0
240.08	2.0
240.57	3.0
241.06	4.0
241.56	1.0
242.05	2.0
242.55	3.0
243.04	4.0
243.53	1.0
244.03	2.0
244.53	3.0
245.03	4.0
245.54	1.0
246.02	2.0
246.5	3.0
246.99	4.0
247.49	1.0
247.98	2.0
248.46	3.0
248.96	4.0
249.46	1.0
249.94	2.0
250.43	3.0
250.93	4.0
251.43	1.0
251.91	2.0
252.4	3.0
252.89	4.0
253.38	1.0
253.88	2.0
254.37	3.0
254.86	4.0
255.36	1.0
255.86	2.0
256.34	3.0
256.85	4.0
257.33	1.0
257.83	2.0
258.31	3.0
258.8	4.0
259.29	1.0
259.78	2.0
260.26	3.0
260.77	4.0
261.26	1.0
261.76	2.0
262.25	3.0
262.74	4.0
263.25	1.0
263.75	2.0