3.55	1.0
4.02	2.0
4.52	3.0
5.0	4.0
5.46	1.0
5.94	2.0
6.42	3.0
6.92	4.0
7.36	1.0
7.82	2.0
8.25	3.0
8.69	4.0
9.14	1.0
9.54	2.0
9.97	3.0
10.35	4.0
10.77	1.0
11.14	2.0
11.54	3.0
11.93	4.0
12.32	1.0
12.71	2.0
13.11	3.0
13.48	4.0
13.86	1.0
14.25	2.0
14.64	3.0
15.02	4.0
15.41	1.0
15.8	2.0
16.19	3.0
16.58	4.0
16.96	1.0
17.34	2.0
17.74	3.0
18.13	4.0
18.51	1.0
18.9	2.0
19.29	3.0
19.68	4.0
20.06	1.0
20.45	2.0
20.84	3.0
21.23	4.0
21.61	1.0
22.0	2.0
22.39	3.0
22.77	4.0
23.16	1.0
23.56	2.0
23.94	3.0
24.33	4.0
24.71	1.0
25.1	2.0
25.49	3.0
25.88	4.0
26.27	1.0
26.66	2.0
27.04	3.0
27.43	4.0
27.81	1.0
28.21	2.0
28.59	3.0
28.98	4.0
29.37	1.0
29.76	2.0
30.14	3.0
30.53	4.0
30.91	1.0
31.3	2.0
31.69	3.0
32.08	4.0
32.47	1.0
32.86	2.0
33.24	3.0
33.63	4.0
34.02	1.0
34.41	2.0
34.79	3.0
35.18	4.0
35.58	1.0
35.96	2.0
36.34	3.0
36.73	4.0
37.12	1.0
37.51	2.0
37.91	3.0
38.29	4.0
38.67	1.0
39.05	2.0
39.44	3.0
39.83	4.0
40.21	1.0
40.6	2.0
40.99	3.0
41.38	4.0
41.76	1.0
42.15	2.0
42.54	3.0
42.93	4.0
43.31	1.0
43.7	2.0
44.09	3.0
44.48	4.0
44.86	1.0
45.25	2.0
45.64	3.0
46.03	4.0
46.41	1.0
46.8	2.0
47.19	3.0
47.58	4.0
47.96	1.0
48.35	2.0
48.74	3.0
49.13	4.0
49.51	1.0
49.9	2.0
50.29	3.0
50.68	4.0
51.07	1.0
51.45	2.0
51.84	3.0
52.22	4.0
52.61	1.0
53.0	2.0
53.38	3.0
53.77	4.0
54.16	1.0
54.55	2.0
54.94	3.0
55.32	4.0
55.71	1.0
56.1	2.0
56.48	3.0
56.87	4.0
57.26	1.0
57.65	2.0
58.04	3.0
58.42	4.0
58.81	1.0
59.2	2.0
59.58	3.0
59.97	4.0
60.36	1.0
60.75	2.0
61.14	3.0
61.52	4.0
61.91	1.0
62.3	2.0
62.69	3.0
63.08	4.0
63.49	1.0
63.87	2.0
64.28	3.0
64.65	4.0
65.03	1.0
65.43	2.0
65.79	3.0
66.17	4.0
66.57	1.0
66.96	2.0
67.35	3.0
67.75	4.0
68.11	1.0
68.51	2.0
68.88	3.0
69.27	4.0
69.64	1.0
70.04	2.0
70.43	3.0
70.81	4.0
71.2	1.0
71.6	2.0
71.98	3.0
72.37	4.0
72.76	1.0
73.16	2.0
73.55	3.0
73.94	4.0
74.3	1.0
74.7	2.0
75.07	3.0
75.45	4.0
75.85	1.0
76.25	2.0
76.64	3.0
77.03	4.0
77.42	1.0
77.82	2.0
78.22	3.0
78.58	4.0
78.97	1.0
79.36	2.0
79.73	3.0
80.12	4.0
80.5	1.0
80.89	2.0
81.28	3.0
81.66	4.0
82.05	1.0
82.44	2.0
82.82	3.0
83.22	4.0
83.61	1.0
84.01	2.0
84.4	3.0
84.78	4.0
85.15	1.0
85.54	2.0
85.92	3.0
86.31	4.0
86.7	1.0
87.1	2.0
87.49	3.0
87.87	4.0
88.26	1.0
88.65	2.0
89.04	3.0
89.43	4.0
89.79	1.0
90.19	2.0
90.58	3.0
90.95	4.0
91.36	1.0
91.75	2.0
92.14	3.0
92.52	4.0
92.91	1.0
93.3	2.0
93.68	3.0
94.07	4.0
94.46	1.0
94.85	2.0
95.24	3.0
95.62	4.0
96.01	1.0
96.41	2.0
96.79	3.0
97.18	4.0
97.56	1.0
97.95	2.0
98.34	3.0
98.72	4.0
99.11	1.0
99.49	2.0
99.88	3.0
100.28	4.0
100.67	1.0
101.06	2.0
101.44	3.0
101.83	4.0
102.21	1.0
102.6	2.0
102.99	3.0
103.37	4.0
103.76	1.0
104.15	2.0
104.54	3.0
104.93	4.0
105.31	1.0
105.7	2.0
106.08	3.0
106.48	4.0
106.86	1.0
107.25	2.0
107.64	3.0
108.03	4.0
108.41	1.0
108.8	2.0
109.19	3.0
109.58	4.0
109.96	1.0
110.35	2.0
110.74	3.0
111.12	4.0
111.51	1.0
111.9	2.0
112.28	3.0
112.68	4.0
113.06	1.0
113.45	2.0
113.84	3.0
114.23	4.0
114.61	1.0
115.0	2.0
115.38	3.0
115.78	4.0
116.16	1.0
116.55	2.0
116.94	3.0
117.32	4.0
117.71	1.0
118.1	2.0
118.48	3.0
118.88	4.0
119.26	1.0
119.65	2.0
120.04	3.0
120.42	4.0
120.81	1.0
121.2	2.0
121.58	3.0
121.97	4.0
122.36	1.0
122.75	2.0
123.14	3.0
123.52	4.0
123.91	1.0
124.3	2.0
124.68	3.0
125.08	4.0
125.46	1.0
125.85	2.0
126.24	3.0
126.62	4.0
127.01	1.0
127.4	2.0
127.78	3.0
128.17	4.0
128.56	1.0
128.96	2.0
129.33	3.0
129.74	4.0