2.13	4.0
3.21	1.0
4.28	2.0
5.35	3.0
6.4	4.0
7.46	1.0
8.33	2.0
9.17	3.0
10.07	4.0
10.89	1.0
11.66	2.0
12.51	3.0
13.29	4.0
14.14	1.0
14.93	2.0
15.8	3.0
16.74	4.0
17.66	1.0
18.59	2.0
19.55	3.0
20.47	4.0
21.4	1.0
22.32	2.0
23.31	3.0
24.29	4.0
25.21	1.0
26.19	2.0
27.15	3.0
28.15	4.0
29.22	1.0
30.32	2.0
31.3	3.0
32.38	4.0
33.35	1.0
34.4	2.0
35.4	3.0
36.4	4.0
37.34	1.0
38.3	2.0
39.3	3.0
40.27	4.0
41.2	1.0
42.17	2.0
43.11	3.0
44.1	4.0
45.04	1.0
45.98	2.0
46.96	3.0
47.96	4.0
49.07	1.0
50.11	2.0
51.14	3.0
52.2	4.0
53.22	1.0
54.28	2.0
55.35	3.0
56.4	4.0
57.46	1.0
58.5	2.0
59.44	3.0
60.39	4.0
61.37	1.0
62.23	2.0
63.11	3.0
63.98	4.0
64.89	1.0
65.76	2.0
66.62	3.0
67.49	4.0
68.36	1.0
69.22	2.0
70.13	3.0
70.98	4.0
71.87	1.0
72.81	2.0
73.65	3.0
74.54	4.0
75.41	1.0
76.33	2.0
77.25	3.0
78.19	4.0
79.17	1.0
80.15	2.0
81.06	3.0
82.03	4.0
83.02	1.0
83.94	2.0
84.93	3.0
85.91	4.0
86.83	1.0
87.77	2.0
88.72	3.0
89.62	4.0
90.6	1.0
91.52	2.0
92.49	3.0
93.41	4.0
94.3	1.0
95.18	2.0
96.07	3.0
97.02	4.0
97.92	1.0
98.86	2.0
99.79	3.0
100.77	4.0
101.7	1.0
102.71	2.0
103.62	3.0
104.55	4.0
105.47	1.0
106.38	2.0
107.34	3.0
108.31	4.0
109.24	1.0
110.17	2.0
111.13	3.0
112.03	4.0
112.98	1.0
114.02	2.0
115.06	3.0
116.01	4.0
116.96	1.0
117.88	2.0
118.75	3.0
119.64	4.0
120.56	1.0
121.49	2.0
122.38	3.0
123.27	4.0
124.17	1.0
124.98	2.0
125.87	3.0
126.74	4.0
127.65	1.0
128.57	2.0
129.5	3.0
130.4	4.0
131.34	1.0
132.31	2.0
133.27	3.0
134.24	4.0
135.1	1.0
136.0	2.0
136.84	3.0
137.77	4.0
138.66	1.0
139.5	2.0
140.36	3.0
141.18	4.0
142.02	1.0
142.94	2.0
143.88	3.0
144.78	4.0
145.68	1.0
146.63	2.0
147.56	3.0
148.45	4.0
149.39	1.0
150.3	2.0
151.12	3.0
151.96	4.0
152.87	1.0
153.81	2.0
154.71	3.0
155.61	4.0
156.57	1.0
157.48	2.0
158.43	3.0
159.41	4.0
160.32	1.0
161.29	2.0
162.21	3.0
163.12	4.0
164.06	1.0
165.01	2.0
165.95	3.0
166.91	4.0
168.01	1.0
169.02	2.0
170.09	3.0
171.1	4.0
172.22	1.0
173.28	2.0
174.35	3.0
175.38	4.0
176.51	1.0
177.61	2.0
178.66	3.0
179.68	4.0
180.79	1.0
181.85	2.0
182.92	3.0
183.96	4.0
185.09	1.0
186.18	2.0
187.23	3.0
188.34	4.0
189.36	1.0
190.43	2.0
191.5	3.0
192.3	4.0
192.86	1.0
193.4	2.0
193.95	3.0
194.47	4.0
195.0	1.0
195.53	2.0
196.06	3.0
196.57	4.0
197.13	1.0
197.65	2.0
198.18	3.0
198.72	4.0
199.27	1.0
199.81	2.0
200.34	3.0
200.88	4.0
201.44	1.0
201.96	2.0
202.53	3.0
203.04	4.0
203.58	1.0
204.1	2.0
204.63	3.0
205.18	4.0
205.71	1.0
206.23	2.0
206.74	3.0
207.31	4.0
207.85	1.0
208.37	2.0
208.9	3.0
209.46	4.0
210.0	1.0
210.54	2.0
211.09	3.0
211.6	4.0
212.14	1.0
212.67	2.0
213.23	3.0
213.75	4.0
214.29	1.0
214.8	2.0
215.34	3.0
215.89	4.0
216.43	1.0
216.94	2.0
217.48	3.0
218.02	4.0
218.58	1.0
219.11	2.0
219.66	3.0
220.16	4.0
220.71	1.0
221.24	2.0
221.78	3.0
222.3	4.0
222.85	1.0
223.37	2.0
223.92	3.0
224.45	4.0
224.99	1.0
225.51	2.0
226.03	3.0
226.59	4.0
227.13	1.0
227.68	2.0
228.22	3.0
228.73	4.0
229.27	1.0
229.81	2.0
230.33	3.0
230.87	4.0
231.42	1.0
231.95	2.0
232.5	3.0
233.03	4.0
233.57	1.0
234.09	2.0
234.62	3.0
235.15	4.0
235.72	1.0
236.26	2.0
236.83	3.0
237.33	4.0
237.84	1.0
238.37	2.0
238.92	3.0
239.44	4.0
239.96	1.0
240.51	2.0
241.06	3.0
241.58	4.0
242.12	1.0
242.69	2.0
243.22	3.0
243.75	4.0
244.28	1.0
244.83	2.0
245.36	3.0
245.88	4.0
246.4	1.0
246.94	2.0
247.48	3.0
248.02	4.0
248.56	1.0
249.11	2.0
249.63	3.0
250.16	4.0
250.68	1.0
251.25	2.0
251.77	3.0
252.32	4.0
252.84	1.0
253.42	2.0
254.03	3.0
254.6	4.0
255.18	1.0
255.74	2.0
256.35	3.0
256.89	4.0
257.41	1.0
257.96	2.0
258.47	3.0
259.0	4.0
259.54	1.0
260.07	2.0
260.58	3.0
261.12	4.0
261.67	1.0
262.2	2.0
262.72	3.0
263.27	4.0
263.84	1.0
264.4	2.0
264.92	3.0
265.44	4.0
265.98	1.0
266.53	2.0
267.04	3.0
267.58	4.0
268.12	1.0
268.64	2.0
269.16	3.0
269.69	4.0
270.25	1.0
270.78	2.0
271.3	3.0
271.84	4.0
272.41	1.0
272.97	2.0
273.49	3.0
274.0	4.0
274.55	1.0
275.06	2.0
275.59	3.0
276.15	4.0
276.69	1.0
277.23	2.0
277.73	3.0
278.26	4.0
278.82	1.0
279.35	2.0
279.84	3.0
280.38	4.0
280.87	1.0
281.35	2.0
281.83	3.0
282.29	4.0
282.84	1.0
283.37	2.0
283.89	3.0
284.46	4.0
284.99	1.0
285.53	2.0
286.07	3.0
286.59	4.0
287.12	1.0
287.66	2.0
288.21	3.0
288.73	4.0
289.27	1.0
289.82	2.0
290.37	3.0
290.9	4.0
291.42	1.0
291.92	2.0
292.47	3.0
292.97	4.0
293.55	1.0
294.09	2.0
294.64	3.0
295.15	4.0
295.68	1.0
296.22	2.0
296.77	3.0
297.3	4.0
297.82	1.0
298.39	2.0
298.9	3.0
299.47	4.0
299.99	1.0
300.5	2.0
301.05	3.0
301.56	4.0
302.12	1.0
302.67	2.0
303.21	3.0
303.73	4.0
304.26	1.0
304.79	2.0
305.35	3.0
305.88	4.0
306.4	1.0
306.96	2.0
307.51	3.0
308.05	4.0
308.57	1.0
309.09	2.0
309.63	3.0
310.15	4.0
310.64	1.0
311.18	2.0
311.72	3.0
312.26	4.0
312.79	1.0
313.31	2.0
313.88	3.0
314.42	4.0
314.96	1.0
315.47	2.0
316.01	3.0
316.56	4.0
317.08	1.0
317.62	2.0
318.17	3.0
318.7	4.0
319.21	1.0
319.73	2.0
320.26	3.0
320.81	4.0
321.35	1.0
321.88	2.0
322.44	3.0
322.98	4.0
323.53	1.0
324.08	2.0
324.61	3.0
325.17	4.0
325.71	1.0
326.23	2.0
326.76	3.0
327.32	4.0
327.86	1.0
328.4	2.0
328.94	3.0
329.47	4.0
330.0	1.0
330.53	2.0
331.08	3.0
331.61	4.0
332.14	1.0
332.69	2.0
333.22	3.0
333.77	4.0
334.3	1.0
334.84	2.0
335.37	3.0
335.88	4.0
336.44	1.0
336.98	2.0
337.51	3.0
338.04	4.0
338.58	1.0
339.12	2.0
339.66	3.0
340.18	4.0
340.72	1.0
341.26	2.0
341.8	3.0
342.33	4.0
342.87	1.0
343.4	2.0
343.94	3.0
344.45	4.0
345.01	1.0
345.54	2.0
346.06	3.0
346.61	4.0
347.15	1.0
347.69	2.0
348.22	3.0
348.76	4.0
349.29	1.0
349.83	2.0
350.36	3.0
350.9	4.0
351.44	1.0
351.97	2.0
352.51	3.0
353.05	4.0
353.58	1.0
354.1	2.0
354.65	3.0
355.19	4.0
355.73	1.0
356.26	2.0
356.79	3.0
357.33	4.0
357.87	1.0
358.4	2.0
358.93	3.0
359.47	4.0
360.01	1.0
360.54	2.0
361.08	3.0
361.61	4.0
362.12	1.0
362.68	2.0
363.22	3.0
363.75	4.0
364.29	1.0
364.83	2.0
365.36	3.0
365.9	4.0
366.43	1.0
366.97	2.0
367.51	3.0
368.04	4.0
368.57	1.0
369.12	2.0
369.65	3.0
370.15	4.0
370.71	1.0
371.26	2.0
371.79	3.0
372.33	4.0
372.86	1.0
373.39	2.0
373.94	3.0
374.47	4.0
375.01	1.0
375.55	2.0
376.08	3.0
376.62	4.0
377.15	1.0
377.68	2.0
378.2	3.0
378.76	4.0
379.3	1.0
379.83	2.0
380.36	3.0
380.9	4.0
381.43	1.0
381.97	2.0
382.51	3.0
383.04	4.0
383.55	1.0
384.12	2.0
384.65	3.0
385.19	4.0
385.72	1.0
386.26	2.0
386.79	3.0
387.33	4.0
387.86	1.0
388.4	2.0
388.93	3.0
389.48	4.0
390.01	1.0
390.53	2.0
391.07	3.0
391.61	4.0
392.13	1.0
392.69	2.0
393.22	3.0
393.76	4.0
394.28	1.0
394.83	2.0
395.35	3.0
395.9	4.0
396.44	1.0
396.97	2.0
397.5	3.0
398.04	4.0
398.57	1.0
399.11	2.0
399.64	3.0
400.18	4.0
400.69	1.0
401.25	2.0
401.79	3.0
402.33	4.0
402.86	1.0
403.4	2.0
403.94	3.0
404.47	4.0
405.01	1.0
405.54	2.0
406.08	3.0
406.62	4.0
407.14	1.0
407.68	2.0
408.19	3.0
408.76	4.0
409.28	1.0
409.83	2.0
410.36	3.0
410.9	4.0
411.43	1.0
411.97	2.0
412.5	3.0
413.04	4.0
413.6	1.0
414.12	2.0
414.65	3.0
415.18	4.0
415.72	1.0
416.26	2.0
416.8	3.0
417.33	4.0
417.85	1.0
418.4	2.0
418.92	3.0
419.47	4.0
420.01	1.0
420.54	2.0
421.08	3.0
421.62	4.0
422.15	1.0
422.69	2.0
423.22	3.0
423.76	4.0
424.28	1.0
424.82	2.0
425.33	3.0
425.88	4.0
426.4	1.0
426.97	2.0
427.49	3.0
428.03	4.0
428.58	1.0
429.11	2.0
429.64	3.0
430.18	4.0
430.7	1.0
431.25	2.0
431.79	3.0
432.33	4.0
432.86	1.0
433.4	2.0
433.93	3.0
434.47	4.0
435.01	1.0
435.53	2.0
436.05	3.0
436.59	4.0
437.15	1.0
437.7	2.0
438.22	3.0
438.76	4.0
439.26	1.0
439.8	2.0
440.37	3.0
440.89	4.0
441.44	1.0
441.98	2.0
442.51	3.0
443.03	4.0
443.54	1.0
444.11	2.0
444.62	3.0
445.18	4.0
445.72	1.0
446.23	2.0
446.79	3.0
447.32	4.0
447.82	1.0
448.36	2.0
448.9	3.0
449.46	4.0
450.03	1.0
450.57	2.0
451.1	3.0
451.63	4.0
452.17	1.0
452.71	2.0
453.25	3.0
453.82	4.0
454.35	1.0
454.88	2.0
455.41	3.0
455.91	4.0
456.47	1.0
456.97	2.0
457.53	3.0
458.03	4.0
458.57	1.0
459.11	2.0
459.64	3.0
460.18	4.0
460.69	1.0
461.25	2.0
461.78	3.0
462.33	4.0
462.86	1.0
463.4	2.0
463.93	3.0
464.47	4.0
465.01	1.0
465.53	2.0
466.07	3.0
466.61	4.0
467.17	1.0
467.69	2.0
468.22	3.0
468.76	4.0
469.29	1.0
469.83	2.0
470.36	3.0
470.9	4.0
471.44	1.0
471.97	2.0
472.51	3.0
473.04	4.0
473.58	1.0
474.12	2.0
474.65	3.0
475.19	4.0
475.73	1.0
476.26	2.0
476.78	3.0
477.32	4.0
477.86	1.0
478.39	2.0
478.93	3.0
479.47	4.0
480.01	1.0
480.54	2.0
481.07	3.0
481.61	4.0
482.15	1.0
482.68	2.0
483.22	3.0
483.76	4.0
484.31	1.0
484.83	2.0
485.37	3.0
485.9	4.0
486.43	1.0
486.97	2.0
487.5	3.0
488.04	4.0
488.58	1.0
489.12	2.0
489.65	3.0
490.19	4.0
490.72	1.0
491.26	2.0
491.79	3.0
492.33	4.0
492.87	1.0
493.39	2.0
493.94	3.0
494.47	4.0
494.97	1.0
495.54	2.0
496.06	3.0
496.61	4.0
497.15	1.0
497.68	2.0
498.22	3.0
498.75	4.0
499.29	1.0
499.82	2.0
500.36	3.0
500.9	4.0
501.42	1.0
501.97	2.0
502.51	3.0
503.04	4.0
503.56	1.0
504.09	2.0
504.64	3.0
505.18	4.0
505.72	1.0
506.26	2.0
506.8	3.0
507.31	4.0
507.87	1.0
508.39	2.0
508.93	3.0
509.47	4.0
509.99	1.0
510.53	2.0
511.07	3.0
511.61	4.0
512.14	1.0
512.69	2.0
513.22	3.0
513.72	4.0
514.29	1.0
514.8	2.0
515.36	3.0
515.9	4.0
516.44	1.0
516.97	2.0
517.5	3.0
518.04	4.0
518.58	1.0
519.11	2.0
519.63	3.0
520.17	4.0
520.72	1.0
521.23	2.0
521.78	3.0
522.32	4.0
522.87	1.0
523.4	2.0
523.91	3.0
524.47	4.0
525.0	1.0
525.54	2.0
526.09	3.0
526.62	4.0
527.13	1.0
527.69	2.0
528.23	3.0
528.76	4.0
529.29	1.0
529.82	2.0
530.35	3.0
530.89	4.0
531.44	1.0
531.96	2.0
532.52	3.0
533.04	4.0
533.6	1.0
534.11	2.0
534.64	3.0
535.19	4.0
535.71	1.0
536.25	2.0
536.79	3.0
537.32	4.0
537.85	1.0
538.4	2.0
538.94	3.0
539.47	4.0
540.02	1.0
540.55	2.0
541.07	3.0
541.61	4.0
542.15	1.0
542.69	2.0
543.22	3.0
543.76	4.0
544.29	1.0
544.83	2.0
545.36	3.0
545.9	4.0
546.44	1.0
546.97	2.0
547.5	3.0
548.04	4.0
548.58	1.0
549.12	2.0
549.65	3.0
550.18	4.0
550.72	1.0
551.25	2.0
551.78	3.0
552.33	4.0
552.85	1.0
553.42	2.0
553.97	3.0
554.6	4.0
555.23	1.0
555.87	2.0
556.51	3.0
557.11	4.0
557.68	1.0
558.28	2.0
558.88	3.0
559.45	4.0
560.02	1.0
560.62	2.0
561.17	3.0
561.76	4.0
562.4	1.0
562.99	2.0
563.62	3.0
564.2	4.0
564.81	1.0
565.45	2.0
566.02	3.0
566.65	4.0
567.22	1.0
567.85	2.0
568.45	3.0
569.08	4.0
569.65	1.0
570.23	2.0
570.8	3.0
571.4	4.0
571.95	1.0
572.56	2.0
573.16	3.0
573.76	4.0
574.36	1.0
574.97	2.0
575.61	3.0
576.19	4.0
576.82	1.0
577.44	2.0
578.04	3.0
578.66	4.0
579.24	1.0
579.86	2.0
580.48	3.0
581.07	4.0
581.68	1.0
582.32	2.0
582.9	3.0
583.49	4.0
584.1	1.0
584.7	2.0
585.26	3.0
585.96	4.0
586.63	1.0
587.33	2.0
587.99	3.0
588.66	4.0
589.3	1.0
589.92	2.0
590.56	3.0
591.22	4.0
591.9	1.0
592.58	2.0
593.25	3.0
593.88	4.0
594.56	1.0
595.24	2.0
595.92	3.0
596.55	4.0
597.09	1.0
597.65	2.0
598.22	3.0
598.82	4.0
599.36	1.0
599.88	2.0
600.4	3.0
600.95	4.0
601.48	1.0
601.99	2.0
602.58	3.0
603.13	4.0
603.73	1.0
604.46	2.0
605.14	3.0
605.79	4.0
606.44	1.0
607.03	2.0
607.6	3.0
608.23	4.0
608.85	1.0
609.44	2.0
610.06	3.0
610.68	4.0
611.26	1.0
611.91	2.0
612.53	3.0
613.18	4.0
613.78	1.0
614.41	2.0
615.07	3.0
615.67	4.0
616.3	1.0
616.96	2.0
617.57	3.0
618.19	4.0
618.83	1.0