1.91	3.0
2.4	4.0
2.87	1.0
3.37	2.0
3.84	3.0
4.31	4.0
4.8	1.0
5.28	2.0
5.77	3.0
6.25	4.0
6.72	1.0
7.19	2.0
7.66	3.0
8.15	4.0
8.63	1.0
9.11	2.0
9.6	3.0
10.08	4.0
10.55	1.0
11.03	2.0
11.52	3.0
12.0	4.0
12.47	1.0
12.95	2.0
13.43	3.0
13.92	4.0
14.41	1.0
14.88	2.0
15.35	3.0
15.84	4.0
16.32	1.0
16.8	2.0
17.29	3.0
17.76	4.0
18.24	1.0
18.71	2.0
19.2	3.0
19.69	4.0
20.17	1.0
20.65	2.0
21.13	3.0
21.59	4.0
22.07	1.0
22.55	2.0
23.04	3.0
23.53	4.0
24.01	1.0
24.49	2.0
24.97	3.0
25.45	4.0
25.91	1.0
26.39	2.0
26.87	3.0
27.36	4.0
27.84	1.0
28.32	2.0
28.81	3.0
29.29	4.0
29.76	1.0
30.24	2.0
30.71	3.0
31.19	4.0
31.68	1.0
32.17	2.0
32.63	3.0
33.11	4.0
33.56	1.0
34.06	2.0
34.55	3.0
35.04	4.0
35.51	1.0
35.99	2.0
36.47	3.0
36.96	4.0
37.44	1.0
37.92	2.0
38.4	3.0
38.88	4.0
39.36	1.0
39.84	2.0
40.32	3.0
40.8	4.0
41.27	1.0
41.75	2.0
42.24	3.0
42.71	4.0
43.19	1.0
43.67	2.0
44.15	3.0
44.64	4.0
45.12	1.0
45.6	2.0
46.08	3.0
46.56	4.0
47.04	1.0
47.51	2.0
47.99	3.0
48.47	4.0
48.95	1.0
49.42	2.0
49.91	3.0
50.39	4.0
50.87	1.0
51.36	2.0
51.84	3.0
52.32	4.0
52.8	1.0
53.28	2.0
53.75	3.0
54.23	4.0
54.71	1.0
55.19	2.0
55.66	3.0
56.13	4.0
56.62	1.0
57.11	2.0
57.59	3.0
58.05	4.0
58.55	1.0
59.02	2.0
59.5	3.0
59.98	4.0
60.48	1.0
60.96	2.0
61.43	3.0
61.93	4.0
62.4	1.0
62.88	2.0
63.35	3.0
63.84	4.0
64.32	1.0
64.8	2.0
65.28	3.0
65.76	4.0
66.25	1.0
66.71	2.0
67.19	3.0
67.68	4.0
68.17	1.0
68.65	2.0
69.13	3.0
69.6	4.0
70.09	1.0
70.57	2.0
71.04	3.0
71.53	4.0
72.01	1.0
72.48	2.0
72.97	3.0
73.45	4.0
73.93	1.0
74.4	2.0
74.88	3.0
75.36	4.0
75.84	1.0
76.33	2.0
76.8	3.0
77.28	4.0
77.76	1.0
78.23	2.0
78.72	3.0
79.19	4.0
79.68	1.0
80.15	2.0
80.64	3.0
81.12	4.0
81.59	1.0
82.07	2.0
82.55	3.0
83.03	4.0
83.52	1.0
84.0	2.0
84.48	3.0
84.96	4.0
85.44	1.0
85.92	2.0
86.4	3.0
86.88	4.0
87.36	1.0
87.82	2.0
88.31	3.0
88.8	4.0
89.27	1.0
89.76	2.0
90.23	3.0
90.71	4.0
91.2	1.0
91.67	2.0
92.14	3.0
92.63	4.0
93.11	1.0
93.6	2.0
94.08	3.0
94.56	4.0
95.05	1.0
95.53	2.0
96.01	3.0
96.48	4.0
96.96	1.0
97.44	2.0
97.91	3.0
98.4	4.0
98.88	1.0
99.34	2.0
99.83	3.0
100.32	4.0
100.78	1.0
101.27	2.0
101.75	3.0
102.23	4.0
102.7	1.0
103.19	2.0
103.67	3.0
104.15	4.0
104.62	1.0
105.1	2.0
105.58	3.0
106.07	4.0
106.56	1.0
107.04	2.0
107.52	3.0
108.0	4.0
108.48	1.0
108.95	2.0
109.43	3.0
109.93	4.0
110.4	1.0
110.88	2.0
111.36	3.0
111.83	4.0
112.31	1.0
112.79	2.0
113.28	3.0
113.76	4.0
114.25	1.0
114.71	2.0
115.2	3.0
115.68	4.0
116.17	1.0
116.65	2.0
117.11	3.0
117.6	4.0
118.08	1.0
118.56	2.0
119.03	3.0
119.52	4.0
120.0	1.0
120.48	2.0
120.95	3.0
121.44	4.0
121.93	1.0
122.4	2.0
122.88	3.0
123.36	4.0
123.83	1.0
124.32	2.0
124.8	3.0
125.28	4.0
125.76	1.0
126.25	2.0
126.72	3.0
127.21	4.0
127.67	1.0
128.15	2.0
128.64	3.0
129.11	4.0
129.59	1.0
130.07	2.0
130.56	3.0
131.04	4.0
131.53	1.0
132.02	2.0
132.5	3.0
132.97	4.0
133.46	1.0
133.94	2.0
134.42	3.0
134.89	4.0
135.36	1.0
135.84	2.0
136.33	3.0
136.81	4.0
137.29	1.0
137.77	2.0
138.24	3.0
138.73	4.0
139.21	1.0
139.68	2.0
140.15	3.0
140.64	4.0
141.12	1.0
141.59	2.0
142.09	3.0
142.56	4.0
143.04	1.0
143.53	2.0
144.0	3.0
144.49	4.0
144.97	1.0
145.43	2.0
145.93	3.0
146.4	4.0
146.88	1.0
147.36	2.0
147.84	3.0
148.32	4.0
148.8	1.0
149.29	2.0
149.76	3.0
150.23	4.0
150.72	1.0
151.2	2.0
151.67	3.0
152.16	4.0
152.64	1.0
153.12	2.0
153.59	3.0
154.07	4.0
154.56	1.0
155.04	2.0
155.52	3.0
155.99	4.0
156.48	1.0
156.96	2.0
157.44	3.0
157.93	4.0
158.4	1.0
158.88	2.0
159.36	3.0
159.83	4.0
160.31	1.0
160.78	2.0
161.27	3.0
161.74	4.0
162.22	1.0
162.7	2.0
163.19	3.0
163.66	4.0
164.16	1.0
164.64	2.0
165.12	3.0
165.61	4.0
166.08	1.0
166.57	2.0
167.04	3.0
167.52	4.0
167.99	1.0
168.47	2.0
168.97	3.0
169.45	4.0
169.93	1.0
170.4	2.0
170.88	3.0
171.36	4.0
171.84	1.0
172.33	2.0
172.79	3.0
173.28	4.0
173.76	1.0
174.24	2.0
174.73	3.0
175.2	4.0
175.68	1.0
176.16	2.0
176.64	3.0
177.12	4.0
177.6	1.0
178.09	2.0
178.57	3.0
179.05	4.0
179.52	1.0
180.0	2.0
180.47	3.0
180.96	4.0
181.45	1.0
181.93	2.0
182.4	3.0
182.87	4.0
183.35	1.0
183.83	2.0
184.33	3.0
184.81	4.0
185.29	1.0
185.77	2.0
186.25	3.0
186.73	4.0
187.21	1.0
187.68	2.0
188.17	3.0
188.65	4.0
189.13	1.0
189.61	2.0
190.08	3.0
190.56	4.0
191.04	1.0
191.52	2.0
191.99	3.0
192.48	4.0
192.96	1.0
193.45	2.0
193.93	3.0
194.4	4.0
194.88	1.0
195.36	2.0
195.85	3.0
196.32	4.0
196.8	1.0
197.28	2.0
197.76	3.0
198.25	4.0
198.71	1.0
199.21	2.0
199.69	3.0
200.17	4.0
200.65	1.0
201.12	2.0
201.6	3.0
202.08	4.0
202.57	1.0
203.04	2.0
203.51	3.0
204.0	4.0
204.47	1.0
204.96	2.0
205.44	3.0
205.92	4.0
206.4	1.0
206.88	2.0
207.36	3.0
207.84	4.0
208.31	1.0
208.79	2.0
209.28	3.0
209.76	4.0
210.23	1.0
210.73	2.0
211.2	3.0
211.67	4.0
212.17	1.0
212.65	2.0
213.12	3.0
213.6	4.0
214.08	1.0
214.58	2.0
215.05	3.0
215.54	4.0
216.01	1.0
216.5	2.0
216.97	3.0
217.44	4.0
217.91	1.0
218.39	2.0
218.88	3.0
219.36	4.0
219.83	1.0
220.31	2.0
220.79	3.0
221.28	4.0
221.76	1.0
222.24	2.0
222.72	3.0
223.2	4.0
223.68	1.0
224.16	2.0
224.64	3.0
225.12	4.0
225.59	1.0
226.07	2.0
226.56	3.0
227.03	4.0
227.51	1.0
228.0	2.0
228.48	3.0
228.96	4.0
229.45	1.0
229.92	2.0
230.41	3.0
230.89	4.0
231.37	1.0
231.84	2.0
232.32	3.0
232.8	4.0
233.28	1.0
233.76	2.0
234.24	3.0
234.72	4.0
235.2	1.0
235.68	2.0
236.16	3.0
236.64	4.0
237.13	1.0
237.61	2.0
238.09	3.0
238.57	4.0
239.05	1.0
239.53	2.0
240.0	3.0
240.49	4.0
240.97	1.0
241.45	2.0
241.92	3.0
242.4	4.0
242.88	1.0
243.35	2.0
243.83	3.0
244.3	4.0
244.79	1.0
245.26	2.0
245.74	3.0
246.24	4.0
246.71	1.0
247.2	2.0
247.7	3.0
248.19	4.0