0.99	1.0
1.41	2.0
1.84	3.0
2.29	4.0
2.7	1.0
3.13	2.0
3.56	3.0
4.02	4.0
4.51	1.0
5.02	2.0
5.53	3.0
6.04	4.0
6.54	1.0
7.05	2.0
7.56	3.0
8.07	4.0
8.57	1.0
9.08	2.0
9.59	3.0
10.1	4.0
10.6	1.0
11.12	2.0
11.62	3.0
12.13	4.0
12.64	1.0
13.15	2.0
13.65	3.0
14.16	4.0
14.67	1.0
15.18	2.0
15.69	3.0
16.19	4.0
16.7	1.0
17.21	2.0
17.72	3.0
18.23	4.0
18.73	1.0
19.24	2.0
19.75	3.0
20.26	4.0
20.76	1.0
21.27	2.0
21.78	3.0
22.29	4.0
22.79	1.0
23.31	2.0
23.81	3.0
24.32	4.0
24.83	1.0
25.34	2.0
25.85	3.0
26.35	4.0
26.86	1.0
27.37	2.0
27.88	3.0
28.39	4.0
28.89	1.0
29.4	2.0
29.91	3.0
30.42	4.0
30.92	1.0
31.43	2.0
31.94	3.0
32.45	4.0
32.95	1.0
33.46	2.0
33.98	3.0
34.48	4.0
34.99	1.0
35.49	2.0
36.0	3.0
36.51	4.0
37.01	1.0
37.53	2.0
38.03	3.0
38.54	4.0
39.05	1.0
39.56	2.0
40.07	3.0
40.58	4.0
41.08	1.0
41.59	2.0
42.1	3.0
42.6	4.0
43.11	1.0
43.62	2.0
44.13	3.0
44.64	4.0
45.14	1.0
45.65	2.0
46.16	3.0
46.67	4.0
47.18	1.0
47.68	2.0
48.19	3.0
48.7	4.0
49.2	1.0
49.72	2.0
50.23	3.0
50.73	4.0
51.24	1.0
51.75	2.0
52.25	3.0
52.77	4.0
53.27	1.0
53.78	2.0
54.29	3.0
54.8	4.0
55.3	1.0
55.81	2.0
56.32	3.0
56.83	4.0
57.33	1.0
57.84	2.0
58.36	3.0
58.86	4.0
59.36	1.0
59.87	2.0
60.38	3.0
60.9	4.0
61.39	1.0
61.91	2.0
62.41	3.0
62.92	4.0
63.42	1.0
63.94	2.0
64.44	3.0
64.95	4.0
65.46	1.0
65.97	2.0
66.48	3.0
66.98	4.0
67.49	1.0
68.0	2.0
68.51	3.0
69.02	4.0
69.53	1.0
70.03	2.0
70.54	3.0
71.05	4.0
71.55	1.0
72.07	2.0
72.57	3.0
73.08	4.0
73.59	1.0
74.1	2.0
74.6	3.0
75.11	4.0
75.61	1.0
76.13	2.0
76.64	3.0
77.15	4.0
77.66	1.0
78.16	2.0
78.67	3.0
79.17	4.0
79.68	1.0
80.19	2.0
80.7	3.0
81.21	4.0
81.71	1.0
82.22	2.0
82.73	3.0
83.24	4.0
83.74	1.0
84.25	2.0
84.76	3.0
85.27	4.0
85.77	1.0
86.28	2.0
86.79	3.0
87.3	4.0
87.8	1.0
88.32	2.0
88.82	3.0
89.33	4.0
89.83	1.0
90.35	2.0
90.86	3.0
91.36	4.0
91.86	1.0
92.37	2.0
92.88	3.0
93.39	4.0
93.9	1.0
94.41	2.0
94.92	3.0
95.42	4.0
95.93	1.0
96.44	2.0
96.94	3.0
97.45	4.0
97.96	1.0
98.47	2.0
98.98	3.0
99.48	4.0
99.99	1.0
100.5	2.0
101.01	3.0
101.52	4.0
102.02	1.0
102.53	2.0
103.04	3.0
103.55	4.0
104.05	1.0
104.56	2.0
105.07	3.0
105.58	4.0
106.08	1.0
106.59	2.0
107.1	3.0
107.61	4.0
108.11	1.0
108.62	2.0
109.13	3.0
109.64	4.0
110.14	1.0
110.66	2.0
111.17	3.0
111.67	4.0
112.17	1.0
112.69	2.0
113.19	3.0
113.7	4.0
114.21	1.0
114.72	2.0
115.22	3.0
115.74	4.0
116.24	1.0
116.75	2.0
117.26	3.0
117.77	4.0
118.27	1.0
118.78	2.0
119.29	3.0
119.79	4.0
120.3	1.0
120.81	2.0
121.32	3.0
121.83	4.0
122.34	1.0
122.84	2.0
123.35	3.0
123.86	4.0
124.36	1.0
124.88	2.0
125.38	3.0
125.89	4.0
126.4	1.0
126.9	2.0
127.42	3.0
127.92	4.0
128.43	1.0
128.94	2.0
129.45	3.0
129.95	4.0
130.46	1.0
130.97	2.0
131.48	3.0
131.99	4.0
132.49	1.0
133.0	2.0
133.51	3.0
134.02	4.0
134.52	1.0
135.03	2.0
135.54	3.0
136.05	4.0
136.55	1.0
137.07	2.0
137.58	3.0
138.08	4.0
138.59	1.0
139.1	2.0
139.6	3.0
140.11	4.0
140.62	1.0
141.13	2.0
141.63	3.0
142.14	4.0
142.65	1.0
143.19	2.0
143.66	3.0
144.17	4.0
144.68	1.0
145.18	2.0
145.7	3.0
146.21	4.0
146.71	1.0
147.23	2.0
147.73	3.0
148.24	4.0
148.73	1.0
149.24	2.0
149.75	3.0
150.26	4.0
150.76	1.0
151.28	2.0
151.78	3.0
152.3	4.0
152.79	1.0
153.3	2.0
153.81	3.0
154.34	4.0
154.82	1.0
155.33	2.0
155.85	3.0
156.35	4.0
156.85	1.0
157.36	2.0
157.88	3.0
158.38	4.0
158.88	1.0
159.4	2.0
159.9	3.0
160.41	4.0
160.91	1.0
161.43	2.0
161.94	3.0
162.45	4.0
162.95	1.0
163.46	2.0
163.97	3.0
164.48	4.0
164.98	1.0
165.5	2.0
166.0	3.0
166.51	4.0
167.02	1.0
167.53	2.0
168.03	3.0
168.54	4.0
169.04	1.0
169.56	2.0
170.07	3.0
170.57	4.0
171.08	1.0
171.59	2.0
172.1	3.0
172.6	4.0
173.11	1.0
173.62	2.0
174.14	3.0
174.64	4.0
175.14	1.0
175.65	2.0
176.15	3.0
176.67	4.0
177.17	1.0
177.68	2.0
178.19	3.0
178.7	4.0
179.2	1.0
179.71	2.0
180.22	3.0
180.73	4.0
181.24	1.0
181.75	2.0
182.26	3.0
182.76	4.0
183.27	1.0
183.78	2.0
184.29	3.0
184.79	4.0
185.3	1.0
185.81	2.0
186.32	3.0
186.83	4.0
187.33	1.0
187.84	2.0
188.35	3.0
188.86	4.0
189.36	1.0
189.88	2.0
190.39	3.0
190.89	4.0
191.4	1.0
191.91	2.0
192.41	3.0
192.92	4.0
193.42	1.0
193.94	2.0
194.44	3.0
194.95	4.0
195.46	1.0
195.97	2.0
196.48	3.0
196.99	4.0
197.49	1.0
198.0	2.0
198.51	3.0
199.02	4.0
199.52	1.0
200.03	2.0
200.54	3.0
201.05	4.0
201.55	1.0
202.06	2.0
202.58	3.0
203.08	4.0
203.58	1.0
204.09	2.0
204.6	3.0
205.11	4.0
205.61	1.0
206.13	2.0
206.63	3.0
207.14	4.0
207.65	1.0
208.16	2.0
208.66	3.0
209.17	4.0
209.68	1.0
210.19	2.0
210.69	3.0
211.2	4.0
211.71	1.0
212.22	2.0
212.72	3.0
213.24	4.0
213.72	1.0
214.23	2.0
214.73	3.0
215.24	4.0
215.75	1.0
216.26	2.0
216.76	3.0
217.27	4.0
217.78	1.0
218.29	2.0
218.81	3.0
219.31	4.0
219.81	1.0
220.32	2.0
220.83	3.0
221.34	4.0
221.84	1.0
222.36	2.0
222.86	3.0
223.37	4.0
223.88	1.0
224.38	2.0
224.89	3.0
225.4	4.0
225.91	1.0
226.42	2.0
226.92	3.0
227.43	4.0
227.93	1.0