4.34	1.0
4.91	2.0
5.43	3.0
6.0	4.0
6.54	1.0
7.09	2.0
7.63	3.0
8.17	4.0
8.72	1.0
9.27	2.0
9.81	3.0
10.37	4.0
10.9	1.0
11.46	2.0
12.0	3.0
12.54	4.0
13.1	1.0
13.63	2.0
14.19	3.0
14.73	4.0
15.26	1.0
15.81	2.0
16.36	3.0
16.9	4.0
17.44	1.0
18.0	2.0
18.55	3.0
19.09	4.0
19.63	1.0
20.17	2.0
20.7	3.0
21.27	4.0
21.83	1.0
22.36	2.0
22.92	3.0
23.44	4.0
24.0	1.0
24.54	2.0
25.05	3.0
25.63	4.0
26.16	1.0
26.72	2.0
27.27	3.0
27.82	4.0
28.36	1.0
28.9	2.0
29.44	3.0
29.98	4.0
30.53	1.0
31.08	2.0
31.63	3.0
32.17	4.0
32.72	1.0
33.27	2.0
33.81	3.0
34.37	4.0
34.93	1.0
35.46	2.0
36.0	3.0
36.53	4.0
37.08	1.0
37.61	2.0
38.18	3.0
38.73	4.0
39.27	1.0
39.8	2.0
40.36	3.0
40.89	4.0
41.44	1.0
41.95	2.0
42.53	3.0
43.07	4.0
43.63	1.0
44.15	2.0
44.72	3.0
45.27	4.0
45.82	1.0
46.36	2.0
46.9	3.0
47.46	4.0
47.99	1.0
48.53	2.0
49.09	3.0
49.62	4.0
50.16	1.0
50.71	2.0
51.27	3.0
51.81	4.0
52.36	1.0
52.9	2.0
53.45	3.0
53.99	4.0
54.54	1.0
55.09	2.0
55.63	3.0
56.18	4.0
56.72	1.0
57.26	2.0
57.82	3.0
58.35	4.0
58.89	1.0
59.43	2.0
59.99	3.0
60.54	4.0
61.07	1.0
61.64	2.0
62.2	3.0
62.74	4.0
63.28	1.0
63.82	2.0
64.38	3.0
64.92	4.0
65.46	1.0
66.0	2.0
66.56	3.0
67.09	4.0
67.63	1.0
68.17	2.0
68.72	3.0
69.26	4.0
69.81	1.0
70.36	2.0
70.91	3.0
71.45	4.0
72.0	1.0
72.54	2.0
73.09	3.0
73.62	4.0
74.18	1.0
74.74	2.0
75.28	3.0
75.82	4.0
76.36	1.0
76.9	2.0
77.46	3.0
78.0	4.0
78.54	1.0
79.07	2.0
79.63	3.0
80.16	4.0
80.71	1.0
81.22	2.0
81.8	3.0
82.34	4.0
82.9	1.0
83.42	2.0
84.0	3.0
84.53	4.0
85.09	1.0
85.63	2.0
86.15	3.0
86.71	4.0
87.24	1.0
87.81	2.0
88.35	3.0
88.9	4.0
89.46	1.0
89.98	2.0
90.54	3.0
91.08	4.0
91.63	1.0
92.18	2.0
92.72	3.0
93.26	4.0
93.81	1.0
94.35	2.0
94.89	3.0
95.44	4.0
95.99	1.0
96.53	2.0
97.09	3.0
97.65	4.0
98.18	1.0
98.72	2.0
99.27	3.0
99.81	4.0
100.36	1.0
100.9	2.0
101.46	3.0
101.98	4.0
102.53	1.0
103.08	2.0
103.63	3.0
104.19	4.0
104.73	1.0
105.26	2.0
105.8	3.0
106.35	4.0
106.9	1.0
107.44	2.0
107.97	3.0
108.53	4.0
109.09	1.0
109.63	2.0
110.17	3.0
110.72	4.0
111.27	1.0
111.82	2.0
112.36	3.0
112.91	4.0
113.46	1.0
114.0	2.0
114.54	3.0
115.08	4.0
115.62	1.0
116.18	2.0
116.73	3.0
117.27	4.0
117.82	1.0
118.35	2.0
118.9	3.0
119.44	4.0
119.98	1.0
120.53	2.0
121.09	3.0
121.61	4.0
122.17	1.0
122.72	2.0
123.27	3.0
123.82	4.0
124.37	1.0
124.9	2.0
125.44	3.0
125.99	4.0
126.54	1.0
127.09	2.0
127.63	3.0
128.18	4.0
128.72	1.0
129.27	2.0
129.82	3.0
130.37	4.0
130.93	1.0
131.46	2.0
132.0	3.0
132.54	4.0
133.08	1.0
133.63	2.0
134.17	3.0
134.72	4.0
135.27	1.0
135.82	2.0
136.36	3.0
136.9	4.0
137.44	1.0
137.99	2.0
138.53	3.0
139.09	4.0
139.63	1.0
140.18	2.0
140.72	3.0
141.26	4.0
141.81	1.0
142.36	2.0
142.9	3.0
143.45	4.0
144.0	1.0
144.55	2.0
145.09	3.0
145.63	4.0
146.17	1.0
146.71	2.0
147.27	3.0
147.82	4.0
148.36	1.0
148.9	2.0
149.47	3.0
150.0	4.0
150.54	1.0
151.08	2.0
151.62	3.0
152.18	4.0
152.73	1.0
153.27	2.0
153.81	3.0
154.35	4.0
154.9	1.0
155.44	2.0
156.0	3.0
156.53	4.0
157.09	1.0
157.65	2.0
158.19	3.0
158.76	4.0
159.32	1.0
159.82	2.0
160.37	3.0
160.89	4.0
161.44	1.0
161.95	2.0
162.53	3.0
163.07	4.0
163.62	1.0
164.15	2.0
164.73	3.0
165.25	4.0
165.82	1.0
166.36	2.0
166.91	3.0
167.43	4.0
167.96	1.0
168.54	2.0
169.09	3.0
169.62	4.0
170.17	1.0
170.71	2.0
171.26	3.0
171.81	4.0
172.36	1.0
172.9	2.0
173.45	3.0
173.99	4.0
174.55	1.0
175.09	2.0
175.64	3.0
176.17	4.0
176.72	1.0
177.27	2.0
177.82	3.0
178.36	4.0
178.9	1.0
179.45	2.0
179.99	3.0
180.55	4.0
181.08	1.0
181.63	2.0
182.19	3.0
182.72	4.0
183.27	1.0
183.82	2.0
184.36	3.0
184.9	4.0
185.44	1.0