0.0	1.0
0.41	2.0
0.85	3.0
1.29	4.0
1.71	1.0
2.14	2.0
2.57	3.0
3.0	4.0
3.45	1.0
3.88	2.0
4.31	3.0
4.74	4.0
5.16	1.0
5.6	2.0
6.02	3.0
6.45	4.0
6.88	1.0
7.31	2.0
7.74	3.0
8.17	4.0
8.6	1.0
9.03	2.0
9.45	3.0
9.88	4.0
10.31	1.0
10.74	2.0
11.17	3.0
11.6	4.0
12.02	1.0
12.45	2.0
12.88	3.0
13.32	4.0
13.74	1.0
14.16	2.0
14.59	3.0
15.02	4.0
15.45	1.0
15.88	2.0
16.31	3.0
16.74	4.0
17.17	1.0
17.6	2.0
18.02	3.0
18.45	4.0
18.88	1.0
19.31	2.0
19.74	3.0
20.17	4.0
20.6	1.0
21.02	2.0
21.45	3.0
21.88	4.0
22.31	1.0
22.74	2.0
23.16	3.0
23.6	4.0
24.02	1.0
24.45	2.0
24.88	3.0
25.31	4.0
25.74	1.0
26.17	2.0
26.6	3.0
27.03	4.0
27.45	1.0
27.88	2.0
28.31	3.0
28.74	4.0
29.17	1.0
29.6	2.0
30.02	3.0
30.46	4.0
30.88	1.0
31.31	2.0
31.74	3.0
32.17	4.0
32.6	1.0
33.03	2.0
33.46	3.0
33.88	4.0
34.31	1.0
34.73	2.0
35.17	3.0
35.59	4.0
36.02	1.0
36.45	2.0
36.88	3.0
37.31	4.0
37.74	1.0
38.16	2.0
38.6	3.0
39.02	4.0
39.46	1.0
39.88	2.0
40.31	3.0
40.73	4.0
41.14	1.0
41.59	2.0
42.01	3.0
42.43	4.0
42.88	1.0
43.3	2.0
43.74	3.0
44.15	4.0
44.59	1.0
45.02	2.0
45.45	3.0
45.86	4.0
46.3	1.0
46.73	2.0
47.15	3.0
47.59	4.0
48.02	1.0
48.45	2.0
48.87	3.0
49.29	4.0
49.74	1.0
50.16	2.0
50.6	3.0
51.01	4.0
51.44	1.0
51.88	2.0
52.31	3.0
52.72	4.0
53.16	1.0
53.58	2.0
54.01	3.0
54.45	4.0
54.88	1.0
55.31	2.0
55.74	3.0
56.15	4.0
56.59	1.0
57.02	2.0
57.45	3.0
57.88	4.0
58.29	1.0
58.73	2.0
59.16	3.0
59.57	4.0
60.0	1.0
60.44	2.0
60.88	3.0
61.29	4.0
61.71	1.0
62.14	2.0
62.58	3.0
63.01	4.0
63.45	1.0
63.88	2.0
64.31	3.0
64.73	4.0
65.15	1.0
65.59	2.0
66.02	3.0
66.44	4.0
66.87	1.0
67.29	2.0
67.73	3.0
68.15	4.0
68.58	1.0
69.0	2.0
69.42	3.0
69.85	4.0
70.26	1.0
70.71	2.0
71.12	3.0
71.56	4.0
71.99	1.0
72.42	2.0
72.85	3.0
73.29	4.0
73.71	1.0
74.15	2.0
74.57	3.0
74.99	4.0
75.43	1.0
75.86	2.0
76.29	3.0
76.71	4.0
77.16	1.0
77.59	2.0
78.02	3.0
78.44	4.0
78.88	1.0
79.31	2.0
79.73	3.0
80.17	4.0
80.6	1.0
81.02	2.0
81.45	3.0
81.88	4.0
82.31	1.0
82.75	2.0
83.17	3.0
83.58	4.0
84.02	1.0
84.45	2.0
84.88	3.0
85.31	4.0
85.72	1.0
86.15	2.0
86.58	3.0
87.0	4.0
87.43	1.0
87.86	2.0
88.28	3.0
88.72	4.0
89.14	1.0
89.57	2.0
90.01	3.0
90.44	4.0
90.87	1.0
91.31	2.0
91.74	3.0
92.16	4.0
92.58	1.0
93.02	2.0
93.44	3.0
93.86	4.0
94.29	1.0
94.73	2.0
95.14	3.0
95.57	4.0
96.01	1.0
96.45	2.0
96.85	3.0
97.28	4.0
97.71	1.0
98.11	2.0
98.55	3.0
98.99	4.0
99.42	1.0
99.85	2.0
100.28	3.0
100.71	4.0
101.13	1.0
101.57	2.0
102.0	3.0
102.42	4.0
102.86	1.0
103.28	2.0
103.72	3.0
104.14	4.0
104.59	1.0
105.01	2.0
105.44	3.0
105.86	4.0
106.31	1.0
106.74	2.0
107.16	3.0
107.59	4.0
108.03	1.0
108.46	2.0
108.88	3.0
109.31	4.0
109.73	1.0
110.16	2.0
110.59	3.0
111.02	4.0
111.44	1.0
111.87	2.0
112.3	3.0
112.71	4.0
113.16	1.0
113.59	2.0
114.0	3.0
114.45	4.0
114.87	1.0
115.3	2.0
115.72	3.0
116.16	4.0
116.57	1.0
117.01	2.0
117.42	3.0
117.86	4.0
118.28	1.0
118.71	2.0
119.13	3.0
119.58	4.0
120.0	1.0
120.43	2.0
120.85	3.0
121.28	4.0
121.72	1.0
122.15	2.0
122.55	3.0
122.98	4.0
123.43	1.0
123.87	2.0
124.29	3.0
124.74	4.0
125.17	1.0
125.59	2.0
126.01	3.0
126.45	4.0
126.88	1.0
127.32	2.0
127.73	3.0
128.18	4.0
128.58	1.0
129.01	2.0
129.42	3.0
129.87	4.0
130.3	1.0
130.73	2.0
131.14	3.0
131.59	4.0
131.99	1.0
132.42	2.0
132.85	3.0
133.29	4.0
133.73	1.0
134.16	2.0
134.57	3.0
135.02	4.0
135.44	1.0
135.88	2.0
136.29	3.0
136.72	4.0
137.16	1.0
137.59	2.0
138.02	3.0
138.45	4.0
138.87	1.0
139.31	2.0
139.74	3.0
140.16	4.0
140.59	1.0
141.02	2.0
141.46	3.0
141.88	4.0
142.3	1.0
142.73	2.0
143.17	3.0
143.59	4.0
144.0	1.0
144.44	2.0
144.86	3.0
145.3	4.0
145.73	1.0
146.15	2.0
146.57	3.0
146.99	4.0
147.44	1.0
147.86	2.0
148.28	3.0
148.72	4.0
149.15	1.0
149.58	2.0
150.01	3.0
150.43	4.0
150.87	1.0
151.31	2.0
151.73	3.0
152.15	4.0
152.6	1.0
153.02	2.0
153.43	3.0
153.85	4.0
154.28	1.0
154.7	2.0
155.14	3.0
155.57	4.0
155.98	1.0
156.43	2.0
156.85	3.0
157.26	4.0
157.7	1.0
158.14	2.0
158.57	3.0
158.99	4.0
159.42	1.0
159.86	2.0
160.29	3.0
160.72	4.0
161.15	1.0
161.57	2.0
162.0	3.0
162.44	4.0
162.85	1.0
163.29	2.0
163.7	3.0
164.14	4.0
164.55	1.0
164.98	2.0
165.4	3.0
165.84	4.0
166.28	1.0
166.73	2.0
167.14	3.0
167.59	4.0
168.01	1.0
168.44	2.0
168.86	3.0
169.29	4.0
169.7	1.0
170.14	2.0
170.57	3.0
170.99	4.0
171.42	1.0
171.85	2.0
172.28	3.0
172.72	4.0
173.14	1.0
173.58	2.0
174.01	3.0
174.44	4.0
174.87	1.0
175.28	2.0
175.7	3.0
176.13	4.0
176.55	1.0
177.0	2.0
177.43	3.0
177.86	4.0
178.29	1.0
178.72	2.0
179.14	3.0
179.58	4.0
180.01	1.0
180.44	2.0
180.86	3.0
181.29	4.0
181.72	1.0
182.16	2.0
182.57	3.0
183.01	4.0
183.44	1.0
183.87	2.0
184.29	3.0
184.72	4.0
185.15	1.0
185.57	2.0
185.99	3.0
186.44	4.0
186.87	1.0
187.3	2.0
187.71	3.0
188.15	4.0
188.58	1.0
189.01	2.0
189.43	3.0
189.86	4.0
190.3	1.0
190.72	2.0
191.14	3.0
191.57	4.0
192.01	1.0
192.44	2.0
192.86	3.0
193.26	4.0
193.68	1.0
194.11	2.0
194.56	3.0
194.98	4.0
195.41	1.0
195.83	2.0
196.27	3.0
196.69	4.0
197.14	1.0
197.56	2.0
197.99	3.0
198.42	4.0
198.83	1.0
199.25	2.0
199.69	3.0
200.11	4.0
200.56	1.0
200.99	2.0
201.42	3.0
201.85	4.0
202.26	1.0
202.71	2.0
203.14	3.0