0.0	1.0
0.68	2.0
1.4	3.0
2.13	4.0
2.81	1.0
3.51	2.0
4.22	3.0
4.92	4.0
5.61	1.0
6.34	2.0
7.02	3.0
7.73	4.0
8.42	1.0
9.13	2.0
9.82	3.0
10.5	4.0
11.2	1.0
11.89	2.0
12.58	3.0
13.28	4.0
13.98	1.0
14.68	2.0
15.36	3.0
16.04	4.0
16.73	1.0
17.47	2.0
18.16	3.0
18.85	4.0
19.54	1.0
20.24	2.0
20.93	3.0
21.62	4.0
22.31	1.0
23.02	2.0
23.73	3.0
24.43	4.0
25.14	1.0
25.83	2.0
26.52	3.0
27.21	4.0
27.84	1.0
28.24	2.0
28.6	3.0
28.96	4.0
29.31	1.0
29.65	2.0
30.0	3.0
30.33	4.0
30.68	1.0
31.02	2.0
31.35	3.0
31.7	4.0
32.07	1.0
32.42	2.0
32.77	3.0
33.13	4.0
33.45	1.0
33.8	2.0
34.13	3.0
34.5	4.0
34.85	1.0
35.2	2.0
35.54	3.0
35.89	4.0
36.24	1.0
36.58	2.0
36.92	3.0
37.27	4.0
37.62	1.0
37.96	2.0
38.32	3.0
38.66	4.0
39.0	1.0
39.35	2.0
39.72	3.0
40.07	4.0
40.41	1.0
40.76	2.0
41.1	3.0
41.46	4.0
41.8	1.0
42.15	2.0
42.49	3.0
42.84	4.0
43.19	1.0
43.53	2.0
43.89	3.0
44.23	4.0
44.6	1.0
44.93	2.0
45.29	3.0
45.65	4.0
45.99	1.0
46.34	2.0
46.67	3.0
47.03	4.0
47.38	1.0
47.73	2.0
48.09	3.0
48.43	4.0
48.77	1.0
49.13	2.0
49.47	3.0
49.82	4.0
50.16	1.0
50.51	2.0
50.87	3.0