0.41	1.0
0.81	2.0
1.19	3.0
1.6	4.0
2.01	1.0
2.4	2.0
2.8	3.0
3.21	4.0
3.61	1.0
4.01	2.0
4.39	3.0
4.8	4.0
5.2	1.0
5.61	2.0
5.99	3.0
6.41	4.0
6.8	1.0
7.19	2.0
7.61	3.0
8.0	4.0
8.39	1.0
8.81	2.0
9.2	3.0
9.59	4.0
10.0	1.0
10.4	2.0
10.79	3.0
11.2	4.0
11.6	1.0
11.99	2.0
12.39	3.0
12.8	4.0
13.2	1.0
13.61	2.0
14.0	3.0
14.4	4.0
14.79	1.0
15.2	2.0
15.59	3.0
16.0	4.0
16.4	1.0
16.79	2.0
17.2	3.0
17.6	4.0
17.99	1.0
18.4	2.0
18.8	3.0
19.19	4.0
19.59	1.0
19.99	2.0
20.39	3.0
20.79	4.0
21.19	1.0
21.59	2.0
22.0	3.0
22.4	4.0
22.79	1.0
23.2	2.0
23.59	3.0
23.98	4.0
24.39	1.0
24.8	2.0
25.19	3.0
25.6	4.0
26.0	1.0
26.39	2.0
26.8	3.0
27.2	4.0
27.59	1.0
28.0	2.0
28.4	3.0
28.79	4.0
29.19	1.0
29.6	2.0
29.99	3.0
30.39	4.0
30.8	1.0
31.19	2.0
31.6	3.0
31.99	4.0
32.39	1.0
32.8	2.0
33.2	3.0
33.6	4.0
33.99	1.0
34.39	2.0
34.79	3.0
35.19	4.0
35.59	1.0
36.0	2.0
36.4	3.0
36.79	4.0
37.2	1.0
37.6	2.0
37.98	3.0
38.39	4.0
38.79	1.0
39.19	2.0
39.59	3.0
39.99	4.0
40.39	1.0
40.8	2.0
41.19	3.0
41.6	4.0
41.99	1.0
42.4	2.0
42.8	3.0
43.19	4.0
43.59	1.0
44.0	2.0
44.39	3.0
44.79	4.0
45.2	1.0
45.59	2.0
45.98	3.0
46.39	4.0
46.79	1.0
47.2	2.0
47.6	3.0
47.99	4.0
48.4	1.0
48.79	2.0
49.19	3.0
49.59	4.0
49.99	1.0
50.39	2.0
50.8	3.0
51.19	4.0
51.59	1.0
52.0	2.0
52.4	3.0
52.79	4.0
53.2	1.0
53.59	2.0
53.99	3.0
54.38	4.0
54.79	1.0
55.19	2.0
55.58	3.0
56.0	4.0
56.39	1.0
56.8	2.0
57.19	3.0
57.59	4.0
57.99	1.0
58.4	2.0
58.79	3.0
59.18	4.0
59.59	1.0
59.99	2.0
60.39	3.0
60.79	4.0
61.19	1.0
61.6	2.0
62.0	3.0
62.39	4.0
62.79	1.0
63.19	2.0
63.59	3.0
64.0	4.0
64.4	1.0
64.79	2.0
65.18	3.0
65.58	4.0
65.99	1.0
66.4	2.0
66.78	3.0
67.19	4.0
67.59	1.0
67.99	2.0
68.38	3.0
68.79	4.0
69.19	1.0
69.59	2.0
69.99	3.0
70.39	4.0
70.79	1.0
71.2	2.0
71.59	3.0
71.99	4.0
72.39	1.0
72.78	2.0
73.18	3.0
73.59	4.0
73.99	1.0
74.39	2.0
74.8	3.0
75.19	4.0
75.59	1.0
76.0	2.0
76.39	3.0
76.78	4.0
77.18	1.0
77.59	2.0
77.99	3.0
78.39	4.0
78.79	1.0
79.19	2.0
79.59	3.0
79.99	4.0
80.39	1.0
80.8	2.0
81.19	3.0
81.58	4.0
81.99	1.0
82.39	2.0
82.79	3.0
83.18	4.0
83.59	1.0
83.99	2.0
84.39	3.0
84.78	4.0
85.18	1.0
85.6	2.0
85.99	3.0
86.38	4.0
86.78	1.0
87.19	2.0
87.59	3.0
87.98	4.0
88.39	1.0
88.79	2.0
89.19	3.0
89.59	4.0
89.99	1.0
90.4	2.0
90.78	3.0
91.18	4.0
91.59	1.0
91.98	2.0
92.38	3.0
92.78	4.0
93.18	1.0
93.59	2.0
93.99	3.0
94.39	4.0
94.79	1.0
95.19	2.0
95.59	3.0
95.99	4.0
96.39	1.0
96.79	2.0
97.18	3.0
97.58	4.0
97.98	1.0
98.39	2.0
98.79	3.0
99.18	4.0
99.59	1.0
99.99	2.0
100.38	3.0
100.79	4.0
101.19	1.0
101.58	2.0
101.99	3.0
102.39	4.0
102.79	1.0
103.19	2.0
103.58	3.0
103.98	4.0
104.38	1.0
104.79	2.0
105.18	3.0
105.58	4.0
105.98	1.0
106.39	2.0
106.77	3.0
107.18	4.0
107.58	1.0
107.99	2.0
108.37	3.0
108.78	4.0
109.19	1.0
109.59	2.0
109.99	3.0
110.39	4.0
110.79	1.0
111.18	2.0
111.58	3.0
111.97	4.0
112.38	1.0
112.79	2.0
113.18	3.0
113.59	4.0
113.98	1.0
114.39	2.0
114.79	3.0
115.18	4.0
115.59	1.0
115.99	2.0
116.38	3.0
116.79	4.0
117.19	1.0
117.58	2.0
117.98	3.0
118.38	4.0
118.78	1.0
119.19	2.0
119.59	3.0
119.98	4.0
120.39	1.0
120.78	2.0
121.18	3.0
121.57	4.0
121.98	1.0
122.39	2.0
122.79	3.0
123.18	4.0
123.58	1.0
123.99	2.0
124.38	3.0
124.76	4.0
125.17	1.0
125.58	2.0
125.97	3.0
126.36	4.0
126.76	1.0
127.16	2.0
127.57	3.0
127.97	4.0
128.38	1.0
128.77	2.0
129.16	3.0
129.56	4.0
129.96	1.0
130.36	2.0
130.77	3.0
131.16	4.0
131.57	1.0
131.97	2.0
132.37	3.0
132.76	4.0
133.17	1.0
133.57	2.0
133.96	3.0
134.37	4.0
134.76	1.0
135.16	2.0
135.56	3.0
135.97	4.0
136.36	1.0
136.77	2.0
137.17	3.0
137.57	4.0
137.98	1.0
138.36	2.0
138.76	3.0
139.17	4.0
139.56	1.0
139.96	2.0
140.36	3.0
140.76	4.0
141.16	1.0
141.57	2.0
141.96	3.0
142.37	4.0
142.78	1.0
143.16	2.0
143.56	3.0
143.97	4.0
144.38	1.0
144.76	2.0
145.17	3.0
145.57	4.0
145.96	1.0
146.37	2.0
146.76	3.0
147.16	4.0
147.58	1.0
147.97	2.0
148.36	3.0
148.78	4.0
149.18	1.0
149.56	2.0
149.97	3.0
150.37	4.0
150.76	1.0
151.17	2.0
151.56	3.0
151.96	4.0
152.36	1.0
152.78	2.0
153.18	3.0
153.57	4.0
153.98	1.0
154.38	2.0
154.76	3.0
155.17	4.0
155.58	1.0
155.98	2.0
156.38	3.0
156.78	4.0
157.18	1.0
157.58	2.0
157.96	3.0
158.38	4.0
158.78	1.0
159.17	2.0
159.57	3.0
159.98	4.0
160.37	1.0
160.78	2.0
161.18	3.0
161.58	4.0
161.98	1.0
162.38	2.0
162.76	3.0
163.16	4.0
163.58	1.0
163.96	2.0
164.36	3.0
164.78	4.0
165.18	1.0
165.58	2.0
165.98	3.0
166.38	4.0
166.78	1.0
167.18	2.0
167.56	3.0
167.98	4.0
168.38	1.0
168.77	2.0
169.18	3.0
169.57	4.0
169.98	1.0
170.38	2.0
170.78	3.0
171.18	4.0
171.58	1.0
171.98	2.0
172.36	3.0
172.77	4.0
173.18	1.0
173.57	2.0
173.97	3.0
174.37	4.0
174.78	1.0
175.18	2.0
175.57	3.0
175.98	4.0
176.38	1.0
176.77	2.0
177.16	3.0
177.57	4.0
177.98	1.0
178.38	2.0
178.78	3.0
179.18	4.0
179.58	1.0
179.98	2.0
180.38	3.0
180.77	4.0
181.17	1.0
181.58	2.0
181.97	3.0
182.38	4.0
182.78	1.0
183.18	2.0
183.56	3.0
183.97	4.0
184.37	1.0
184.78	2.0
185.18	3.0
185.57	4.0
185.98	1.0
186.38	2.0
186.77	3.0
187.17	4.0
187.58	1.0
187.98	2.0
188.36	3.0
188.77	4.0
189.17	1.0
189.58	2.0
189.98	3.0
190.36	4.0
190.77	1.0
191.18	2.0
191.56	3.0
191.97	4.0
192.37	1.0
192.76	2.0
193.17	3.0
193.58	4.0
193.97	1.0
194.38	2.0
194.78	3.0
195.17	4.0
195.58	1.0
195.98	2.0
196.37	3.0
196.76	4.0
197.18	1.0
197.58	2.0
197.96	3.0
198.37	4.0
198.77	1.0
199.18	2.0
199.58	3.0
199.96	4.0
200.38	1.0
200.78	2.0
201.16	3.0
201.57	4.0
201.97	1.0
202.37	2.0
202.74	3.0
203.13	4.0
203.55	1.0
203.93	2.0
204.34	3.0
204.75	4.0
205.17	1.0