0.04	1.0
0.36	2.0
0.69	3.0
1.0	4.0
1.33	1.0
1.67	2.0
2.0	3.0
2.33	4.0
2.66	1.0
3.0	2.0
3.33	3.0
3.69	4.0
4.03	1.0
4.36	2.0
4.68	3.0
5.03	4.0
5.34	1.0
5.67	2.0
6.02	3.0
6.34	4.0
6.68	1.0
7.03	2.0
7.35	3.0
7.69	4.0
8.01	1.0
8.34	2.0
8.69	3.0
9.01	4.0
9.34	1.0
9.68	2.0
10.03	3.0
10.37	4.0
10.71	1.0
11.03	2.0
11.36	3.0
11.7	4.0
12.03	1.0
12.37	2.0
12.7	3.0
13.03	4.0
13.36	1.0
13.68	2.0
14.01	3.0
14.34	4.0
14.68	1.0
15.01	2.0
15.34	3.0
15.68	4.0
16.01	1.0
16.34	2.0
16.68	3.0
17.01	4.0
17.34	1.0
17.68	2.0
18.01	3.0
18.35	4.0
18.68	1.0
19.01	2.0
19.34	3.0
19.68	4.0
20.01	1.0
20.34	2.0
20.68	3.0
21.01	4.0
21.34	1.0
21.68	2.0
22.01	3.0
22.34	4.0
22.68	1.0
23.01	2.0
23.35	3.0
23.68	4.0
24.01	1.0
24.34	2.0
24.68	3.0
25.01	4.0
25.35	1.0
25.68	2.0
26.01	3.0
26.34	4.0
26.68	1.0
27.01	2.0
27.35	3.0
27.68	4.0
28.02	1.0
28.34	2.0
28.68	3.0
29.01	4.0
29.35	1.0
29.68	2.0
30.02	3.0
30.35	4.0
30.68	1.0
31.01	2.0
31.35	3.0
31.68	4.0
32.02	1.0
32.34	2.0
32.68	3.0
33.01	4.0
33.34	1.0
33.68	2.0
34.01	3.0
34.34	4.0
34.68	1.0
35.01	2.0
35.34	3.0
35.68	4.0
36.01	1.0
36.35	2.0
36.68	3.0
37.01	4.0
37.33	1.0
37.68	2.0
38.01	3.0
38.35	4.0
38.68	1.0
39.01	2.0
39.35	3.0
39.68	4.0
40.01	1.0
40.34	2.0
40.68	3.0
41.01	4.0
41.34	1.0
41.68	2.0
42.01	3.0
42.34	4.0
42.67	1.0
43.01	2.0
43.34	3.0
43.68	4.0
44.01	1.0
44.35	2.0
44.68	3.0
45.01	4.0
45.35	1.0
45.68	2.0
46.01	3.0
46.35	4.0
46.68	1.0
47.01	2.0
47.34	3.0
47.68	4.0
48.01	1.0
48.34	2.0
48.68	3.0
49.01	4.0
49.34	1.0
49.68	2.0
50.01	3.0
50.34	4.0
50.68	1.0
51.01	2.0
51.34	3.0
51.68	4.0
52.01	1.0
52.34	2.0
52.68	3.0
53.01	4.0
53.34	1.0
53.68	2.0
54.01	3.0
54.35	4.0
54.67	1.0
55.01	2.0
55.34	3.0
55.68	4.0
56.01	1.0
56.34	2.0
56.68	3.0
57.01	4.0
57.35	1.0
57.68	2.0
57.99	3.0
58.34	4.0
58.68	1.0
59.01	2.0
59.34	3.0
59.68	4.0
60.01	1.0
60.34	2.0
60.67	3.0
61.01	4.0
61.33	1.0
61.68	2.0
62.01	3.0
62.34	4.0
62.68	1.0
63.01	2.0
63.34	3.0
63.68	4.0
63.99	1.0
64.34	2.0
64.68	3.0
65.01	4.0
65.35	1.0
65.68	2.0
66.01	3.0
66.35	4.0
66.68	1.0
67.01	2.0
67.35	3.0
67.68	4.0
68.01	1.0
68.34	2.0
68.67	3.0
69.0	4.0
69.34	1.0
69.68	2.0
70.01	3.0
70.34	4.0
70.67	1.0
71.01	2.0
71.34	3.0
71.68	4.0
72.0	1.0
72.34	2.0
72.68	3.0
73.01	4.0
73.34	1.0
73.68	2.0
74.01	3.0
74.34	4.0
74.68	1.0
75.01	2.0
75.35	3.0
75.68	4.0
76.0	1.0
76.34	2.0
76.68	3.0
77.01	4.0
77.33	1.0
77.68	2.0
78.01	3.0
78.34	4.0
78.68	1.0
79.01	2.0
79.35	3.0
79.68	4.0
80.01	1.0
80.34	2.0
80.68	3.0
81.01	4.0
81.34	1.0
81.68	2.0
82.01	3.0
82.34	4.0
82.67	1.0
83.01	2.0
83.35	3.0
83.68	4.0
83.99	1.0
84.35	2.0
84.68	3.0
85.01	4.0
85.34	1.0
85.68	2.0
86.01	3.0
86.35	4.0
86.67	1.0
87.01	2.0
87.34	3.0
87.68	4.0
88.01	1.0
88.34	2.0
88.68	3.0
89.01	4.0
89.34	1.0
89.68	2.0
90.01	3.0
90.34	4.0
90.67	1.0
91.01	2.0
91.35	3.0
91.68	4.0
92.01	1.0
92.33	2.0
92.68	3.0
93.01	4.0
93.32	1.0
93.68	2.0
94.02	3.0
94.34	4.0
94.68	1.0
95.01	2.0
95.35	3.0
95.68	4.0
96.01	1.0
96.34	2.0
96.68	3.0
97.01	4.0
97.35	1.0
97.68	2.0
98.01	3.0
98.34	4.0
98.67	1.0
99.01	2.0
99.34	3.0
99.68	4.0
100.01	1.0
100.35	2.0
100.67	3.0
101.01	4.0
101.34	1.0
101.68	2.0
102.01	3.0
102.34	4.0
102.68	1.0
103.01	2.0
103.35	3.0
103.68	4.0
104.01	1.0
104.34	2.0
104.68	3.0
105.01	4.0
105.34	1.0
105.68	2.0
106.01	3.0
106.34	4.0
106.67	1.0
107.01	2.0
107.34	3.0
107.68	4.0
108.01	1.0
108.35	2.0
108.68	3.0
109.01	4.0
109.34	1.0
109.68	2.0
110.01	3.0
110.34	4.0
110.67	1.0
111.01	2.0
111.34	3.0
111.68	4.0
112.01	1.0
112.34	2.0
112.68	3.0
113.01	4.0
113.35	1.0
113.68	2.0
114.01	3.0
114.35	4.0
114.68	1.0
115.01	2.0
115.34	3.0
115.68	4.0
116.01	1.0
116.34	2.0
116.68	3.0
117.01	4.0
117.34	1.0
117.68	2.0
118.01	3.0
118.34	4.0
118.67	1.0
119.01	2.0
119.34	3.0
119.67	4.0
120.01	1.0
120.34	2.0
120.67	3.0
121.01	4.0
121.35	1.0
121.68	2.0
122.01	3.0
122.34	4.0
122.66	1.0
123.01	2.0
123.34	3.0
123.68	4.0
124.01	1.0
124.34	2.0
124.67	3.0
125.01	4.0
125.33	1.0
125.68	2.0
126.01	3.0
126.34	4.0
126.68	1.0
127.01	2.0
127.34	3.0
127.68	4.0
128.0	1.0
128.34	2.0
128.68	3.0
129.01	4.0
129.35	1.0
129.68	2.0
130.01	3.0
130.34	4.0
130.68	1.0
131.01	2.0
131.34	3.0
131.68	4.0
132.01	1.0
132.34	2.0
132.68	3.0
132.99	4.0
133.33	1.0
133.68	2.0
134.01	3.0
134.34	4.0
134.68	1.0
135.01	2.0
135.34	3.0
135.68	4.0
136.01	1.0
136.34	2.0
136.68	3.0
137.01	4.0
137.33	1.0
137.68	2.0
138.01	3.0
138.34	4.0
138.66	1.0
139.01	2.0
139.35	3.0
139.68	4.0
140.0	1.0
140.34	2.0
140.68	3.0
141.01	4.0
141.33	1.0
141.68	2.0
142.01	3.0
142.34	4.0
142.68	1.0
143.01	2.0
143.35	3.0
143.68	4.0
144.0	1.0
144.34	2.0
144.68	3.0
145.01	4.0
145.34	1.0
145.68	2.0
146.01	3.0
146.34	4.0
146.66	1.0
147.01	2.0
147.35	3.0
147.68	4.0
148.0	1.0
148.35	2.0
148.68	3.0
149.01	4.0
149.34	1.0
149.68	2.0
150.02	3.0
150.35	4.0
150.69	1.0
151.01	2.0
151.34	3.0
151.68	4.0
152.01	1.0
152.34	2.0
152.67	3.0
153.01	4.0
153.34	1.0
153.68	2.0
154.01	3.0
154.34	4.0
154.66	1.0
155.01	2.0
155.35	3.0
155.68	4.0
156.01	1.0
156.35	2.0
156.68	3.0
157.01	4.0
157.34	1.0
157.68	2.0
158.01	3.0
158.34	4.0
158.68	1.0
159.01	2.0
159.34	3.0
159.68	4.0
160.01	1.0
160.34	2.0
160.68	3.0
161.01	4.0
161.35	1.0
161.68	2.0
162.01	3.0
162.34	4.0
162.67	1.0
163.01	2.0
163.34	3.0
163.68	4.0
164.01	1.0
164.35	2.0
164.68	3.0
165.01	4.0
165.35	1.0
165.68	2.0
166.01	3.0
166.34	4.0
166.68	1.0
167.01	2.0
167.34	3.0
167.68	4.0
168.01	1.0
168.34	2.0
168.68	3.0
169.01	4.0
169.35	1.0
169.68	2.0
170.01	3.0
170.34	4.0
170.68	1.0
171.01	2.0
171.34	3.0
171.67	4.0
172.01	1.0
172.34	2.0
172.68	3.0
173.01	4.0
173.34	1.0
173.68	2.0
174.01	3.0
174.34	4.0
174.67	1.0
175.01	2.0
175.34	3.0
175.67	4.0
176.01	1.0
176.34	2.0
176.68	3.0
177.01	4.0
177.35	1.0
177.68	2.0
178.01	3.0
178.34	4.0
178.68	1.0
179.01	2.0
179.34	3.0
179.68	4.0
180.01	1.0
180.35	2.0
180.68	3.0
181.01	4.0
181.34	1.0
181.68	2.0
182.01	3.0
182.34	4.0
182.66	1.0
183.01	2.0
183.34	3.0
183.68	4.0
184.01	1.0
184.34	2.0
184.68	3.0
185.01	4.0
185.34	1.0
185.68	2.0
186.01	3.0
186.34	4.0
186.68	1.0
187.01	2.0
187.35	3.0
187.68	4.0
188.0	1.0
188.34	2.0
188.68	3.0
189.01	4.0
189.34	1.0
189.68	2.0
190.01	3.0
190.34	4.0
190.68	1.0
191.01	2.0
191.35	3.0
191.68	4.0
192.0	1.0
192.34	2.0
192.68	3.0
193.01	4.0
193.32	1.0
193.68	2.0
194.01	3.0
194.34	4.0
194.68	1.0
195.01	2.0
195.34	3.0
195.68	4.0
196.0	1.0
196.34	2.0
196.68	3.0
197.01	4.0
197.34	1.0
197.68	2.0
198.0	3.0
198.34	4.0
198.68	1.0
199.01	2.0
199.35	3.0
199.68	4.0
200.01	1.0
200.34	2.0
200.68	3.0
201.01	4.0
201.34	1.0
201.68	2.0
202.0	3.0
202.35	4.0
202.68	1.0
203.01	2.0
203.34	3.0
203.68	4.0
204.01	1.0
204.35	2.0
204.68	3.0
205.01	4.0
205.34	1.0
205.68	2.0
206.01	3.0
206.34	4.0
206.68	1.0
207.01	2.0
207.35	3.0
207.67	4.0
208.0	1.0
208.34	2.0
208.67	3.0
209.01	4.0
209.32	1.0
209.65	2.0
209.96	3.0
210.27	4.0
210.58	1.0
210.88	2.0
211.19	3.0
211.51	4.0
211.84	1.0
212.17	2.0
212.5	3.0
212.84	4.0
213.18	1.0
213.51	2.0
213.84	3.0
214.18	4.0
214.51	1.0
214.85	2.0
215.17	3.0
215.51	4.0
215.85	1.0
216.18	2.0
216.5	3.0
216.84	4.0
217.18	1.0
217.51	2.0
217.85	3.0
218.18	4.0
218.51	1.0
218.84	2.0
219.17	3.0
219.51	4.0
219.84	1.0
220.17	2.0
220.5	3.0
220.84	4.0
221.18	1.0
221.51	2.0
221.84	3.0
222.18	4.0
222.51	1.0
222.84	2.0
223.18	3.0
223.51	4.0
223.85	1.0
224.18	2.0
224.51	3.0
224.84	4.0
225.18	1.0
225.51	2.0
225.84	3.0
226.17	4.0
226.51	1.0
226.85	2.0
227.18	3.0
227.51	4.0
227.85	1.0
228.18	2.0
228.5	3.0
228.84	4.0
229.18	1.0
229.51	2.0
229.85	3.0
230.18	4.0
230.51	1.0
230.84	2.0
231.18	3.0
231.51	4.0
231.84	1.0
232.18	2.0
232.51	3.0
232.85	4.0
233.18	1.0
233.51	2.0
233.84	3.0
234.18	4.0
234.51	1.0
234.85	2.0
235.18	3.0
235.51	4.0
235.84	1.0
236.18	2.0
236.51	3.0
236.84	4.0
237.18	1.0
237.51	2.0
237.84	3.0
238.18	4.0
238.51	1.0
238.84	2.0
239.18	3.0
239.51	4.0
239.84	1.0
240.18	2.0
240.5	3.0
240.85	4.0
241.18	1.0
241.51	2.0
241.84	3.0
242.17	4.0