0.0	1.0
0.47	2.0
0.93	3.0
1.41	4.0
1.87	1.0
2.34	2.0
2.81	3.0
3.28	4.0
3.74	1.0
4.22	2.0
4.68	3.0
5.15	4.0
5.62	1.0
6.09	2.0
6.56	3.0
7.03	4.0
7.49	1.0
7.97	2.0
8.43	3.0
8.9	4.0
9.37	1.0
9.84	2.0
10.31	3.0
10.78	4.0
11.25	1.0
11.72	2.0
12.18	3.0
12.65	4.0
13.12	1.0
13.59	2.0
14.07	3.0
14.53	4.0
14.99	1.0
15.46	2.0
15.94	3.0
16.4	4.0
16.87	1.0
17.34	2.0
17.82	3.0
18.28	4.0
18.75	1.0
19.22	2.0
19.68	3.0
20.15	4.0
20.62	1.0
21.09	2.0
21.57	3.0
22.03	4.0
22.49	1.0
22.97	2.0
23.43	3.0
23.9	4.0
24.37	1.0
24.84	2.0
25.31	3.0
25.78	4.0
26.25	1.0
26.72	2.0
27.18	3.0
27.65	4.0
28.12	1.0
28.59	2.0
29.06	3.0
29.53	4.0
30.0	1.0
30.46	2.0
30.93	3.0
31.4	4.0
31.87	1.0
32.34	2.0
32.81	3.0
33.28	4.0
33.75	1.0
34.22	2.0
34.68	3.0
35.15	4.0
35.62	1.0
36.09	2.0
36.56	3.0
37.03	4.0
37.5	1.0
37.97	2.0
38.43	3.0
38.9	4.0
39.37	1.0
39.84	2.0
40.3	3.0
40.77	4.0
41.24	1.0
41.71	2.0
42.18	3.0
42.65	4.0
43.12	1.0
43.59	2.0
44.06	3.0
44.53	4.0
44.99	1.0
45.46	2.0
45.93	3.0
46.4	4.0
46.87	1.0
47.34	2.0
47.81	3.0
48.28	4.0
48.74	1.0
49.21	2.0
49.68	3.0
50.15	4.0
50.62	1.0
51.09	2.0
51.56	3.0
52.02	4.0
52.49	1.0
52.96	2.0
53.43	3.0
53.9	4.0
54.37	1.0
54.84	2.0
55.31	3.0
55.77	4.0
56.24	1.0
56.71	2.0
57.18	3.0
57.65	4.0
58.12	1.0
58.58	2.0
59.06	3.0
59.52	4.0
59.99	1.0
60.46	2.0
60.93	3.0
61.4	4.0
61.87	1.0
62.33	2.0
62.81	3.0
63.27	4.0
63.74	1.0
64.21	2.0
64.68	3.0
65.15	4.0
65.61	1.0
66.08	2.0
66.56	3.0
67.02	4.0
67.49	1.0
67.96	2.0
68.43	3.0
68.9	4.0
69.37	1.0
69.84	2.0
70.31	3.0
70.78	4.0
71.25	1.0
71.71	2.0
72.18	3.0
72.65	4.0
73.11	1.0
73.59	2.0
74.06	3.0
74.53	4.0
74.99	1.0
75.46	2.0
75.93	3.0
76.4	4.0
76.87	1.0
77.34	2.0
77.81	3.0
78.28	4.0
78.74	1.0
79.21	2.0
79.68	3.0
80.15	4.0
80.62	1.0
81.09	2.0
81.56	3.0
82.03	4.0
82.49	1.0
82.96	2.0
83.43	3.0
83.9	4.0
84.37	1.0
84.84	2.0
85.31	3.0
85.78	4.0
86.23	1.0
86.71	2.0
87.18	3.0
87.65	4.0
88.12	1.0
88.59	2.0
89.06	3.0
89.53	4.0
89.99	1.0
90.47	2.0
90.93	3.0
91.4	4.0
91.87	1.0
92.34	2.0
92.81	3.0
93.28	4.0
93.75	1.0
94.21	2.0
94.68	3.0
95.15	4.0
95.62	1.0
96.09	2.0
96.56	3.0
97.03	4.0
97.49	1.0
97.96	2.0
98.43	3.0
98.9	4.0
99.37	1.0
99.84	2.0
100.31	3.0
100.78	4.0
101.24	1.0
101.71	2.0
102.18	3.0
102.65	4.0
103.12	1.0
103.59	2.0
104.06	3.0
104.53	4.0
105.0	1.0
105.46	2.0
105.93	3.0
106.4	4.0
106.87	1.0
107.34	2.0
107.81	3.0
108.28	4.0
108.74	1.0
109.22	2.0
109.68	3.0
110.15	4.0
110.62	1.0
111.09	2.0
111.56	3.0
112.03	4.0
112.49	1.0
112.96	2.0
113.43	3.0
113.9	4.0
114.37	1.0
114.84	2.0
115.3	3.0
115.77	4.0
116.24	1.0
116.71	2.0
117.18	3.0
117.65	4.0
118.12	1.0
118.59	2.0
119.06	3.0
119.52	4.0
119.99	1.0
120.46	2.0
120.93	3.0
121.4	4.0
121.87	1.0
122.34	2.0
122.81	3.0
123.28	4.0
123.74	1.0
124.21	2.0
124.68	3.0
125.15	4.0
125.62	1.0
126.09	2.0
126.56	3.0
127.03	4.0
127.49	1.0
127.96	2.0
128.43	3.0
128.9	4.0
129.37	1.0
129.84	2.0
130.31	3.0
130.78	4.0
131.24	1.0
131.71	2.0
132.18	3.0
132.65	4.0
133.12	1.0
133.59	2.0
134.06	3.0
134.52	4.0
134.99	1.0
135.46	2.0
135.93	3.0
136.4	4.0
136.86	1.0
137.33	2.0
137.81	3.0
138.27	4.0
138.75	1.0
139.21	2.0
139.68	3.0
140.15	4.0
140.61	1.0
141.09	2.0
141.56	3.0
142.02	4.0
142.49	1.0
142.96	2.0
143.43	3.0
143.9	4.0
144.37	1.0
144.84	2.0
145.31	3.0
145.78	4.0
146.25	1.0
146.71	2.0
147.18	3.0
147.65	4.0
148.12	1.0
148.59	2.0
149.06	3.0
149.53	4.0
149.99	1.0
150.46	2.0
150.93	3.0
151.4	4.0
151.87	1.0
152.34	2.0
152.81	3.0
153.28	4.0
153.74	1.0
154.21	2.0
154.68	3.0
155.15	4.0
155.62	1.0
156.09	2.0
156.56	3.0
157.03	4.0
157.49	1.0
157.96	2.0
158.43	3.0
158.9	4.0
159.37	1.0
159.84	2.0
160.31	3.0
160.78	4.0
161.23	1.0
161.72	2.0
162.19	3.0
162.65	4.0
163.12	1.0
163.6	2.0
164.07	3.0
164.54	4.0
164.99	1.0
165.46	2.0
165.93	3.0
166.39	4.0
166.87	1.0
167.34	2.0
167.8	3.0
168.28	4.0
168.74	1.0
169.21	2.0
169.68	3.0
170.15	4.0
170.62	1.0
171.09	2.0
171.56	3.0
172.03	4.0
172.49	1.0
172.96	2.0
173.43	3.0
173.9	4.0
174.37	1.0
174.84	2.0
175.31	3.0
175.78	4.0
176.24	1.0
176.72	2.0
177.18	3.0
177.65	4.0
178.12	1.0
178.59	2.0
179.06	3.0
179.53	4.0
180.0	1.0
180.47	2.0
180.93	3.0
181.4	4.0
181.87	1.0
182.34	2.0
182.8	3.0
183.27	4.0
183.74	1.0
184.21	2.0
184.68	3.0
185.15	4.0
185.62	1.0
186.09	2.0
186.56	3.0
187.03	4.0
187.49	1.0
187.96	2.0
188.43	3.0
188.9	4.0
189.37	1.0
189.84	2.0
190.31	3.0
190.77	4.0
191.24	1.0
191.71	2.0
192.18	3.0
192.65	4.0
193.12	1.0
193.59	2.0
194.06	3.0
194.53	4.0
194.99	1.0
195.46	2.0
195.93	3.0
196.4	4.0
196.87	1.0
197.34	2.0
197.81	3.0
198.27	4.0
198.74	1.0
199.21	2.0
199.68	3.0
200.15	4.0
200.62	1.0
201.09	2.0
201.56	3.0
202.03	4.0
202.49	1.0
202.96	2.0
203.43	3.0
203.9	4.0
204.37	1.0
204.84	2.0
205.31	3.0
205.77	4.0
206.24	1.0
206.71	2.0
207.18	3.0
207.65	4.0
208.12	1.0
208.59	2.0
209.06	3.0
209.53	4.0
209.99	1.0
210.46	2.0
210.93	3.0
211.4	4.0
211.87	1.0
212.34	2.0
212.81	3.0
213.28	4.0
213.73	1.0
214.19	2.0