1.42	1.0
1.78	2.0
2.14	3.0
2.49	4.0
2.85	1.0
3.21	2.0
3.57	3.0
3.92	4.0
4.28	1.0
4.64	2.0
5.0	3.0
5.36	4.0
5.72	1.0
6.07	2.0
6.43	3.0
6.78	4.0
7.14	1.0
7.5	2.0
7.86	3.0
8.21	4.0
8.57	1.0
8.93	2.0
9.29	3.0
9.64	4.0
10.0	1.0
10.36	2.0
10.72	3.0
11.07	4.0
11.43	1.0
11.79	2.0
12.14	3.0
12.5	4.0
12.86	1.0
13.22	2.0
13.57	3.0
13.93	4.0
14.29	1.0
14.64	2.0
15.0	3.0
15.36	4.0
15.71	1.0
16.07	2.0
16.43	3.0
16.79	4.0
17.14	1.0
17.5	2.0
17.86	3.0
18.21	4.0
18.57	1.0
18.93	2.0
19.29	3.0
19.64	4.0
20.0	1.0
20.36	2.0
20.72	3.0
21.07	4.0
21.43	1.0
21.78	2.0
22.14	3.0
22.5	4.0
22.86	1.0
23.21	2.0
23.57	3.0
23.93	4.0
24.28	1.0
24.64	2.0
25.0	3.0
25.36	4.0
25.71	1.0
26.07	2.0
26.43	3.0
26.79	4.0
27.14	1.0
27.5	2.0
27.86	3.0
28.21	4.0
28.57	1.0
28.93	2.0
29.29	3.0
29.64	4.0
30.0	1.0
30.36	2.0
30.71	3.0
31.07	4.0
31.43	1.0
31.79	2.0
32.14	3.0
32.5	4.0
32.86	1.0
33.22	2.0
33.57	3.0
33.93	4.0
34.29	1.0
34.65	2.0
35.0	3.0
35.36	4.0
35.71	1.0
36.07	2.0
36.43	3.0
36.79	4.0
37.14	1.0
37.5	2.0
37.86	3.0
38.22	4.0
38.57	1.0
38.93	2.0
39.29	3.0
39.64	4.0
40.0	1.0
40.36	2.0
40.71	3.0
41.07	4.0
41.43	1.0
41.78	2.0
42.14	3.0
42.5	4.0
42.86	1.0
43.21	2.0
43.57	3.0
43.93	4.0
44.29	1.0
44.64	2.0
45.0	3.0
45.36	4.0
45.71	1.0
46.07	2.0
46.43	3.0
46.78	4.0
47.14	1.0
47.5	2.0
47.86	3.0
48.21	4.0
48.57	1.0
48.93	2.0
49.29	3.0
49.64	4.0
50.0	1.0
50.36	2.0
50.71	3.0
51.07	4.0
51.43	1.0
51.79	2.0
52.14	3.0
52.5	4.0
52.85	1.0
53.21	2.0
53.57	3.0
53.93	4.0
54.28	1.0
54.64	2.0
55.0	3.0
55.36	4.0
55.71	1.0
56.07	2.0
56.43	3.0
56.78	4.0
57.14	1.0
57.5	2.0
57.85	3.0
58.21	4.0
58.57	1.0
58.93	2.0
59.28	3.0
59.64	4.0
60.0	1.0
60.36	2.0
60.71	3.0
61.07	4.0
61.43	1.0
61.78	2.0
62.14	3.0
62.5	4.0
62.86	1.0
63.21	2.0
63.57	3.0
63.93	4.0
64.29	1.0
64.64	2.0
65.0	3.0
65.36	4.0
65.71	1.0
66.07	2.0
66.43	3.0
66.79	4.0
67.14	1.0
67.5	2.0
67.86	3.0
68.21	4.0
68.57	1.0
68.93	2.0
69.28	3.0
69.64	4.0
70.0	1.0
70.36	2.0
70.71	3.0
71.07	4.0
71.43	1.0
71.78	2.0
72.14	3.0
72.5	4.0
72.86	1.0
73.21	2.0
73.57	3.0
73.93	4.0
74.28	1.0
74.64	2.0
75.0	3.0
75.36	4.0
75.71	1.0
76.07	2.0
76.43	3.0
76.78	4.0
77.14	1.0
77.5	2.0
77.86	3.0
78.22	4.0
78.57	1.0
78.93	2.0
79.29	3.0
79.64	4.0
80.0	1.0
80.36	2.0
80.71	3.0
81.07	4.0
81.43	1.0
81.78	2.0
82.14	3.0
82.5	4.0
82.85	1.0
83.21	2.0
83.57	3.0
83.93	4.0
84.29	1.0
84.65	2.0
85.0	3.0
85.36	4.0
85.72	1.0
86.07	2.0
86.43	3.0
86.79	4.0
87.14	1.0
87.5	2.0
87.86	3.0
88.21	4.0
88.57	1.0
88.93	2.0
89.29	3.0
89.64	4.0
90.0	1.0
90.36	2.0
90.72	3.0
91.07	4.0
91.43	1.0
91.79	2.0
92.14	3.0
92.5	4.0
92.86	1.0
93.21	2.0
93.57	3.0
93.93	4.0
94.29	1.0
94.64	2.0
95.0	3.0
95.36	4.0
95.71	1.0
96.07	2.0
96.43	3.0
96.78	4.0
97.14	1.0
97.5	2.0
97.86	3.0
98.21	4.0
98.57	1.0
98.93	2.0
99.29	3.0
99.64	4.0
100.0	1.0
100.36	2.0
100.71	3.0
101.07	4.0
101.43	1.0
101.79	2.0
102.14	3.0
102.5	4.0
102.86	1.0
103.22	2.0
103.57	3.0
103.93	4.0
104.29	1.0
104.64	2.0
105.0	3.0
105.36	4.0
105.71	1.0
106.07	2.0
106.43	3.0
106.79	4.0
107.14	1.0
107.5	2.0
107.86	3.0
108.22	4.0
108.57	1.0
108.93	2.0
109.29	3.0
109.65	4.0
110.0	1.0
110.36	2.0
110.72	3.0
111.07	4.0
111.43	1.0
111.79	2.0
112.15	3.0
112.5	4.0
112.86	1.0
113.22	2.0
113.57	3.0
113.93	4.0
114.29	1.0
114.65	2.0
115.0	3.0
115.36	4.0
115.72	1.0
116.07	2.0
116.43	3.0
116.79	4.0
117.14	1.0
117.5	2.0
117.86	3.0
118.21	4.0
118.57	1.0
118.93	2.0
119.29	3.0
119.64	4.0
120.0	1.0
120.36	2.0
120.72	3.0
121.07	4.0
121.43	1.0
121.79	2.0
122.14	3.0
122.5	4.0
122.86	1.0
123.22	2.0
123.57	3.0
123.93	4.0
124.29	1.0
124.64	2.0
125.0	3.0
125.36	4.0
125.72	1.0
126.07	2.0
126.43	3.0
126.79	4.0
127.14	1.0
127.5	2.0
127.86	3.0
128.21	4.0
128.57	1.0
128.93	2.0
129.29	3.0
129.64	4.0
130.0	1.0
130.36	2.0
130.71	3.0
131.07	4.0
131.43	1.0
131.78	2.0
132.14	3.0
132.5	4.0
132.86	1.0
133.21	2.0
133.57	3.0
133.93	4.0
134.28	1.0
134.64	2.0
135.0	3.0
135.36	4.0
135.71	1.0
136.07	2.0
136.43	3.0
136.79	4.0
137.14	1.0
137.5	2.0
137.86	3.0
138.21	4.0
138.57	1.0
138.93	2.0
139.29	3.0
139.64	4.0
140.0	1.0
140.36	2.0
140.71	3.0
141.07	4.0
141.43	1.0
141.79	2.0
142.14	3.0
142.5	4.0
142.86	1.0
143.21	2.0
143.57	3.0
143.93	4.0
144.29	1.0
144.64	2.0
145.0	3.0
145.36	4.0
145.72	1.0
146.07	2.0
146.43	3.0
146.79	4.0
147.14	1.0
147.5	2.0
147.86	3.0
148.21	4.0
148.57	1.0
148.93	2.0
149.29	3.0
149.64	4.0
150.0	1.0
150.36	2.0
150.71	3.0
151.07	4.0
151.43	1.0
151.78	2.0
152.14	3.0
152.5	4.0
152.86	1.0
153.21	2.0
153.57	3.0
153.93	4.0
154.29	1.0
154.65	2.0
155.0	3.0
155.36	4.0
155.71	1.0