0.01	1.0
0.52	2.0
1.04	3.0
1.58	4.0
2.08	1.0
2.6	2.0
3.13	3.0
3.65	4.0
4.18	1.0
4.7	2.0
5.22	3.0
5.74	4.0
6.26	1.0
6.79	2.0
7.31	3.0
7.83	4.0
8.35	1.0
8.87	2.0
9.4	3.0
9.92	4.0
10.44	1.0
10.96	2.0
11.48	3.0
12.0	4.0
12.52	1.0
13.04	2.0
13.57	3.0
14.09	4.0
14.61	1.0
15.13	2.0
15.66	3.0
16.17	4.0
16.7	1.0
17.21	2.0
17.74	3.0
18.26	4.0
18.78	1.0
19.3	2.0
19.83	3.0
20.35	4.0
20.87	1.0
21.39	2.0
21.92	3.0
22.43	4.0
22.96	1.0
23.48	2.0
24.0	3.0
24.52	4.0
25.05	1.0
25.56	2.0
26.09	3.0
26.61	4.0
27.13	1.0
27.65	2.0
28.18	3.0
28.7	4.0
29.22	1.0
29.74	2.0
30.26	3.0
30.78	4.0
31.31	1.0
31.83	2.0
32.35	3.0
32.87	4.0
33.39	1.0
33.91	2.0
34.44	3.0
34.95	4.0
35.48	1.0
36.0	2.0
36.52	3.0
37.04	4.0
37.57	1.0
38.09	2.0
38.61	3.0
39.13	4.0
39.66	1.0
40.17	2.0
40.7	3.0
41.22	4.0
41.74	1.0
42.26	2.0
42.79	3.0
43.3	4.0
43.83	1.0
44.35	2.0
44.87	3.0
45.4	4.0
45.94	1.0
46.47	2.0
46.96	3.0
47.48	4.0
48.0	1.0
48.52	2.0
49.0	3.0
49.51	4.0
50.05	1.0
50.58	2.0
51.12	3.0
51.65	4.0
52.18	1.0
52.68	2.0
53.21	3.0
53.74	4.0
54.27	1.0
54.8	2.0
55.32	3.0
55.83	4.0
56.36	1.0
56.88	2.0
57.4	3.0
57.93	4.0
58.44	1.0
58.97	2.0
59.49	3.0
60.02	4.0
60.53	1.0
61.06	2.0
61.58	3.0
62.1	4.0
62.62	1.0
63.15	2.0
63.66	3.0
64.19	4.0
64.7	1.0
65.24	2.0
65.75	3.0
66.27	4.0
66.79	1.0
67.31	2.0
67.84	3.0
68.36	4.0
68.88	1.0
69.4	2.0
69.92	3.0
70.44	4.0
70.97	1.0
71.49	2.0
72.01	3.0
72.53	4.0
73.05	1.0
73.58	2.0
74.1	3.0
74.62	4.0
75.13	1.0
75.65	2.0
76.16	3.0
76.7	4.0
77.23	1.0
77.74	2.0
78.25	3.0
78.78	4.0
79.31	1.0
79.83	2.0
80.35	3.0
80.87	4.0
81.39	1.0
81.91	2.0
82.44	3.0
82.96	4.0
83.48	1.0
84.0	2.0
84.52	3.0
85.04	4.0
85.57	1.0
86.09	2.0
86.61	3.0
87.13	4.0
87.66	1.0
88.17	2.0
88.7	3.0
89.22	4.0
89.74	1.0
90.26	2.0
90.79	3.0
91.31	4.0
91.83	1.0
92.35	2.0
92.87	3.0
93.39	4.0
93.91	1.0
94.44	2.0
94.96	3.0
95.48	4.0
96.0	1.0
96.52	2.0
97.05	3.0
97.56	4.0
98.09	1.0
98.61	2.0
99.13	3.0
99.65	4.0
100.18	1.0
100.7	2.0
101.22	3.0
101.74	4.0
102.26	1.0
102.78	2.0
103.31	3.0
103.83	4.0
104.35	1.0
104.87	2.0
105.39	3.0
105.91	4.0
106.43	1.0
106.96	2.0
107.48	3.0
108.0	4.0
108.52	1.0
109.04	2.0
109.57	3.0
110.09	4.0
110.61	1.0
111.13	2.0
111.66	3.0
112.18	4.0
112.72	1.0
113.24	2.0
113.76	3.0
114.29	4.0
114.79	1.0
115.32	2.0
115.84	3.0
116.37	4.0
116.88	1.0
117.4	2.0
117.93	3.0
118.46	4.0
118.97	1.0
119.49	2.0
120.01	3.0
120.54	4.0
121.05	1.0
121.58	2.0
122.09	3.0
122.61	4.0
123.13	1.0
123.66	2.0
124.17	3.0
124.7	4.0
125.22	1.0
125.74	2.0
126.26	3.0
126.79	4.0
127.31	1.0
127.83	2.0
128.35	3.0
128.87	4.0
129.39	1.0
129.92	2.0
130.44	3.0
130.96	4.0
131.48	1.0
132.0	2.0
132.53	3.0
133.05	4.0
133.57	1.0
134.09	2.0
134.61	3.0
135.13	4.0
135.66	1.0
136.17	2.0
136.7	3.0
137.22	4.0
137.74	1.0
138.26	2.0
138.79	3.0
139.31	4.0
139.83	1.0
140.35	2.0
140.87	3.0
141.4	4.0
141.92	1.0
142.44	2.0
142.96	3.0
143.48	4.0
144.0	1.0
144.52	2.0
145.05	3.0
145.57	4.0
146.09	1.0
146.61	2.0
147.13	3.0
147.65	4.0
148.17	1.0
148.7	2.0
149.22	3.0
149.74	4.0
150.26	1.0
150.78	2.0
151.3	3.0
151.83	4.0
152.35	1.0
152.87	2.0
153.39	3.0
153.92	4.0
154.44	1.0
154.96	2.0
155.48	3.0
156.0	4.0
156.52	1.0
157.05	2.0
157.56	3.0
158.09	4.0
158.61	1.0
159.13	2.0
159.65	3.0
160.18	4.0
160.7	1.0
161.22	2.0
161.74	3.0
162.27	4.0
162.79	1.0
163.32	2.0
163.84	3.0
164.35	4.0
164.87	1.0
165.41	2.0
165.92	3.0
166.44	4.0
166.96	1.0
167.49	2.0
168.01	3.0
168.54	4.0
169.05	1.0
169.57	2.0
170.1	3.0
170.62	4.0
171.14	1.0
171.66	2.0
172.19	3.0
172.7	4.0
173.22	1.0
173.75	2.0
174.27	3.0
174.79	4.0
175.3	1.0
175.83	2.0
176.36	3.0
176.88	4.0
177.4	1.0
177.92	2.0
178.44	3.0
178.96	4.0
179.48	1.0
180.01	2.0
180.53	3.0
181.05	4.0
181.57	1.0
182.1	2.0
182.62	3.0
183.14	4.0
183.66	1.0
184.18	2.0
184.7	3.0
185.22	4.0
185.75	1.0
186.27	2.0
186.79	3.0
187.33	4.0
187.83	1.0
188.35	2.0
188.87	3.0
189.4	4.0
189.92	1.0
190.44	2.0
190.96	3.0
191.48	4.0
192.0	1.0
192.53	2.0
193.05	3.0
193.57	4.0
194.09	1.0
194.61	2.0
195.14	3.0
195.66	4.0
196.18	1.0
196.7	2.0
197.22	3.0
197.74	4.0
198.26	1.0
198.79	2.0
199.31	3.0
199.83	4.0
200.35	1.0
200.87	2.0
201.4	3.0
201.92	4.0
202.44	1.0
202.96	2.0
203.48	3.0
204.01	4.0
204.52	1.0
205.05	2.0
205.57	3.0
206.09	4.0
206.61	1.0
207.13	2.0
207.66	3.0
208.18	4.0
208.7	1.0
209.22	2.0
209.74	3.0
210.26	4.0
210.79	1.0
211.31	2.0
211.83	3.0
212.35	4.0
212.88	1.0
213.4	2.0
213.92	3.0
214.44	4.0
214.96	1.0
215.48	2.0
216.0	3.0
216.53	4.0
217.05	1.0
217.57	2.0
218.09	3.0
218.61	4.0
219.14	1.0
219.65	2.0
220.18	3.0
220.7	4.0
221.22	1.0
221.74	2.0
222.26	3.0
222.78	4.0
223.31	1.0
223.83	2.0
224.35	3.0
224.87	4.0
225.39	1.0
225.91	2.0
226.44	3.0
226.96	4.0
227.48	1.0
228.0	2.0
228.52	3.0
229.05	4.0
229.56	1.0