0.0	3.0
0.43	4.0
0.88	1.0
1.35	2.0
1.77	3.0
2.22	4.0
2.66	1.0
3.11	2.0
3.55	3.0
3.97	4.0
4.43	1.0
4.86	2.0
5.31	3.0
5.77	4.0
6.23	1.0
6.67	2.0
7.1	3.0
7.54	4.0
7.99	1.0
8.43	2.0
8.89	3.0
9.34	4.0
9.78	1.0
10.24	2.0
10.68	3.0
11.13	4.0
11.57	1.0
12.01	2.0
12.45	3.0
12.9	4.0
13.34	1.0
13.79	2.0
14.23	3.0
14.67	4.0
15.12	1.0
15.57	2.0
16.0	3.0
16.46	4.0
16.9	1.0
17.34	2.0
17.77	3.0
18.22	4.0
18.66	1.0
19.11	2.0
19.56	3.0
20.0	4.0
20.44	1.0
20.89	2.0
21.34	3.0
21.78	4.0
22.22	1.0
22.67	2.0
23.12	3.0
23.56	4.0
24.0	1.0
24.44	2.0
24.89	3.0
25.33	4.0
25.78	1.0
26.22	2.0
26.67	3.0
27.11	4.0
27.55	1.0
28.0	2.0
28.45	3.0
28.89	4.0
29.33	1.0
29.78	2.0
30.23	3.0
30.67	4.0
31.11	1.0
31.55	2.0
32.0	3.0
32.44	4.0
32.88	1.0
33.33	2.0
33.78	3.0
34.22	4.0
34.66	1.0
35.11	2.0
35.55	3.0
35.99	4.0
36.42	1.0
36.88	2.0
37.33	3.0
37.77	4.0
38.22	1.0
38.66	2.0
39.11	3.0
39.55	4.0
40.0	1.0
40.44	2.0
40.88	3.0
41.33	4.0
41.78	1.0
42.21	2.0
42.66	3.0
43.11	4.0
43.55	1.0
44.0	2.0
44.44	3.0
44.88	4.0
45.33	1.0
45.77	2.0
46.22	3.0
46.66	4.0
47.11	1.0
47.55	2.0
47.99	3.0
48.44	4.0
48.88	1.0
49.33	2.0
49.77	3.0
50.22	4.0
50.66	1.0
51.11	2.0
51.55	3.0
51.99	4.0
52.44	1.0
52.89	2.0
53.33	3.0
53.79	4.0
54.22	1.0
54.66	2.0
55.11	3.0
55.55	4.0
55.99	1.0
56.44	2.0
56.87	3.0
57.32	4.0
57.77	1.0
58.21	2.0
58.66	3.0
59.11	4.0
59.54	1.0
59.99	2.0
60.44	3.0
60.88	4.0
61.32	1.0
61.77	2.0
62.22	3.0
62.66	4.0
63.1	1.0
63.54	2.0
63.99	3.0
64.44	4.0
64.88	1.0
65.32	2.0
65.76	3.0
66.21	4.0
66.65	1.0
67.1	2.0
67.55	3.0
68.0	4.0
68.43	1.0
68.88	2.0
69.33	3.0
69.77	4.0
70.21	1.0
70.66	2.0
71.1	3.0
71.55	4.0
71.99	1.0
72.43	2.0
72.88	3.0
73.32	4.0
73.77	1.0
74.21	2.0
74.66	3.0
75.1	4.0
75.55	1.0
75.99	2.0
76.43	3.0
76.88	4.0
77.32	1.0
77.77	2.0
78.21	3.0
78.66	4.0
79.11	1.0
79.55	2.0
79.99	3.0
80.43	4.0
80.88	1.0
81.32	2.0
81.77	3.0
82.21	4.0
82.66	1.0
83.1	2.0
83.54	3.0
83.99	4.0
84.43	1.0
84.88	2.0
85.32	3.0
85.77	4.0
86.21	1.0
86.66	2.0
87.1	3.0
87.55	4.0
87.99	1.0
88.43	2.0
88.88	3.0
89.32	4.0
89.77	1.0
90.21	2.0
90.65	3.0
91.1	4.0
91.55	1.0
92.0	2.0
92.44	3.0
92.89	4.0
93.31	1.0
93.77	2.0
94.21	3.0
94.65	4.0
95.1	1.0
95.55	2.0
95.98	3.0
96.43	4.0
96.88	1.0
97.31	2.0
97.77	3.0
98.21	4.0
98.65	1.0
99.1	2.0
99.55	3.0
99.99	4.0
100.42	1.0
100.88	2.0
101.32	3.0
101.77	4.0
102.21	1.0
102.65	2.0
103.09	3.0
103.55	4.0
103.99	1.0
104.43	2.0
104.87	3.0
105.32	4.0
105.76	1.0
106.21	2.0
106.66	3.0
107.1	4.0
107.54	1.0
107.99	2.0
108.43	3.0
108.88	4.0
109.32	1.0
109.77	2.0
110.21	3.0
110.66	4.0
111.1	1.0
111.54	2.0
111.99	3.0
112.41	4.0
112.87	1.0
113.32	2.0
113.76	3.0
114.21	4.0
114.64	1.0
115.1	2.0
115.54	3.0
115.99	4.0
116.42	1.0
116.88	2.0
117.32	3.0
117.77	4.0
118.21	1.0
118.65	2.0
119.1	3.0
119.53	4.0
119.98	1.0
120.43	2.0
120.87	3.0
121.32	4.0
121.76	1.0
122.21	2.0
122.65	3.0
123.1	4.0
123.54	1.0
123.98	2.0
124.43	3.0
124.87	4.0
125.32	1.0
125.76	2.0
126.2	3.0
126.65	4.0
127.09	1.0
127.54	2.0
127.98	3.0
128.43	4.0
128.88	1.0
129.32	2.0
129.76	3.0
130.19	4.0
130.65	1.0
131.09	2.0
131.54	3.0
131.99	4.0
132.42	1.0
132.87	2.0
133.32	3.0
133.76	4.0
134.21	1.0
134.65	2.0
135.09	3.0
135.54	4.0
135.99	1.0
136.42	2.0
136.87	3.0
137.32	4.0
137.76	1.0
138.21	2.0
138.65	3.0
139.1	4.0
139.53	1.0
139.98	2.0
140.43	3.0
140.87	4.0
141.32	1.0
141.75	2.0
142.21	3.0
142.65	4.0
143.1	1.0
143.54	2.0
143.97	3.0
144.43	4.0
144.87	1.0
145.32	2.0
145.76	3.0
146.21	4.0
146.64	1.0
147.09	2.0
147.53	3.0
147.98	4.0
148.43	1.0
148.87	2.0
149.32	3.0
149.76	4.0
150.21	1.0
150.64	2.0
151.09	3.0
151.54	4.0
151.97	1.0
152.43	2.0
152.88	3.0
153.32	4.0
153.75	1.0
154.2	2.0
154.65	3.0
155.09	4.0
155.54	1.0
155.98	2.0
156.43	3.0
156.87	4.0
157.32	1.0
157.76	2.0
158.21	3.0
158.65	4.0
159.09	1.0
159.54	2.0
159.98	3.0
160.42	4.0
160.87	1.0
161.31	2.0
161.76	3.0
162.2	4.0
162.67	1.0
163.09	2.0
163.53	3.0
163.98	4.0
164.42	1.0
164.87	2.0
165.32	3.0