0.0	1.0
0.37	2.0
0.78	3.0
1.15	4.0
1.55	1.0
1.94	2.0
2.33	3.0
2.71	4.0
3.09	1.0
3.48	2.0
3.86	3.0
4.27	4.0
4.65	1.0
5.03	2.0
5.42	3.0
5.81	4.0
6.18	1.0
6.56	2.0
6.93	3.0
7.32	4.0
7.7	1.0
8.07	2.0
8.44	3.0
8.82	4.0
9.19	1.0
9.57	2.0
9.94	3.0
10.34	4.0
10.72	1.0
11.09	2.0
11.5	3.0
11.88	4.0
12.26	1.0
12.62	2.0
13.0	3.0
13.4	4.0
13.77	1.0
14.15	2.0
14.53	3.0
14.91	4.0
15.28	1.0
15.66	2.0
16.05	3.0
16.42	4.0
16.8	1.0
17.18	2.0
17.55	3.0
17.91	4.0
18.29	1.0
18.65	2.0
19.02	3.0
19.4	4.0
19.77	1.0
20.14	2.0
20.51	3.0
20.88	4.0
21.25	1.0
21.63	2.0
22.0	3.0
22.37	4.0
22.75	1.0
23.12	2.0
23.49	3.0
23.85	4.0
24.23	1.0
24.6	2.0
24.98	3.0
25.34	4.0
25.72	1.0
26.1	2.0
26.47	3.0
26.84	4.0
27.23	1.0
27.63	2.0
28.03	3.0
28.43	4.0
28.82	1.0
29.21	2.0
29.61	3.0
30.0	4.0
30.4	1.0
30.8	2.0
31.19	3.0
31.57	4.0
31.96	1.0
32.35	2.0
32.73	3.0
33.09	4.0
33.48	1.0
33.89	2.0
34.27	3.0
34.66	4.0
35.06	1.0
35.44	2.0
35.83	3.0
36.22	4.0
36.61	1.0
37.0	2.0
37.39	3.0
37.77	4.0
38.17	1.0
38.56	2.0
38.95	3.0
39.31	4.0
39.7	1.0
40.1	2.0
40.49	3.0
40.88	4.0
41.27	1.0
41.65	2.0
42.04	3.0
42.43	4.0
42.82	1.0
43.21	2.0
43.61	3.0
43.99	4.0
44.38	1.0
44.76	2.0
45.14	3.0
45.51	4.0
45.89	1.0
46.28	2.0
46.68	3.0
47.07	4.0
47.46	1.0
47.83	2.0
48.22	3.0
48.61	4.0
49.0	1.0
49.4	2.0
49.78	3.0
50.17	4.0
50.56	1.0
50.95	2.0
51.32	3.0
51.69	4.0
52.07	1.0
52.45	2.0
52.85	3.0
53.23	4.0
53.62	1.0
54.01	2.0
54.4	3.0
54.78	4.0
55.17	1.0
55.57	2.0
55.96	3.0
56.34	4.0
56.71	1.0
57.1	2.0
57.49	3.0
57.86	4.0
58.23	1.0
58.63	2.0
59.01	3.0
59.41	4.0
59.8	1.0
60.2	2.0
60.58	3.0
60.96	4.0
61.36	1.0
61.76	2.0
62.15	3.0
62.52	4.0
62.9	1.0
63.3	2.0
63.68	3.0
64.04	4.0
64.4	1.0
64.79	2.0
65.18	3.0
65.59	4.0
65.98	1.0
66.36	2.0
66.76	3.0
67.14	4.0
67.54	1.0
67.93	2.0
68.32	3.0
68.7	4.0
69.1	1.0
69.48	2.0
69.87	3.0
70.26	4.0
70.63	1.0
71.01	2.0
71.4	3.0
71.79	4.0
72.19	1.0
72.57	2.0
72.96	3.0
73.36	4.0
73.75	1.0
74.16	2.0
74.55	3.0
74.92	4.0
75.31	1.0
75.69	2.0
76.06	3.0
76.43	4.0
76.83	1.0
77.24	2.0
77.63	3.0
78.02	4.0
78.42	1.0
78.8	2.0
79.21	3.0
79.6	4.0
79.98	1.0
80.38	2.0
80.77	3.0
81.16	4.0
81.56	1.0
81.94	2.0
82.32	3.0
82.68	4.0
83.09	1.0
83.48	2.0
83.87	3.0
84.26	4.0
84.66	1.0
85.05	2.0
85.45	3.0
85.84	4.0
86.23	1.0
86.62	2.0
87.0	3.0
87.39	4.0
87.8	1.0
88.19	2.0
88.6	3.0
88.99	4.0
89.39	1.0
89.79	2.0
90.18	3.0
90.55	4.0
90.93	1.0
91.31	2.0
91.68	3.0
92.08	4.0
92.45	1.0
92.82	2.0
93.18	3.0
93.56	4.0
93.93	1.0
94.3	2.0
94.66	3.0
95.04	4.0
95.42	1.0
95.79	2.0
96.16	3.0
96.53	4.0
96.88	1.0
97.25	2.0
97.63	3.0
98.0	4.0
98.38	1.0
98.74	2.0
99.12	3.0
99.5	4.0
99.87	1.0
100.24	2.0
100.61	3.0
101.0	4.0
101.38	1.0
101.75	2.0
102.14	3.0
102.52	4.0
102.92	1.0
103.33	2.0
103.7	3.0
104.1	4.0
104.49	1.0
104.88	2.0
105.27	3.0
105.67	4.0
106.05	1.0
106.46	2.0
106.85	3.0
107.23	4.0
107.6	1.0
107.99	2.0
108.38	3.0
108.75	4.0
109.13	1.0
109.53	2.0
109.91	3.0
110.3	4.0
110.69	1.0
111.08	2.0
111.47	3.0
111.85	4.0
112.23	1.0
112.63	2.0
113.01	3.0
113.39	4.0
113.76	1.0
114.15	2.0
114.52	3.0
114.91	4.0
115.31	1.0
115.7	2.0
116.12	3.0
116.51	4.0
116.92	1.0
117.31	2.0
117.72	3.0
118.11	4.0
118.51	1.0
118.92	2.0
119.32	3.0
119.71	4.0
120.11	1.0
120.5	2.0
120.89	3.0
121.27	4.0
121.67	1.0
122.09	2.0
122.49	3.0
122.89	4.0
123.28	1.0
123.68	2.0
124.08	3.0
124.46	4.0
124.87	1.0
125.28	2.0
125.68	3.0
126.08	4.0
126.48	1.0
126.87	2.0
127.26	3.0
127.64	4.0
128.05	1.0
128.44	2.0
128.86	3.0
129.26	4.0
129.67	1.0
130.07	2.0
130.47	3.0
130.85	4.0
131.25	1.0
131.66	2.0
132.07	3.0
132.46	4.0
132.87	1.0
133.27	2.0
133.66	3.0
134.06	4.0
134.45	1.0
134.87	2.0
135.27	3.0
135.66	4.0
136.06	1.0
136.48	2.0
136.89	3.0
137.28	4.0
137.68	1.0
138.07	2.0
138.49	3.0
138.89	4.0
139.29	1.0
139.69	2.0
140.09	3.0
140.48	4.0
140.87	1.0
141.28	2.0
141.69	3.0
142.09	4.0
142.49	1.0
142.9	2.0
143.31	3.0
143.7	4.0
144.1	1.0
144.52	2.0
144.92	3.0
145.31	4.0
145.7	1.0
146.1	2.0
146.49	3.0
146.87	4.0
147.26	1.0
147.66	2.0
148.07	3.0
148.47	4.0
148.87	1.0
149.28	2.0
149.69	3.0
150.08	4.0
150.48	1.0
150.87	2.0
151.28	3.0
151.66	4.0
152.05	1.0
152.46	2.0
152.86	3.0
153.24	4.0
153.65	1.0
154.05	2.0
154.46	3.0
154.85	4.0
155.26	1.0
155.65	2.0
156.06	3.0
156.44	4.0
156.84	1.0
157.26	2.0
157.66	3.0
158.05	4.0
158.43	1.0
158.83	2.0
159.22	3.0
159.59	4.0
159.98	1.0
160.4	2.0
160.8	3.0
161.19	4.0
161.6	1.0
162.0	2.0
162.4	3.0
162.78	4.0
163.2	1.0
163.59	2.0
163.98	3.0
164.37	4.0
164.76	1.0
165.15	2.0
165.53	3.0
165.91	4.0
166.32	1.0
166.73	2.0
167.13	3.0
167.51	4.0
167.93	1.0
168.31	2.0
168.71	3.0
169.09	4.0
169.5	1.0
169.92	2.0
170.33	3.0
170.71	4.0
171.1	1.0
171.5	2.0
171.88	3.0
172.26	4.0
172.67	1.0
173.08	2.0
173.48	3.0
173.88	4.0
174.28	1.0
174.67	2.0
175.07	3.0
175.46	4.0
175.87	1.0
176.27	2.0
176.68	3.0
177.07	4.0
177.48	1.0
177.87	2.0
178.26	3.0
178.64	4.0
179.03	1.0
179.46	2.0
179.87	3.0
180.27	4.0
180.67	1.0
181.07	2.0
181.47	3.0
181.86	4.0
182.26	1.0
182.66	2.0
183.09	3.0
183.49	4.0
183.89	1.0
184.29	2.0
184.69	3.0
185.07	4.0
185.47	1.0
185.88	2.0
186.29	3.0
186.68	4.0
187.09	1.0
187.5	2.0
187.91	3.0
188.31	4.0
188.71	1.0
189.12	2.0
189.54	3.0
189.92	4.0
190.32	1.0
190.71	2.0
191.08	3.0
191.48	4.0
191.89	1.0
192.3	2.0
192.71	3.0
193.09	4.0
193.5	1.0
193.89	2.0
194.3	3.0
194.69	4.0
195.1	1.0
195.51	2.0
195.91	3.0
196.3	4.0
196.7	1.0
197.09	2.0
197.48	3.0
197.87	4.0
198.25	1.0
198.66	2.0
199.07	3.0
199.46	4.0
199.89	1.0
200.29	2.0
200.69	3.0
201.08	4.0
201.48	1.0
201.89	2.0
202.28	3.0
202.68	4.0
203.08	1.0
203.49	2.0
203.89	3.0
204.28	4.0
204.68	1.0
205.11	2.0
205.52	3.0
205.9	4.0
206.3	1.0
206.71	2.0
207.12	3.0
207.5	4.0
207.9	1.0
208.32	2.0
208.72	3.0
209.11	4.0
209.5	1.0
209.9	2.0
210.29	3.0
210.67	4.0
211.06	1.0
211.47	2.0
211.87	3.0
212.26	4.0
212.66	1.0
213.07	2.0
213.48	3.0
213.87	4.0
214.29	1.0
214.7	2.0
215.11	3.0
215.49	4.0
215.9	1.0
216.27	2.0
216.65	3.0
217.02	4.0
217.42	1.0
217.84	2.0
218.26	3.0
218.65	4.0
219.04	1.0
219.44	2.0
219.85	3.0
220.25	4.0
220.65	1.0
221.07	2.0
221.47	3.0
221.86	4.0
222.28	1.0
222.66	2.0
223.03	3.0
223.41	4.0
223.8	1.0
224.21	2.0
224.61	3.0
224.99	4.0
225.41	1.0
225.79	2.0
226.19	3.0
226.58	4.0
226.98	1.0
227.37	2.0
227.78	3.0
228.17	4.0
228.58	1.0
228.96	2.0
229.38	3.0
229.78	4.0
230.18	1.0
230.56	2.0
230.96	3.0
231.39	4.0
231.8	1.0
232.21	2.0
232.62	3.0
233.02	4.0
233.42	1.0
233.87	2.0
234.28	3.0
234.72	4.0
235.26	1.0
235.77	2.0
236.26	3.0
236.79	4.0
237.31	1.0
237.86	2.0
238.39	3.0
238.91	4.0
239.46	1.0
240.0	2.0
240.55	3.0
241.05	4.0
241.55	1.0
242.06	2.0
242.58	3.0
243.08	4.0
243.54	1.0
244.06	2.0
244.58	3.0
245.1	4.0
245.59	1.0
246.11	2.0
246.63	3.0
247.14	4.0
247.66	1.0
248.17	2.0
248.7	3.0
249.24	4.0
249.76	1.0
250.29	2.0
250.81	3.0
251.33	4.0
251.85	1.0
252.33	2.0
252.83	3.0
253.33	4.0
253.87	1.0
254.39	2.0
254.92	3.0
255.46	4.0
255.99	1.0
256.5	2.0
257.02	3.0
257.55	4.0
258.05	1.0
258.56	2.0
259.06	3.0
259.59	4.0
260.09	1.0
260.54	2.0
260.97	3.0
261.43	4.0
261.91	1.0
262.36	2.0
262.83	3.0
263.29	4.0
263.74	1.0
264.18	2.0
264.65	3.0
265.09	4.0
265.54	1.0
266.01	2.0
266.47	3.0
266.92	4.0
267.38	1.0
267.83	2.0
268.27	3.0
268.73	4.0
269.18	1.0
269.65	2.0
270.1	3.0
270.56	4.0
271.02	1.0
271.48	2.0
271.93	3.0
272.39	4.0
272.86	1.0
273.3	2.0
273.76	3.0
274.25	4.0
274.71	1.0
275.19	2.0
275.66	3.0
276.12	4.0
276.58	1.0
277.05	2.0
277.52	3.0
277.98	4.0
278.43	1.0
278.9	2.0
279.37	3.0
279.81	4.0
280.26	1.0
280.62	2.0
280.98	3.0
281.43	4.0
281.91	1.0
282.36	2.0
282.84	3.0
283.29	4.0
283.76	1.0
284.22	2.0
284.7	3.0
285.15	4.0
285.62	1.0
286.11	2.0
286.57	3.0
287.03	4.0
287.49	1.0
287.96	2.0
288.43	3.0
288.88	4.0
289.35	1.0
289.81	2.0
290.27	3.0
290.74	4.0
291.21	1.0
291.69	2.0
292.15	3.0
292.62	4.0
293.08	1.0
293.57	2.0
294.04	3.0
294.52	4.0
294.99	1.0
295.47	2.0
295.93	3.0
296.41	4.0
296.87	1.0
297.33	2.0
297.8	3.0
298.25	4.0
298.72	1.0
299.16	2.0
299.64	3.0
300.14	4.0
300.61	1.0
301.1	2.0
301.58	3.0
302.05	4.0
302.53	1.0
303.0	2.0
303.48	3.0
303.93	4.0
304.42	1.0
304.88	2.0
305.36	3.0
305.82	4.0
306.29	1.0
306.75	2.0
307.2	3.0
307.67	4.0
308.15	1.0
308.61	2.0
309.09	3.0
309.54	4.0
310.01	1.0
310.5	2.0
310.96	3.0
311.43	4.0
311.91	1.0
312.38	2.0
312.84	3.0
313.31	4.0
313.79	1.0
314.26	2.0
314.73	3.0
315.21	4.0
315.68	1.0
316.17	2.0
316.63	3.0
317.11	4.0
317.55	1.0
318.03	2.0
318.49	3.0
318.98	4.0
319.47	1.0
319.92	2.0
320.38	3.0
320.84	4.0
321.32	1.0
321.77	2.0
322.25	3.0
322.73	4.0
323.19	1.0
323.67	2.0
324.13	3.0
324.6	4.0
325.06	1.0
325.53	2.0
326.02	3.0
326.48	4.0
326.96	1.0
327.44	2.0
327.92	3.0
328.39	4.0
328.87	1.0
329.33	2.0
329.81	3.0
330.29	4.0
330.78	1.0
331.25	2.0
331.73	3.0
332.21	4.0
332.69	1.0
333.16	2.0
333.63	3.0
334.11	4.0
334.58	1.0
335.05	2.0
335.52	3.0
335.99	4.0
336.45	1.0
336.93	2.0
337.42	3.0
337.89	4.0
338.35	1.0
338.83	2.0
339.31	3.0
339.78	4.0
340.25	1.0
340.73	2.0
341.19	3.0
341.65	4.0
342.14	1.0
342.62	2.0
343.09	3.0
343.55	4.0
344.02	1.0
344.51	2.0
344.99	3.0
345.46	4.0
345.93	1.0
346.41	2.0
346.86	3.0
347.34	4.0
347.8	1.0
348.25	2.0
348.73	3.0
349.22	4.0
349.7	1.0
350.17	2.0
350.62	3.0
351.09	4.0
351.55	1.0
352.03	2.0
352.49	3.0
352.96	4.0
353.43	1.0
353.92	2.0
354.4	3.0
354.86	4.0
355.34	1.0
355.82	2.0
356.3	3.0
356.76	4.0
357.24	1.0
357.73	2.0
358.21	3.0
358.68	4.0
359.13	1.0
359.62	2.0
360.08	3.0
360.53	4.0
361.01	1.0
361.48	2.0
361.96	3.0
362.43	4.0
362.9	1.0
363.37	2.0
363.83	3.0
364.31	4.0
364.79	1.0
365.25	2.0
365.73	3.0
366.19	4.0
366.67	1.0
367.15	2.0
367.6	3.0
368.1	4.0
368.58	1.0
369.06	2.0
369.54	3.0
370.02	4.0
370.48	1.0
370.94	2.0
371.42	3.0
371.9	4.0
372.39	1.0
372.86	2.0
373.33	3.0
373.8	4.0
374.26	1.0
374.73	2.0
375.21	3.0
375.69	4.0
376.17	1.0
376.64	2.0
377.12	3.0
377.57	4.0
378.04	1.0
378.53	2.0
379.02	3.0
379.49	4.0
379.98	1.0
380.44	2.0
380.93	3.0
381.39	4.0
381.87	1.0
382.34	2.0
382.82	3.0
383.28	4.0
383.74	1.0
384.2	2.0
384.68	3.0
385.14	4.0
385.59	1.0
386.07	2.0
386.53	3.0
387.03	4.0
387.5	1.0
387.96	2.0
388.43	3.0
388.88	4.0
389.34	1.0
389.81	2.0
390.3	3.0
390.78	4.0
391.27	1.0
391.74	2.0
392.21	3.0
392.68	4.0
393.14	1.0
393.6	2.0
394.09	3.0
394.57	4.0
395.04	1.0
395.5	2.0
395.96	3.0
396.43	4.0
396.9	1.0
397.39	2.0
397.86	3.0
398.34	4.0
398.81	1.0
399.28	2.0
399.73	3.0
400.19	4.0
400.68	1.0
401.16	2.0
401.63	3.0
402.1	4.0
402.56	1.0
403.04	2.0
403.52	3.0
403.98	4.0
404.44	1.0
404.91	2.0
405.38	3.0
405.85	4.0
406.32	1.0
406.8	2.0
407.27	3.0
407.74	4.0
408.21	1.0
408.68	2.0
409.16	3.0
409.62	4.0
410.12	1.0
410.6	2.0
411.09	3.0
411.58	4.0
412.06	1.0
412.54	2.0
413.02	3.0
413.5	4.0
413.98	1.0
414.45	2.0
414.93	3.0
415.4	4.0
415.87	1.0
416.32	2.0
416.78	3.0
417.26	4.0
417.73	1.0
418.18	2.0
418.66	3.0
419.13	4.0
419.61	1.0
420.08	2.0
420.54	3.0
420.85	4.0
421.18	1.0
421.5	2.0
421.81	3.0
422.13	4.0
422.45	1.0
422.78	2.0
423.11	3.0
423.49	4.0
423.87	1.0
424.26	2.0
424.65	3.0
425.05	4.0
425.44	1.0
425.8	2.0
426.18	3.0
426.56	4.0
426.95	1.0
427.33	2.0
427.71	3.0
428.1	4.0
428.48	1.0
428.84	2.0
429.22	3.0
429.57	4.0
429.94	1.0
430.3	2.0
430.67	3.0
431.04	4.0
431.41	1.0
431.77	2.0
432.15	3.0
432.51	4.0
432.88	1.0
433.24	2.0
433.58	3.0
433.96	4.0
434.31	1.0
434.66	2.0
435.01	3.0
435.36	4.0
435.74	1.0
436.11	2.0
436.49	3.0
436.87	4.0
437.24	1.0
437.61	2.0
437.98	3.0
438.36	4.0
438.74	1.0
439.1	2.0
439.48	3.0
439.87	4.0
440.25	1.0
440.63	2.0
441.01	3.0
441.39	4.0
441.77	1.0
442.15	2.0
442.52	3.0
442.89	4.0
443.27	1.0
443.65	2.0
444.02	3.0
444.4	4.0
444.77	1.0
445.15	2.0
445.52	3.0
445.89	4.0
446.26	1.0
446.63	2.0
447.01	3.0
447.38	4.0
447.77	1.0
448.22	2.0
448.68	3.0
449.15	4.0
449.6	1.0
450.06	2.0
450.53	3.0
451.0	4.0
451.46	1.0
451.9	2.0
452.39	3.0
452.85	4.0
453.32	1.0
453.78	2.0
454.25	3.0
454.7	4.0
455.15	1.0
455.62	2.0
456.1	3.0
456.57	4.0
457.04	1.0
457.52	2.0
457.99	3.0
458.45	4.0
458.93	1.0
459.38	2.0
459.86	3.0
460.34	4.0
460.8	1.0
461.28	2.0
461.74	3.0
462.2	4.0
462.61	1.0
462.99	2.0
463.35	3.0
463.71	4.0
464.07	1.0
464.41	2.0
464.76	3.0
465.11	4.0
465.45	1.0
465.81	2.0
466.17	3.0
466.53	4.0
466.89	1.0
467.25	2.0
467.59	3.0
467.93	4.0
468.27	1.0
468.61	2.0
468.95	3.0
469.29	4.0
469.64	1.0
470.03	2.0
470.39	3.0
470.75	4.0
471.14	1.0