3.2	1.0
3.79	2.0
4.41	3.0
5.01	4.0
5.63	1.0
6.23	2.0
6.83	3.0
7.45	4.0
8.08	1.0
8.74	2.0
9.38	3.0
10.0	4.0
10.63	1.0
11.29	2.0
11.9	3.0
12.53	4.0
13.14	1.0
13.67	2.0
14.2	3.0
14.74	4.0
15.28	1.0
15.67	2.0
16.06	3.0
16.44	4.0
16.83	1.0
17.21	2.0
17.6	3.0
17.99	4.0
18.36	1.0
18.74	2.0
19.13	3.0
19.5	4.0
19.87	1.0
20.26	2.0
20.65	3.0
21.03	4.0
21.41	1.0
21.8	2.0
22.18	3.0
22.56	4.0
22.94	1.0
23.32	2.0
23.71	3.0
24.09	4.0
24.47	1.0
24.86	2.0
25.24	3.0
25.62	4.0
26.0	1.0
26.38	2.0
26.76	3.0
27.14	4.0
27.53	1.0
27.91	2.0
28.29	3.0
28.67	4.0
29.06	1.0
29.43	2.0
29.82	3.0
30.2	4.0
30.58	1.0
30.96	2.0
31.35	3.0
31.73	4.0
32.11	1.0
32.49	2.0
32.87	3.0
33.25	4.0
33.64	1.0
34.02	2.0
34.4	3.0
34.79	4.0
35.17	1.0
35.55	2.0
35.93	3.0
36.31	4.0
36.7	1.0
37.08	2.0
37.47	3.0
37.85	4.0
38.23	1.0
38.61	2.0
38.99	3.0
39.37	4.0
39.75	1.0
40.13	2.0
40.52	3.0
40.9	4.0
41.28	1.0
41.64	2.0
42.04	3.0
42.42	4.0
42.81	1.0
43.18	2.0
43.58	3.0
43.96	4.0
44.34	1.0
44.72	2.0
45.11	3.0
45.48	4.0
45.87	1.0
46.23	2.0
46.62	3.0
47.01	4.0
47.39	1.0
47.77	2.0
48.16	3.0
48.54	4.0
48.93	1.0
49.31	2.0
49.69	3.0
50.07	4.0
50.45	1.0
50.83	2.0
51.22	3.0
51.6	4.0
51.98	1.0
52.37	2.0
52.75	3.0
53.13	4.0
53.51	1.0
53.89	2.0
54.27	3.0
54.65	4.0
55.04	1.0
55.41	2.0
55.79	3.0
56.18	4.0
56.55	1.0
56.93	2.0
57.32	3.0
57.7	4.0
58.08	1.0
58.47	2.0
58.85	3.0
59.24	4.0
59.63	1.0
60.02	2.0
60.39	3.0
60.77	4.0
61.15	1.0
61.53	2.0
61.91	3.0
62.29	4.0
62.68	1.0
63.06	2.0
63.45	3.0
63.83	4.0
64.21	1.0
64.59	2.0
64.97	3.0
65.35	4.0
65.73	1.0
66.12	2.0
66.51	3.0
66.89	4.0
67.27	1.0
67.65	2.0
68.03	3.0
68.42	4.0
68.8	1.0
69.18	2.0
69.56	3.0
69.92	4.0
70.32	1.0
70.7	2.0
71.09	3.0
71.47	4.0
71.85	1.0
72.24	2.0
72.61	3.0
73.0	4.0
73.38	1.0
73.76	2.0
74.15	3.0
74.54	4.0
74.91	1.0
75.29	2.0
75.67	3.0
76.06	4.0
76.44	1.0
76.82	2.0
77.21	3.0
77.59	4.0
77.96	1.0
78.35	2.0
78.73	3.0
79.11	4.0
79.49	1.0
79.88	2.0
80.26	3.0
80.65	4.0
81.03	1.0
81.4	2.0
81.79	3.0
82.17	4.0
82.55	1.0
82.93	2.0
83.32	3.0
83.71	4.0
84.08	1.0
84.46	2.0
84.84	3.0
85.24	4.0
85.61	1.0
85.99	2.0
86.37	3.0
86.76	4.0
87.14	1.0
87.52	2.0
87.9	3.0
88.28	4.0
88.67	1.0
89.05	2.0
89.43	3.0
89.82	4.0
90.2	1.0
90.58	2.0
90.95	3.0
91.34	4.0
91.73	1.0
92.11	2.0
92.48	3.0
92.87	4.0
93.25	1.0
93.61	2.0
94.01	3.0
94.41	4.0
94.79	1.0
95.17	2.0
95.55	3.0
95.93	4.0
96.32	1.0
96.7	2.0
97.08	3.0
97.46	4.0
97.84	1.0
98.22	2.0
98.59	3.0
98.98	4.0
99.37	1.0
99.75	2.0
100.12	3.0
100.51	4.0
100.88	1.0
101.28	2.0
101.66	3.0
102.04	4.0
102.43	1.0
102.81	2.0
103.19	3.0
103.57	4.0
103.94	1.0
104.33	2.0
104.72	3.0
105.1	4.0
105.47	1.0
105.86	2.0
106.23	3.0
106.62	4.0
107.01	1.0
107.4	2.0
107.78	3.0
108.16	4.0
108.55	1.0
108.93	2.0
109.31	3.0
109.69	4.0
110.07	1.0
110.45	2.0
110.83	3.0
111.21	4.0
111.59	1.0
111.98	2.0
112.35	3.0
112.73	4.0
113.11	1.0
113.51	2.0
113.89	3.0
114.28	4.0
114.66	1.0
115.03	2.0
115.42	3.0
115.8	4.0
116.17	1.0
116.57	2.0
116.95	3.0
117.33	4.0
117.71	1.0
118.1	2.0
118.48	3.0
118.86	4.0
119.24	1.0
119.63	2.0
120.01	3.0
120.38	4.0
120.76	1.0
121.15	2.0
121.54	3.0
121.92	4.0
122.31	1.0
122.68	2.0
123.08	3.0
123.45	4.0
123.83	1.0
124.21	2.0
124.6	3.0
124.98	4.0
125.36	1.0
125.74	2.0
126.12	3.0
126.5	4.0
126.88	1.0
127.27	2.0
127.66	3.0
128.06	4.0
128.44	1.0
128.82	2.0
129.19	3.0
129.56	4.0
129.95	1.0
130.33	2.0
130.71	3.0
131.09	4.0
131.48	1.0
131.86	2.0
132.24	3.0
132.62	4.0
133.0	1.0
133.38	2.0
133.76	3.0
134.14	4.0
134.53	1.0
134.91	2.0
135.3	3.0
135.68	4.0
136.06	1.0
136.44	2.0
136.82	3.0
137.2	4.0
137.59	1.0
137.97	2.0
138.35	3.0
138.73	4.0
139.11	1.0
139.49	2.0
139.88	3.0
140.26	4.0
140.65	1.0
141.03	2.0
141.41	3.0
141.81	4.0
142.18	1.0
142.57	2.0
142.93	3.0
143.32	4.0
143.7	1.0
144.08	2.0
144.46	3.0
144.85	4.0
145.23	1.0
145.61	2.0
145.99	3.0
146.38	4.0
146.76	1.0
147.16	2.0
147.53	3.0
147.91	4.0
148.29	1.0
148.68	2.0
149.06	3.0
149.44	4.0
149.81	1.0
150.2	2.0
150.58	3.0
150.95	4.0
151.34	1.0
151.7	2.0
152.11	3.0
152.49	4.0
152.87	1.0
153.25	2.0
153.64	3.0
154.02	4.0
154.41	1.0
154.78	2.0
155.16	3.0
155.55	4.0
155.93	1.0
156.31	2.0
156.67	3.0
157.08	4.0
157.47	1.0
157.84	2.0
158.22	3.0
158.6	4.0
158.99	1.0
159.37	2.0
159.75	3.0
160.14	4.0
160.52	1.0
160.9	2.0
161.28	3.0
161.66	4.0
162.05	1.0
162.43	2.0
162.81	3.0
163.18	4.0
163.57	1.0
163.95	2.0
164.34	3.0
164.72	4.0
165.1	1.0
165.48	2.0
165.86	3.0
166.25	4.0
166.63	1.0
167.01	2.0
167.4	3.0
167.78	4.0
168.15	1.0
168.54	2.0
168.93	3.0
169.31	4.0
169.69	1.0
170.07	2.0
170.44	3.0
170.83	4.0
171.22	1.0
171.6	2.0
171.98	3.0
172.37	4.0
172.75	1.0
173.12	2.0
173.51	3.0
173.89	4.0
174.27	1.0
174.66	2.0
175.04	3.0
175.42	4.0
175.81	1.0
176.18	2.0
176.57	3.0
176.95	4.0
177.33	1.0
177.71	2.0
178.1	3.0
178.48	4.0
178.87	1.0
179.24	2.0
179.63	3.0
180.01	4.0
180.39	1.0
180.77	2.0
181.15	3.0
181.54	4.0
181.91	1.0
182.3	2.0
182.68	3.0
183.05	4.0
183.44	1.0
183.82	2.0
184.21	3.0
184.59	4.0
184.98	1.0
185.34	2.0
185.73	3.0
186.14	4.0
186.51	1.0
186.88	2.0
187.26	3.0
187.65	4.0
188.04	1.0
188.41	2.0
188.79	3.0
189.17	4.0
189.55	1.0
189.92	2.0
190.32	3.0
190.71	4.0
191.09	1.0
191.47	2.0
191.85	3.0
192.23	4.0
192.62	1.0
193.0	2.0
193.38	3.0
193.77	4.0
194.15	1.0
194.52	2.0
194.91	3.0
195.27	4.0
195.67	1.0
196.03	2.0
196.44	3.0
196.83	4.0
197.21	1.0
197.58	2.0
197.96	3.0
198.34	4.0
198.73	1.0
199.11	2.0
199.49	3.0
199.86	4.0
200.26	1.0
200.64	2.0
201.03	3.0
201.42	4.0
201.8	1.0
202.18	2.0
202.56	3.0
202.95	4.0
203.32	1.0
203.7	2.0
204.09	3.0
204.46	4.0
204.85	1.0
205.24	2.0
205.61	3.0
206.01	4.0
206.38	1.0
206.75	2.0
207.14	3.0
207.52	4.0
207.9	1.0
208.28	2.0
208.67	3.0
209.05	4.0
209.43	1.0
209.81	2.0
210.19	3.0
210.56	4.0
210.95	1.0
211.34	2.0
211.72	3.0
212.11	4.0
212.49	1.0
212.87	2.0
213.25	3.0
213.64	4.0
214.02	1.0
214.4	2.0
214.78	3.0
215.16	4.0
215.54	1.0
215.93	2.0
216.3	3.0
216.68	4.0
217.07	1.0
217.46	2.0
217.83	3.0
218.22	4.0
218.6	1.0
218.97	2.0
219.36	3.0
219.73	4.0
220.13	1.0
220.51	2.0
220.88	3.0
221.28	4.0
221.66	1.0
222.05	2.0
222.42	3.0
222.81	4.0
223.18	1.0
223.56	2.0
223.94	3.0
224.33	4.0
224.72	1.0
225.09	2.0
225.48	3.0
225.86	4.0
226.24	1.0
226.63	2.0
227.01	3.0
227.39	4.0
227.78	1.0
228.16	2.0
228.54	3.0
228.92	4.0
229.31	1.0
229.67	2.0
230.07	3.0
230.45	4.0
230.82	1.0
231.19	2.0
231.6	3.0
231.99	4.0
232.38	1.0
232.75	2.0
233.14	3.0
233.52	4.0
233.9	1.0
234.28	2.0
234.66	3.0
235.05	4.0
235.43	1.0
235.82	2.0
236.2	3.0
236.57	4.0
236.95	1.0
237.33	2.0
237.72	3.0
238.09	4.0
238.47	1.0
238.86	2.0
239.25	3.0
239.63	4.0
240.01	1.0
240.39	2.0
240.77	3.0
241.16	4.0
241.53	1.0
241.92	2.0
242.29	3.0
242.68	4.0
243.07	1.0
243.44	2.0
243.83	3.0
244.23	4.0
244.6	1.0
244.98	2.0
245.36	3.0
245.75	4.0
246.13	1.0
246.5	2.0
246.89	3.0
247.27	4.0
247.65	1.0
248.05	2.0
248.42	3.0
248.8	4.0
249.18	1.0
249.55	2.0
249.94	3.0
250.33	4.0
250.71	1.0
251.09	2.0
251.47	3.0
251.86	4.0
252.24	1.0
252.62	2.0
253.0	3.0
253.38	4.0
253.77	1.0
254.15	2.0
254.51	3.0
254.9	4.0
255.29	1.0
255.68	2.0
256.06	3.0
256.44	4.0
256.83	1.0
257.2	2.0
257.58	3.0
257.96	4.0
258.35	1.0
258.73	2.0
259.11	3.0
259.49	4.0
259.88	1.0
260.25	2.0
260.64	3.0
261.02	4.0
261.4	1.0
261.79	2.0
262.16	3.0
262.55	4.0
262.94	1.0
263.31	2.0
263.69	3.0
264.08	4.0
264.44	1.0
264.84	2.0
265.22	3.0
265.6	4.0
265.98	1.0
266.36	2.0
266.74	3.0
267.13	4.0
267.51	1.0
267.9	2.0
268.29	3.0
268.67	4.0
269.05	1.0
269.44	2.0
269.81	3.0
270.19	4.0
270.57	1.0
270.96	2.0
271.34	3.0
271.72	4.0
272.1	1.0
272.48	2.0
272.87	3.0
273.24	4.0
273.63	1.0
274.02	2.0
274.4	3.0
274.78	4.0
275.17	1.0
275.54	2.0
275.92	3.0
276.31	4.0
276.67	1.0
277.08	2.0
277.46	3.0
277.84	4.0
278.21	1.0
278.61	2.0
278.97	3.0
279.37	4.0
279.75	1.0
280.13	2.0
280.52	3.0
280.9	4.0
281.27	1.0
281.67	2.0
282.03	3.0
282.43	4.0
282.8	1.0
283.19	2.0
283.57	3.0
283.96	4.0
284.34	1.0
284.73	2.0
285.1	3.0
285.49	4.0
285.86	1.0
286.26	2.0
286.63	3.0
287.0	4.0
287.39	1.0
287.78	2.0
288.16	3.0
288.54	4.0
288.9	1.0
289.31	2.0
289.69	3.0
290.07	4.0
290.46	1.0
290.84	2.0
291.22	3.0
291.6	4.0
291.98	1.0
292.36	2.0
292.75	3.0
293.13	4.0
293.51	1.0
293.89	2.0
294.27	3.0
294.66	4.0
295.04	1.0
295.43	2.0
295.8	3.0
296.18	4.0
296.57	1.0
296.95	2.0
297.33	3.0
297.72	4.0
298.09	1.0
298.48	2.0
298.86	3.0
299.24	4.0
299.62	1.0
300.0	2.0
300.39	3.0
300.77	4.0
301.16	1.0
301.55	2.0
301.92	3.0
302.29	4.0
302.68	1.0
303.07	2.0
303.45	3.0
303.83	4.0
304.21	1.0
304.6	2.0
304.97	3.0
305.36	4.0
305.74	1.0
306.13	2.0
306.51	3.0
306.89	4.0
307.27	1.0
307.65	2.0
308.01	3.0
308.39	4.0
308.77	1.0
309.17	2.0
309.57	3.0
309.95	4.0
310.33	1.0
310.75	2.0
311.15	3.0
311.53	4.0
311.95	1.0
312.4	2.0
312.83	3.0
313.24	4.0
313.68	1.0
314.14	2.0
314.58	3.0
315.05	4.0