2.11	1.0
2.65	2.0
3.15	3.0
3.69	4.0
4.19	1.0
4.72	2.0
5.22	3.0
5.72	4.0
6.24	1.0
6.78	2.0
7.3	3.0
7.84	4.0
8.38	1.0
8.91	2.0
9.44	3.0
9.97	4.0
10.49	1.0
11.03	2.0
11.55	3.0
12.09	4.0
12.62	1.0
13.15	2.0
13.68	3.0
14.2	4.0
14.74	1.0
15.27	2.0
15.8	3.0
16.33	4.0
16.86	1.0
17.39	2.0
17.92	3.0
18.46	4.0
18.98	1.0
19.51	2.0
20.04	3.0
20.58	4.0
21.1	1.0
21.64	2.0
22.17	3.0
22.7	4.0
23.23	1.0
23.76	2.0
24.29	3.0
24.82	4.0
25.35	1.0
25.89	2.0
26.41	3.0
26.94	4.0
27.47	1.0
28.01	2.0
28.53	3.0
29.06	4.0
29.59	1.0
30.13	2.0
30.65	3.0
31.19	4.0
31.71	1.0
32.25	2.0
32.77	3.0
33.31	4.0
33.83	1.0
34.36	2.0
34.89	3.0
35.43	4.0
35.95	1.0
36.48	2.0
37.02	3.0
37.56	4.0
38.08	1.0
38.6	2.0
39.14	3.0
39.67	4.0
40.2	1.0
40.74	2.0
41.27	3.0
41.8	4.0
42.33	1.0
42.86	2.0
43.39	3.0
43.92	4.0
44.45	1.0
44.98	2.0
45.51	3.0
46.04	4.0
46.57	1.0
47.1	2.0
47.63	3.0
48.16	4.0
48.67	1.0
49.22	2.0
49.75	3.0
50.28	4.0
50.81	1.0
51.34	2.0
51.88	3.0
52.41	4.0
52.94	1.0
53.47	2.0
54.0	3.0
54.53	4.0
55.05	1.0
55.59	2.0
56.11	3.0
56.65	4.0
57.17	1.0
57.71	2.0
58.24	3.0
58.76	4.0
59.3	1.0
59.84	2.0
60.36	3.0
60.89	4.0
61.42	1.0
61.96	2.0
62.48	3.0
63.02	4.0
63.55	1.0
64.08	2.0
64.6	3.0
65.13	4.0
65.65	1.0
66.19	2.0
66.72	3.0
67.25	4.0
67.79	1.0
68.33	2.0
68.85	3.0
69.38	4.0
69.91	1.0
70.44	2.0
70.97	3.0
71.5	4.0
72.03	1.0
72.56	2.0
73.09	3.0
73.62	4.0
74.15	1.0
74.68	2.0
75.21	3.0
75.75	4.0
76.28	1.0
76.81	2.0
77.33	3.0
77.86	4.0
78.38	1.0
78.92	2.0
79.46	3.0
79.99	4.0
80.52	1.0
81.06	2.0
81.58	3.0
82.11	4.0
82.64	1.0
83.17	2.0
83.7	3.0
84.23	4.0
84.76	1.0
85.3	2.0
85.82	3.0
86.35	4.0
86.88	1.0
87.41	2.0
87.95	3.0
88.48	4.0
89.01	1.0
89.54	2.0
90.07	3.0
90.6	4.0
91.13	1.0
91.65	2.0
92.18	3.0
92.71	4.0
93.25	1.0
93.78	2.0
94.31	3.0
94.84	4.0
95.36	1.0
95.9	2.0
96.43	3.0
96.96	4.0
97.49	1.0
98.02	2.0
98.54	3.0
99.08	4.0
99.61	1.0
100.15	2.0
100.67	3.0
101.2	4.0
101.72	1.0
102.26	2.0
102.8	3.0
103.33	4.0
103.86	1.0
104.39	2.0
104.92	3.0
105.45	4.0
105.98	1.0
106.51	2.0
107.03	3.0
107.56	4.0
108.07	1.0
108.62	2.0
109.16	3.0
109.68	4.0
110.22	1.0
110.75	2.0
111.28	3.0
111.82	4.0
112.34	1.0
112.87	2.0
113.4	3.0
113.93	4.0
114.47	1.0
115.0	2.0
115.52	3.0
116.05	4.0
116.59	1.0
117.11	2.0
117.65	3.0
118.18	4.0
118.71	1.0
119.24	2.0
119.77	3.0
120.3	4.0
120.82	1.0
121.36	2.0
121.89	3.0
122.42	4.0
122.95	1.0
123.49	2.0
124.01	3.0
124.54	4.0
125.06	1.0
125.6	2.0
126.14	3.0
126.66	4.0
127.19	1.0
127.73	2.0
128.25	3.0
128.78	4.0
129.3	1.0
129.84	2.0
130.37	3.0
130.91	4.0
131.44	1.0
131.97	2.0
132.49	3.0
133.03	4.0
133.56	1.0
134.09	2.0
134.62	3.0
135.15	4.0
135.68	1.0
136.22	2.0
136.73	3.0
137.26	4.0
137.8	1.0
138.33	2.0
138.86	3.0
139.39	4.0
139.92	1.0
140.45	2.0
140.99	3.0
141.51	4.0
142.04	1.0
142.58	2.0
143.1	3.0
143.63	4.0
144.16	1.0
144.7	2.0
145.23	3.0
145.76	4.0
146.28	1.0
146.82	2.0
147.35	3.0
147.88	4.0
148.41	1.0
148.94	2.0
149.47	3.0
149.99	4.0
150.51	1.0
151.05	2.0
151.58	3.0
152.11	4.0
152.65	1.0
153.18	2.0
153.71	3.0
154.24	4.0
154.77	1.0
155.3	2.0
155.83	3.0
156.37	4.0
156.89	1.0
157.43	2.0
157.95	3.0
158.48	4.0
159.01	1.0
159.55	2.0
160.07	3.0
160.61	4.0
161.14	1.0
161.67	2.0
162.2	3.0
162.73	4.0
163.25	1.0
163.78	2.0
164.31	3.0
164.84	4.0
165.37	1.0
165.91	2.0
166.44	3.0
166.97	4.0
167.5	1.0
168.04	2.0
168.57	3.0
169.09	4.0
169.62	1.0
170.16	2.0
170.68	3.0
171.21	4.0
171.74	1.0
172.28	2.0
172.81	3.0
173.34	4.0
173.86	1.0
174.4	2.0
174.92	3.0
175.46	4.0
175.99	1.0
176.52	2.0
177.05	3.0
177.58	4.0
178.1	1.0
178.64	2.0
179.17	3.0
179.7	4.0
180.23	1.0
180.77	2.0
181.29	3.0
181.82	4.0
182.35	1.0
182.88	2.0
183.41	3.0
183.94	4.0
184.47	1.0
185.0	2.0
185.54	3.0
186.06	4.0
186.59	1.0
187.13	2.0
187.65	3.0
188.19	4.0
188.72	1.0
189.25	2.0
189.77	3.0
190.31	4.0
190.84	1.0
191.38	2.0
191.9	3.0
192.42	4.0
192.94	1.0
193.48	2.0
194.02	3.0
194.54	4.0
195.07	1.0
195.61	2.0
196.14	3.0
196.66	4.0
197.19	1.0
197.72	2.0
198.26	3.0
198.79	4.0
199.32	1.0
199.85	2.0
200.39	3.0
200.9	4.0
201.43	1.0
201.97	2.0
202.51	3.0
203.03	4.0
203.57	1.0
204.1	2.0
204.63	3.0
205.15	4.0
205.68	1.0
206.22	2.0
206.75	3.0
207.28	4.0
207.81	1.0
208.34	2.0
208.86	3.0
209.4	4.0
209.92	1.0
210.46	2.0
210.98	3.0
211.52	4.0
212.05	1.0
212.58	2.0
213.1	3.0
213.63	4.0
214.17	1.0
214.71	2.0
215.23	3.0
215.76	4.0
216.29	1.0
216.83	2.0
217.35	3.0
217.89	4.0
218.41	1.0
218.94	2.0
219.47	3.0
220.0	4.0
220.52	1.0
221.05	2.0
221.57	3.0
222.1	4.0
222.63	1.0
223.16	2.0
223.68	3.0
224.2	4.0
224.73	1.0
225.26	2.0
225.79	3.0
226.3	4.0
226.83	1.0
227.37	2.0
227.89	3.0
228.42	4.0
228.95	1.0
229.48	2.0
230.0	3.0
230.53	4.0
231.03	1.0
231.55	2.0
232.05	3.0
232.54	4.0