0.01	1.0
0.49	2.0
0.95	3.0
1.42	4.0
1.9	1.0
2.37	2.0
2.84	3.0
3.31	4.0
3.77	1.0
4.27	2.0
4.73	3.0
5.23	4.0
5.69	1.0
6.16	2.0
6.62	3.0
7.11	4.0
7.58	1.0
8.08	2.0
8.55	3.0
9.03	4.0
9.5	1.0
9.97	2.0
10.42	3.0
10.9	4.0
11.36	1.0
11.84	2.0
12.3	3.0
12.78	4.0
13.24	1.0
13.73	2.0
14.18	3.0
14.66	4.0
15.13	1.0
15.61	2.0
16.07	3.0
16.57	4.0
17.02	1.0
17.51	2.0
17.97	3.0
18.44	4.0
18.9	1.0
19.38	2.0
19.85	3.0
20.33	4.0
20.79	1.0
21.27	2.0
21.72	3.0
22.2	4.0
22.67	1.0
23.16	2.0
23.62	3.0
24.11	4.0
24.57	1.0
25.06	2.0
25.51	3.0
25.98	4.0
26.42	1.0
26.89	2.0
27.36	3.0
27.84	4.0
28.3	1.0
28.78	2.0
29.25	3.0
29.73	4.0
30.19	1.0
30.67	2.0
31.13	3.0
31.62	4.0
32.07	1.0
32.55	2.0
33.02	3.0
33.5	4.0
33.96	1.0
34.44	2.0
34.9	3.0
35.38	4.0
35.85	1.0
36.32	2.0
36.79	3.0
37.27	4.0
37.73	1.0
38.21	2.0
38.68	3.0
39.16	4.0
39.62	1.0
40.09	2.0
40.57	3.0
41.04	4.0
41.5	1.0
41.98	2.0
42.46	3.0
42.93	4.0
43.4	1.0
43.87	2.0
44.34	3.0
44.82	4.0
45.28	1.0
45.76	2.0
46.23	3.0
46.7	4.0
47.16	1.0
47.64	2.0
48.12	3.0
48.59	4.0
49.05	1.0
49.53	2.0
50.01	3.0
50.48	4.0
50.94	1.0
51.41	2.0
51.89	3.0
52.37	4.0
52.83	1.0
53.3	2.0
53.78	3.0
54.25	4.0
54.71	1.0
55.19	2.0
55.66	3.0
56.14	4.0
56.6	1.0
57.08	2.0
57.55	3.0
58.02	4.0
58.49	1.0
58.96	2.0
59.45	3.0
59.91	4.0
60.37	1.0
60.85	2.0
61.32	3.0
61.8	4.0
62.26	1.0
62.74	2.0
63.21	3.0
63.68	4.0
64.15	1.0
64.62	2.0
65.1	3.0
65.57	4.0
66.03	1.0
66.51	2.0
66.98	3.0
67.46	4.0
67.92	1.0
68.4	2.0
68.87	3.0
69.34	4.0
69.81	1.0
70.28	2.0
70.75	3.0
71.23	4.0
71.7	1.0
72.17	2.0
72.65	3.0
73.12	4.0
73.58	1.0
74.06	2.0
74.53	3.0
75.0	4.0
75.47	1.0
75.95	2.0
76.42	3.0
76.89	4.0
77.35	1.0
77.83	2.0
78.31	3.0
78.78	4.0
79.24	1.0
79.72	2.0
80.19	3.0
80.66	4.0
81.13	1.0
81.61	2.0
82.08	3.0
82.55	4.0
83.01	1.0
83.49	2.0
83.97	3.0
84.44	4.0
84.9	1.0
85.38	2.0
85.85	3.0
86.32	4.0
86.79	1.0
87.26	2.0
87.74	3.0
88.21	4.0
88.68	1.0
89.15	2.0
89.63	3.0
90.1	4.0
90.57	1.0
91.04	2.0
91.51	3.0
91.98	4.0
92.45	1.0
92.91	2.0
93.39	3.0
93.87	4.0
94.33	1.0
94.81	2.0
95.28	3.0
95.76	4.0
96.22	1.0
96.69	2.0
97.17	3.0
97.64	4.0
98.1	1.0
98.58	2.0
99.06	3.0
99.53	4.0
99.99	1.0
100.46	2.0
100.94	3.0
101.41	4.0
101.87	1.0
102.35	2.0
102.83	3.0
103.3	4.0
103.76	1.0
104.24	2.0
104.71	3.0
105.19	4.0
105.65	1.0
106.12	2.0
106.6	3.0
107.07	4.0
107.53	1.0
108.01	2.0
108.48	3.0
108.96	4.0
109.42	1.0
109.9	2.0
110.37	3.0
110.85	4.0
111.31	1.0
111.79	2.0
112.26	3.0
112.74	4.0
113.19	1.0
113.67	2.0
114.14	3.0
114.62	4.0
115.08	1.0
115.56	2.0
116.03	3.0
116.51	4.0
116.97	1.0
117.44	2.0
117.92	3.0
118.39	4.0
118.85	1.0
119.33	2.0
119.81	3.0
120.28	4.0
120.74	1.0
121.22	2.0
121.69	3.0
122.17	4.0
122.63	1.0
123.1	2.0
123.57	3.0
124.05	4.0
124.52	1.0
124.99	2.0
125.47	3.0
125.94	4.0
126.4	1.0
126.88	2.0
127.35	3.0
127.83	4.0
128.29	1.0
128.77	2.0
129.24	3.0
129.71	4.0
130.17	1.0
130.65	2.0
131.13	3.0
131.6	4.0
132.06	1.0
132.54	2.0
133.01	3.0
133.48	4.0
133.95	1.0
134.43	2.0
134.9	3.0
135.38	4.0
135.83	1.0
136.31	2.0
136.79	3.0
137.26	4.0
137.72	1.0
138.2	2.0
138.67	3.0
139.14	4.0
139.61	1.0
140.09	2.0
140.56	3.0
141.04	4.0
141.49	1.0
141.97	2.0
142.44	3.0
142.92	4.0
143.39	1.0
143.86	2.0
144.33	3.0
144.81	4.0
145.27	1.0
145.75	2.0
146.22	3.0
146.69	4.0
147.15	1.0
147.64	2.0
148.1	3.0
148.58	4.0
149.04	1.0
149.52	2.0
149.99	3.0
150.47	4.0
150.93	1.0
151.41	2.0
151.88	3.0
152.35	4.0
152.82	1.0
153.3	2.0
153.76	3.0
154.24	4.0
154.7	1.0
155.18	2.0
155.65	3.0
156.13	4.0
156.59	1.0
157.07	2.0
157.54	3.0
158.02	4.0
158.47	1.0
158.96	2.0
159.43	3.0
159.9	4.0
160.36	1.0
160.84	2.0
161.31	3.0
161.78	4.0
162.25	1.0
162.73	2.0
163.2	3.0
163.67	4.0
164.13	1.0
164.61	2.0
165.09	3.0
165.56	4.0
166.02	1.0
166.5	2.0
166.97	3.0
167.45	4.0
167.91	1.0
168.39	2.0
168.86	3.0
169.34	4.0
169.79	1.0
170.28	2.0
170.75	3.0
171.22	4.0
171.68	1.0
172.16	2.0
172.63	3.0
173.11	4.0
173.57	1.0
174.05	2.0
174.52	3.0
175.0	4.0
175.45	1.0
175.93	2.0
176.4	3.0
176.88	4.0
177.36	1.0
177.84	2.0
178.31	3.0
178.79	4.0
179.26	1.0
179.73	2.0
180.19	3.0
180.68	4.0
181.15	1.0
181.64	2.0
182.11	3.0
182.58	4.0
183.03	1.0
183.52	2.0
183.99	3.0
184.46	4.0
184.91	1.0
185.39	2.0
185.85	3.0
186.34	4.0
186.79	1.0
187.27	2.0
187.74	3.0
188.22	4.0
188.69	1.0
189.19	2.0
189.67	3.0
190.15	4.0
190.6	1.0
191.09	2.0
191.53	3.0
192.01	4.0
192.46	1.0
192.93	2.0
193.41	3.0
193.89	4.0
194.36	1.0
194.85	2.0
195.32	3.0
195.78	4.0
196.24	1.0
196.73	2.0
197.18	3.0
197.67	4.0
198.12	1.0
198.61	2.0
199.07	3.0
199.55	4.0
200.0	1.0
200.47	2.0
200.96	3.0
201.43	4.0
201.87	1.0
202.34	2.0
202.81	3.0
203.28	4.0
203.77	1.0
204.25	2.0
204.73	3.0
205.18	4.0
205.67	1.0
206.12	2.0
206.61	3.0
207.08	4.0
207.53	1.0
208.0	2.0
208.47	3.0
208.95	4.0
209.41	1.0
209.89	2.0
210.36	3.0
210.84	4.0
211.3	1.0
211.78	2.0
212.25	3.0
212.72	4.0
213.18	1.0
213.66	2.0
214.13	3.0
214.61	4.0
215.07	1.0
215.55	2.0
216.02	3.0
216.49	4.0
216.96	1.0
217.44	2.0
217.91	3.0
218.38	4.0
218.85	1.0
219.32	2.0
219.8	3.0
220.27	4.0
220.73	1.0
221.21	2.0
221.68	3.0
222.15	4.0
222.63	1.0
223.09	2.0
223.57	3.0
224.04	4.0
224.51	1.0
224.98	2.0
225.45	3.0
225.93	4.0
226.39	1.0
226.87	2.0
227.34	3.0
227.81	4.0
228.28	1.0
228.76	2.0
229.23	3.0
229.7	4.0
230.16	1.0
230.64	2.0
231.12	3.0
231.59	4.0
232.05	1.0
232.53	2.0
233.0	3.0
233.47	4.0
233.93	1.0
234.41	2.0
234.89	3.0
235.36	4.0
235.82	1.0
236.3	2.0
236.78	3.0
237.25	4.0
237.71	1.0
238.19	2.0
238.66	3.0
239.13	4.0
239.6	1.0
240.07	2.0
240.55	3.0
241.02	4.0
241.48	1.0
241.96	2.0
242.43	3.0
242.9	4.0
243.37	1.0
243.84	2.0
244.32	3.0
244.79	4.0
245.26	1.0
245.73	2.0
246.21	3.0
246.68	4.0
247.14	1.0
247.62	2.0
248.09	3.0
248.57	4.0
249.03	1.0
249.51	2.0
249.98	3.0
250.45	4.0
250.91	1.0
251.39	2.0
251.86	3.0
252.33	4.0
252.8	1.0
253.28	2.0
253.75	3.0
254.23	4.0
254.69	1.0
255.17	2.0
255.64	3.0
256.11	4.0
256.58	1.0
257.05	2.0
257.52	3.0
258.0	4.0
258.46	1.0
258.94	2.0
259.41	3.0
259.89	4.0
260.35	1.0
260.82	2.0
261.3	3.0
261.77	4.0
262.23	1.0
262.71	2.0
263.19	3.0
263.66	4.0
264.12	1.0
264.6	2.0
265.07	3.0
265.55	4.0
266.01	1.0
266.49	2.0
266.96	3.0
267.43	4.0
267.9	1.0
268.37	2.0
268.84	3.0
269.32	4.0
269.78	1.0
270.26	2.0
270.73	3.0
271.2	4.0
271.68	1.0
272.15	2.0
272.62	3.0
273.09	4.0
273.55	1.0
274.03	2.0
274.51	3.0
274.98	4.0
275.45	1.0
275.92	2.0
276.39	3.0
276.87	4.0
277.33	1.0
277.81	2.0
278.28	3.0
278.75	4.0
279.22	1.0
279.69	2.0
280.17	3.0
280.64	4.0
281.1	1.0
281.58	2.0
282.05	3.0
282.52	4.0
282.99	1.0
283.47	2.0
283.94	3.0
284.41	4.0
284.87	1.0
285.35	2.0
285.83	3.0
286.3	4.0
286.76	1.0
287.24	2.0
287.71	3.0
288.18	4.0
288.64	1.0
289.12	2.0
289.59	3.0
290.07	4.0
290.53	1.0
291.01	2.0
291.49	3.0
291.96	4.0
292.42	1.0
292.9	2.0
293.37	3.0
293.84	4.0
294.31	1.0
294.78	2.0
295.26	3.0
295.73	4.0
296.19	1.0
296.67	2.0
297.14	3.0
297.61	4.0
298.08	1.0
298.56	2.0
299.03	3.0
299.5	4.0
299.96	1.0
300.44	2.0
300.92	3.0
301.39	4.0
301.86	1.0
302.34	2.0
302.81	3.0
303.28	4.0
303.74	1.0
304.22	2.0
304.69	3.0
305.16	4.0
305.64	1.0
306.11	2.0
306.58	3.0
307.05	4.0
307.51	1.0
307.99	2.0
308.47	3.0
308.94	4.0
309.4	1.0
309.88	2.0
310.35	3.0
310.82	4.0
311.29	1.0
311.76	2.0
312.24	3.0
312.71	4.0
313.18	1.0
313.66	2.0
314.16	3.0
314.64	4.0
315.11	1.0
315.58	2.0
315.97	3.0
316.37	4.0
316.77	1.0
317.16	2.0
317.53	3.0
317.92	4.0
318.35	1.0
318.76	2.0
319.17	3.0
319.58	4.0
320.02	1.0
320.44	2.0
320.85	3.0
321.26	4.0
321.7	1.0
322.16	2.0
322.58	3.0
323.02	4.0
323.48	1.0
323.9	2.0