0.03	1.0
0.52	2.0
1.03	3.0
1.55	4.0
2.03	1.0
2.53	2.0
3.03	3.0
3.53	4.0
4.0	1.0
4.5	2.0
5.01	3.0
5.52	4.0
6.03	1.0
6.52	2.0
7.0	3.0
7.56	4.0
8.08	1.0
8.6	2.0
9.12	3.0
9.63	4.0
10.14	1.0
10.65	2.0
11.19	3.0
11.7	4.0
12.2	1.0
12.7	2.0
13.21	3.0
13.72	4.0
14.24	1.0
14.73	2.0
15.27	3.0
15.76	4.0
16.3	1.0
16.81	2.0
17.33	3.0
17.83	4.0
18.35	1.0
18.85	2.0
19.36	3.0
19.86	4.0
20.38	1.0
20.89	2.0
21.41	3.0
21.92	4.0
22.44	1.0
22.95	2.0
23.46	3.0
23.97	4.0
24.49	1.0
25.0	2.0
25.52	3.0
26.03	4.0
26.54	1.0
27.06	2.0
27.57	3.0
28.08	4.0
28.6	1.0
29.11	2.0
29.62	3.0
30.13	4.0
30.65	1.0
31.15	2.0
31.67	3.0
32.18	4.0
32.7	1.0
33.21	2.0
33.73	3.0
34.24	4.0
34.76	1.0
35.26	2.0
35.78	3.0
36.29	4.0
36.81	1.0
37.32	2.0
37.83	3.0
38.35	4.0
38.86	1.0
39.38	2.0
39.89	3.0
40.4	4.0
40.91	1.0
41.43	2.0
41.94	3.0
42.45	4.0
42.97	1.0
43.48	2.0
43.99	3.0
44.51	4.0
45.02	1.0
45.54	2.0
46.05	3.0
46.56	4.0
47.08	1.0
47.59	2.0
48.11	3.0
48.62	4.0
49.13	1.0
49.64	2.0
50.16	3.0
50.67	4.0
51.18	1.0
51.69	2.0
52.21	3.0
52.72	4.0
53.23	1.0
53.75	2.0
54.26	3.0
54.77	4.0
55.28	1.0
55.8	2.0
56.32	3.0
56.83	4.0
57.34	1.0
57.85	2.0
58.36	3.0
58.88	4.0
59.39	1.0
59.9	2.0
60.42	3.0
60.93	4.0
61.44	1.0
61.95	2.0
62.46	3.0
62.98	4.0
63.49	1.0
64.0	2.0
64.52	3.0
65.02	4.0
65.54	1.0
66.05	2.0
66.56	3.0
67.07	4.0
67.59	1.0
68.1	2.0
68.62	3.0
69.13	4.0
69.64	1.0
70.15	2.0
70.67	3.0
71.18	4.0
71.69	1.0
72.2	2.0
72.71	3.0
73.22	4.0
73.74	1.0
74.25	2.0
74.76	3.0
75.27	4.0
75.78	1.0
76.29	2.0
76.81	3.0
77.32	4.0
77.83	1.0
78.34	2.0
78.85	3.0
79.37	4.0
79.88	1.0
80.39	2.0
80.91	3.0
81.42	4.0
81.93	1.0
82.44	2.0
82.95	3.0
83.46	4.0
83.98	1.0
84.48	2.0
85.0	3.0
85.51	4.0
86.03	1.0
86.54	2.0
87.05	3.0
87.55	4.0
88.07	1.0
88.58	2.0
89.09	3.0
89.6	4.0
90.11	1.0
90.63	2.0
91.14	3.0
91.65	4.0
92.17	1.0
92.68	2.0
93.19	3.0
93.7	4.0
94.21	1.0
94.72	2.0
95.24	3.0
95.75	4.0
96.26	1.0
96.77	2.0
97.29	3.0
97.8	4.0
98.31	1.0
98.83	2.0
99.34	3.0
99.85	4.0
100.36	1.0
100.87	2.0
101.39	3.0
101.9	4.0
102.41	1.0
102.93	2.0
103.44	3.0
103.95	4.0
104.47	1.0
104.97	2.0
105.49	3.0
106.0	4.0
106.51	1.0
107.02	2.0
107.54	3.0
108.05	4.0
108.57	1.0
109.08	2.0
109.59	3.0
110.1	4.0
110.61	1.0
111.12	2.0
111.63	3.0
112.14	4.0
112.66	1.0
113.17	2.0
113.68	3.0
114.19	4.0
114.71	1.0
115.22	2.0
115.73	3.0
116.24	4.0
116.76	1.0
117.27	2.0
117.78	3.0
118.29	4.0
118.81	1.0
119.32	2.0
119.83	3.0
120.35	4.0
120.86	1.0
121.37	2.0
121.88	3.0
122.39	4.0
122.9	1.0
123.41	2.0
123.93	3.0
124.44	4.0
124.95	1.0
125.46	2.0
125.98	3.0
126.49	4.0
127.01	1.0
127.51	2.0
128.02	3.0
128.53	4.0
129.05	1.0
129.56	2.0
130.07	3.0
130.58	4.0
131.09	1.0
131.6	2.0
132.12	3.0
132.63	4.0
133.15	1.0
133.65	2.0
134.16	3.0
134.68	4.0
135.19	1.0
135.7	2.0
136.21	3.0
136.72	4.0
137.23	1.0
137.75	2.0
138.26	3.0
138.77	4.0
139.28	1.0
139.79	2.0
140.31	3.0
140.82	4.0
141.33	1.0
141.84	2.0
142.35	3.0
142.86	4.0
143.38	1.0
143.89	2.0
144.4	3.0
144.91	4.0
145.42	1.0
145.94	2.0
146.45	3.0
146.96	4.0
147.47	1.0
147.98	2.0
148.5	3.0
149.01	4.0
149.52	1.0
150.03	2.0
150.55	3.0
151.05	4.0
151.57	1.0
152.08	2.0
152.59	3.0
153.1	4.0
153.61	1.0
154.12	2.0
154.64	3.0
155.15	4.0
155.66	1.0
156.17	2.0
156.68	3.0
157.19	4.0
157.7	1.0
158.21	2.0
158.72	3.0
159.23	4.0
159.75	1.0
160.26	2.0
160.77	3.0
161.29	4.0
161.8	1.0
162.31	2.0
162.82	3.0
163.33	4.0
163.84	1.0
164.35	2.0
164.87	3.0
165.38	4.0
165.89	1.0
166.4	2.0
166.91	3.0
167.43	4.0
167.94	1.0
168.44	2.0
168.96	3.0
169.46	4.0
169.98	1.0
170.49	2.0
171.0	3.0
171.51	4.0
172.02	1.0
172.53	2.0
173.05	3.0
173.56	4.0
174.07	1.0
174.58	2.0
175.09	3.0
175.6	4.0
176.11	1.0
176.62	2.0
177.13	3.0
177.64	4.0
178.16	1.0
178.67	2.0
179.18	3.0
179.69	4.0
180.2	1.0
180.71	2.0
181.22	3.0
181.73	4.0
182.24	1.0
182.75	2.0
183.27	3.0
183.78	4.0
184.29	1.0
184.81	2.0
185.32	3.0
185.82	4.0
186.33	1.0
186.85	2.0
187.36	3.0
187.87	4.0
188.38	1.0
188.89	2.0
189.4	3.0
189.91	4.0
190.43	1.0
190.94	2.0
191.45	3.0
191.96	4.0
192.47	1.0
192.98	2.0
193.49	3.0
194.0	4.0
194.51	1.0
195.02	2.0
195.54	3.0
196.05	4.0
196.56	1.0
197.07	2.0
197.58	3.0
198.09	4.0
198.6	1.0
199.11	2.0
199.62	3.0
200.13	4.0
200.64	1.0
201.15	2.0
201.66	3.0
202.17	4.0
202.69	1.0
203.19	2.0
203.71	3.0
204.21	4.0
204.73	1.0
205.23	2.0
205.75	3.0
206.26	4.0
206.77	1.0
207.28	2.0
207.8	3.0
208.31	4.0
208.82	1.0
209.32	2.0
209.84	3.0
210.35	4.0
210.86	1.0
211.37	2.0
211.88	3.0
212.39	4.0
212.91	1.0
213.42	2.0
213.93	3.0
214.44	4.0
214.95	1.0
215.46	2.0
215.97	3.0
216.48	4.0
217.0	1.0
217.5	2.0
218.02	3.0
218.53	4.0
219.04	1.0
219.55	2.0
220.06	3.0
220.57	4.0
221.08	1.0
221.59	2.0
222.11	3.0
222.62	4.0
223.13	1.0
223.63	2.0
224.15	3.0
224.66	4.0
225.17	1.0
225.68	2.0
226.19	3.0
226.7	4.0
227.21	1.0
227.72	2.0
228.23	3.0
228.74	4.0
229.25	1.0
229.76	2.0
230.27	3.0
230.78	4.0
231.3	1.0
231.8	2.0
232.31	3.0
232.82	4.0
233.33	1.0
233.84	2.0