3.31	4.0
3.8	1.0
4.29	2.0
4.75	3.0
5.24	4.0
5.72	1.0
6.19	2.0
6.67	3.0
7.16	4.0
7.64	1.0
8.12	2.0
8.58	3.0
9.07	4.0
9.54	1.0
10.02	2.0
10.52	3.0
11.0	4.0
11.47	1.0
11.95	2.0
12.44	3.0
12.9	4.0
13.36	1.0
13.83	2.0
14.32	3.0
14.78	4.0
15.25	1.0
15.74	2.0
16.21	3.0
16.7	4.0
17.19	1.0
17.67	2.0
18.14	3.0
18.59	4.0
19.06	1.0
19.54	2.0
20.0	3.0
20.47	4.0
20.95	1.0
21.41	2.0
21.88	3.0
22.36	4.0
22.82	1.0
23.3	2.0
23.76	3.0
24.22	4.0
24.67	1.0
25.14	2.0
25.6	3.0
26.08	4.0
26.53	1.0
27.02	2.0
27.48	3.0
27.96	4.0
28.42	1.0
28.87	2.0
29.32	3.0
29.79	4.0
30.24	1.0
30.72	2.0
31.2	3.0
31.66	4.0
32.13	1.0
32.58	2.0
33.05	3.0
33.49	4.0
33.95	1.0
34.43	2.0
34.9	3.0
35.37	4.0
35.82	1.0
36.28	2.0
36.74	3.0
37.21	4.0
37.67	1.0
38.13	2.0
38.6	3.0
39.07	4.0
39.53	1.0
39.99	2.0
40.46	3.0
40.93	4.0
41.39	1.0
41.85	2.0
42.33	3.0
42.8	4.0
43.26	1.0
43.72	2.0
44.17	3.0
44.65	4.0
45.09	1.0
45.57	2.0
46.05	3.0
46.51	4.0
46.97	1.0
47.45	2.0
47.9	3.0
48.36	4.0
48.82	1.0
49.31	2.0
49.76	3.0
50.25	4.0
50.72	1.0
51.18	2.0
51.62	3.0
52.09	4.0
52.55	1.0
53.04	2.0
53.5	3.0
53.98	4.0
54.45	1.0
54.92	2.0
55.4	3.0
55.85	4.0
56.3	1.0
56.78	2.0
57.22	3.0
57.7	4.0
58.18	1.0
58.63	2.0
59.1	3.0
59.54	4.0
60.0	1.0
60.46	2.0
60.95	3.0
61.4	4.0
61.89	1.0
62.36	2.0
62.81	3.0
63.27	4.0
63.72	1.0
64.19	2.0
64.66	3.0
65.12	4.0
65.58	1.0
66.05	2.0
66.52	3.0
66.97	4.0
67.44	1.0
67.9	2.0
68.35	3.0
68.83	4.0
69.29	1.0
69.75	2.0
70.21	3.0
70.69	4.0
71.13	1.0
71.62	2.0
72.07	3.0
72.54	4.0
72.99	1.0
73.47	2.0
73.91	3.0
74.39	4.0
74.84	1.0
75.31	2.0
75.79	3.0
76.26	4.0
76.72	1.0
77.19	2.0
77.66	3.0
78.12	4.0
78.57	1.0
79.06	2.0
79.52	3.0
80.0	4.0
80.45	1.0
80.92	2.0
81.39	3.0
81.85	4.0
82.31	1.0
82.77	2.0
83.24	3.0
83.7	4.0
84.16	1.0
84.63	2.0
85.08	3.0
85.55	4.0
85.99	1.0
86.48	2.0
86.95	3.0
87.42	4.0
87.88	1.0
88.34	2.0
88.8	3.0
89.26	4.0
89.72	1.0
90.19	2.0
90.66	3.0
91.13	4.0
91.59	1.0
92.05	2.0
92.51	3.0
92.98	4.0
93.43	1.0
93.9	2.0
94.37	3.0
94.84	4.0
95.3	1.0
95.77	2.0
96.22	3.0
96.69	4.0
97.15	1.0
97.62	2.0
98.09	3.0
98.57	4.0
99.02	1.0
99.48	2.0
99.93	3.0
100.41	4.0
100.85	1.0
101.32	2.0
101.77	3.0
102.25	4.0
102.71	1.0
103.17	2.0
103.62	3.0
104.08	4.0
104.54	1.0
105.0	2.0
105.46	3.0
105.94	4.0
106.39	1.0
106.85	2.0
107.31	3.0
107.78	4.0
108.22	1.0
108.68	2.0
109.13	3.0
109.59	4.0
110.06	1.0
110.51	2.0
110.97	3.0
111.43	4.0
111.89	1.0
112.34	2.0
112.8	3.0
113.27	4.0
113.73	1.0
114.18	2.0
114.63	3.0
115.1	4.0
115.55	1.0
116.02	2.0
116.47	3.0
116.94	4.0
117.39	1.0
117.86	2.0
118.33	3.0
118.79	4.0
119.24	1.0
119.7	2.0
120.17	3.0
120.63	4.0
121.09	1.0
121.55	2.0
122.01	3.0
122.47	4.0
122.91	1.0
123.37	2.0
123.84	3.0
124.3	4.0
124.76	1.0
125.22	2.0
125.68	3.0
126.13	4.0
126.58	1.0
127.05	2.0
127.53	3.0
127.99	4.0
128.47	1.0
128.94	2.0
129.39	3.0
129.85	4.0
130.3	1.0
130.77	2.0
131.24	3.0
131.7	4.0
132.15	1.0
132.62	2.0
133.08	3.0
133.53	4.0
133.98	1.0
134.44	2.0
134.91	3.0
135.36	4.0
135.83	1.0
136.28	2.0
136.73	3.0
137.19	4.0
137.64	1.0
138.1	2.0
138.57	3.0
139.03	4.0
139.48	1.0
139.95	2.0
140.4	3.0
140.85	4.0
141.3	1.0
141.77	2.0
142.23	3.0
142.7	4.0
143.16	1.0
143.61	2.0
144.07	3.0
144.52	4.0
144.97	1.0
145.44	2.0
145.9	3.0
146.37	4.0
146.83	1.0
147.28	2.0
147.75	3.0
148.2	4.0
148.65	1.0
149.12	2.0
149.58	3.0
150.04	4.0
150.5	1.0
150.96	2.0
151.41	3.0
151.87	4.0
152.32	1.0
152.78	2.0
153.25	3.0
153.71	4.0
154.17	1.0
154.63	2.0
155.09	3.0
155.54	4.0
155.98	1.0
156.42	2.0
156.87	3.0
157.31	4.0
157.74	1.0
158.17	2.0