5.83	2.0
6.22	3.0
6.63	4.0
7.01	1.0
7.4	2.0
7.79	3.0
8.18	4.0
8.56	1.0
8.97	2.0
9.38	3.0
9.77	4.0
10.16	1.0
10.57	2.0
10.97	3.0
11.36	4.0
11.75	1.0
12.16	2.0
12.55	3.0
12.93	4.0
13.32	1.0
13.72	2.0
14.11	3.0
14.49	4.0
14.87	1.0
15.27	2.0
15.67	3.0
16.06	4.0
16.45	1.0
16.84	2.0
17.21	3.0
17.62	4.0
17.99	1.0
18.39	2.0
18.76	3.0
19.13	4.0
19.51	1.0
19.93	2.0
20.33	3.0
20.71	4.0
21.11	1.0
21.49	2.0
21.9	3.0
22.28	4.0
22.67	1.0
23.08	2.0
23.48	3.0
23.86	4.0
24.28	1.0
24.65	2.0
25.05	3.0
25.42	4.0
25.81	1.0
26.19	2.0
26.56	3.0
26.94	4.0
27.34	1.0
27.72	2.0
28.13	3.0
28.52	4.0
28.91	1.0
29.28	2.0
29.67	3.0
30.1	4.0
30.49	1.0
30.9	2.0
31.31	3.0
31.72	4.0
32.14	1.0
32.56	2.0
32.97	3.0
33.38	4.0
33.77	1.0
34.19	2.0
34.61	3.0
35.03	4.0
35.45	1.0
35.87	2.0
36.29	3.0
36.7	4.0
37.11	1.0
37.53	2.0
37.96	3.0
38.37	4.0
38.77	1.0
39.19	2.0
39.6	3.0
40.01	4.0
40.41	1.0
40.82	2.0
41.23	3.0
41.63	4.0
42.05	1.0
42.48	2.0
42.91	3.0
43.31	4.0
43.72	1.0
44.13	2.0
44.53	3.0
44.93	4.0
45.32	1.0
45.73	2.0
46.12	3.0
46.53	4.0
46.92	1.0
47.31	2.0
47.71	3.0
48.12	4.0
48.53	1.0
48.94	2.0
49.35	3.0
49.76	4.0
50.17	1.0
50.58	2.0
50.99	3.0
51.38	4.0
51.79	1.0
52.2	2.0
52.6	3.0
53.0	4.0
53.38	1.0
53.78	2.0
54.16	3.0
54.57	4.0
54.98	1.0
55.39	2.0
55.81	3.0
56.2	4.0
56.61	1.0
57.02	2.0
57.4	3.0
57.81	4.0
58.2	1.0
58.61	2.0
59.02	3.0
59.42	4.0
59.82	1.0
60.22	2.0
60.61	3.0
61.0	4.0
61.41	1.0
61.8	2.0
62.2	3.0
62.59	4.0
62.98	1.0
63.37	2.0
63.77	3.0
64.16	4.0
64.55	1.0
64.95	2.0
65.34	3.0
65.73	4.0
66.14	1.0
66.55	2.0
66.95	3.0
67.35	4.0
67.75	1.0
68.15	2.0
68.54	3.0
68.93	4.0
69.32	1.0
69.72	2.0
70.12	3.0
70.53	4.0
70.92	1.0
71.33	2.0
71.73	3.0
72.11	4.0
72.51	1.0
72.92	2.0
73.31	3.0
73.7	4.0
74.09	1.0
74.48	2.0
74.89	3.0
75.29	4.0
75.67	1.0
76.07	2.0
76.46	3.0
76.86	4.0
77.24	1.0
77.63	2.0
78.02	3.0
78.41	4.0
78.8	1.0
79.18	2.0
79.59	3.0
79.98	4.0
80.37	1.0
80.77	2.0
81.17	3.0
81.55	4.0
81.96	1.0
82.37	2.0
82.77	3.0
83.16	4.0
83.54	1.0
83.93	2.0
84.34	3.0
84.73	4.0
85.11	1.0
85.51	2.0
85.9	3.0
86.29	4.0
86.69	1.0
87.1	2.0
87.49	3.0
87.88	4.0
88.28	1.0
88.67	2.0
89.06	3.0
89.45	4.0
89.86	1.0
90.26	2.0
90.66	3.0
91.07	4.0
91.47	1.0
91.87	2.0
92.27	3.0
92.66	4.0
93.05	1.0
93.43	2.0
93.82	3.0
94.23	4.0
94.62	1.0
95.02	2.0
95.42	3.0
95.82	4.0
96.22	1.0
96.61	2.0
97.0	3.0
97.41	4.0
97.8	1.0
98.17	2.0
98.57	3.0
98.96	4.0
99.36	1.0
99.75	2.0
100.14	3.0
100.52	4.0
100.93	1.0
101.33	2.0
101.74	3.0
102.12	4.0
102.51	1.0
102.89	2.0
103.29	3.0
103.69	4.0
104.08	1.0
104.49	2.0
104.87	3.0
105.26	4.0
105.67	1.0
106.06	2.0
106.45	3.0
106.84	4.0
107.22	1.0
107.63	2.0
108.02	3.0
108.42	4.0
108.83	1.0
109.24	2.0
109.65	3.0
110.06	4.0
110.45	1.0
110.85	2.0
111.25	3.0
111.64	4.0
112.03	1.0
112.44	2.0
112.82	3.0
113.21	4.0
113.62	1.0
114.05	2.0
114.45	3.0
114.86	4.0
115.28	1.0
115.69	2.0
116.1	3.0
116.49	4.0
116.91	1.0
117.31	2.0
117.72	3.0
118.11	4.0
118.51	1.0
118.91	2.0
119.32	3.0
119.72	4.0
120.13	1.0
120.54	2.0
120.96	3.0
121.36	4.0
121.78	1.0
122.17	2.0
122.61	3.0
123.01	4.0
123.43	1.0
123.85	2.0
124.26	3.0
124.68	4.0
125.09	1.0
125.5	2.0
125.9	3.0
126.31	4.0
126.73	1.0
127.16	2.0
127.58	3.0
128.0	4.0
128.43	1.0
128.84	2.0
129.25	3.0
129.66	4.0
130.05	1.0
130.48	2.0
130.9	3.0
131.31	4.0
131.74	1.0
132.17	2.0
132.58	3.0
133.01	4.0
133.41	1.0
133.83	2.0
134.24	3.0
134.64	4.0
135.06	1.0
135.5	2.0
135.92	3.0
136.34	4.0
136.75	1.0
137.17	2.0
137.58	3.0
138.0	4.0
138.41	1.0
138.83	2.0
139.24	3.0
139.63	4.0
140.03	1.0
140.43	2.0
140.83	3.0
141.22	4.0
141.62	1.0
142.01	2.0
142.41	3.0
142.81	4.0
143.21	1.0
143.6	2.0
144.0	3.0
144.4	4.0
144.79	1.0
145.16	2.0
145.56	3.0
145.95	4.0
146.35	1.0
146.74	2.0
147.13	3.0
147.55	4.0
147.95	1.0
148.35	2.0
148.75	3.0
149.15	4.0
149.52	1.0
149.9	2.0
150.29	3.0
150.67	4.0
151.07	1.0
151.47	2.0
151.86	3.0
152.24	4.0
152.63	1.0
153.03	2.0
153.41	3.0
153.81	4.0
154.19	1.0
154.59	2.0
154.98	3.0
155.38	4.0
155.77	1.0
156.18	2.0
156.58	3.0
156.98	4.0
157.37	1.0
157.77	2.0
158.17	3.0
158.56	4.0
158.95	1.0
159.35	2.0
159.75	3.0
160.13	4.0
160.54	1.0
160.95	2.0
161.38	3.0
161.81	4.0
162.23	1.0
162.65	2.0
163.05	3.0
163.44	4.0
163.83	1.0
164.25	2.0
164.66	3.0
165.06	4.0
165.46	1.0
165.87	2.0
166.29	3.0
166.69	4.0
167.11	1.0
167.52	2.0
167.92	3.0
168.33	4.0
168.74	1.0
169.17	2.0
169.56	3.0
169.99	4.0
170.4	1.0
170.81	2.0
171.22	3.0
171.63	4.0
172.04	1.0
172.46	2.0
172.86	3.0
173.29	4.0
173.71	1.0
174.13	2.0
174.55	3.0
174.98	4.0
175.39	1.0
175.81	2.0
176.21	3.0
176.63	4.0
177.02	1.0
177.43	2.0
177.85	3.0
178.27	4.0
178.67	1.0
179.1	2.0
179.52	3.0
179.94	4.0
180.34	1.0
180.77	2.0
181.2	3.0
181.6	4.0
182.03	1.0
182.45	2.0
182.85	3.0
183.28	4.0
183.69	1.0
184.09	2.0
184.51	3.0
184.92	4.0
185.33	1.0
185.74	2.0
186.14	3.0
186.54	4.0
186.94	1.0
187.35	2.0
187.74	3.0
188.14	4.0
188.56	1.0
188.98	2.0
189.38	3.0
189.8	4.0
190.22	1.0
190.63	2.0
191.04	3.0
191.48	4.0
191.89	1.0
192.3	2.0
192.7	3.0
193.12	4.0
193.53	1.0
193.94	2.0
194.35	3.0
194.77	4.0
195.16	1.0
195.58	2.0
195.98	3.0
196.38	4.0
196.8	1.0
197.22	2.0
197.62	3.0
198.01	4.0
198.41	1.0
198.81	2.0
199.22	3.0
199.62	4.0
200.01	1.0
200.41	2.0
200.8	3.0
201.22	4.0
201.61	1.0
202.02	2.0
202.42	3.0
202.82	4.0
203.22	1.0
203.63	2.0
204.03	3.0
204.44	4.0
204.83	1.0
205.24	2.0
205.63	3.0
206.05	4.0
206.46	1.0
206.86	2.0
207.24	3.0
207.63	4.0
208.01	1.0
208.42	2.0
208.81	3.0
209.21	4.0
209.61	1.0
210.02	2.0
210.42	3.0
210.81	4.0
211.2	1.0
211.6	2.0
212.01	3.0
212.41	4.0
212.79	1.0
213.18	2.0
213.56	3.0
213.97	4.0
214.37	1.0
214.77	2.0
215.16	3.0
215.56	4.0
215.96	1.0
216.37	2.0
216.74	3.0
217.13	4.0
217.53	1.0
217.92	2.0
218.31	3.0
218.72	4.0
219.11	1.0
219.52	2.0
219.9	3.0
220.28	4.0
220.67	1.0
221.05	2.0
221.43	3.0
221.84	4.0
222.24	1.0
222.64	2.0
223.03	3.0
223.41	4.0
223.81	1.0
224.2	2.0
224.59	3.0
224.98	4.0
225.36	1.0
225.75	2.0
226.14	3.0
226.53	4.0
226.92	1.0
227.33	2.0
227.73	3.0
228.14	4.0
228.54	1.0
228.93	2.0
229.32	3.0
229.71	4.0
230.11	1.0
230.51	2.0
230.9	3.0
231.29	4.0
231.7	1.0
232.09	2.0
232.49	3.0
232.88	4.0
233.26	1.0
233.68	2.0
234.07	3.0
234.47	4.0
234.86	1.0
235.26	2.0
235.65	3.0
236.04	4.0
236.41	1.0
236.79	2.0
237.17	3.0
237.57	4.0
237.96	1.0
238.36	2.0
238.75	3.0
239.16	4.0
239.56	1.0
239.94	2.0
240.33	3.0
240.73	4.0
241.12	1.0
241.51	2.0
241.91	3.0
242.32	4.0
242.71	1.0
243.11	2.0
243.5	3.0
243.89	4.0
244.27	1.0
244.67	2.0
245.09	3.0
245.48	4.0
245.86	1.0
246.26	2.0
246.66	3.0
247.04	4.0
247.41	1.0
247.78	2.0
248.16	3.0
248.56	4.0
248.96	1.0
249.37	2.0
249.76	3.0
250.16	4.0
250.55	1.0
250.94	2.0
251.33	3.0
251.73	4.0
252.12	1.0
252.52	2.0
252.91	3.0
253.32	4.0
253.72	1.0
254.11	2.0
254.5	3.0
254.89	4.0
255.27	1.0
255.65	2.0
256.07	3.0
256.46	4.0
256.85	1.0
257.25	2.0
257.64	3.0
258.02	4.0
258.4	1.0
258.77	2.0
259.14	3.0
259.53	4.0
259.93	1.0
260.33	2.0
260.71	3.0
261.11	4.0
261.49	1.0
261.88	2.0
262.26	3.0
262.66	4.0
263.05	1.0
263.46	2.0
263.85	3.0
264.25	4.0
264.62	1.0
265.02	2.0
265.4	3.0
265.8	4.0
266.19	1.0
266.59	2.0
266.98	3.0
267.38	4.0
267.76	1.0
268.16	2.0
268.55	3.0
268.93	4.0
269.3	1.0
269.69	2.0
270.06	3.0
270.43	4.0
270.82	1.0
271.22	2.0
271.62	3.0
272.02	4.0
272.41	1.0
272.8	2.0
273.2	3.0
273.62	4.0
274.0	1.0
274.4	2.0
274.79	3.0
275.18	4.0
275.58	1.0
275.96	2.0
276.35	3.0
276.72	4.0
277.11	1.0
277.5	2.0
277.88	3.0
278.27	4.0
278.66	1.0
279.06	2.0
279.45	3.0
279.85	4.0
280.23	1.0
280.64	2.0
281.03	3.0
281.42	4.0
281.79	1.0
282.16	2.0
282.56	3.0
282.94	4.0
283.32	1.0
283.72	2.0
284.11	3.0
284.51	4.0
284.9	1.0
285.28	2.0
285.68	3.0
286.06	4.0
286.42	1.0
286.81	2.0
287.2	3.0
287.59	4.0
287.97	1.0
288.36	2.0
288.75	3.0
289.13	4.0
289.52	1.0
289.9	2.0
290.28	3.0
290.68	4.0
291.06	1.0
291.46	2.0
291.85	3.0
292.23	4.0
292.61	1.0
293.0	2.0
293.39	3.0
293.77	4.0
294.14	1.0
294.53	2.0
294.92	3.0
295.31	4.0
295.69	1.0
296.1	2.0
296.49	3.0
296.88	4.0
297.27	1.0
297.66	2.0
298.05	3.0
298.43	4.0
298.83	1.0
299.21	2.0
299.58	3.0
299.97	4.0
300.37	1.0
300.76	2.0
301.14	3.0
301.52	4.0
301.91	1.0
302.29	2.0
302.67	3.0
303.07	4.0
303.45	1.0
303.85	2.0
304.24	3.0
304.62	4.0
304.99	1.0
305.38	2.0
305.76	3.0
306.15	4.0
306.53	1.0
306.92	2.0
307.32	3.0
307.72	4.0
308.11	1.0
308.5	2.0
308.89	3.0
309.28	4.0
309.67	1.0
310.06	2.0
310.45	3.0
310.83	4.0
311.22	1.0
311.61	2.0
312.0	3.0
312.39	4.0
312.78	1.0
313.18	2.0
313.56	3.0
313.94	4.0
314.32	1.0
314.7	2.0
315.09	3.0
315.48	4.0
315.9	1.0
316.29	2.0
316.7	3.0
317.13	4.0
317.53	1.0
317.95	2.0
318.37	3.0
318.79	4.0
319.23	1.0
319.65	2.0
320.06	3.0
320.48	4.0
320.89	1.0
321.3	2.0
321.69	3.0
322.11	4.0
322.51	1.0
322.94	2.0
323.34	3.0
323.74	4.0
324.16	1.0
324.56	2.0
324.99	3.0
325.38	4.0
325.77	1.0
326.19	2.0
326.58	3.0
326.97	4.0
327.39	1.0
327.78	2.0
328.19	3.0
328.58	4.0
328.98	1.0