6.0	1.0
6.77	2.0
7.5	3.0
8.29	4.0
9.0	1.0
9.75	2.0
10.5	3.0
11.25	4.0
11.99	1.0
12.77	2.0
13.5	3.0
14.26	4.0
15.01	1.0
15.77	2.0
16.51	3.0
17.26	4.0
17.99	1.0
18.73	2.0
19.49	3.0
20.24	4.0
20.99	1.0
21.74	2.0
22.49	3.0
23.22	4.0
24.0	1.0
24.76	2.0
25.5	3.0
26.23	4.0
26.98	1.0
27.73	2.0
28.49	3.0
29.23	4.0
29.99	1.0
30.73	2.0
31.49	3.0
32.24	4.0
32.99	1.0
33.74	2.0
34.5	3.0
35.25	4.0
35.99	1.0
36.73	2.0
37.48	3.0
38.22	4.0
38.98	1.0
39.73	2.0
40.48	3.0
41.23	4.0
41.99	1.0
42.74	2.0
43.49	3.0
44.23	4.0
44.98	1.0
45.73	2.0
46.49	3.0
47.24	4.0
47.99	1.0
48.73	2.0
49.48	3.0
50.24	4.0
50.98	1.0
51.74	2.0
52.49	3.0
53.24	4.0
53.98	1.0
54.73	2.0
55.48	3.0
56.22	4.0
56.98	1.0
57.73	2.0
58.47	3.0
59.22	4.0
59.98	1.0
60.74	2.0
61.48	3.0
62.21	4.0
62.97	1.0
63.72	2.0
64.48	3.0
65.22	4.0
65.97	1.0
66.73	2.0
67.48	3.0
68.23	4.0
68.98	1.0
69.72	2.0
70.48	3.0
71.24	4.0
71.99	1.0
72.73	2.0
73.48	3.0
74.23	4.0
74.97	1.0
75.7	2.0
76.47	3.0
77.23	4.0
77.98	1.0
78.75	2.0
79.51	3.0
80.24	4.0
81.0	1.0
81.73	2.0
82.48	3.0
83.22	4.0
83.99	1.0
84.74	2.0
85.48	3.0
86.22	4.0
86.97	1.0
87.72	2.0
88.48	3.0
89.24	4.0
89.97	1.0
90.75	2.0
91.49	3.0
92.23	4.0
92.97	1.0
93.72	2.0
94.48	3.0
95.22	4.0
95.98	1.0
96.73	2.0
97.47	3.0
98.22	4.0
98.98	1.0
99.72	2.0
100.47	3.0
101.22	4.0
101.99	1.0
102.77	2.0
103.49	3.0
104.23	4.0
104.99	1.0
105.73	2.0
106.5	3.0
107.25	4.0
107.99	1.0
108.73	2.0
109.47	3.0
110.2	4.0
110.96	1.0
111.7	2.0
112.47	3.0
113.21	4.0
113.96	1.0
114.72	2.0
115.46	3.0
116.22	4.0
116.97	1.0
117.73	2.0
118.47	3.0
119.22	4.0
119.97	1.0
120.71	2.0
121.47	3.0
122.21	4.0
122.97	1.0
123.72	2.0
124.47	3.0
125.22	4.0
125.98	1.0
126.74	2.0
127.48	3.0
128.21	4.0
128.97	1.0
129.72	2.0
130.48	3.0
131.22	4.0
131.97	1.0
132.72	2.0
133.47	3.0
134.22	4.0
134.97	1.0
135.72	2.0
136.48	3.0
137.22	4.0
137.91	1.0
138.35	2.0
138.72	3.0
139.09	4.0
139.46	1.0
139.84	2.0
140.21	3.0
140.59	4.0
140.95	1.0
141.33	2.0
141.72	3.0
142.11	4.0
142.48	1.0
142.85	2.0
143.23	3.0
143.6	4.0
143.97	1.0
144.35	2.0
144.74	3.0
145.11	4.0
145.48	1.0
145.86	2.0
146.22	3.0
146.6	4.0
146.97	1.0
147.33	2.0
147.71	3.0
148.08	4.0
148.46	1.0
148.84	2.0
149.21	3.0
149.59	4.0
149.98	1.0
150.34	2.0
150.74	3.0
151.11	4.0
151.49	1.0
151.86	2.0
152.23	3.0
152.61	4.0
152.98	1.0
153.34	2.0
153.71	3.0
154.08	4.0
154.45	1.0
154.81	2.0
155.2	3.0
155.56	4.0
155.95	1.0
156.32	2.0
156.71	3.0
157.1	4.0
157.46	1.0
157.83	2.0
158.22	3.0
158.59	4.0
158.97	1.0
159.35	2.0
159.73	3.0
160.11	4.0
160.49	1.0
160.87	2.0
161.23	3.0
161.61	4.0
161.99	1.0
162.36	2.0
162.73	3.0
163.11	4.0
163.49	1.0
163.86	2.0
164.22	3.0
164.6	4.0
164.96	1.0
165.34	2.0
165.72	3.0
166.1	4.0
166.46	1.0
166.82	2.0
167.21	3.0
167.58	4.0
167.98	1.0
168.35	2.0
168.72	3.0
169.1	4.0
169.47	1.0
169.84	2.0
170.21	3.0
170.58	4.0
170.95	1.0
171.32	2.0
171.69	3.0
172.06	4.0
172.43	1.0
172.8	2.0
173.17	3.0
173.54	4.0
173.92	1.0
174.3	2.0
174.67	3.0
175.05	4.0
175.42	1.0
175.79	2.0
176.17	3.0
176.54	4.0
176.92	1.0
177.3	2.0
177.67	3.0
178.04	4.0
178.42	1.0
178.8	2.0
179.17	3.0
179.55	4.0
179.92	1.0
180.29	2.0
180.67	3.0
181.05	4.0
181.43	1.0
181.79	2.0
182.18	3.0
182.55	4.0
182.94	1.0
183.31	2.0
183.68	3.0
184.05	4.0
184.43	1.0
184.8	2.0
185.17	3.0
185.54	4.0
185.92	1.0
186.3	2.0
186.67	3.0
187.04	4.0
187.42	1.0
187.78	2.0
188.16	3.0
188.53	4.0
188.91	1.0
189.28	2.0
189.66	3.0
190.03	4.0
190.41	1.0
190.79	2.0
191.16	3.0
191.53	4.0
191.91	1.0
192.29	2.0
192.67	3.0
193.05	4.0
193.41	1.0
193.79	2.0
194.16	3.0
194.53	4.0
194.9	1.0
195.28	2.0
195.65	3.0
196.03	4.0
196.4	1.0
196.77	2.0
197.14	3.0
197.51	4.0
197.89	1.0
198.28	2.0
198.65	3.0
199.01	4.0
199.38	1.0
199.76	2.0
200.13	3.0
200.5	4.0
200.86	1.0
201.24	2.0
201.61	3.0
201.98	4.0
202.34	1.0
202.72	2.0
203.1	3.0
203.47	4.0
203.85	1.0
204.22	2.0
204.6	3.0
204.98	4.0
205.34	1.0
205.71	2.0
206.08	3.0
206.45	4.0
206.82	1.0
207.2	2.0
207.59	3.0
207.96	4.0
208.33	1.0
208.71	2.0
209.08	3.0
209.46	4.0
209.83	1.0
210.21	2.0
210.6	3.0
210.98	4.0
211.36	1.0
211.73	2.0
212.11	3.0
212.47	4.0
212.83	1.0
213.21	2.0
213.58	3.0
213.93	4.0
214.28	1.0
214.64	2.0
215.01	3.0
215.39	4.0
215.79	1.0
216.17	2.0
216.55	3.0
216.92	4.0
217.3	1.0
217.66	2.0
218.03	3.0
218.41	4.0
218.79	1.0
219.14	2.0
219.52	3.0
219.9	4.0
220.27	1.0
220.63	2.0
220.99	3.0
221.36	4.0
221.74	1.0
222.1	2.0
222.49	3.0
222.86	4.0
223.23	1.0
223.6	2.0
223.97	3.0
224.33	4.0
224.71	1.0
225.06	2.0
225.45	3.0
225.82	4.0
226.19	1.0
226.54	2.0
226.88	3.0
227.22	4.0
227.57	1.0
227.94	2.0
228.3	3.0
228.66	4.0
229.05	1.0
229.44	2.0
229.81	3.0