0.01	1.0
0.53	2.0
1.01	3.0
1.53	4.0
2.01	1.0
2.5	2.0
2.99	3.0
3.5	4.0
3.99	1.0
4.5	2.0
5.02	3.0
5.55	4.0
6.07	1.0
6.61	2.0
7.14	3.0
7.65	4.0
8.16	1.0
8.67	2.0
9.19	3.0
9.69	4.0
10.21	1.0
10.71	2.0
11.23	3.0
11.73	4.0
12.25	1.0
12.74	2.0
13.25	3.0
13.75	4.0
14.29	1.0
14.77	2.0
15.3	3.0
15.79	4.0
16.31	1.0
16.81	2.0
17.33	3.0
17.84	4.0
18.34	1.0
18.86	2.0
19.39	3.0
19.89	4.0
20.39	1.0
20.9	2.0
21.43	3.0
21.94	4.0
22.46	1.0
22.95	2.0
23.48	3.0
23.96	4.0
24.48	1.0
24.97	2.0
25.51	3.0
25.99	4.0
26.53	1.0
27.01	2.0
27.55	3.0
28.05	4.0
28.56	1.0
29.05	2.0
29.59	3.0
30.07	4.0
30.6	1.0
31.1	2.0
31.61	3.0
32.11	4.0
32.62	1.0
33.13	2.0
33.65	3.0
34.14	4.0
34.64	1.0
35.16	2.0
35.69	3.0
36.17	4.0
36.68	1.0
37.17	2.0
37.7	3.0
38.18	4.0
38.72	1.0
39.21	2.0
39.71	3.0
40.18	4.0
40.67	1.0
41.21	2.0
41.74	3.0
42.29	4.0
42.82	1.0
43.4	2.0
43.95	3.0
44.47	4.0
45.02	1.0
45.5	2.0
46.03	3.0
46.52	4.0
47.05	1.0
47.53	2.0
48.04	3.0
48.52	4.0
49.04	1.0
49.51	2.0
50.01	3.0
50.51	4.0
51.03	1.0
51.5	2.0
52.02	3.0
52.5	4.0
53.03	1.0
53.5	2.0
54.01	3.0
54.5	4.0
55.03	1.0
55.52	2.0
56.03	3.0
56.5	4.0
57.02	1.0
57.5	2.0
58.02	3.0
58.5	4.0
59.02	1.0
59.5	2.0
60.02	3.0
60.5	4.0
61.03	1.0
61.54	2.0
62.05	3.0
62.54	4.0
63.06	1.0
63.53	2.0
64.07	3.0
64.56	4.0
65.08	1.0
65.58	2.0
66.11	3.0
66.59	4.0
67.11	1.0
67.61	2.0
68.14	3.0
68.62	4.0
69.13	1.0
69.63	2.0
70.15	3.0
70.63	4.0
71.16	1.0
71.64	2.0
72.16	3.0
72.64	4.0
73.16	1.0
73.64	2.0
74.17	3.0
74.67	4.0
75.19	1.0
75.67	2.0
76.19	3.0
76.69	4.0
77.21	1.0
77.71	2.0
78.24	3.0
78.73	4.0
79.24	1.0
79.71	2.0
80.25	3.0
80.74	4.0
81.27	1.0
81.78	2.0
82.31	3.0
82.79	4.0
83.31	1.0
83.79	2.0
84.32	3.0
84.8	4.0
85.32	1.0
85.82	2.0
86.35	3.0
86.84	4.0
87.38	1.0
87.87	2.0
88.4	3.0
88.88	4.0
89.39	1.0
89.9	2.0
90.43	3.0
90.92	4.0
91.45	1.0
91.95	2.0
92.48	3.0
92.96	4.0
93.49	1.0
93.99	2.0
94.51	3.0
95.0	4.0
95.52	1.0
96.01	2.0
96.54	3.0
97.02	4.0
97.54	1.0
98.02	2.0
98.53	3.0
99.03	4.0
99.56	1.0
100.03	2.0
100.55	3.0
101.04	4.0
101.55	1.0
102.03	2.0
102.53	3.0
103.04	4.0
103.55	1.0
104.03	2.0
104.53	3.0
105.01	4.0
105.51	1.0
106.02	2.0
106.5	3.0
106.97	4.0
107.45	1.0
107.93	2.0
108.42	3.0
108.95	4.0
109.49	1.0
110.0	2.0
110.54	3.0
111.02	4.0
111.56	1.0
112.04	2.0
112.58	3.0
113.06	4.0
113.58	1.0
114.09	2.0
114.62	3.0
115.11	4.0
115.63	1.0
116.12	2.0
116.63	3.0
117.12	4.0
117.64	1.0
118.13	2.0
118.65	3.0
119.15	4.0
119.7	1.0
120.19	2.0
120.73	3.0
121.22	4.0
121.75	1.0
122.24	2.0
122.78	3.0
123.26	4.0
123.79	1.0
124.28	2.0
124.82	3.0
125.33	4.0
125.84	1.0
126.32	2.0
126.85	3.0
127.36	4.0
127.86	1.0
128.35	2.0
128.88	3.0
129.37	4.0
129.88	1.0
130.38	2.0
130.9	3.0
131.39	4.0
131.88	1.0
132.39	2.0
132.86	3.0
133.37	4.0
133.87	1.0
134.35	2.0
134.87	3.0
135.36	4.0
135.87	1.0
136.36	2.0
136.87	3.0
137.36	4.0
137.87	1.0
138.38	2.0
138.91	3.0
139.41	4.0
139.91	1.0
140.44	2.0
140.96	3.0
141.46	4.0
141.97	1.0
142.45	2.0
142.98	3.0
143.46	4.0
143.99	1.0
144.49	2.0
145.02	3.0
145.51	4.0
146.04	1.0
146.53	2.0
147.06	3.0
147.53	4.0
148.06	1.0
148.54	2.0
149.07	3.0
149.55	4.0
150.08	1.0
150.57	2.0
151.11	3.0
151.59	4.0
152.14	1.0
152.62	2.0
153.15	3.0
153.65	4.0
154.16	1.0
154.64	2.0
155.18	3.0
155.66	4.0
156.19	1.0
156.67	2.0
157.2	3.0
157.67	4.0
158.21	1.0
158.68	2.0
159.21	3.0
159.69	4.0
160.21	1.0
160.7	2.0
161.23	3.0
161.71	4.0
162.23	1.0
162.73	2.0
163.25	3.0
163.75	4.0
164.29	1.0
164.77	2.0
165.31	3.0
165.81	4.0
166.32	1.0
166.8	2.0
167.33	3.0
167.82	4.0
168.35	1.0
168.84	2.0
169.36	3.0
169.86	4.0
170.34	1.0
170.87	2.0
171.4	3.0
171.93	4.0
172.46	1.0
173.0	2.0
173.57	3.0
174.14	4.0
174.66	1.0
175.17	2.0
175.71	3.0
176.19	4.0
176.73	1.0
177.21	2.0
177.75	3.0
178.24	4.0
178.74	1.0
179.24	2.0
179.75	3.0
180.23	4.0
180.75	1.0
181.23	2.0
181.76	3.0
182.25	4.0
182.78	1.0
183.27	2.0
183.8	3.0
184.28	4.0
184.8	1.0
185.31	2.0
185.83	3.0
186.31	4.0
186.84	1.0
187.32	2.0
187.85	3.0
188.34	4.0
188.86	1.0
189.34	2.0
189.87	3.0
190.37	4.0
190.87	1.0
191.36	2.0
191.89	3.0
192.38	4.0
192.9	1.0
193.39	2.0
193.93	3.0
194.44	4.0
194.95	1.0
195.45	2.0
195.98	3.0
196.46	4.0
196.99	1.0
197.48	2.0
198.01	3.0
198.51	4.0
199.02	1.0
199.52	2.0
200.06	3.0
200.54	4.0
201.08	1.0
201.54	2.0
202.06	3.0
202.55	4.0
203.05	1.0
203.55	2.0
204.06	3.0
204.55	4.0
205.06	1.0
205.55	2.0
206.07	3.0
206.56	4.0
207.05	1.0
207.54	2.0
208.06	3.0
208.54	4.0
209.06	1.0
209.54	2.0
210.06	3.0
210.54	4.0
211.04	1.0
211.55	2.0
212.08	3.0
212.57	4.0
213.06	1.0
213.55	2.0
214.03	3.0
214.56	4.0
215.09	1.0
215.62	2.0
216.18	3.0
216.77	4.0
217.32	1.0