5.25	1.0
5.76	2.0
6.32	3.0
6.84	4.0
7.35	1.0
7.85	2.0
8.38	3.0
8.93	4.0
9.46	1.0
9.97	2.0
10.52	3.0
11.03	4.0
11.55	1.0
12.09	2.0
12.61	3.0
13.11	4.0
13.64	1.0
14.18	2.0
14.7	3.0
15.22	4.0
15.72	1.0
16.25	2.0
16.77	3.0
17.26	4.0
17.8	1.0
18.33	2.0
18.86	3.0
19.41	4.0
19.98	1.0
20.51	2.0
21.1	3.0
21.66	4.0
22.18	1.0
22.72	2.0
23.25	3.0
23.76	4.0
24.27	1.0
24.82	2.0
25.34	3.0
25.87	4.0
26.4	1.0
26.92	2.0
27.45	3.0
27.97	4.0
28.5	1.0
29.02	2.0
29.54	3.0
30.08	4.0
30.6	1.0
31.13	2.0
31.66	3.0
32.19	4.0
32.72	1.0
33.24	2.0
33.77	3.0
34.28	4.0
34.81	1.0
35.33	2.0
35.86	3.0
36.37	4.0
36.9	1.0
37.42	2.0
37.95	3.0
38.47	4.0
39.01	1.0
39.54	2.0
40.07	3.0
40.59	4.0
41.12	1.0
41.65	2.0
42.2	3.0
42.73	4.0
43.27	1.0
44.07	2.0
44.87	3.0
45.67	4.0
46.49	1.0
47.02	2.0
47.56	3.0
48.08	4.0
48.6	1.0
49.14	2.0
49.68	3.0
50.2	4.0
50.72	1.0
51.25	2.0
51.75	3.0
52.29	4.0
52.78	1.0
53.31	2.0
53.83	3.0
54.35	4.0
54.88	1.0
55.4	2.0
55.91	3.0
56.41	4.0
56.94	1.0
57.45	2.0
57.96	3.0
58.47	4.0
58.99	1.0
59.51	2.0
60.04	3.0
60.55	4.0
61.06	1.0
61.57	2.0
62.08	3.0
62.6	4.0
63.12	1.0
63.63	2.0
64.14	3.0
64.65	4.0
65.17	1.0
65.69	2.0
66.2	3.0
66.7	4.0
67.24	1.0
67.75	2.0
68.27	3.0
68.78	4.0
69.33	1.0
69.89	2.0
70.4	3.0
70.96	4.0
71.48	1.0
72.01	2.0
72.53	3.0
73.04	4.0
73.57	1.0
74.11	2.0
74.65	3.0
75.18	4.0
75.68	1.0
76.2	2.0
76.74	3.0
77.25	4.0
77.78	1.0
78.33	2.0
78.85	3.0
79.36	4.0
79.88	1.0
80.4	2.0
80.93	3.0
81.43	4.0
81.97	1.0
82.5	2.0
83.02	3.0
83.51	4.0
84.09	1.0
84.61	2.0
85.22	3.0
85.77	4.0
86.38	1.0
86.91	2.0
87.44	3.0
87.97	4.0
88.48	1.0
89.03	2.0
89.57	3.0
90.1	4.0
90.63	1.0
91.16	2.0
91.7	3.0
92.22	4.0
92.76	1.0
93.29	2.0
93.83	3.0
94.35	4.0
94.89	1.0
95.41	2.0
95.95	3.0
96.47	4.0
97.0	1.0
97.52	2.0
98.06	3.0
98.58	4.0
99.11	1.0
99.63	2.0
100.17	3.0
100.67	4.0
101.22	1.0
101.75	2.0
102.29	3.0
102.81	4.0
103.35	1.0
103.88	2.0
104.41	3.0
104.93	4.0
105.47	1.0
106.26	2.0
107.04	3.0
107.84	4.0
108.65	1.0
109.18	2.0
109.72	3.0
110.26	4.0
110.8	1.0
111.34	2.0
111.88	3.0
112.41	4.0
112.94	1.0
113.45	2.0
114.0	3.0
114.52	4.0
115.04	1.0
115.57	2.0
116.07	3.0
116.59	4.0
117.1	1.0
117.63	2.0
118.15	3.0
118.67	4.0
119.2	1.0
119.71	2.0
120.23	3.0
120.75	4.0
121.26	1.0
121.77	2.0
122.26	3.0
122.78	4.0
123.31	1.0
123.82	2.0
124.36	3.0
124.89	4.0
125.38	1.0
125.9	2.0
126.41	3.0
126.92	4.0
127.44	1.0
127.96	2.0
128.48	3.0
129.0	4.0
129.51	1.0
130.03	2.0
130.54	3.0
131.05	4.0
131.57	1.0
132.09	2.0
132.61	3.0
133.12	4.0
133.67	1.0
134.21	2.0
134.73	3.0
135.26	4.0
135.76	1.0
136.26	2.0
136.79	3.0
137.3	4.0
137.81	1.0
138.35	2.0
138.84	3.0
139.39	4.0
139.9	1.0
140.42	2.0
140.95	3.0
141.45	4.0
141.98	1.0
142.5	2.0
143.01	3.0
143.52	4.0
144.04	1.0
144.54	2.0
145.05	3.0
145.55	4.0
146.06	1.0
146.59	2.0
147.11	3.0
147.62	4.0
148.14	1.0
148.64	2.0
149.15	3.0
149.66	4.0
150.16	1.0
150.67	2.0
151.19	3.0
151.68	4.0
152.2	1.0
152.71	2.0
153.21	3.0
153.72	4.0
154.23	1.0
154.74	2.0
155.25	3.0
155.75	4.0
156.3	1.0
156.84	2.0
157.35	3.0
157.9	4.0
158.41	1.0
158.94	2.0
159.47	3.0
160.0	4.0
160.52	1.0
161.03	2.0
161.55	3.0
162.09	4.0
162.61	1.0
163.13	2.0
163.65	3.0
164.16	4.0
164.69	1.0
165.2	2.0
165.73	3.0
166.23	4.0
166.74	1.0
167.24	2.0
167.77	3.0
168.28	4.0
168.8	1.0
169.32	2.0
169.83	3.0
170.33	4.0
170.85	1.0
171.35	2.0
171.87	3.0
172.38	4.0
172.89	1.0
173.41	2.0
173.91	3.0
174.42	4.0
174.92	1.0
175.42	2.0
175.94	3.0
176.45	4.0
176.96	1.0
177.48	2.0
177.99	3.0
178.5	4.0
179.0	1.0
179.51	2.0
180.03	3.0
180.53	4.0
181.04	1.0
181.55	2.0
182.06	3.0
182.56	4.0
183.06	1.0
183.56	2.0
184.07	3.0
184.58	4.0
185.08	1.0
185.59	2.0
186.09	3.0
186.61	4.0
187.11	1.0
187.61	2.0
188.12	3.0
188.64	4.0
189.14	1.0
189.65	2.0
190.16	3.0
190.67	4.0
191.18	1.0
191.68	2.0
192.17	3.0
192.68	4.0
193.19	1.0
193.71	2.0
194.21	3.0
194.72	4.0
195.22	1.0
195.72	2.0
196.24	3.0
196.74	4.0
197.25	1.0
197.77	2.0
198.27	3.0
198.77	4.0
199.28	1.0
199.78	2.0
200.27	3.0
200.77	4.0
201.28	1.0
201.79	2.0
202.29	3.0
202.79	4.0
203.29	1.0
203.8	2.0
204.29	3.0
204.79	4.0
205.31	1.0
205.82	2.0
206.32	3.0
206.83	4.0
207.33	1.0
207.84	2.0
208.35	3.0
208.85	4.0
209.36	1.0
209.86	2.0
210.37	3.0
210.87	4.0
211.38	1.0
211.89	2.0
212.4	3.0
212.93	4.0
213.48	1.0
213.99	2.0
214.53	3.0
215.08	4.0
215.61	1.0
216.17	2.0