1.5	1.0
1.88	2.0
2.25	3.0
2.62	4.0
3.0	1.0
3.37	2.0
3.75	3.0
4.12	4.0
4.5	1.0
4.87	2.0
5.25	3.0
5.64	4.0
6.0	1.0
6.36	2.0
6.74	3.0
7.12	4.0
7.51	1.0
7.88	2.0
8.25	3.0
8.64	4.0
9.01	1.0
9.38	2.0
9.76	3.0
10.13	4.0
10.51	1.0
10.87	2.0
11.25	3.0
11.61	4.0
11.99	1.0
12.36	2.0
12.73	3.0
13.12	4.0
13.5	1.0
13.88	2.0
14.25	3.0
14.64	4.0
15.01	1.0
15.38	2.0
15.75	3.0
16.12	4.0
16.5	1.0
16.88	2.0
17.25	3.0
17.63	4.0
18.0	1.0
18.38	2.0
18.75	3.0
19.13	4.0
19.5	1.0
19.88	2.0
20.25	3.0
20.63	4.0
21.01	1.0
21.38	2.0
21.75	3.0
22.13	4.0
22.5	1.0
22.88	2.0
23.25	3.0
23.63	4.0
24.0	1.0
24.38	2.0
24.75	3.0
25.13	4.0
25.5	1.0
25.88	2.0
26.26	3.0
26.63	4.0
27.01	1.0
27.38	2.0
27.76	3.0
28.13	4.0
28.5	1.0
28.88	2.0
29.25	3.0
29.63	4.0
30.0	1.0
30.38	2.0
30.75	3.0
31.12	4.0
31.5	1.0
31.88	2.0
32.25	3.0
32.63	4.0
33.0	1.0
33.38	2.0
33.75	3.0
34.12	4.0
34.5	1.0
34.87	2.0
35.25	3.0
35.63	4.0
36.0	1.0
36.38	2.0
36.75	3.0
37.13	4.0
37.5	1.0
37.88	2.0
38.25	3.0
38.63	4.0
39.0	1.0
39.38	2.0
39.75	3.0
40.12	4.0
40.5	1.0
40.88	2.0
41.25	3.0
41.63	4.0
42.0	1.0
42.38	2.0
42.75	3.0
43.13	4.0
43.5	1.0
43.87	2.0
44.25	3.0
44.63	4.0
45.0	1.0
45.38	2.0
45.75	3.0
46.13	4.0
46.5	1.0
46.88	2.0
47.25	3.0
47.63	4.0
48.0	1.0
48.38	2.0
48.75	3.0
49.12	4.0
49.5	1.0
49.88	2.0
50.25	3.0
50.63	4.0
51.0	1.0
51.38	2.0
51.75	3.0
52.12	4.0
52.5	1.0
52.89	2.0
53.25	3.0
53.63	4.0
54.0	1.0
54.38	2.0
54.75	3.0
55.13	4.0
55.5	1.0
55.88	2.0
56.25	3.0
56.63	4.0
57.0	1.0
57.37	2.0
57.75	3.0
58.13	4.0
58.5	1.0
58.88	2.0
59.25	3.0
59.63	4.0
60.0	1.0
60.38	2.0
60.75	3.0
61.13	4.0
61.5	1.0
61.88	2.0
62.25	3.0
62.62	4.0
63.0	1.0
63.38	2.0
63.75	3.0
64.13	4.0
64.48	1.0
64.85	2.0
65.24	3.0
65.62	4.0
66.0	1.0
66.38	2.0
66.74	3.0
67.12	4.0
67.49	1.0
67.88	2.0
68.25	3.0
68.62	4.0
69.0	1.0
69.38	2.0
69.75	3.0
70.13	4.0
70.5	1.0
70.88	2.0
71.24	3.0
71.63	4.0
72.0	1.0
72.38	2.0
72.75	3.0
73.12	4.0
73.5	1.0
73.88	2.0
74.25	3.0
74.63	4.0
75.0	1.0
75.37	2.0
75.75	3.0
76.13	4.0
76.5	1.0
76.87	2.0
77.25	3.0
77.63	4.0
78.0	1.0
78.38	2.0
78.75	3.0
79.12	4.0
79.5	1.0
79.88	2.0
80.25	3.0
80.62	4.0
81.0	1.0
81.38	2.0
81.75	3.0
82.12	4.0
82.5	1.0
82.87	2.0
83.25	3.0
83.62	4.0
84.0	1.0
84.38	2.0
84.75	3.0
85.12	4.0
85.5	1.0
85.87	2.0
86.25	3.0
86.63	4.0
87.0	1.0
87.37	2.0
87.75	3.0
88.13	4.0
88.5	1.0
88.88	2.0
89.25	3.0
89.64	4.0
90.0	1.0
90.37	2.0
90.75	3.0
91.12	4.0
91.5	1.0
91.87	2.0
92.25	3.0
92.63	4.0
93.0	1.0
93.38	2.0
93.75	3.0
94.12	4.0
94.5	1.0
94.87	2.0
95.25	3.0
95.62	4.0
96.0	1.0
96.37	2.0
96.75	3.0
97.12	4.0
97.5	1.0
97.87	2.0
98.25	3.0
98.63	4.0
99.0	1.0
99.37	2.0
99.75	3.0
100.12	4.0
100.5	1.0
100.87	2.0
101.25	3.0
101.62	4.0
102.0	1.0
102.37	2.0
102.75	3.0
103.13	4.0
103.5	1.0
103.87	2.0
104.25	3.0
104.62	4.0
105.0	1.0
105.38	2.0
105.75	3.0
106.12	4.0
106.5	1.0
106.87	2.0
107.25	3.0
107.62	4.0
108.0	1.0
108.37	2.0
108.75	3.0
109.12	4.0
109.5	1.0
109.87	2.0
110.25	3.0
110.62	4.0
110.99	1.0
111.37	2.0
111.75	3.0
112.12	4.0
112.49	1.0
112.85	2.0
113.24	3.0
113.62	4.0
114.0	1.0
114.38	2.0
114.75	3.0
115.13	4.0
115.5	1.0
115.88	2.0
116.25	3.0
116.63	4.0
117.0	1.0
117.37	2.0
117.75	3.0
118.13	4.0
118.5	1.0
118.88	2.0
119.25	3.0
119.63	4.0
120.0	1.0
120.38	2.0
120.75	3.0
121.13	4.0
121.5	1.0
121.88	2.0
122.25	3.0
122.62	4.0
123.0	1.0
123.38	2.0
123.75	3.0
124.13	4.0
124.49	1.0
124.86	2.0
125.24	3.0
125.62	4.0
126.0	1.0
126.37	2.0
126.75	3.0
127.12	4.0
127.5	1.0
127.87	2.0
128.25	3.0
128.62	4.0
129.0	1.0
129.37	2.0
129.75	3.0
130.12	4.0
130.5	1.0
130.88	2.0
131.25	3.0
131.63	4.0
132.0	1.0
132.38	2.0
132.75	3.0
133.13	4.0
133.5	1.0
133.88	2.0
134.25	3.0
134.62	4.0
135.0	1.0
135.37	2.0
135.75	3.0
136.13	4.0
136.5	1.0
136.87	2.0
137.25	3.0
137.63	4.0
138.0	1.0
138.38	2.0
138.75	3.0
139.12	4.0
139.5	1.0
139.88	2.0
140.25	3.0
140.62	4.0
141.0	1.0
141.38	2.0
141.75	3.0
142.12	4.0
142.5	1.0
142.87	2.0
143.25	3.0
143.62	4.0
144.0	1.0
144.38	2.0
144.75	3.0
145.12	4.0
145.5	1.0
145.87	2.0
146.25	3.0
146.63	4.0
147.0	1.0
147.38	2.0
147.75	3.0
148.13	4.0
148.5	1.0
148.88	2.0
149.26	3.0
149.64	4.0
150.0	1.0
150.37	2.0
150.75	3.0
151.13	4.0
151.5	1.0
151.88	2.0
152.25	3.0
152.63	4.0
153.0	1.0
153.38	2.0
153.75	3.0
154.12	4.0
154.5	1.0
154.87	2.0
155.25	3.0
155.62	4.0
156.0	1.0
156.38	2.0
156.75	3.0
157.13	4.0
157.49	1.0
157.88	2.0
158.25	3.0
158.63	4.0
159.0	1.0
159.38	2.0
159.75	3.0
160.12	4.0
160.5	1.0
160.87	2.0
161.33	3.0
161.81	4.0
162.19	1.0
162.57	2.0
162.94	3.0
163.32	4.0
163.68	1.0
164.06	2.0
164.44	3.0
164.81	4.0
165.19	1.0
165.56	2.0
165.94	3.0
166.31	4.0
166.69	1.0
167.06	2.0
167.44	3.0
167.81	4.0
168.19	1.0
168.57	2.0
168.94	3.0
169.32	4.0
169.69	1.0
170.06	2.0
170.44	3.0
170.82	4.0
171.19	1.0
171.56	2.0
171.94	3.0
172.31	4.0
172.67	1.0
173.05	2.0
173.43	3.0
173.81	4.0
174.19	1.0
174.57	2.0
174.94	3.0
175.31	4.0
175.69	1.0
176.06	2.0
176.44	3.0
176.81	4.0
177.19	1.0
177.56	2.0
177.94	3.0
178.32	4.0
178.69	1.0
179.06	2.0
179.44	3.0
179.81	4.0
180.19	1.0
180.57	2.0
180.94	3.0
181.32	4.0
181.69	1.0
182.06	2.0
182.44	3.0
182.81	4.0
183.19	1.0
183.56	2.0
183.94	3.0
184.32	4.0
184.69	1.0
185.02	2.0
185.33	3.0
185.66	4.0
186.01	1.0
186.38	2.0
186.75	3.0
187.13	4.0
187.5	1.0
187.88	2.0
188.25	3.0
188.63	4.0
189.0	1.0
189.37	2.0
189.75	3.0
190.13	4.0
190.5	1.0
190.88	2.0
191.25	3.0
191.63	4.0
192.0	1.0
192.38	2.0
192.75	3.0
193.13	4.0
193.5	1.0
193.88	2.0
194.25	3.0
194.63	4.0
195.0	1.0
195.38	2.0
195.75	3.0
196.12	4.0
196.47	1.0
196.85	2.0
197.24	3.0
197.63	4.0
198.0	1.0
198.38	2.0
198.74	3.0
199.13	4.0
199.5	1.0
199.85	2.0
200.23	3.0
200.62	4.0
201.0	1.0
201.38	2.0
201.75	3.0
202.14	4.0
202.51	1.0
202.88	2.0
203.25	3.0
203.62	4.0
204.01	1.0
204.37	2.0
204.75	3.0
205.12	4.0
205.49	1.0
205.86	2.0
206.24	3.0
206.62	4.0
207.01	1.0
207.38	2.0
207.76	3.0
208.14	4.0
208.51	1.0
208.88	2.0
209.25	3.0
209.62	4.0
210.0	1.0
210.38	2.0
210.75	3.0
211.13	4.0
211.51	1.0
211.88	2.0
212.26	3.0
212.63	4.0
213.0	1.0
213.38	2.0
213.75	3.0
214.13	4.0
214.51	1.0
214.88	2.0
215.25	3.0
215.63	4.0
216.0	1.0
216.38	2.0
216.75	3.0
217.13	4.0
217.51	1.0
217.88	2.0
218.25	3.0
218.63	4.0
219.0	1.0
219.38	2.0
219.76	3.0
220.13	4.0
220.51	1.0
220.88	2.0
221.26	3.0
221.63	4.0
222.0	1.0
222.38	2.0
222.75	3.0
223.13	4.0
223.5	1.0
223.88	2.0
224.25	3.0
224.63	4.0
225.0	1.0
225.38	2.0
225.75	3.0
226.13	4.0
226.5	1.0
226.88	2.0
227.25	3.0
227.63	4.0
228.0	1.0
228.37	2.0
228.75	3.0
229.13	4.0
229.5	1.0
229.88	2.0
230.25	3.0
230.63	4.0
231.0	1.0
231.38	2.0
231.75	3.0
232.13	4.0
232.5	1.0
232.88	2.0
233.25	3.0
233.62	4.0
234.0	1.0
234.38	2.0
234.75	3.0
235.13	4.0
235.5	1.0
235.88	2.0
236.25	3.0
236.62	4.0
237.0	1.0
237.38	2.0
237.75	3.0
238.13	4.0
238.5	1.0
238.88	2.0
239.25	3.0
239.62	4.0
240.0	1.0
240.38	2.0
240.75	3.0
241.13	4.0
241.5	1.0
241.87	2.0
242.25	3.0
242.62	4.0
243.0	1.0
243.37	2.0
243.75	3.0
244.12	4.0
244.5	1.0
244.88	2.0
245.25	3.0
245.62	4.0
246.0	1.0
246.38	2.0
246.75	3.0
247.13	4.0
247.5	1.0
247.88	2.0
248.25	3.0
248.62	4.0
249.0	1.0
249.38	2.0
249.75	3.0
250.13	4.0
250.5	1.0
250.88	2.0
251.25	3.0
251.62	4.0
252.0	1.0
252.37	2.0
252.75	3.0
253.12	4.0
253.5	1.0
253.88	2.0
254.25	3.0
254.62	4.0
255.0	1.0
255.38	2.0
255.75	3.0
256.13	4.0
256.5	1.0
256.88	2.0
257.25	3.0
257.63	4.0
258.0	1.0
258.38	2.0
258.76	3.0
259.14	4.0
259.5	1.0
259.87	2.0
260.25	3.0
260.62	4.0
261.0	1.0
261.37	2.0
261.75	3.0
262.13	4.0
262.5	1.0
262.88	2.0
263.25	3.0
263.63	4.0
264.0	1.0
264.37	2.0
264.75	3.0
265.12	4.0
265.5	1.0
265.88	2.0
266.25	3.0
266.63	4.0
267.0	1.0
267.38	2.0
267.75	3.0
268.13	4.0
268.5	1.0
268.88	2.0
269.25	3.0
269.62	4.0
270.0	1.0
270.37	2.0
270.75	3.0
271.12	4.0
271.5	1.0
271.87	2.0
272.25	3.0
272.62	4.0
273.0	1.0
273.38	2.0
273.75	3.0
274.12	4.0
274.5	1.0
274.88	2.0
275.25	3.0
275.62	4.0
276.0	1.0
276.37	2.0
276.75	3.0
277.13	4.0
277.5	1.0
277.87	2.0
278.25	3.0
278.62	4.0
278.99	1.0
279.37	2.0
279.75	3.0
280.13	4.0
280.5	1.0
280.88	2.0
281.25	3.0
281.62	4.0
282.0	1.0
282.37	2.0
282.74	3.0
283.12	4.0
283.5	1.0
283.88	2.0
284.25	3.0
284.63	4.0
285.0	1.0
285.38	2.0
285.75	3.0
286.12	4.0
286.5	1.0
286.87	2.0
287.25	3.0
287.63	4.0
288.0	1.0
288.38	2.0
288.75	3.0
289.13	4.0
289.5	1.0
289.88	2.0
290.25	3.0
290.63	4.0
291.0	1.0
291.38	2.0
291.75	3.0
292.12	4.0
292.5	1.0
292.88	2.0
293.25	3.0
293.63	4.0
294.0	1.0
294.38	2.0
294.75	3.0
295.12	4.0
295.5	1.0
295.88	2.0
296.25	3.0
296.63	4.0
297.0	1.0
297.38	2.0
297.75	3.0
298.12	4.0
298.5	1.0
298.88	2.0
299.25	3.0
299.63	4.0
300.0	1.0
300.38	2.0
300.75	3.0
301.13	4.0
301.5	1.0
301.88	2.0
302.25	3.0
302.63	4.0
303.0	1.0
303.37	2.0
303.75	3.0
304.13	4.0
304.5	1.0
304.88	2.0
305.25	3.0
305.62	4.0
305.97	1.0
306.35	2.0
306.72	3.0
307.12	4.0
307.5	1.0
307.86	2.0
308.23	3.0
308.61	4.0
308.97	1.0
309.33	2.0
309.73	3.0
310.09	4.0
310.47	1.0
310.85	2.0
311.24	3.0
311.63	4.0
312.0	1.0
312.39	2.0
312.77	3.0
313.15	4.0