3.99	1.0
4.39	2.0
4.8	3.0
5.2	4.0
5.6	1.0
5.99	2.0
6.4	3.0
6.8	4.0
7.2	1.0
7.61	2.0
8.0	3.0
8.4	4.0
8.8	1.0
9.19	2.0
9.6	3.0
10.0	4.0
10.4	1.0
10.81	2.0
11.2	3.0
11.6	4.0
12.0	1.0
12.4	2.0
12.8	3.0
13.2	4.0
13.59	1.0
14.0	2.0
14.4	3.0
14.8	4.0
15.2	1.0
15.59	2.0
15.99	3.0
16.39	4.0
16.79	1.0
17.2	2.0
17.6	3.0
18.0	4.0
18.4	1.0
18.8	2.0
19.2	3.0
19.6	4.0
20.0	1.0
20.4	2.0
20.8	3.0
21.2	4.0
21.6	1.0
22.0	2.0
22.4	3.0
22.8	4.0
23.2	1.0
23.6	2.0
24.0	3.0
24.4	4.0
24.8	1.0
25.2	2.0
25.6	3.0
26.01	4.0
26.4	1.0
26.8	2.0
27.2	3.0
27.6	4.0
28.0	1.0
28.4	2.0
28.8	3.0
29.19	4.0
29.6	1.0
30.0	2.0
30.4	3.0
30.8	4.0
31.2	1.0
31.6	2.0
32.0	3.0
32.4	4.0
32.8	1.0
33.2	2.0
33.6	3.0
34.0	4.0
34.4	1.0
34.8	2.0
35.2	3.0
35.59	4.0
36.0	1.0
36.41	2.0
36.8	3.0
37.2	4.0
37.6	1.0
38.0	2.0
38.4	3.0
38.8	4.0
39.2	1.0
39.6	2.0
40.0	3.0
40.4	4.0
40.8	1.0
41.2	2.0
41.6	3.0
42.0	4.0
42.4	1.0
42.8	2.0
43.2	3.0
43.6	4.0
44.0	1.0
44.4	2.0
44.8	3.0
45.2	4.0
45.61	1.0
45.99	2.0
46.39	3.0
46.8	4.0
47.2	1.0
47.61	2.0
48.0	3.0
48.39	4.0
48.81	1.0
49.2	2.0
49.6	3.0
49.99	4.0
50.41	1.0
50.79	2.0
51.2	3.0
51.6	4.0
52.0	1.0
52.4	2.0
52.79	3.0
53.19	4.0
53.59	1.0
53.99	2.0
54.39	3.0
54.79	4.0
55.2	1.0
55.6	2.0
56.0	3.0
56.4	4.0
56.8	1.0
57.2	2.0
57.6	3.0
58.0	4.0
58.4	1.0
58.81	2.0
59.2	3.0
59.6	4.0
59.99	1.0
60.4	2.0
60.8	3.0
61.2	4.0
61.6	1.0
62.0	2.0
62.4	3.0
62.8	4.0
63.2	1.0
63.6	2.0
64.0	3.0
64.4	4.0
64.8	1.0
65.2	2.0
65.6	3.0
66.0	4.0
66.4	1.0
66.8	2.0
67.2	3.0
67.6	4.0
68.0	1.0
68.4	2.0
68.8	3.0
69.2	4.0
69.6	1.0
70.0	2.0
70.4	3.0
70.79	4.0
71.2	1.0
71.59	2.0
72.0	3.0
72.4	4.0
72.8	1.0
73.2	2.0
73.6	3.0
74.0	4.0
74.4	1.0
74.8	2.0
75.2	3.0
75.59	4.0
76.01	1.0
76.4	2.0
76.8	3.0
77.2	4.0
77.59	1.0
77.99	2.0
78.4	3.0
78.8	4.0
79.2	1.0
79.6	2.0
80.0	3.0
80.4	4.0
80.8	1.0
81.2	2.0
81.6	3.0
81.99	4.0
82.4	1.0
82.8	2.0
83.2	3.0
83.6	4.0
84.0	1.0
84.4	2.0
84.8	3.0
85.2	4.0
85.6	1.0
86.0	2.0
86.4	3.0
86.8	4.0
87.2	1.0
87.6	2.0
88.0	3.0
88.4	4.0
88.8	1.0
89.2	2.0
89.6	3.0
90.0	4.0
90.39	1.0
90.8	2.0
91.2	3.0
91.6	4.0
92.01	1.0
92.4	2.0
92.8	3.0
93.2	4.0
93.6	1.0
94.0	2.0
94.4	3.0
94.8	4.0
95.2	1.0
95.6	2.0
96.0	3.0
96.4	4.0
96.8	1.0
97.2	2.0
97.61	3.0
98.0	4.0
98.4	1.0
98.8	2.0
99.2	3.0
99.6	4.0
100.0	1.0
100.4	2.0
100.8	3.0
101.2	4.0
101.6	1.0
102.0	2.0
102.41	3.0
102.8	4.0
103.2	1.0
103.6	2.0
104.0	3.0
104.4	4.0
104.8	1.0
105.2	2.0
105.6	3.0
105.99	4.0
106.4	1.0
106.8	2.0
107.21	3.0
107.6	4.0
108.01	1.0
108.41	2.0
108.81	3.0
109.2	4.0
109.6	1.0
110.01	2.0
110.4	3.0
110.8	4.0
111.2	1.0
111.6	2.0
112.0	3.0
112.39	4.0
112.79	1.0
113.21	2.0
113.6	3.0
114.0	4.0
114.4	1.0
114.79	2.0
115.2	3.0
115.6	4.0
116.0	1.0
116.4	2.0
116.81	3.0
117.21	4.0
117.6	1.0
118.0	2.0
118.4	3.0
118.8	4.0
119.2	1.0
119.61	2.0
120.01	3.0
120.4	4.0
120.8	1.0
121.2	2.0
121.6	3.0
122.0	4.0
122.4	1.0
122.8	2.0
123.21	3.0
123.61	4.0
124.01	1.0
124.4	2.0
124.8	3.0
125.2	4.0
125.6	1.0
126.0	2.0
126.41	3.0
126.8	4.0
127.2	1.0
127.6	2.0
128.0	3.0
128.4	4.0
128.8	1.0
129.2	2.0
129.6	3.0
130.01	4.0
130.4	1.0
130.8	2.0
131.2	3.0
131.6	4.0
132.0	1.0
132.4	2.0
132.8	3.0
133.2	4.0
133.6	1.0
134.0	2.0
134.4	3.0
134.8	4.0
135.2	1.0
135.6	2.0
136.0	3.0
136.4	4.0
136.8	1.0
137.2	2.0
137.6	3.0
138.0	4.0
138.4	1.0
138.79	2.0
139.2	3.0
139.6	4.0
139.99	1.0
140.4	2.0
140.8	3.0
141.2	4.0
141.6	1.0
142.0	2.0
142.4	3.0
142.8	4.0
143.2	1.0
143.6	2.0
144.0	3.0
144.4	4.0
144.8	1.0
145.2	2.0
145.6	3.0
146.0	4.0
146.4	1.0
146.8	2.0
147.2	3.0
147.61	4.0
148.0	1.0
148.4	2.0
148.8	3.0
149.2	4.0
149.6	1.0
150.0	2.0
150.4	3.0
150.8	4.0
151.2	1.0
151.6	2.0
152.0	3.0
152.4	4.0
152.8	1.0
153.2	2.0
153.6	3.0
154.0	4.0
154.4	1.0
154.81	2.0
155.2	3.0
155.6	4.0
156.0	1.0
156.4	2.0
156.8	3.0
157.2	4.0
157.6	1.0
158.0	2.0
158.4	3.0
158.8	4.0
159.2	1.0
159.6	2.0
160.0	3.0
160.4	4.0
160.8	1.0
161.2	2.0
161.6	3.0
162.0	4.0
162.4	1.0
162.8	2.0
163.2	3.0
163.6	4.0
164.0	1.0
164.4	2.0
164.81	3.0
165.2	4.0
165.61	1.0
166.0	2.0
166.4	3.0
166.8	4.0
167.2	1.0
167.6	2.0
168.0	3.0
168.4	4.0
168.8	1.0
169.2	2.0
169.6	3.0
170.0	4.0
170.4	1.0
170.8	2.0
171.2	3.0
171.6	4.0
172.0	1.0
172.39	2.0
172.79	3.0
173.19	4.0
173.61	1.0
174.01	2.0
174.4	3.0
174.79	4.0
175.19	1.0
175.6	2.0
176.0	3.0
176.4	4.0
176.8	1.0
177.2	2.0
177.6	3.0
178.0	4.0
178.4	1.0
178.8	2.0
179.2	3.0
179.6	4.0
180.0	1.0
180.4	2.0
180.8	3.0
181.2	4.0
181.6	1.0
182.0	2.0
182.4	3.0
182.8	4.0
183.2	1.0
183.6	2.0
184.0	3.0
184.4	4.0
184.79	1.0
185.2	2.0
185.61	3.0
186.0	4.0
186.4	1.0
186.8	2.0
187.2	3.0
187.6	4.0
188.0	1.0
188.4	2.0
188.8	3.0
189.2	4.0
189.6	1.0
190.0	2.0
190.4	3.0
190.8	4.0
191.19	1.0
191.6	2.0
192.0	3.0
192.4	4.0
192.8	1.0
193.2	2.0
193.59	3.0
194.0	4.0
194.4	1.0
194.8	2.0
195.2	3.0
195.6	4.0
196.0	1.0
196.4	2.0
196.79	3.0
197.2	4.0
197.6	1.0
198.01	2.0
198.4	3.0
198.79	4.0
199.2	1.0
199.61	2.0
200.01	3.0
200.4	4.0
200.8	1.0
201.21	2.0
201.6	3.0
202.01	4.0
202.41	1.0
202.81	2.0
203.21	3.0
203.61	4.0
204.0	1.0
204.4	2.0
204.8	3.0
205.2	4.0
205.6	1.0
206.0	2.0
206.4	3.0
206.8	4.0
207.2	1.0
207.6	2.0
208.0	3.0
208.4	4.0
208.8	1.0
209.2	2.0
209.6	3.0
210.0	4.0
210.4	1.0
210.8	2.0
211.2	3.0
211.6	4.0
212.0	1.0
212.4	2.0
212.8	3.0
213.2	4.0
213.6	1.0
214.0	2.0
214.41	3.0
214.8	4.0
215.2	1.0
215.61	2.0
216.0	3.0
216.4	4.0
216.8	1.0
217.2	2.0
217.6	3.0
218.0	4.0
218.4	1.0
218.8	2.0
219.2	3.0
219.6	4.0
220.0	1.0
220.4	2.0
220.8	3.0
221.2	4.0
221.6	1.0
222.0	2.0
222.4	3.0
222.8	4.0
223.2	1.0
223.6	2.0
224.0	3.0
224.4	4.0
224.8	1.0
225.2	2.0
225.6	3.0
226.0	4.0
226.4	1.0
226.81	2.0
227.21	3.0
227.6	4.0
228.0	1.0
228.4	2.0
228.8	3.0
229.2	4.0
229.6	1.0
230.0	2.0
230.4	3.0
230.8	4.0
231.2	1.0
231.6	2.0
232.0	3.0
232.4	4.0
232.8	1.0
233.21	2.0
233.6	3.0
234.0	4.0
234.4	1.0
234.8	2.0
235.2	3.0
235.6	4.0
236.0	1.0
236.4	2.0
236.8	3.0
237.2	4.0
237.6	1.0
238.0	2.0
238.4	3.0
238.8	4.0
239.2	1.0
239.6	2.0
240.0	3.0
240.41	4.0
240.81	1.0
241.21	2.0
241.61	3.0
242.01	4.0
242.4	1.0
242.8	2.0
243.2	3.0
243.6	4.0
244.0	1.0
244.4	2.0
244.8	3.0
245.2	4.0
245.6	1.0
246.0	2.0
246.41	3.0
246.81	4.0
247.19	1.0
247.6	2.0
248.0	3.0
248.4	4.0
248.8	1.0
249.2	2.0
249.6	3.0
250.0	4.0
250.4	1.0
250.8	2.0
251.19	3.0
251.6	4.0
252.0	1.0
252.4	2.0
252.8	3.0
253.21	4.0
253.6	1.0
254.01	2.0
254.4	3.0
254.81	4.0
255.21	1.0
255.59	2.0
256.01	3.0
256.4	4.0
256.8	1.0
257.19	2.0
257.6	3.0
257.99	4.0
258.39	1.0
258.79	2.0
259.21	3.0
259.61	4.0
260.01	1.0
260.41	2.0
260.81	3.0
261.2	4.0
261.6	1.0
262.01	2.0
262.39	3.0
262.8	4.0
263.19	1.0
263.61	2.0
264.0	3.0
264.41	4.0
264.8	1.0