3.5	3.0
4.06	4.0
4.65	1.0
5.24	2.0
5.84	3.0
6.4	4.0
6.98	1.0
7.57	2.0
8.16	3.0
8.73	4.0
9.31	1.0
9.89	2.0
10.48	3.0
11.05	4.0
11.63	1.0
12.22	2.0
12.81	3.0
13.39	4.0
13.98	1.0
14.55	2.0
15.15	3.0
15.71	4.0
16.29	1.0
16.88	2.0
17.46	3.0
18.05	4.0
18.63	1.0
19.21	2.0
19.8	3.0
20.37	4.0
20.95	1.0
21.54	2.0
22.14	3.0
22.72	4.0
23.3	1.0
23.87	2.0
24.46	3.0
25.02	4.0
25.62	1.0
26.19	2.0
26.8	3.0
27.36	4.0
27.95	1.0
28.53	2.0
29.14	3.0
29.7	4.0
30.28	1.0
30.86	2.0
31.45	3.0
32.03	4.0
32.61	1.0
33.21	2.0
33.78	3.0
34.36	4.0
34.94	1.0
35.53	2.0
36.11	3.0
36.69	4.0
37.27	1.0
37.86	2.0
38.44	3.0
39.02	4.0
39.59	1.0
40.19	2.0
40.78	3.0
41.35	4.0
41.94	1.0
42.53	2.0
43.1	3.0
43.67	4.0
44.24	1.0
44.83	2.0
45.41	3.0
46.0	4.0
46.59	1.0
47.17	2.0
47.76	3.0
48.34	4.0
48.93	1.0
49.51	2.0
50.08	3.0
50.66	4.0
51.26	1.0
51.84	2.0
52.41	3.0
53.0	4.0
53.58	1.0
54.16	2.0
54.75	3.0
55.33	4.0
55.92	1.0
56.5	2.0
57.08	3.0
57.66	4.0
58.25	1.0
58.83	2.0
59.4	3.0
60.0	4.0
60.57	1.0
61.16	2.0
61.74	3.0
62.31	4.0
62.9	1.0
63.49	2.0
64.07	3.0
64.65	4.0
65.24	1.0
65.8	2.0
66.4	3.0
66.97	4.0
67.57	1.0
68.15	2.0
68.73	3.0
69.31	4.0
69.89	1.0
70.47	2.0
71.06	3.0
71.65	4.0
72.23	1.0
72.81	2.0
73.39	3.0
73.97	4.0
74.56	1.0
75.13	2.0
75.72	3.0
76.3	4.0
76.89	1.0
77.47	2.0
78.05	3.0
78.64	4.0
79.22	1.0
79.8	2.0
80.38	3.0
80.95	4.0
81.53	1.0
82.12	2.0
82.71	3.0
83.29	4.0
83.88	1.0
84.45	2.0
85.04	3.0
85.62	4.0
86.21	1.0
86.78	2.0
87.38	3.0
87.96	4.0
88.55	1.0
89.12	2.0
89.7	3.0
90.28	4.0
90.87	1.0
91.44	2.0
92.03	3.0
92.61	4.0
93.2	1.0
93.78	2.0
94.37	3.0
94.94	4.0
95.53	1.0
96.12	2.0
96.7	3.0
97.27	4.0
97.86	1.0
98.43	2.0
99.02	3.0
99.6	4.0
100.19	1.0
100.76	2.0
101.36	3.0
101.93	4.0
102.51	1.0
103.11	2.0
103.68	3.0
104.27	4.0
104.85	1.0
105.43	2.0
106.02	3.0
106.59	4.0
107.16	1.0
107.75	2.0
108.34	3.0
108.91	4.0
109.5	1.0
110.09	2.0
110.68	3.0
111.24	4.0
111.83	1.0
112.43	2.0
113.01	3.0
113.6	4.0
114.17	1.0
114.75	2.0
115.31	3.0
115.89	4.0
116.5	1.0
117.08	2.0
117.66	3.0
118.23	4.0
118.81	1.0
119.4	2.0
119.98	3.0
120.57	4.0
121.15	1.0
121.72	2.0
122.31	3.0
122.89	4.0
123.47	1.0
124.07	2.0
124.65	3.0
125.23	4.0
125.83	1.0
126.4	2.0
126.99	3.0
127.56	4.0
128.14	1.0
128.72	2.0
129.32	3.0
129.9	4.0
130.48	1.0
131.05	2.0
131.64	3.0
132.22	4.0
132.81	1.0
133.39	2.0
133.98	3.0
134.55	4.0
135.14	1.0
135.73	2.0
136.3	3.0
136.87	4.0
137.47	1.0
138.06	2.0
138.64	3.0
139.2	4.0
139.8	1.0
140.38	2.0
140.97	3.0
141.54	4.0
142.12	1.0
142.7	2.0
143.29	3.0
143.86	4.0
144.46	1.0
145.04	2.0
145.63	3.0
146.21	4.0
146.79	1.0
147.36	2.0
147.96	3.0
148.54	4.0
149.13	1.0
149.7	2.0
150.29	3.0
150.86	4.0
151.46	1.0
152.04	2.0
152.61	3.0
153.18	4.0
153.79	1.0
154.37	2.0
154.95	3.0
155.52	4.0
156.1	1.0
156.69	2.0
157.27	3.0
157.84	4.0
158.44	1.0
159.01	2.0
159.6	3.0
160.17	4.0
160.77	1.0
161.34	2.0
161.94	3.0
162.5	4.0
163.09	1.0
163.68	2.0
164.27	3.0
164.85	4.0
165.42	1.0
166.01	2.0
166.61	3.0
167.18	4.0
167.76	1.0
168.35	2.0
168.94	3.0
169.5	4.0
170.09	1.0
170.68	2.0
171.26	3.0
171.84	4.0
172.42	1.0
173.01	2.0
173.6	3.0
174.17	4.0
174.76	1.0
175.34	2.0
175.93	3.0
176.5	4.0
177.09	1.0
177.67	2.0
178.26	3.0
178.84	4.0
179.42	1.0
180.01	2.0
180.59	3.0
181.16	4.0
181.74	1.0
182.34	2.0
182.92	3.0
183.5	4.0
184.08	1.0
184.66	2.0
185.25	3.0
185.83	4.0
186.4	1.0
186.99	2.0
187.57	3.0
188.14	4.0
188.74	1.0
189.33	2.0
189.91	3.0
190.46	4.0
191.06	1.0
191.65	2.0
192.23	3.0
192.8	4.0
193.38	1.0
193.97	2.0
194.56	3.0
195.13	4.0
195.71	1.0
196.29	2.0
196.88	3.0
197.46	4.0
198.05	1.0
198.63	2.0
199.22	3.0
199.8	4.0
200.37	1.0
200.96	2.0
201.54	3.0
202.13	4.0
202.71	1.0
203.28	2.0
203.87	3.0
204.45	4.0
205.04	1.0
205.62	2.0
206.21	3.0
206.8	4.0
207.39	1.0
207.96	2.0
208.54	3.0
209.13	4.0
209.7	1.0
210.28	2.0
210.85	3.0
211.44	4.0
212.03	1.0
212.61	2.0
213.2	3.0
213.78	4.0
214.36	1.0
214.94	2.0
215.54	3.0
216.11	4.0
216.69	1.0
217.28	2.0
217.86	3.0
218.44	4.0
219.02	1.0
219.61	2.0
220.19	3.0
220.78	4.0
221.37	1.0
221.93	2.0
222.52	3.0
223.1	4.0
223.69	1.0
224.26	2.0
224.85	3.0
225.43	4.0
226.02	1.0
226.59	2.0
227.19	3.0
227.76	4.0
228.34	1.0
228.92	2.0
229.5	3.0
230.07	4.0
230.66	1.0
231.25	2.0
231.83	3.0
232.42	4.0
233.01	1.0
233.58	2.0
234.17	3.0
234.74	4.0
235.32	1.0
235.91	2.0
236.5	3.0
237.07	4.0
237.66	1.0
238.24	2.0
238.83	3.0
239.4	4.0
239.99	1.0
240.57	2.0
241.15	3.0
241.73	4.0
242.32	1.0
242.91	2.0
243.49	3.0
244.08	4.0
244.66	1.0
245.24	2.0
245.82	3.0
246.4	4.0
246.97	1.0
247.56	2.0
248.14	3.0
248.74	4.0
249.32	1.0
249.9	2.0
250.46	3.0
251.06	4.0
251.64	1.0
252.21	2.0
252.81	3.0
253.38	4.0
253.98	1.0
254.55	2.0
255.14	3.0
255.73	4.0
256.29	1.0
256.87	2.0
257.46	3.0
258.05	4.0
258.64	1.0
259.22	2.0
259.79	3.0
260.38	4.0
260.97	1.0
261.54	2.0
262.13	3.0
262.7	4.0
263.29	1.0
263.86	2.0
264.45	3.0
265.04	4.0
265.62	1.0
266.19	2.0
266.79	3.0
267.36	4.0
267.94	1.0
268.53	2.0
269.12	3.0
269.69	4.0
270.28	1.0
270.87	2.0
271.46	3.0
272.04	4.0
272.62	1.0
273.2	2.0
273.78	3.0
274.36	4.0
274.94	1.0
275.53	2.0
276.11	3.0
276.7	4.0
277.27	1.0
277.87	2.0
278.43	3.0
279.02	4.0
279.61	1.0
280.19	2.0
280.77	3.0
281.35	4.0
281.94	1.0
282.53	2.0
283.11	3.0
283.68	4.0
284.26	1.0
284.86	2.0
285.43	3.0
286.02	4.0
286.59	1.0
287.18	2.0
287.76	3.0
288.34	4.0
288.93	1.0
289.5	2.0
290.08	3.0
290.68	4.0
291.26	1.0
291.84	2.0
292.43	3.0
293.0	4.0
293.58	1.0
294.17	2.0
294.75	3.0
295.33	4.0
295.9	1.0
296.49	2.0
297.08	3.0
297.66	4.0
298.24	1.0
298.82	2.0
299.42	3.0
300.01	4.0
300.6	1.0
301.19	2.0
301.8	3.0
302.39	4.0
303.0	1.0
303.6	2.0
304.21	3.0
304.81	4.0
305.41	1.0
305.98	2.0
306.59	3.0