4.57	3.0
4.95	4.0
5.35	1.0
5.72	2.0
6.12	3.0
6.51	4.0
6.9	1.0
7.29	2.0
7.68	3.0
8.05	4.0
8.45	1.0
8.84	2.0
9.22	3.0
9.61	4.0
10.0	1.0
10.38	2.0
10.77	3.0
11.16	4.0
11.55	1.0
11.93	2.0
12.32	3.0
12.71	4.0
13.09	1.0
13.48	2.0
13.87	3.0
14.25	4.0
14.64	1.0
15.02	2.0
15.41	3.0
15.8	4.0
16.19	1.0
16.57	2.0
16.96	3.0
17.35	4.0
17.74	1.0
18.13	2.0
18.51	3.0
18.9	4.0
19.28	1.0
19.67	2.0
20.06	3.0
20.45	4.0
20.83	1.0
21.23	2.0
21.61	3.0
22.0	4.0
22.38	1.0
22.77	2.0
23.16	3.0
23.54	4.0
23.93	1.0
24.31	2.0
24.7	3.0
25.09	4.0
25.48	1.0
25.87	2.0
26.26	3.0
26.64	4.0
27.03	1.0
27.41	2.0
27.79	3.0
28.15	4.0
28.5	1.0
28.85	2.0
29.21	3.0
29.57	4.0
29.95	1.0
30.34	2.0
30.72	3.0
31.11	4.0
31.48	1.0
31.87	2.0
32.25	3.0
32.64	4.0
33.03	1.0
33.41	2.0
33.8	3.0
34.19	4.0
34.58	1.0
34.96	2.0
35.35	3.0
35.74	4.0
36.12	1.0
36.51	2.0
36.87	3.0
37.26	4.0
37.67	1.0
38.06	2.0
38.45	3.0
38.84	4.0
39.22	1.0
39.6	2.0
40.0	3.0
40.37	4.0
40.77	1.0
41.16	2.0
41.54	3.0
41.93	4.0
42.32	1.0
42.71	2.0
43.09	3.0
43.48	4.0
43.86	1.0
44.23	2.0
44.64	3.0
45.03	4.0
45.42	1.0
45.81	2.0
46.19	3.0
46.58	4.0
46.96	1.0
47.33	2.0
47.73	3.0
48.11	4.0
48.51	1.0
48.9	2.0
49.29	3.0
49.68	4.0
50.06	1.0
50.45	2.0
50.83	3.0
51.2	4.0
51.61	1.0
52.0	2.0
52.38	3.0
52.77	4.0
53.16	1.0
53.55	2.0
53.93	3.0
54.3	4.0
54.7	1.0
55.09	2.0
55.48	3.0
55.87	4.0
56.26	1.0
56.64	2.0
57.03	3.0
57.42	4.0
57.8	1.0
58.19	2.0
58.57	3.0
58.94	4.0
59.35	1.0
59.74	2.0
60.13	3.0
60.52	4.0
60.9	1.0
61.29	2.0
61.67	3.0
62.06	4.0
62.45	1.0
62.83	2.0
63.22	3.0
63.61	4.0
64.0	1.0
64.39	2.0
64.77	3.0
65.17	4.0
65.55	1.0
65.94	2.0
66.32	3.0
66.7	4.0
67.09	1.0
67.48	2.0
67.87	3.0
68.25	4.0
68.65	1.0
69.03	2.0
69.42	3.0
69.8	4.0
70.19	1.0
70.58	2.0
70.96	3.0
71.36	4.0
71.74	1.0
72.13	2.0
72.51	3.0
72.91	4.0
73.28	1.0
73.67	2.0
74.06	3.0
74.45	4.0
74.85	1.0
75.41	2.0
76.0	3.0
76.57	4.0
77.16	1.0
77.74	2.0
78.32	3.0
78.9	4.0
79.48	1.0
80.06	2.0
80.64	3.0
81.22	4.0
81.8	1.0
82.19	2.0
82.58	3.0
82.96	4.0
83.36	1.0
83.74	2.0
84.12	3.0
84.51	4.0
84.9	1.0
85.28	2.0
85.66	3.0
86.06	4.0
86.44	1.0
86.84	2.0
87.23	3.0
87.61	4.0
87.99	1.0
88.39	2.0
88.77	3.0
89.16	4.0
89.54	1.0
89.93	2.0
90.32	3.0
90.71	4.0
91.1	1.0
91.48	2.0
91.87	3.0
92.25	4.0
92.63	1.0
93.02	2.0
93.41	3.0
93.8	4.0
94.19	1.0
94.58	2.0
94.96	3.0
95.35	4.0
95.73	1.0
96.13	2.0
96.52	3.0
96.9	4.0
97.28	1.0
97.67	2.0
98.06	3.0
98.45	4.0
98.84	1.0
99.22	2.0
99.6	3.0
100.0	4.0
100.38	1.0
100.78	2.0
101.16	3.0
101.54	4.0
101.93	1.0
102.32	2.0
102.7	3.0
103.06	4.0
103.45	1.0
103.86	2.0
104.25	3.0
104.64	4.0
105.03	1.0
105.41	2.0
105.81	3.0
106.18	4.0
106.55	1.0
106.96	2.0
107.35	3.0
107.74	4.0
108.12	1.0
108.51	2.0
108.9	3.0
109.29	4.0
109.67	1.0
110.05	2.0
110.44	3.0
110.83	4.0
111.23	1.0
111.61	2.0
111.97	3.0
112.35	4.0
112.74	1.0
113.14	2.0
113.54	3.0
113.93	4.0
114.32	1.0
114.7	2.0
115.08	3.0
115.48	4.0
115.87	1.0
116.26	2.0
116.65	3.0
117.03	4.0
117.42	1.0
117.8	2.0
118.19	3.0
118.58	4.0
118.96	1.0
119.35	2.0
119.73	3.0
120.13	4.0
120.51	1.0
120.9	2.0
121.28	3.0
121.67	4.0
122.05	1.0
122.45	2.0
122.84	3.0
123.23	4.0
123.61	1.0
123.99	2.0
124.37	3.0
124.77	4.0
125.15	1.0
125.54	2.0
125.93	3.0
126.32	4.0
126.71	1.0
127.09	2.0
127.48	3.0
127.87	4.0
128.26	1.0
128.65	2.0
129.03	3.0
129.42	4.0
129.8	1.0
130.19	2.0
130.58	3.0
130.96	4.0
131.36	1.0
131.74	2.0
132.13	3.0
132.51	4.0
132.9	1.0
133.28	2.0
133.67	3.0
134.06	4.0
134.45	1.0
134.84	2.0
135.22	3.0
135.62	4.0
136.0	1.0
136.39	2.0
136.78	3.0
137.16	4.0
137.55	1.0
137.93	2.0
138.31	3.0
138.69	4.0
139.08	1.0
139.47	2.0
139.86	3.0
140.25	4.0
140.63	1.0
141.01	2.0
141.4	3.0
141.79	4.0
142.18	1.0
142.56	2.0
142.95	3.0
143.34	4.0
143.73	1.0
144.11	2.0
144.5	3.0
144.88	4.0
145.28	1.0
145.67	2.0
146.05	3.0
146.45	4.0
146.83	1.0
147.21	2.0
147.6	3.0
148.0	4.0
148.38	1.0
148.77	2.0
149.14	3.0
149.53	4.0
149.93	1.0
150.32	2.0
150.71	3.0
151.09	4.0
151.47	1.0
151.86	2.0
152.26	3.0
152.65	4.0
153.03	1.0
153.42	2.0
153.8	3.0
154.19	4.0
154.58	1.0
154.97	2.0
155.34	3.0
155.73	4.0
156.13	1.0
156.52	2.0
156.9	3.0
157.27	4.0
157.66	1.0
158.06	2.0
158.44	3.0
158.82	4.0
159.23	1.0
159.6	2.0
159.98	3.0
160.38	4.0
160.76	1.0
161.14	2.0
161.53	3.0
161.92	4.0
162.3	1.0
162.7	2.0
163.09	3.0
163.46	4.0
163.87	1.0
164.25	2.0
164.63	3.0
165.03	4.0
165.43	1.0
165.82	2.0
166.19	3.0
166.58	4.0
166.95	1.0
167.35	2.0
167.75	3.0
168.13	4.0
168.52	1.0
168.92	2.0
169.29	3.0
169.67	4.0
170.07	1.0
170.44	2.0
170.84	3.0
171.22	4.0
171.61	1.0
171.99	2.0
172.39	3.0
172.78	4.0
173.16	1.0
173.54	2.0
173.93	3.0
174.31	4.0
174.68	1.0
175.09	2.0
175.48	3.0
175.86	4.0
176.24	1.0
176.64	2.0
177.04	3.0
177.41	4.0
177.81	1.0
178.18	2.0
178.56	3.0
178.96	4.0
179.35	1.0
179.73	2.0
180.12	3.0
180.5	4.0
180.89	1.0
181.29	2.0
181.68	3.0
182.07	4.0
182.45	1.0
182.83	2.0
183.22	3.0
183.6	4.0
183.98	1.0
184.35	2.0
184.76	3.0
185.15	4.0
185.54	1.0
185.93	2.0
186.31	3.0
186.69	4.0
187.09	1.0
187.47	2.0
187.88	3.0
188.25	4.0
188.64	1.0
189.02	2.0
189.4	3.0
189.79	4.0
190.17	1.0
190.57	2.0
190.96	3.0
191.34	4.0
191.74	1.0
192.13	2.0
192.51	3.0
192.9	4.0
193.29	1.0
193.68	2.0
194.06	3.0
194.45	4.0
194.84	1.0
195.22	2.0
195.61	3.0
195.99	4.0
196.38	1.0
196.77	2.0
197.15	3.0
197.54	4.0
197.94	1.0
198.32	2.0
198.7	3.0
199.09	4.0
199.47	1.0
199.86	2.0
200.23	3.0
200.62	4.0
201.03	1.0
201.42	2.0
201.81	3.0
202.19	4.0
202.59	1.0
202.98	2.0
203.35	3.0
203.72	4.0
204.12	1.0
204.51	2.0
204.9	3.0
205.29	4.0
205.68	1.0
206.07	2.0
206.45	3.0
206.84	4.0
207.22	1.0
207.61	2.0
208.0	3.0
208.38	4.0
208.77	1.0
209.16	2.0
209.55	3.0
209.94	4.0
210.32	1.0
210.7	2.0
211.11	3.0
211.48	4.0
211.87	1.0
212.25	2.0
212.63	3.0
213.01	4.0
213.41	1.0
213.8	2.0
214.19	3.0
214.57	4.0
214.97	1.0
215.35	2.0
215.73	3.0
216.13	4.0
216.52	1.0
216.91	2.0
217.29	3.0
217.67	4.0
218.06	1.0
218.43	2.0
218.82	3.0
219.21	4.0
219.61	1.0
219.98	2.0
220.37	3.0
220.77	4.0
221.14	1.0
221.53	2.0
221.92	3.0
222.3	4.0
222.7	1.0
223.08	2.0
223.48	3.0
223.88	4.0
224.45	1.0
225.03	2.0
225.61	3.0
226.19	4.0
226.58	1.0
226.97	2.0
227.36	3.0
227.74	4.0
228.13	1.0
228.51	2.0
228.9	3.0
229.28	4.0
229.67	1.0
230.06	2.0
230.45	3.0
230.83	4.0
231.22	1.0
231.61	2.0
231.99	3.0
232.38	4.0
232.77	1.0
233.15	2.0
233.54	3.0
233.93	4.0
234.32	1.0
234.7	2.0
235.08	3.0
235.48	4.0
235.87	1.0
236.26	2.0
236.64	3.0
237.03	4.0
237.42	1.0
237.8	2.0
238.19	3.0
238.58	4.0
238.96	1.0
239.35	2.0
239.73	3.0
240.12	4.0
240.51	1.0
240.9	2.0
241.29	3.0
241.67	4.0
242.06	1.0
242.44	2.0
242.83	3.0
243.21	4.0
243.61	1.0
244.0	2.0
244.38	3.0
244.77	4.0
245.16	1.0
245.55	2.0
245.93	3.0
246.31	4.0
246.7	1.0
247.09	2.0
247.48	3.0
247.87	4.0
248.26	1.0
248.64	2.0
249.03	3.0
249.41	4.0
249.8	1.0
250.18	2.0
250.57	3.0
250.94	4.0
251.35	1.0
251.73	2.0
252.12	3.0
252.51	4.0
252.9	1.0
253.29	2.0
253.67	3.0
254.06	4.0
254.45	1.0
254.83	2.0
255.22	3.0
255.6	4.0
255.98	1.0
256.37	2.0
256.78	3.0
257.17	4.0
257.56	1.0
257.94	2.0
258.32	3.0
258.71	4.0
259.14	1.0
259.55	2.0
259.96	3.0
260.36	4.0
260.76	1.0
261.17	2.0
261.61	3.0
262.06	4.0
262.54	1.0
263.03	2.0
263.51	3.0
263.99	4.0
264.45	1.0
264.94	2.0
265.41	3.0
265.9	4.0