0.04	1.0
0.86	2.0
1.69	3.0
2.51	4.0
3.33	1.0
4.15	2.0
4.97	3.0
5.8	4.0
6.58	1.0
7.41	2.0
8.24	3.0
9.11	4.0
9.93	1.0
10.75	2.0
11.57	3.0
12.41	4.0
13.25	1.0
14.06	2.0
14.88	3.0
15.71	4.0
16.55	1.0
17.42	2.0
18.23	3.0
19.08	4.0
19.9	1.0
20.69	2.0
21.53	3.0
22.37	4.0
23.21	1.0
24.09	2.0
24.87	3.0
25.72	4.0
26.57	1.0
27.39	2.0
28.21	3.0
29.05	4.0
29.87	1.0
30.74	2.0
31.6	3.0
32.39	4.0
33.2	1.0
34.03	2.0
34.88	3.0
35.71	4.0
36.53	1.0
37.34	2.0
38.23	3.0
39.02	4.0
39.87	1.0
40.75	2.0
41.56	3.0
42.39	4.0
43.19	1.0
44.03	2.0
44.87	3.0
45.71	4.0
46.53	1.0
47.35	2.0
48.2	3.0
49.04	4.0
49.85	1.0
50.72	2.0
51.53	3.0
52.38	4.0
53.18	1.0
54.03	2.0
54.87	3.0
55.69	4.0
56.52	1.0
57.37	2.0
58.19	3.0
59.0	4.0
59.87	1.0
60.69	2.0
61.52	3.0
62.35	4.0
63.19	1.0
64.02	2.0
64.91	3.0
65.69	4.0
66.5	1.0
67.31	2.0
68.22	3.0
69.03	4.0
69.85	1.0
70.68	2.0
71.52	3.0
72.35	4.0
73.17	1.0
74.0	2.0
74.84	3.0
75.67	4.0
76.51	1.0
77.34	2.0
78.16	3.0
79.01	4.0
79.82	1.0
80.67	2.0
81.51	3.0
82.34	4.0
83.17	1.0
84.0	2.0
84.83	3.0
85.67	4.0
86.5	1.0
87.33	2.0
88.15	3.0
89.0	4.0
89.84	1.0
90.67	2.0
91.5	3.0
92.33	4.0
93.17	1.0
94.0	2.0
94.83	3.0
95.66	4.0
96.49	1.0
97.33	2.0
98.16	3.0
98.99	4.0
99.83	1.0
100.66	2.0
101.5	3.0
102.32	4.0
103.15	1.0
103.99	2.0
104.82	3.0
105.65	4.0
106.49	1.0
107.32	2.0
108.16	3.0
108.98	4.0
109.82	1.0
110.65	2.0
111.49	3.0
112.31	4.0
113.15	1.0
113.98	2.0
114.82	3.0
115.64	4.0
116.48	1.0
117.31	2.0
118.15	3.0
118.98	4.0
119.82	1.0
120.64	2.0
121.47	3.0
122.31	4.0
123.15	1.0
123.97	2.0
124.82	3.0
125.64	4.0
126.47	1.0
127.3	2.0
128.13	3.0
128.97	4.0
129.81	1.0
130.63	2.0
131.48	3.0
132.3	4.0
133.12	1.0
133.97	2.0
134.8	3.0
135.63	4.0
136.47	1.0
137.3	2.0
138.09	3.0
138.96	4.0
139.8	1.0
140.63	2.0
141.46	3.0
142.29	4.0
143.13	1.0
143.96	2.0
144.81	3.0
145.63	4.0
146.46	1.0
147.29	2.0
148.12	3.0
148.96	4.0
149.79	1.0
150.62	2.0
151.47	3.0
152.29	4.0
153.12	1.0
153.95	2.0
154.79	3.0
155.62	4.0
156.45	1.0
157.28	2.0
158.13	3.0
158.95	4.0
159.78	1.0
160.61	2.0
161.45	3.0
162.28	4.0
163.11	1.0
163.94	2.0
164.81	3.0
165.61	4.0
166.44	1.0
167.28	2.0
168.11	3.0
168.94	4.0
169.77	1.0
170.61	2.0
171.45	3.0
172.27	4.0
173.08	1.0
173.91	2.0
174.75	3.0
175.57	4.0
176.41	1.0
177.24	2.0
178.08	3.0
178.91	4.0
179.74	1.0
180.58	2.0
181.41	3.0
182.24	4.0
183.08	1.0
183.9	2.0
184.73	3.0
185.57	4.0
186.41	1.0
187.24	2.0
188.08	3.0
188.9	4.0
189.74	1.0
190.57	2.0
191.36	3.0
192.23	4.0
193.07	1.0
193.9	2.0
194.74	3.0
195.56	4.0
196.4	1.0
197.23	2.0
198.08	3.0
198.9	4.0
199.74	1.0