0.0	4.0
0.65	1.0
1.31	2.0
1.97	3.0
2.63	4.0
3.29	1.0
3.95	2.0
4.61	3.0
5.28	4.0
5.96	1.0
6.62	2.0
7.36	3.0
8.15	4.0
8.98	1.0
9.75	2.0
10.54	3.0
11.35	4.0
12.14	1.0
12.89	2.0
13.68	3.0
14.61	4.0
15.47	1.0
16.37	2.0
17.21	3.0
18.12	4.0
18.96	1.0
19.77	2.0
20.52	3.0
21.35	4.0
22.14	1.0
22.86	2.0
23.62	3.0
24.34	4.0
25.07	1.0
25.81	2.0
26.55	3.0
27.28	4.0
28.09	1.0
28.9	2.0
29.65	3.0
30.54	4.0
31.35	1.0
32.2	2.0
33.12	3.0
34.1	4.0
35.07	1.0
36.0	2.0
36.99	3.0
38.01	4.0
39.01	1.0
40.03	2.0
40.91	3.0
41.86	4.0
42.79	1.0
43.71	2.0
44.64	3.0
45.51	4.0
46.44	1.0
47.35	2.0
48.27	3.0
49.17	4.0
50.07	1.0
50.92	2.0
51.77	3.0
52.63	4.0
53.53	1.0
54.46	2.0
55.3	3.0
56.28	4.0
57.2	1.0
58.18	2.0
59.15	3.0
60.02	4.0
60.86	1.0
61.75	2.0
62.66	3.0
63.5	4.0
64.33	1.0
65.25	2.0
66.11	3.0
67.07	4.0
68.04	1.0
68.94	2.0
69.89	3.0
70.84	4.0
71.8	1.0
72.67	2.0
73.61	3.0
74.55	4.0
75.45	1.0
76.37	2.0
77.22	3.0
78.09	4.0
78.99	1.0
79.86	2.0
80.72	3.0
81.47	4.0
82.21	1.0
82.97	2.0
83.78	3.0
84.57	4.0
85.42	1.0
86.22	2.0
87.09	3.0
87.9	4.0
88.78	1.0
89.76	2.0
90.68	3.0
91.6	4.0
92.59	1.0
93.56	2.0
94.52	3.0
95.44	4.0
96.37	1.0
97.35	2.0
98.34	3.0
99.38	4.0
100.35	1.0
101.23	2.0
102.18	3.0
103.22	4.0
104.2	1.0
105.18	2.0
106.14	3.0
107.12	4.0
108.07	1.0
109.0	2.0
109.94	3.0
110.89	4.0
111.87	1.0
112.82	2.0
113.83	3.0
114.86	4.0
115.82	1.0
116.77	2.0
117.73	3.0
118.65	4.0
119.58	1.0
120.54	2.0
121.47	3.0
122.42	4.0
123.34	1.0
124.35	2.0
125.3	3.0
126.25	4.0
127.21	1.0
128.2	2.0
129.18	3.0
130.14	4.0
131.08	1.0
132.0	2.0
132.97	3.0
133.97	4.0
135.05	1.0
136.06	2.0
137.03	3.0
138.08	4.0
139.05	1.0
140.11	2.0
141.1	3.0
142.09	4.0
143.02	1.0
144.04	2.0
145.03	3.0
145.99	4.0
146.96	1.0
147.96	2.0
148.95	3.0
149.96	4.0
150.93	1.0
151.95	2.0
152.93	3.0
153.94	4.0
154.9	1.0
155.92	2.0
156.87	3.0
157.85	4.0
158.82	1.0
159.84	2.0
160.86	3.0
161.8	4.0
162.78	1.0
163.8	2.0
164.74	3.0
165.69	4.0
166.64	1.0
167.6	2.0
168.55	3.0
169.5	4.0
170.47	1.0
171.45	2.0
172.42	3.0
173.39	4.0
174.34	1.0
175.38	2.0
176.33	3.0
177.3	4.0
178.3	1.0
179.24	2.0
180.26	3.0
181.27	4.0
182.28	1.0
183.34	2.0
184.31	3.0
185.28	4.0
186.29	1.0
187.28	2.0
188.23	3.0
189.2	4.0
190.18	1.0
191.14	2.0
192.09	3.0
193.06	4.0
194.04	1.0
195.0	2.0
195.95	3.0
196.89	4.0
197.83	1.0
198.81	2.0
199.74	3.0
200.67	4.0
201.62	1.0
202.6	2.0
203.54	3.0
204.46	4.0
205.38	1.0
206.38	2.0
207.32	3.0
208.25	4.0
209.17	1.0
210.12	2.0
211.05	3.0
211.98	4.0
212.87	1.0
213.82	2.0
214.75	3.0
215.69	4.0
216.64	1.0
217.58	2.0
218.51	3.0
219.45	4.0
220.34	1.0
221.3	2.0
222.25	3.0
223.2	4.0
224.14	1.0
225.09	2.0
226.04	3.0
226.93	4.0
227.88	1.0
228.84	2.0
229.77	3.0
230.7	4.0
231.64	1.0
232.58	2.0
233.48	3.0
234.34	4.0
235.23	1.0
236.14	2.0
237.04	3.0
237.9	4.0
238.77	1.0
239.66	2.0
240.53	3.0
241.43	4.0
242.29	1.0
243.19	2.0
244.09	3.0
244.92	4.0
245.79	1.0
246.69	2.0
247.55	3.0
248.4	4.0
249.28	1.0
250.18	2.0
251.06	3.0
251.95	4.0
252.82	1.0
253.71	2.0
254.61	3.0
255.51	4.0
256.4	1.0
257.39	2.0
258.31	3.0
259.29	4.0
260.2	1.0
261.15	2.0
262.06	3.0
262.99	4.0
263.89	1.0
264.84	2.0
265.76	3.0
266.68	4.0
267.6	1.0
268.53	2.0
269.41	3.0
270.34	4.0
271.24	1.0
272.22	2.0
273.12	3.0
274.07	4.0
274.93	1.0
275.89	2.0
276.78	3.0
277.7	4.0
278.6	1.0
279.55	2.0
280.46	3.0
281.39	4.0
282.3	1.0
283.19	2.0
284.07	3.0
284.95	4.0
285.82	1.0
286.75	2.0
287.67	3.0
288.58	4.0
289.52	1.0
290.41	2.0
291.33	3.0
292.24	4.0
293.12	1.0
294.07	2.0
294.98	3.0
295.91	4.0
296.85	1.0
297.77	2.0
298.66	3.0
299.54	4.0
300.39	1.0
301.34	2.0
302.23	3.0
303.14	4.0
304.03	1.0
304.96	2.0
305.84	3.0
306.68	4.0
307.55	1.0
308.42	2.0
309.32	3.0
310.18	4.0
311.04	1.0
311.94	2.0
312.82	3.0
313.68	4.0
314.55	1.0
315.44	2.0
316.32	3.0
317.18	4.0
318.06	1.0
318.95	2.0
319.82	3.0
320.68	4.0
321.54	1.0
322.42	2.0
323.29	3.0
324.14	4.0
325.01	1.0
325.89	2.0
326.75	3.0
327.59	4.0
328.43	1.0
329.38	2.0
330.27	3.0
331.17	4.0
332.06	1.0
333.0	2.0
333.87	3.0
334.76	4.0
335.6	1.0
336.54	2.0
337.42	3.0
338.28	4.0
339.14	1.0
340.05	2.0
340.95	3.0
341.82	4.0
342.7	1.0
343.62	2.0
344.53	3.0
345.45	4.0
346.34	1.0
347.26	2.0
348.14	3.0
349.02	4.0
349.86	1.0
350.8	2.0
351.68	3.0
352.6	4.0
353.49	1.0
354.37	2.0
355.23	3.0
356.11	4.0
356.95	1.0
357.87	2.0
358.76	3.0
359.66	4.0
360.57	1.0
361.47	2.0
362.36	3.0
363.22	4.0
364.1	1.0
365.02	2.0
365.9	3.0
366.81	4.0
367.7	1.0
368.61	2.0
369.49	3.0
370.35	4.0
371.2	1.0
372.08	2.0
372.94	3.0
373.85	4.0
374.7	1.0
375.59	2.0
376.44	3.0
377.29	4.0
378.13	1.0
378.98	2.0
379.86	3.0
380.69	4.0
381.54	1.0
382.39	2.0
383.28	3.0
384.13	4.0
384.95	1.0
385.81	2.0
386.69	3.0
387.53	4.0
388.37	1.0
389.21	2.0
390.08	3.0
390.92	4.0
391.76	1.0
392.64	2.0
393.49	3.0
394.36	4.0
395.2	1.0
396.06	2.0
396.94	3.0
397.8	4.0
398.65	1.0
399.52	2.0
400.36	3.0
401.2	4.0
402.04	1.0
402.89	2.0
403.71	3.0
404.55	4.0
405.37	1.0
406.23	2.0
407.07	3.0
407.88	4.0
408.7	1.0
409.55	2.0
410.4	3.0
411.23	4.0
412.08	1.0
412.94	2.0
413.77	3.0
414.59	4.0
415.44	1.0
416.31	2.0
417.15	3.0
417.96	4.0
418.78	1.0
419.64	2.0
420.48	3.0
421.33	4.0
422.15	1.0
423.01	2.0
423.85	3.0
424.7	4.0
425.52	1.0
426.36	2.0
427.22	3.0
428.04	4.0
428.88	1.0
429.7	2.0
430.55	3.0
431.38	4.0
432.01	1.0
432.64	2.0
433.06	3.0
433.48	4.0
433.89	1.0
434.3	2.0
434.71	3.0
435.13	4.0
435.54	1.0
435.95	2.0
436.35	3.0
436.76	4.0
437.2	1.0
437.61	2.0
438.02	3.0
438.44	4.0
438.86	1.0
439.27	2.0
439.68	3.0
440.09	4.0
440.51	1.0
440.93	2.0
441.35	3.0
441.77	4.0
442.19	1.0
442.61	2.0
443.01	3.0
443.42	4.0
443.83	1.0
444.25	2.0
444.66	3.0
445.08	4.0
445.52	1.0
445.94	2.0
446.36	3.0
446.78	4.0
447.2	1.0
447.61	2.0
448.02	3.0
448.44	4.0
448.86	1.0
449.27	2.0
449.68	3.0
450.1	4.0
450.52	1.0
450.94	2.0
451.35	3.0
451.76	4.0
452.18	1.0
452.58	2.0
453.0	3.0
453.4	4.0
453.82	1.0
454.24	2.0
454.64	3.0
455.05	4.0
455.47	1.0
455.89	2.0
456.3	3.0
456.71	4.0
457.13	1.0
457.54	2.0
457.94	3.0
458.35	4.0
458.78	1.0
459.19	2.0
459.6	3.0
460.01	4.0
460.42	1.0
460.83	2.0
461.23	3.0
461.65	4.0
462.06	1.0
462.49	2.0
462.89	3.0
463.3	4.0
463.72	1.0
464.12	2.0
464.53	3.0
464.94	4.0
465.36	1.0
465.76	2.0
466.16	3.0
466.57	4.0
466.99	1.0
467.39	2.0
467.8	3.0
468.21	4.0
468.64	1.0
469.04	2.0
469.43	3.0
469.85	4.0
470.26	1.0
470.65	2.0
471.06	3.0
471.48	4.0
471.9	1.0
472.31	2.0
472.71	3.0
473.1	4.0
473.52	1.0
473.93	2.0
474.34	3.0
474.75	4.0
475.15	1.0
475.56	2.0
475.97	3.0
476.37	4.0
476.77	1.0
477.18	2.0
477.58	3.0
478.0	4.0
478.41	1.0
478.81	2.0
479.21	3.0
479.62	4.0
480.02	1.0
480.42	2.0
480.82	3.0
481.24	4.0
481.65	1.0
482.05	2.0
482.46	3.0
482.86	4.0
483.27	1.0
483.68	2.0
484.08	3.0
484.49	4.0
484.9	1.0
485.3	2.0
485.7	3.0
486.11	4.0
486.52	1.0
486.93	2.0
487.34	3.0
487.75	4.0
488.17	1.0
488.57	2.0
488.97	3.0
489.38	4.0
489.79	1.0
490.19	2.0
490.6	3.0
491.02	4.0
491.43	1.0
491.83	2.0
492.23	3.0
492.66	4.0
493.05	1.0
493.47	2.0
493.87	3.0
494.28	4.0
494.69	1.0
495.09	2.0
495.5	3.0
495.91	4.0
496.31	1.0
496.71	2.0
497.11	3.0
497.52	4.0
497.93	1.0
498.34	2.0
498.74	3.0
499.15	4.0
499.56	1.0
499.95	2.0
500.37	3.0
500.78	4.0
501.2	1.0
501.6	2.0
502.01	3.0
502.41	4.0
502.82	1.0
503.22	2.0
503.62	3.0
504.03	4.0
504.45	1.0
504.86	2.0
505.24	3.0
505.65	4.0
506.05	1.0
506.45	2.0
506.88	3.0
507.29	4.0
507.7	1.0
508.11	2.0
508.5	3.0
508.93	4.0
509.34	1.0
509.74	2.0
510.14	3.0
510.56	4.0
510.97	1.0
511.37	2.0
511.77	3.0
512.18	4.0
512.56	1.0
512.98	2.0
513.38	3.0
513.79	4.0
514.19	1.0
514.6	2.0
515.0	3.0
515.41	4.0
515.81	1.0
516.21	2.0
516.62	3.0
517.03	4.0
517.44	1.0
517.83	2.0
518.23	3.0
518.65	4.0
519.05	1.0
519.47	2.0
519.87	3.0
520.28	4.0
520.7	1.0
521.11	2.0
521.5	3.0
521.92	4.0
522.32	1.0
522.73	2.0
523.13	3.0
523.54	4.0
523.94	1.0
524.35	2.0
524.75	3.0
525.18	4.0
525.59	1.0
525.98	2.0
526.39	3.0
526.79	4.0
527.19	1.0
527.6	2.0
527.99	3.0
528.4	4.0
528.8	1.0
529.2	2.0
529.6	3.0
530.01	4.0
530.42	1.0
530.83	2.0
531.22	3.0
531.62	4.0
532.02	1.0
532.44	2.0
532.83	3.0
533.23	4.0
533.62	1.0
534.03	2.0
534.44	3.0
534.86	4.0
535.27	1.0
535.68	2.0
536.08	3.0
536.49	4.0
536.9	1.0
537.31	2.0
537.71	3.0
538.11	4.0
538.51	1.0
538.9	2.0
539.31	3.0
539.72	4.0
540.14	1.0
540.54	2.0
540.94	3.0
541.34	4.0
541.75	1.0
542.15	2.0
542.55	3.0
542.96	4.0
543.35	1.0
543.75	2.0
544.17	3.0
544.57	4.0
544.97	1.0
545.36	2.0
545.77	3.0
546.19	4.0
546.58	1.0
546.99	2.0
547.4	3.0
547.82	4.0
548.23	1.0
548.64	2.0
549.05	3.0
549.46	4.0
549.87	1.0
550.27	2.0
550.67	3.0
551.08	4.0
551.48	1.0
551.88	2.0
552.27	3.0
552.68	4.0
553.09	1.0
553.49	2.0
553.88	3.0
554.29	4.0
554.69	1.0
555.09	2.0
555.49	3.0
555.88	4.0
556.29	1.0
556.69	2.0
557.08	3.0
557.49	4.0
557.9	1.0
558.3	2.0
558.69	3.0
559.1	4.0
559.5	1.0
559.89	2.0
560.3	3.0
560.71	4.0
561.12	1.0
561.51	2.0
561.91	3.0
562.32	4.0
562.72	1.0
563.11	2.0
563.51	3.0
563.92	4.0
564.32	1.0
564.71	2.0
565.12	3.0
565.54	4.0
565.95	1.0
566.33	2.0
566.73	3.0
567.13	4.0
567.55	1.0
567.94	2.0
568.33	3.0
568.75	4.0
569.15	1.0
569.54	2.0
569.94	3.0
570.35	4.0
570.77	1.0
571.16	2.0
571.56	3.0
571.97	4.0
572.36	1.0
572.76	2.0
573.16	3.0
573.55	4.0
573.95	1.0
574.35	2.0
574.75	3.0
575.16	4.0
575.56	1.0
575.96	2.0
576.36	3.0
576.77	4.0
577.17	1.0
577.56	2.0
577.97	3.0
578.38	4.0
578.78	1.0
579.18	2.0
579.56	3.0
579.96	4.0
580.37	1.0
580.77	2.0
581.16	3.0
581.57	4.0
581.97	1.0
582.37	2.0
582.76	3.0
583.18	4.0
583.59	1.0
583.99	2.0
584.38	3.0
584.78	4.0
585.18	1.0
585.58	2.0
585.97	3.0
586.39	4.0
586.79	1.0
587.19	2.0
587.59	3.0
588.0	4.0
588.39	1.0
588.79	2.0
589.19	3.0
589.6	4.0
589.99	1.0
590.39	2.0
590.79	3.0
591.19	4.0
591.59	1.0
592.0	2.0
592.39	3.0
592.8	4.0
593.2	1.0
593.6	2.0
593.99	3.0
594.39	4.0
594.8	1.0
595.2	2.0
595.6	3.0
596.0	4.0
596.41	1.0
596.81	2.0
597.21	3.0
597.62	4.0
598.02	1.0
598.42	2.0
598.81	3.0
599.23	4.0
599.63	1.0
600.03	2.0
600.42	3.0
600.83	4.0
601.23	1.0
601.63	2.0
602.01	3.0
602.41	4.0
602.81	1.0
603.21	2.0
603.6	3.0
604.03	4.0
604.56	1.0
605.22	2.0
606.02	3.0
606.81	4.0
607.63	1.0
608.43	2.0
609.23	3.0
610.04	4.0
610.85	1.0
611.64	2.0
612.45	3.0
613.24	4.0
614.05	1.0
614.84	2.0
615.63	3.0
616.42	4.0
617.22	1.0
618.0	2.0
618.78	3.0
619.57	4.0
620.37	1.0
621.16	2.0
621.95	3.0
622.73	4.0
623.53	1.0
624.32	2.0
625.13	3.0
625.92	4.0
626.73	1.0
627.51	2.0
628.3	3.0
629.08	4.0
629.87	1.0
630.65	2.0
631.44	3.0
632.21	4.0
633.0	1.0
633.78	2.0
634.56	3.0
635.35	4.0
636.14	1.0
636.93	2.0
637.71	3.0
638.5	4.0
639.29	1.0
640.07	2.0
640.86	3.0
641.64	4.0
642.44	1.0
643.2	2.0
644.01	3.0
644.78	4.0
645.58	1.0
646.36	2.0
647.16	3.0
647.93	4.0
648.71	1.0
649.49	2.0
650.27	3.0
651.06	4.0
651.83	1.0
652.62	2.0
653.41	3.0
654.18	4.0
654.99	1.0
655.75	2.0
656.55	3.0
657.33	4.0
658.11	1.0
658.9	2.0
659.7	3.0
660.49	4.0
661.29	1.0
662.08	2.0
662.88	3.0
663.65	4.0
664.44	1.0
665.23	2.0
666.01	3.0
666.81	4.0
667.6	1.0
668.38	2.0
669.18	3.0
669.96	4.0
670.76	1.0
671.55	2.0
672.32	3.0
673.13	4.0
673.91	1.0
674.67	2.0
675.49	3.0
676.26	4.0
677.05	1.0
677.81	2.0
678.6	3.0
679.4	4.0
680.2	1.0
680.98	2.0
681.77	3.0
682.57	4.0
683.38	1.0
684.14	2.0
684.94	3.0
685.75	4.0
686.51	1.0
687.25	2.0
687.99	3.0
688.75	4.0
689.53	1.0
690.29	2.0
691.12	3.0
691.94	4.0
692.83	1.0
693.71	2.0
694.53	3.0
695.38	4.0
696.31	1.0
697.21	2.0
698.12	3.0
699.03	4.0
700.01	1.0
700.92	2.0
701.88	3.0
702.8	4.0
703.76	1.0
704.76	2.0
705.68	3.0
706.69	4.0
707.61	1.0
708.59	2.0
709.52	3.0
710.53	4.0
711.48	1.0
712.42	2.0
713.38	3.0
714.38	4.0
715.37	1.0
716.48	2.0
717.57	3.0
718.64	4.0
719.76	1.0
720.79	2.0
721.94	3.0
722.99	4.0
724.07	1.0
725.19	2.0
726.26	3.0
727.39	4.0
728.48	1.0
729.47	2.0
730.56	3.0
731.56	4.0
732.45	1.0
733.4	2.0
734.28	3.0
735.25	4.0
736.13	1.0
737.07	2.0
738.02	3.0
738.98	4.0
739.89	1.0
740.83	2.0
741.8	3.0
742.72	4.0
743.68	1.0
744.61	2.0
745.48	3.0
746.4	4.0
747.35	1.0
748.31	2.0
749.22	3.0
750.18	4.0
751.12	1.0
752.13	2.0
753.05	3.0
753.92	4.0
754.82	1.0
755.73	2.0
756.65	3.0
757.52	4.0
758.47	1.0
759.38	2.0
760.29	3.0
761.24	4.0
762.15	1.0
763.14	2.0
764.07	3.0
765.07	4.0
766.03	1.0
766.96	2.0
767.94	3.0
768.89	4.0
769.81	1.0
770.72	2.0
771.69	3.0
772.6	4.0
773.57	1.0
774.46	2.0
775.42	3.0
776.3	4.0
777.26	1.0
778.17	2.0
779.03	3.0
779.92	4.0
780.83	1.0
781.75	2.0
782.65	3.0
783.52	4.0
784.45	1.0
785.38	2.0
786.34	3.0
787.32	4.0
788.27	1.0
789.27	2.0
790.22	3.0
791.16	4.0
792.1	1.0
793.11	2.0
794.03	3.0
794.99	4.0
795.84	1.0
796.79	2.0
797.68	3.0
798.55	4.0
799.53	1.0
800.46	2.0
801.36	3.0
802.31	4.0
803.28	1.0
804.18	2.0
805.18	3.0
806.15	4.0
807.05	1.0
808.0	2.0
808.92	3.0
809.9	4.0
810.85	1.0
811.74	2.0
812.73	3.0
813.66	4.0
814.57	1.0
815.53	2.0
816.48	3.0
817.38	4.0
818.32	1.0
819.29	2.0
820.22	3.0
821.18	4.0
822.17	1.0
823.08	2.0
824.1	3.0
825.15	4.0
826.25	1.0
827.34	2.0
828.4	3.0
829.53	4.0
830.6	1.0
831.7	2.0
832.76	3.0
833.91	4.0
834.95	1.0
836.08	2.0
837.04	3.0
837.96	4.0
838.96	1.0
839.88	2.0
840.83	3.0
841.81	4.0
842.76	1.0
843.75	2.0
844.72	3.0
845.65	4.0
846.62	1.0
847.57	2.0
848.49	3.0
849.46	4.0
850.37	1.0
851.32	2.0
852.27	3.0
853.24	4.0
854.15	1.0
854.99	2.0
855.89	3.0
856.76	4.0
857.62	1.0
858.4	2.0
859.24	3.0
860.09	4.0
860.92	1.0
861.76	2.0
862.64	3.0
863.48	4.0
864.34	1.0
865.26	2.0
866.11	3.0
867.01	4.0
867.96	1.0
868.83	2.0
869.74	3.0
870.67	4.0
871.61	1.0
872.55	2.0
873.46	3.0
874.47	4.0
875.46	1.0
876.41	2.0
877.45	3.0
878.43	4.0
879.45	1.0
880.56	2.0
881.6	3.0
882.64	4.0
883.56	1.0
884.52	2.0
885.52	3.0
886.49	4.0
887.4	1.0
888.41	2.0
889.32	3.0
890.33	4.0
891.27	1.0
892.25	2.0
893.16	3.0
894.17	4.0
895.11	1.0
896.09	2.0
897.01	3.0
897.97	4.0
898.94	1.0
899.88	2.0
900.82	3.0
901.8	4.0
902.72	1.0
903.66	2.0
904.62	3.0
905.57	4.0
906.49	1.0
907.41	2.0
908.35	3.0
909.3	4.0
910.16	1.0
911.08	2.0
912.0	3.0
912.88	4.0
913.73	1.0
914.61	2.0
915.51	3.0
916.36	4.0
917.27	1.0
918.12	2.0
919.03	3.0
919.89	4.0
920.81	1.0
921.68	2.0
922.56	3.0
923.44	4.0
924.31	1.0
925.24	2.0
926.14	3.0
927.0	4.0
927.89	1.0
928.78	2.0
929.6	3.0
930.5	4.0
931.35	1.0
932.23	2.0
933.09	3.0
933.96	4.0
934.82	1.0
935.72	2.0
936.58	3.0
937.47	4.0
938.31	1.0
939.19	2.0
940.02	3.0
940.93	4.0
941.8	1.0
942.68	2.0
943.55	3.0
944.43	4.0
945.3	1.0
946.16	2.0
947.02	3.0
947.88	4.0
948.79	1.0
949.64	2.0
950.49	3.0
951.35	4.0
952.19	1.0
953.05	2.0
953.92	3.0
954.81	4.0
955.68	1.0
956.58	2.0
957.42	3.0
958.29	4.0
959.17	1.0
960.01	2.0
960.62	3.0
961.2	4.0
961.77	1.0
962.37	2.0
962.95	3.0
963.56	4.0
964.13	1.0
964.7	2.0
965.28	3.0
965.88	4.0
966.45	1.0
967.04	2.0
967.63	3.0
968.2	4.0
968.82	1.0
969.39	2.0
969.99	3.0
970.55	4.0
971.13	1.0
971.71	2.0
972.3	3.0
972.87	4.0
973.47	1.0
974.04	2.0
974.64	3.0
975.2	4.0
975.78	1.0
976.37	2.0
976.93	3.0
977.52	4.0
978.12	1.0
978.68	2.0
979.27	3.0
979.87	4.0
980.44	1.0
981.03	2.0
981.6	3.0
982.21	4.0
982.76	1.0
983.37	2.0
983.93	3.0
984.52	4.0
985.08	1.0
985.69	2.0
986.26	3.0
986.84	4.0
987.4	1.0
987.99	2.0
988.56	3.0
989.14	4.0
989.75	1.0
990.31	2.0
990.89	3.0
991.48	4.0
992.07	1.0
992.65	2.0
993.24	3.0
993.81	4.0
994.4	1.0
994.98	2.0
995.58	3.0
996.17	4.0
996.75	1.0
997.34	2.0
997.89	3.0
998.47	4.0
999.05	1.0
999.65	2.0
1000.23	3.0
1000.81	4.0
1001.38	1.0
1001.97	2.0
1002.57	3.0
1003.15	4.0
1003.73	1.0
1004.32	2.0
1004.9	3.0
1005.49	4.0
1006.1	1.0
1006.68	2.0
1007.26	3.0
1007.85	4.0
1008.42	1.0
1009.0	2.0
1009.62	3.0
1010.2	4.0
1010.79	1.0
1011.37	2.0
1011.96	3.0
1012.56	4.0
1013.15	1.0
1013.75	2.0
1014.32	3.0
1014.9	4.0
1015.49	1.0
1016.07	2.0
1016.68	3.0
1017.24	4.0
1017.82	1.0
1018.42	2.0
1018.99	3.0
1019.58	4.0
1020.18	1.0
1020.75	2.0
1021.35	3.0
1021.94	4.0
1022.51	1.0
1023.09	2.0
1023.68	3.0
1024.25	4.0
1024.83	1.0
1025.42	2.0
1025.98	3.0
1026.57	4.0
1027.17	1.0
1027.73	2.0
1028.3	3.0
1028.91	4.0
1029.49	1.0
1030.07	2.0
1030.65	3.0
1031.23	4.0
1031.79	1.0
1032.38	2.0
1032.96	3.0
1033.54	4.0
1034.15	1.0
1034.72	2.0
1035.29	3.0
1035.88	4.0
1036.46	1.0
1037.03	2.0
1037.62	3.0
1038.21	4.0
1038.78	1.0
1039.4	2.0
1039.98	3.0
1040.56	4.0
1041.14	1.0
1041.73	2.0
1042.31	3.0
1042.9	4.0
1043.48	1.0
1044.07	2.0
1044.65	3.0
1045.21	4.0
1045.79	1.0
1046.38	2.0
1046.96	3.0
1047.56	4.0
1048.15	1.0
1048.72	2.0
1049.3	3.0
1049.87	4.0
1050.48	1.0
1051.05	2.0
1051.66	3.0
1052.24	4.0
1052.82	1.0
1053.4	2.0
1053.97	3.0
1054.55	4.0
1055.15	1.0
1055.72	2.0
1056.29	3.0
1056.87	4.0
1057.45	1.0
1058.03	2.0
1058.65	3.0
1059.22	4.0
1059.82	1.0
1060.41	2.0
1060.99	3.0
1061.56	4.0
1062.14	1.0
1062.74	2.0
1063.33	3.0
1063.91	4.0
1064.5	1.0
1065.1	2.0
1065.68	3.0
1066.3	4.0
1066.88	1.0
1067.46	2.0
1068.04	3.0
1068.63	4.0
1069.21	1.0
1069.8	2.0
1070.37	3.0
1070.95	4.0
1071.51	1.0
1072.13	2.0
1072.7	3.0
1073.28	4.0
1073.9	1.0
1074.46	2.0
1075.03	3.0
1075.63	4.0
1076.19	1.0
1076.78	2.0
1077.4	3.0
1077.99	4.0
1078.56	1.0
1079.17	2.0
1079.76	3.0
1080.35	4.0
1080.93	1.0
1081.54	2.0
1082.13	3.0
1082.69	4.0
1083.33	1.0
1084.15	2.0
1084.98	3.0
1085.86	4.0
1086.75	1.0
1087.63	2.0
1088.47	3.0
1089.32	4.0
1090.19	1.0
1091.08	2.0
1091.95	3.0
1092.82	4.0
1093.69	1.0
1094.57	2.0
1095.45	3.0
1096.33	4.0
1097.21	1.0
1098.13	2.0
1099.1	3.0
1099.98	4.0
1100.94	1.0
1101.85	2.0
1102.79	3.0
1103.7	4.0
1104.61	1.0
1105.51	2.0
1106.44	3.0
1107.37	4.0
1108.29	1.0
1109.22	2.0
1110.17	3.0
1111.11	4.0
1112.06	1.0
1112.97	2.0
1113.94	3.0
1114.84	4.0
1115.8	1.0
1116.71	2.0
1117.67	3.0
1118.61	4.0
1119.52	1.0
1120.46	2.0
1121.38	3.0
1122.32	4.0
1123.2	1.0
1124.09	2.0
1125.01	3.0
1125.91	4.0
1126.82	1.0
1127.7	2.0
1128.56	3.0
1129.43	4.0
1130.33	1.0
1131.15	2.0
1132.01	3.0
1132.87	4.0
1133.72	1.0
1134.61	2.0
1135.49	3.0
1136.35	4.0
1137.22	1.0
1138.07	2.0
1138.94	3.0
1139.8	4.0
1140.67	1.0
1141.57	2.0
1142.45	3.0
1143.32	4.0
1144.23	1.0
1145.15	2.0
1146.03	3.0
1146.91	4.0
1147.76	1.0
1148.64	2.0
1149.54	3.0
1150.41	4.0
1151.27	1.0
1152.17	2.0
1153.02	3.0
1153.91	4.0
1154.83	1.0
1155.8	2.0
1156.75	3.0
1157.7	4.0
1158.62	1.0
1159.58	2.0
1160.48	3.0
1161.42	4.0
1162.34	1.0
1163.29	2.0
1164.21	3.0
1165.13	4.0
1166.06	1.0
1166.99	2.0
1167.88	3.0
1168.74	4.0
1169.62	1.0
1170.57	2.0
1171.48	3.0
1172.38	4.0
1173.33	1.0
1174.26	2.0
1175.17	3.0
1176.05	4.0
1176.97	1.0
1177.91	2.0
1178.81	3.0
1179.72	4.0
1180.62	1.0
1181.54	2.0
1182.45	3.0
1183.35	4.0
1184.25	1.0
1185.2	2.0
1186.12	3.0
1187.05	4.0
1187.97	1.0
1188.91	2.0
1189.82	3.0
1190.72	4.0
1191.6	1.0
1192.54	2.0
1193.43	3.0
1194.33	4.0
1195.23	1.0
1196.14	2.0
1197.05	3.0
1197.94	4.0
1198.82	1.0
1199.72	2.0
1200.59	3.0
1201.45	4.0
1202.29	1.0
1203.15	2.0
1204.04	3.0
1204.92	4.0
1205.76	1.0
1206.64	2.0
1207.52	3.0
1208.4	4.0
1209.27	1.0
1210.16	2.0
1211.02	3.0
1211.89	4.0
1212.77	1.0
1213.63	2.0
1214.54	3.0
1215.41	4.0
1216.29	1.0
1217.18	2.0
1218.1	3.0
1218.93	4.0
1219.78	1.0
1220.64	2.0
1221.52	3.0
1222.4	4.0
1223.27	1.0
1224.14	2.0
1225.01	3.0
1225.86	4.0
1226.72	1.0
1227.6	2.0
1228.45	3.0
1229.31	4.0
1230.16	1.0
1231.04	2.0
1231.92	3.0
1232.77	4.0
1233.6	1.0
1234.47	2.0
1235.34	3.0
1236.2	4.0
1237.04	1.0
1237.9	2.0
1238.72	3.0
1239.56	4.0
1240.4	1.0
1241.26	2.0
1242.12	3.0
1242.98	4.0
1243.83	1.0
1244.68	2.0
1245.55	3.0
1246.37	4.0
1247.2	1.0
1248.04	2.0
1248.92	3.0
1249.76	4.0
1250.61	1.0
1251.42	2.0
1252.24	3.0
1253.08	4.0
1253.91	1.0
1254.76	2.0
1255.57	3.0
1256.38	4.0
1257.21	1.0
1258.02	2.0
1258.86	3.0
1259.67	4.0
1260.5	1.0
1261.33	2.0
1262.15	3.0
1262.93	4.0
1263.75	1.0
1264.56	2.0
1265.38	3.0
1266.18	4.0
1267.02	1.0
1267.84	2.0
1268.65	3.0
1269.47	4.0
1270.29	1.0
1271.12	2.0
1271.94	3.0
1272.78	4.0
1273.59	1.0
1274.43	2.0
1275.26	3.0
1276.11	4.0
1276.94	1.0
1277.78	2.0
1278.63	3.0
1279.46	4.0
1280.31	1.0
1281.26	2.0
1282.16	3.0
1283.08	4.0
1284.0	1.0
1284.92	2.0
1285.82	3.0
1286.71	4.0
1287.57	1.0
1288.49	2.0
1289.37	3.0
1290.27	4.0
1291.15	1.0
1292.05	2.0
1292.97	3.0
1293.87	4.0
1294.77	1.0
1295.7	2.0
1296.58	3.0
1297.45	4.0
1298.34	1.0
1299.27	2.0
1300.15	3.0
1301.07	4.0
1301.98	1.0
1302.9	2.0
1303.78	3.0
1304.69	4.0
1305.58	1.0
1306.52	2.0
1307.43	3.0
1308.27	4.0
1309.15	1.0
1310.1	2.0
1310.99	3.0
1311.92	4.0
1312.81	1.0
1313.72	2.0
1314.58	3.0
1315.48	4.0
1316.34	1.0
1317.25	2.0
1318.11	3.0
1319.0	4.0
1319.88	1.0
1320.77	2.0
1321.65	3.0
1322.52	4.0
1323.38	1.0
1324.29	2.0
1325.16	3.0
1326.05	4.0
1326.93	1.0
1327.85	2.0
1328.73	3.0
1329.63	4.0
1330.5	1.0
1331.4	2.0
1332.28	3.0
1333.18	4.0
1334.06	1.0
1334.97	2.0
1335.82	3.0
1336.69	4.0
1337.56	1.0
1338.48	2.0
1339.35	3.0
1340.24	4.0
1341.11	1.0
1341.99	2.0
1342.86	3.0
1343.77	4.0
1344.67	1.0
1345.59	2.0
1346.46	3.0
1347.37	4.0
1348.26	1.0
1349.18	2.0
1350.04	3.0
1350.9	4.0
1351.81	1.0
1352.73	2.0
1353.59	3.0
1354.49	4.0
1355.37	1.0
1356.27	2.0
1357.13	3.0
1357.97	4.0
1358.84	1.0
1359.74	2.0
1360.62	3.0
1361.47	4.0
1362.32	1.0
1363.23	2.0
1364.11	3.0
1364.98	4.0
1365.84	1.0
1366.76	2.0
1367.63	3.0
1368.49	4.0
1369.38	1.0
1370.27	2.0
1371.15	3.0
1372.05	4.0
1372.94	1.0
1373.84	2.0
1374.7	3.0
1375.58	4.0
1376.45	1.0
1377.35	2.0
1378.19	3.0
1379.08	4.0
1379.93	1.0
1380.79	2.0
1381.69	3.0