0.0	1.0
0.37	2.0
0.77	3.0
1.17	4.0
1.54	1.0
1.93	2.0
2.32	3.0
2.71	4.0
3.09	1.0
3.46	2.0
3.85	3.0
4.23	4.0
4.62	1.0
5.01	2.0
5.4	3.0
5.79	4.0
6.17	1.0
6.54	2.0
6.93	3.0
7.32	4.0
7.71	1.0
8.09	2.0
8.48	3.0
8.87	4.0
9.26	1.0
9.64	2.0
10.02	3.0
10.41	4.0
10.8	1.0
11.18	2.0
11.57	3.0
11.96	4.0
12.35	1.0
12.73	2.0
13.11	3.0
13.49	4.0
13.88	1.0
14.27	2.0
14.65	3.0
15.05	4.0
15.43	1.0
15.81	2.0
16.19	3.0
16.58	4.0
16.97	1.0
17.36	2.0
17.74	3.0
18.12	4.0
18.52	1.0
18.9	2.0
19.28	3.0
19.67	4.0
20.05	1.0
20.45	2.0
20.83	3.0
21.22	4.0
21.6	1.0
21.98	2.0
22.36	3.0
22.75	4.0
23.14	1.0
23.53	2.0
23.91	3.0
24.31	4.0
24.69	1.0
25.07	2.0
25.45	3.0
25.84	4.0
26.23	1.0
26.62	2.0
27.0	3.0
27.39	4.0
27.78	1.0
28.16	2.0
28.54	3.0
28.93	4.0
29.31	1.0
29.7	2.0
30.09	3.0
30.48	4.0
30.86	1.0
31.24	2.0
31.63	3.0
32.02	4.0
32.4	1.0
32.79	2.0
33.17	3.0
33.56	4.0
33.94	1.0
34.33	2.0
34.72	3.0
35.1	4.0
35.49	1.0
35.87	2.0
36.26	3.0
36.64	4.0
37.03	1.0
37.42	2.0
37.8	3.0
38.19	4.0
38.57	1.0
38.95	2.0
39.35	3.0
39.73	4.0
40.12	1.0
40.5	2.0
40.89	3.0
41.28	4.0
41.66	1.0
42.04	2.0
42.43	3.0
42.81	4.0
43.2	1.0
43.58	2.0
43.97	3.0
44.36	4.0
44.74	1.0
45.13	2.0
45.51	3.0
45.9	4.0
46.29	1.0
46.67	2.0
47.06	3.0
47.44	4.0
47.83	1.0
48.22	2.0
48.6	3.0
48.99	4.0
49.38	1.0
49.76	2.0
50.15	3.0
50.53	4.0
50.91	1.0
51.3	2.0
51.69	3.0
52.07	4.0
52.46	1.0
52.84	2.0
53.23	3.0
53.62	4.0
54.0	1.0
54.39	2.0
54.77	3.0
55.17	4.0
55.55	1.0
55.93	2.0
56.31	3.0
56.7	4.0
57.09	1.0
57.48	2.0
57.86	3.0
58.25	4.0
58.63	1.0
59.02	2.0
59.4	3.0
59.79	4.0
60.17	1.0
60.56	2.0
60.95	3.0
61.34	4.0
61.72	1.0
62.11	2.0
62.49	3.0
62.88	4.0
63.26	1.0
63.65	2.0
64.03	3.0
64.42	4.0
64.8	1.0
65.18	2.0
65.55	3.0
65.96	4.0
66.35	1.0
66.74	2.0
67.12	3.0
67.51	4.0
67.9	1.0
68.28	2.0
68.66	3.0
69.05	4.0
69.44	1.0
69.82	2.0
70.21	3.0
70.6	4.0
70.98	1.0
71.37	2.0
71.75	3.0
72.14	4.0
72.52	1.0
72.91	2.0
73.3	3.0
73.68	4.0
74.07	1.0
74.45	2.0
74.84	3.0
75.22	4.0
75.6	1.0
76.0	2.0
76.37	3.0
76.77	4.0
77.15	1.0
77.53	2.0
77.92	3.0
78.31	4.0
78.69	1.0
79.09	2.0
79.47	3.0
79.85	4.0
80.24	1.0
80.62	2.0
81.01	3.0
81.39	4.0
81.78	1.0
82.17	2.0
82.55	3.0
82.94	4.0
83.33	1.0
83.7	2.0
84.09	3.0
84.47	4.0
84.87	1.0
85.26	2.0
85.64	3.0
86.03	4.0
86.41	1.0
86.79	2.0
87.18	3.0
87.57	4.0
87.95	1.0
88.34	2.0
88.72	3.0
89.12	4.0
89.5	1.0
89.88	2.0
90.27	3.0
90.65	4.0
91.04	1.0
91.43	2.0
91.81	3.0
92.2	4.0
92.59	1.0
92.97	2.0
93.35	3.0
93.74	4.0
94.13	1.0
94.51	2.0
94.9	3.0
95.28	4.0
95.67	1.0
96.05	2.0
96.44	3.0
96.82	4.0
97.21	1.0
97.6	2.0
97.99	3.0
98.37	4.0
98.76	1.0
99.14	2.0
99.53	3.0
99.92	4.0
100.3	1.0
100.67	2.0
101.07	3.0
101.46	4.0
101.84	1.0
102.22	2.0
102.61	3.0
103.0	4.0
103.38	1.0
103.77	2.0
104.16	3.0
104.53	4.0
104.92	1.0
105.31	2.0
105.7	3.0
106.08	4.0
106.47	1.0
106.85	2.0
107.24	3.0
107.63	4.0
108.01	1.0
108.39	2.0
108.78	3.0
109.17	4.0
109.55	1.0
109.94	2.0
110.33	3.0
110.71	4.0
111.1	1.0
111.48	2.0
111.87	3.0
112.25	4.0
112.64	1.0
113.02	2.0
113.42	3.0
113.8	4.0
114.18	1.0
114.56	2.0
114.95	3.0
115.34	4.0
115.72	1.0
116.11	2.0
116.5	3.0
116.89	4.0
117.27	1.0
117.66	2.0
118.04	3.0
118.43	4.0
118.81	1.0
119.2	2.0
119.59	3.0
119.98	4.0
120.36	1.0
120.74	2.0
121.13	3.0
121.52	4.0
121.9	1.0
122.29	2.0
122.67	3.0
123.06	4.0
123.45	1.0
123.83	2.0
124.21	3.0
124.6	4.0
124.98	1.0
125.37	2.0
125.76	3.0
126.15	4.0
126.53	1.0
126.92	2.0
127.3	3.0
127.69	4.0
128.07	1.0
128.46	2.0
128.85	3.0
129.23	4.0
129.62	1.0
130.0	2.0
130.39	3.0
130.78	4.0
131.16	1.0
131.55	2.0
131.94	3.0
132.32	4.0
132.71	1.0
133.09	2.0
133.47	3.0
133.86	4.0
134.25	1.0
134.63	2.0
135.02	3.0
135.41	4.0
135.79	1.0
136.18	2.0
136.56	3.0
136.95	4.0
137.33	1.0
137.72	2.0
138.11	3.0
138.5	4.0
138.88	1.0
139.26	2.0
139.65	3.0
140.03	4.0
140.42	1.0
140.81	2.0
141.19	3.0
141.58	4.0
141.96	1.0
142.35	2.0
142.73	3.0
143.12	4.0
143.51	1.0
143.89	2.0
144.27	3.0
144.67	4.0
145.05	1.0
145.43	2.0
145.82	3.0
146.21	4.0
146.59	1.0
146.98	2.0
147.37	3.0
147.75	4.0
148.14	1.0
148.52	2.0
148.9	3.0
149.3	4.0
149.68	1.0
150.06	2.0
150.44	3.0
150.84	4.0
151.22	1.0
151.61	2.0
151.99	3.0
152.38	4.0
152.76	1.0
153.14	2.0
153.53	3.0
153.92	4.0
154.31	1.0
154.69	2.0
155.08	3.0
155.46	4.0
155.85	1.0
156.24	2.0
156.62	3.0
157.0	4.0
157.39	1.0
157.78	2.0
158.15	3.0
158.53	4.0
158.94	1.0
159.32	2.0
159.71	3.0
160.1	4.0
160.48	1.0
160.86	2.0
161.25	3.0
161.64	4.0
162.02	1.0
162.41	2.0
162.79	3.0
163.18	4.0
163.57	1.0
163.95	2.0
164.34	3.0
164.73	4.0
165.11	1.0
165.5	2.0
165.88	3.0
166.27	4.0
166.65	1.0
167.04	2.0
167.43	3.0
167.81	4.0
168.2	1.0
168.58	2.0
168.97	3.0
169.36	4.0
169.74	1.0
170.12	2.0
170.51	3.0
170.89	4.0
171.27	1.0
171.67	2.0
172.06	3.0
172.44	4.0
172.83	1.0
173.21	2.0
173.6	3.0
173.98	4.0
174.37	1.0
174.75	2.0
175.14	3.0
175.52	4.0
175.91	1.0
176.29	2.0
176.68	3.0
177.07	4.0
177.45	1.0
177.84	2.0
178.22	3.0
178.61	4.0
179.0	1.0
179.38	2.0
179.77	3.0
180.15	4.0
180.54	1.0
180.93	2.0
181.31	3.0
181.7	4.0
182.08	1.0
182.46	2.0
182.86	3.0
183.24	4.0
183.62	1.0
184.01	2.0
184.4	3.0
184.79	4.0
185.17	1.0
185.55	2.0
185.93	3.0
186.33	4.0
186.72	1.0
187.1	2.0
187.49	3.0
187.88	4.0
188.26	1.0
188.64	2.0
189.02	3.0
189.41	4.0
189.8	1.0
190.19	2.0
190.57	3.0
190.96	4.0
191.35	1.0
191.73	2.0
192.11	3.0
192.5	4.0
192.89	1.0
193.27	2.0
193.66	3.0
194.05	4.0
194.43	1.0
194.81	2.0
195.19	3.0
195.59	4.0
195.97	1.0
196.36	2.0
196.75	3.0
197.13	4.0
197.52	1.0
197.9	2.0
198.28	3.0
198.68	4.0
199.06	1.0
199.44	2.0
199.83	3.0
200.22	4.0
200.6	1.0
200.99	2.0
201.37	3.0
201.76	4.0
202.14	1.0
202.53	2.0
202.92	3.0
203.31	4.0
203.69	1.0