0.06	3.0
0.89	4.0
1.77	1.0
2.66	2.0
3.49	3.0
4.35	4.0
5.2	1.0
6.06	2.0
6.86	3.0
7.74	4.0
8.53	1.0
9.36	2.0
10.15	3.0
10.96	4.0
11.73	1.0
12.51	2.0
13.28	3.0
14.09	4.0
14.86	1.0
15.64	2.0
16.41	3.0
17.19	4.0
17.96	1.0
18.75	2.0
19.51	3.0
20.27	4.0
21.03	1.0
21.77	2.0
22.5	3.0
23.24	4.0
24.0	1.0
24.74	2.0
25.5	3.0
26.24	4.0
26.99	1.0
27.72	2.0
28.46	3.0
29.19	4.0
29.94	1.0
30.68	2.0
31.4	3.0
32.14	4.0
32.88	1.0
33.61	2.0
34.33	3.0
35.04	4.0
35.77	1.0
36.51	2.0
37.25	3.0
37.99	4.0
38.73	1.0
39.49	2.0
40.22	3.0
40.99	4.0
41.74	1.0
42.48	2.0
43.22	3.0
43.94	4.0
44.65	1.0
45.3	2.0
45.93	3.0
46.45	4.0
46.96	1.0
47.56	2.0
48.18	3.0
48.77	4.0
49.54	1.0
50.34	2.0
51.11	3.0
51.89	4.0
52.65	1.0
53.43	2.0
54.18	3.0
54.96	4.0
55.72	1.0
56.49	2.0
57.25	3.0
58.01	4.0
58.76	1.0
59.53	2.0
60.27	3.0
61.01	4.0
61.77	1.0
62.52	2.0
63.29	3.0
64.09	4.0
64.86	1.0
65.64	2.0
66.42	3.0
67.2	4.0
67.96	1.0
68.73	2.0
69.49	3.0
70.28	4.0
71.04	1.0
71.82	2.0
72.59	3.0
73.37	4.0
74.14	1.0
74.91	2.0
75.67	3.0
76.43	4.0
77.19	1.0
77.93	2.0
78.64	3.0
79.39	4.0
80.14	1.0
80.9	2.0
81.66	3.0
82.43	4.0
83.19	1.0
83.96	2.0
84.72	3.0
85.49	4.0
86.25	1.0
87.02	2.0
87.78	3.0
88.54	4.0
89.3	1.0
90.07	2.0
90.82	3.0
91.56	4.0
92.29	1.0
93.07	2.0
93.85	3.0
94.62	4.0
95.39	1.0
96.18	2.0
96.95	3.0
97.71	4.0
98.48	1.0
99.27	2.0
100.04	3.0
100.8	4.0
101.57	1.0
102.33	2.0
103.06	3.0
103.8	4.0
104.54	1.0
105.31	2.0
106.08	3.0
106.86	4.0
107.61	1.0
108.41	2.0
109.2	3.0
109.96	4.0
110.72	1.0
111.5	2.0
112.25	3.0
113.01	4.0
113.76	1.0
114.53	2.0
115.29	3.0
116.01	4.0
116.78	1.0
117.58	2.0
118.36	3.0
119.13	4.0
119.9	1.0
120.67	2.0
121.42	3.0
122.18	4.0
122.93	1.0
123.72	2.0
124.45	3.0
125.21	4.0
125.95	1.0
126.5	2.0
127.08	3.0
127.67	4.0
128.26	1.0
128.84	2.0
129.4	3.0
130.02	4.0
130.79	1.0
131.59	2.0
132.36	3.0
133.14	4.0
133.92	1.0
134.69	2.0
135.44	3.0
136.2	4.0
136.95	1.0
137.72	2.0
138.48	3.0
139.25	4.0
140.02	1.0
140.81	2.0
141.58	3.0
142.34	4.0
143.11	1.0
143.87	2.0
144.67	3.0
145.46	4.0
146.23	1.0
147.0	2.0
147.77	3.0
148.54	4.0
149.3	1.0
150.08	2.0
150.82	3.0
151.63	4.0
152.4	1.0
153.18	2.0
153.96	3.0
154.74	4.0
155.51	1.0
156.3	2.0
157.07	3.0
157.85	4.0
158.59	1.0
159.34	2.0
160.09	3.0
160.8	4.0
161.6	1.0
162.38	2.0
163.12	3.0
163.9	4.0
164.65	1.0
165.4	2.0
166.15	3.0
166.9	4.0
167.65	1.0
168.38	2.0
169.1	3.0
169.84	4.0
170.6	1.0
171.33	2.0
172.07	3.0
172.81	4.0
173.55	1.0
174.3	2.0
175.02	3.0
175.77	4.0
176.48	1.0
177.21	2.0
177.95	3.0
178.69	4.0
179.42	1.0
180.16	2.0
180.88	3.0
181.61	4.0
182.34	1.0
183.1	2.0
183.82	3.0
184.54	4.0
185.26	1.0
186.01	2.0
186.77	3.0
187.49	4.0
188.23	1.0
188.98	2.0
189.73	3.0
190.47	4.0
191.2	1.0
191.93	2.0
192.65	3.0
193.39	4.0
194.1	1.0
194.83	2.0
195.56	3.0
196.29	4.0
197.02	1.0
197.73	2.0
198.45	3.0
199.17	4.0
199.89	1.0
200.61	2.0
201.35	3.0
202.1	4.0
202.83	1.0
203.57	2.0
204.3	3.0
205.03	4.0
205.76	1.0
206.47	2.0
207.18	3.0
207.87	4.0
208.58	1.0
209.32	2.0
210.06	3.0
210.79	4.0
211.5	1.0
212.23	2.0
212.93	3.0
213.64	4.0
214.37	1.0
215.07	2.0
215.82	3.0
216.55	4.0
217.29	1.0
218.03	2.0
218.73	3.0
219.44	4.0
220.19	1.0
220.93	2.0
221.68	3.0
222.4	4.0
223.15	1.0
223.86	2.0
224.58	3.0