6.51	1.0
6.99	2.0
7.45	3.0
7.91	4.0
8.37	1.0
8.81	2.0
9.29	3.0
9.76	4.0
10.24	1.0
10.7	2.0
11.18	3.0
11.68	4.0
12.14	1.0
12.63	2.0
13.12	3.0
13.57	4.0
14.04	1.0
14.52	2.0
14.97	3.0
15.42	4.0
15.87	1.0
16.32	2.0
16.77	3.0
17.22	4.0
17.68	1.0
18.12	2.0
18.58	3.0
19.03	4.0
19.48	1.0
19.96	2.0
20.41	3.0
20.86	4.0
21.31	1.0
21.78	2.0
22.23	3.0
22.68	4.0
23.13	1.0
23.59	2.0
24.04	3.0
24.49	4.0
24.94	1.0
25.4	2.0
25.85	3.0
26.31	4.0
26.76	1.0
27.22	2.0
27.67	3.0
28.12	4.0
28.58	1.0
29.03	2.0
29.48	3.0
29.94	4.0
30.39	1.0
30.84	2.0
31.3	3.0
31.75	4.0
32.21	1.0
32.66	2.0
33.12	3.0
33.56	4.0
34.02	1.0
34.47	2.0
34.93	3.0
35.38	4.0
35.83	1.0
36.29	2.0
36.75	3.0
37.19	4.0
37.65	1.0
38.04	2.0
38.41	3.0
38.8	4.0
39.24	1.0
39.69	2.0
40.15	3.0
40.61	4.0
41.05	1.0
41.51	2.0
41.96	3.0
42.42	4.0
42.87	1.0
43.33	2.0
43.78	3.0
44.23	4.0
44.69	1.0
45.15	2.0
45.59	3.0
46.04	4.0
46.5	1.0
46.96	2.0
47.41	3.0
47.86	4.0
48.31	1.0
48.76	2.0
49.22	3.0
49.68	4.0
50.13	1.0
50.59	2.0
51.03	3.0
51.49	4.0
51.94	1.0
52.39	2.0
52.85	3.0
53.33	4.0
53.79	1.0
54.22	2.0
54.67	3.0
55.12	4.0
55.58	1.0
56.04	2.0
56.49	3.0
56.94	4.0
57.38	1.0
57.84	2.0
58.31	3.0
58.76	4.0
59.2	1.0
59.65	2.0
60.12	3.0
60.59	4.0
61.03	1.0
61.48	2.0
61.94	3.0
62.41	4.0
62.84	1.0
63.3	2.0
63.76	3.0
64.21	4.0
64.65	1.0
65.1	2.0
65.56	3.0
66.02	4.0
66.47	1.0
66.92	2.0
67.37	3.0
67.82	4.0
68.27	1.0
68.72	2.0
69.2	3.0
69.66	4.0
70.12	1.0
70.58	2.0
71.01	3.0
71.47	4.0
71.91	1.0
72.38	2.0
72.83	3.0
73.28	4.0
73.72	1.0
74.19	2.0
74.64	3.0
75.09	4.0
75.54	1.0
76.0	2.0
76.44	3.0
76.9	4.0
77.36	1.0
77.82	2.0
78.27	3.0
78.72	4.0
79.16	1.0
79.64	2.0
80.08	3.0
80.54	4.0
81.0	1.0
81.45	2.0
81.9	3.0
82.34	4.0
82.8	1.0
83.25	2.0
83.7	3.0
84.16	4.0
84.62	1.0
85.07	2.0
85.52	3.0
85.98	4.0
86.42	1.0
86.89	2.0
87.35	3.0
87.8	4.0
88.25	1.0
88.71	2.0
89.15	3.0
89.6	4.0
90.04	1.0
90.51	2.0
90.96	3.0
91.41	4.0
91.85	1.0
92.33	2.0
92.78	3.0
93.23	4.0
93.69	1.0
94.16	2.0
94.61	3.0
95.06	4.0
95.5	1.0
95.97	2.0
96.41	3.0
96.85	4.0
97.32	1.0
97.77	2.0
98.22	3.0
98.66	4.0
99.13	1.0
99.59	2.0
100.04	3.0
100.5	4.0
100.95	1.0
101.41	2.0
101.85	3.0
102.3	4.0
102.77	1.0
103.22	2.0
103.67	3.0
104.13	4.0
104.56	1.0
105.04	2.0
105.48	3.0
105.95	4.0
106.4	1.0
106.85	2.0
107.29	3.0
107.75	4.0
108.21	1.0
108.65	2.0
109.09	3.0
109.53	4.0
109.98	1.0
110.46	2.0
110.9	3.0
111.35	4.0
111.81	1.0
112.27	2.0
112.74	3.0
113.2	4.0
113.65	1.0
114.1	2.0
114.57	3.0
115.03	4.0
115.47	1.0
115.92	2.0
116.38	3.0
116.83	4.0
117.28	1.0
117.74	2.0
118.2	3.0
118.65	4.0
119.09	1.0
119.56	2.0
120.0	3.0
120.45	4.0
120.9	1.0
121.37	2.0
121.82	3.0
122.27	4.0
122.73	1.0
123.19	2.0
123.63	3.0
124.09	4.0
124.54	1.0
125.0	2.0
125.44	3.0
125.91	4.0
126.36	1.0
126.82	2.0
127.25	3.0
127.71	4.0
128.16	1.0
128.63	2.0
129.08	3.0
129.54	4.0
129.98	1.0
130.43	2.0
130.88	3.0
131.33	4.0
131.77	1.0
132.24	2.0
132.69	3.0
133.14	4.0
133.61	1.0
134.07	2.0
134.52	3.0
134.98	4.0
135.43	1.0
135.89	2.0
136.34	3.0
136.79	4.0
137.24	1.0
137.7	2.0
138.15	3.0
138.6	4.0
139.06	1.0
139.51	2.0
139.95	3.0
140.41	4.0
140.86	1.0
141.33	2.0
141.78	3.0
142.23	4.0
142.67	1.0
143.14	2.0
143.57	3.0
144.05	4.0
144.49	1.0
144.96	2.0
145.39	3.0
145.84	4.0
146.29	1.0
146.76	2.0
147.2	3.0
147.65	4.0
148.11	1.0
148.58	2.0
149.03	3.0
149.49	4.0
149.93	1.0
150.39	2.0
150.83	3.0
151.3	4.0
151.75	1.0
152.2	2.0
152.65	3.0
153.11	4.0
153.58	1.0
154.03	2.0
154.46	3.0
154.93	4.0
155.38	1.0
155.84	2.0
156.28	3.0
156.72	4.0
157.2	1.0
157.66	2.0
158.11	3.0
158.57	4.0
159.0	1.0
159.46	2.0
159.9	3.0
160.36	4.0
160.82	1.0
161.15	2.0
161.5	3.0
161.82	4.0
162.18	1.0
162.64	2.0
163.11	3.0
163.55	4.0
164.0	1.0
164.45	2.0
164.9	3.0
165.37	4.0
165.81	1.0
166.28	2.0
166.71	3.0
167.17	4.0
167.63	1.0
168.08	2.0
168.54	3.0
168.98	4.0
169.45	1.0
169.89	2.0
170.35	3.0
170.8	4.0
171.26	1.0
171.73	2.0
172.18	3.0
172.62	4.0
173.07	1.0
173.52	2.0
173.98	3.0
174.43	4.0
174.89	1.0
175.34	2.0
175.81	3.0
176.24	4.0
176.7	1.0
177.15	2.0
177.61	3.0
178.07	4.0
178.52	1.0
178.98	2.0
179.43	3.0
179.88	4.0
180.33	1.0
180.79	2.0
181.24	3.0
181.69	4.0
182.17	1.0
182.61	2.0
183.05	3.0
183.51	4.0
183.96	1.0
184.41	2.0
184.86	3.0
185.34	4.0
185.78	1.0
186.22	2.0
186.67	3.0
187.13	4.0
187.59	1.0
188.04	2.0
188.49	3.0
188.95	4.0
189.4	1.0
189.85	2.0
190.31	3.0
190.75	4.0
191.21	1.0
191.68	2.0
192.13	3.0
192.57	4.0
193.03	1.0
193.49	2.0
193.93	3.0
194.38	4.0
194.85	1.0
195.3	2.0
195.75	3.0
196.19	4.0
196.66	1.0
197.11	2.0
197.55	3.0
198.0	4.0
198.46	1.0
198.92	2.0
199.37	3.0
199.84	4.0
200.29	1.0
200.73	2.0
201.19	3.0
201.65	4.0
202.1	1.0
202.55	2.0
203.01	3.0
203.45	4.0
203.9	1.0
204.37	2.0
204.83	3.0
205.27	4.0
205.74	1.0
206.2	2.0
206.65	3.0
207.1	4.0
207.54	1.0
208.01	2.0
208.45	3.0
208.9	4.0
209.36	1.0
209.83	2.0
210.26	3.0
210.72	4.0
211.17	1.0
211.61	2.0
212.07	3.0
212.53	4.0
212.98	1.0
213.45	2.0
213.9	3.0
214.34	4.0
214.8	1.0
215.25	2.0
215.71	3.0
216.16	4.0
216.61	1.0
217.09	2.0
217.53	3.0
217.97	4.0
218.43	1.0
218.89	2.0
219.34	3.0
219.79	4.0
220.25	1.0
220.7	2.0
221.16	3.0
221.61	4.0
222.06	1.0
222.52	2.0
222.97	3.0
223.43	4.0
223.87	1.0
224.32	2.0
224.77	3.0
225.22	4.0
225.68	1.0
226.13	2.0
226.58	3.0
227.03	4.0
227.51	1.0
227.96	2.0
228.4	3.0
228.87	4.0
229.31	1.0
229.78	2.0
230.24	3.0
230.7	4.0
231.14	1.0
231.6	2.0
232.05	3.0
232.5	4.0
232.96	1.0
233.42	2.0
233.87	3.0
234.31	4.0
234.76	1.0
235.23	2.0
235.67	3.0
236.14	4.0
236.58	1.0
237.05	2.0
237.51	3.0
237.96	4.0
238.42	1.0
238.88	2.0
239.32	3.0
239.77	4.0
240.22	1.0
240.68	2.0
241.13	3.0
241.59	4.0
242.04	1.0
242.49	2.0
242.94	3.0
243.4	4.0
243.84	1.0
244.31	2.0
244.75	3.0
245.21	4.0
245.66	1.0
246.13	2.0
246.57	3.0
247.02	4.0
247.46	1.0
247.93	2.0
248.37	3.0
248.83	4.0
249.29	1.0
249.75	2.0
250.21	3.0
250.66	4.0
251.11	1.0
251.58	2.0
252.03	3.0
252.48	4.0
252.93	1.0
253.38	2.0
253.84	3.0
254.28	4.0
254.72	1.0
255.2	2.0
255.64	3.0
256.1	4.0
256.54	1.0
257.01	2.0
257.45	3.0
257.91	4.0
258.34	1.0
258.8	2.0
259.27	3.0
259.72	4.0
260.18	1.0
260.64	2.0
261.09	3.0
261.54	4.0
261.98	1.0
262.44	2.0
262.88	3.0
263.32	4.0
263.8	1.0
264.26	2.0
264.71	3.0
265.17	4.0
265.62	1.0
266.08	2.0
266.52	3.0
266.98	4.0
267.44	1.0
267.88	2.0
268.34	3.0
268.79	4.0
269.25	1.0
269.7	2.0
270.15	3.0
270.59	4.0
271.06	1.0
271.52	2.0
271.97	3.0
272.44	4.0
272.88	1.0
273.34	2.0
273.77	3.0
274.21	4.0
274.69	1.0
275.15	2.0
275.6	3.0
276.06	4.0
276.49	1.0
276.96	2.0
277.41	3.0
277.87	4.0
278.32	1.0
278.78	2.0
279.22	3.0
279.69	4.0
280.14	1.0
280.59	2.0
281.04	3.0
281.51	4.0
281.95	1.0
282.42	2.0
282.86	3.0
283.32	4.0
283.75	1.0
284.22	2.0
284.65	3.0
285.13	4.0
285.59	1.0
286.05	2.0
286.5	3.0
286.95	4.0
287.39	1.0
287.85	2.0
288.29	3.0
288.75	4.0
289.2	1.0
289.68	2.0
290.12	3.0
290.57	4.0
291.01	1.0
291.48	2.0
291.92	3.0
292.36	4.0
292.81	1.0
293.26	2.0
293.73	3.0
294.19	4.0
294.65	1.0
295.11	2.0
295.56	3.0
296.02	4.0
296.46	1.0
296.92	2.0
297.37	3.0
297.83	4.0
298.29	1.0
298.73	2.0
299.17	3.0
299.62	4.0
300.09	1.0
300.55	2.0
301.0	3.0
301.46	4.0
301.91	1.0
302.36	2.0
302.82	3.0
303.25	4.0
303.71	1.0
304.15	2.0
304.62	3.0
305.07	4.0
305.52	1.0
305.98	2.0
306.44	3.0
306.89	4.0
307.35	1.0
307.81	2.0
308.26	3.0
308.71	4.0
309.15	1.0
309.6	2.0
310.05	3.0
310.52	4.0
310.97	1.0
311.42	2.0
311.88	3.0
312.34	4.0
312.79	1.0
313.26	2.0
313.71	3.0
314.17	4.0
314.62	1.0
315.06	2.0
315.52	3.0
315.95	4.0
316.42	1.0
316.87	2.0
317.32	3.0
317.76	4.0
318.23	1.0
318.69	2.0
319.14	3.0
319.6	4.0
320.05	1.0
320.5	2.0
320.95	3.0
321.39	4.0
321.84	1.0
322.31	2.0
322.76	3.0
323.21	4.0
323.66	1.0
324.13	2.0
324.58	3.0
325.03	4.0
325.49	1.0
325.94	2.0
326.4	3.0
326.85	4.0
327.29	1.0
327.74	2.0
328.22	3.0
328.68	4.0
329.15	1.0
329.64	2.0
330.11	3.0
330.61	4.0