0.04	1.0
0.87	2.0
1.64	3.0
2.45	4.0
3.24	1.0
4.04	2.0
4.84	3.0
5.64	4.0
6.41	1.0
7.2	2.0
8.0	3.0
8.8	4.0
9.61	1.0
10.4	2.0
11.2	3.0
12.0	4.0
12.8	1.0
13.6	2.0
14.4	3.0
15.2	4.0
16.01	1.0
16.8	2.0
17.6	3.0
18.4	4.0
19.2	1.0
20.0	2.0
20.8	3.0
21.6	4.0
22.4	1.0
23.2	2.0
24.0	3.0
24.8	4.0
25.6	1.0
26.38	2.0
27.17	3.0
27.99	4.0
28.79	1.0
29.6	2.0
30.39	3.0
31.2	4.0
32.0	1.0
32.8	2.0
33.6	3.0
34.39	4.0
35.19	1.0
36.0	2.0
36.79	3.0
37.6	4.0
38.4	1.0
39.2	2.0
39.99	3.0
40.8	4.0
41.59	1.0
42.39	2.0
43.19	3.0
43.99	4.0
44.79	1.0
45.59	2.0
46.39	3.0
47.19	4.0
47.99	1.0
48.79	2.0
49.59	3.0
50.39	4.0
51.19	1.0
51.99	2.0
52.78	3.0
53.59	4.0
54.39	1.0
55.19	2.0
55.98	3.0
56.79	4.0
57.59	1.0
58.39	2.0
59.19	3.0
59.98	4.0
60.78	1.0
61.44	2.0
61.92	3.0
62.38	4.0
62.88	1.0
63.36	2.0
63.99	3.0
64.79	4.0
65.59	1.0
66.38	2.0
67.18	3.0
67.98	4.0
68.78	1.0
69.58	2.0
70.38	3.0
71.18	4.0
71.98	1.0
72.78	2.0
73.59	3.0
74.38	4.0
75.18	1.0
75.98	2.0
76.78	3.0
77.58	4.0
78.38	1.0
79.18	2.0
79.98	3.0
80.78	4.0
81.58	1.0
82.38	2.0
83.18	3.0
83.98	4.0
84.78	1.0
85.58	2.0
86.37	3.0
87.18	4.0
87.97	1.0
88.78	2.0
89.58	3.0
90.38	4.0
91.17	1.0
91.98	2.0
92.77	3.0
93.57	4.0
94.37	1.0
95.18	2.0
95.97	3.0
96.77	4.0
97.57	1.0
98.37	2.0
99.17	3.0
99.96	4.0
100.77	1.0
101.57	2.0
102.37	3.0
103.17	4.0
103.97	1.0
104.77	2.0
105.57	3.0
106.37	4.0
107.16	1.0
107.97	2.0
108.77	3.0
109.57	4.0
110.37	1.0
111.17	2.0
111.96	3.0
112.77	4.0
113.57	1.0
114.37	2.0
115.17	3.0
115.97	4.0
116.76	1.0
117.57	2.0
118.37	3.0
119.17	4.0
119.96	1.0
120.73	2.0
121.52	3.0
122.32	4.0
123.16	1.0
123.96	2.0
124.76	3.0
125.57	4.0
126.36	1.0
127.16	2.0
127.96	3.0
128.76	4.0
129.56	1.0
130.37	2.0
131.17	3.0
131.96	4.0
132.76	1.0
133.56	2.0
134.36	3.0
135.16	4.0
135.96	1.0
136.76	2.0
137.56	3.0
138.36	4.0
139.16	1.0
139.96	2.0
140.76	3.0
141.56	4.0
142.36	1.0
143.16	2.0
143.96	3.0
144.76	4.0
145.56	1.0
146.35	2.0
147.16	3.0
147.96	4.0
148.76	1.0
149.56	2.0
150.36	3.0
151.16	4.0
151.96	1.0
152.75	2.0
153.55	3.0
154.35	4.0
155.16	1.0
155.95	2.0
156.75	3.0
157.55	4.0
158.35	1.0
159.13	2.0
159.95	3.0
160.73	4.0
161.55	1.0
162.35	2.0
163.15	3.0
163.95	4.0
164.74	1.0
165.55	2.0
166.35	3.0
167.15	4.0
167.95	1.0
168.75	2.0
169.55	3.0
170.35	4.0
171.14	1.0
171.95	2.0
172.75	3.0
173.55	4.0
174.35	1.0
175.15	2.0
175.95	3.0
176.75	4.0
177.55	1.0
178.35	2.0
179.15	3.0
179.94	4.0
180.73	1.0
181.52	2.0
182.31	3.0
183.09	4.0
183.94	1.0
184.75	2.0
185.54	3.0
186.34	4.0
187.14	1.0
187.94	2.0
188.74	3.0
189.52	4.0
190.34	1.0
191.14	2.0
191.94	3.0
192.74	4.0
193.54	1.0
194.34	2.0
195.14	3.0
195.94	4.0
196.73	1.0
197.54	2.0
198.34	3.0
199.14	4.0
199.94	1.0
200.74	2.0
201.54	3.0
202.34	4.0
203.13	1.0
203.93	2.0
204.74	3.0
205.54	4.0
206.33	1.0
207.13	2.0
207.94	3.0
208.74	4.0
209.54	1.0
210.33	2.0
211.13	3.0
211.93	4.0
212.73	1.0
213.53	2.0
214.33	3.0
215.13	4.0
215.93	1.0
216.73	2.0
217.53	3.0
218.33	4.0
219.13	1.0
219.93	2.0
220.73	3.0
221.53	4.0
222.32	1.0
223.13	2.0
223.93	3.0
224.73	4.0
225.51	1.0
226.33	2.0
227.13	3.0
227.93	4.0
228.72	1.0
229.53	2.0
230.32	3.0
231.13	4.0
231.93	1.0
232.73	2.0
233.53	3.0
234.33	4.0
235.12	1.0
235.93	2.0
236.72	3.0
237.53	4.0
238.32	1.0
239.12	2.0
239.92	3.0
240.72	4.0
241.52	1.0
242.32	2.0
243.12	3.0
243.92	4.0