0.01	1.0
0.42	2.0
0.82	3.0
1.24	4.0
1.64	1.0
2.05	2.0
2.46	3.0
2.88	4.0
3.33	1.0
3.76	2.0
4.14	3.0
4.51	4.0
4.89	1.0
5.27	2.0
5.65	3.0
6.03	4.0
6.4	1.0
6.78	2.0
7.14	3.0
7.5	4.0
7.87	1.0
8.25	2.0
8.64	3.0
9.01	4.0
9.38	1.0
9.74	2.0
10.11	3.0
10.48	4.0
10.86	1.0
11.26	2.0
11.62	3.0
12.01	4.0
12.37	1.0
12.74	2.0
13.1	3.0
13.45	4.0
13.82	1.0
14.2	2.0
14.57	3.0
14.94	4.0
15.31	1.0
15.68	2.0
16.08	3.0
16.46	4.0
16.82	1.0
17.22	2.0
17.58	3.0
17.98	4.0
18.33	1.0
18.71	2.0
19.07	3.0
19.44	4.0
19.84	1.0
20.22	2.0
20.58	3.0
20.96	4.0
21.32	1.0
21.7	2.0
22.07	3.0
22.44	4.0
22.81	1.0
23.18	2.0
23.54	3.0
23.9	4.0
24.28	1.0
24.64	2.0
25.02	3.0
25.38	4.0
25.77	1.0
26.14	2.0
26.51	3.0
26.88	4.0
27.27	1.0
27.63	2.0
28.01	3.0
28.38	4.0
28.75	1.0
29.12	2.0
29.49	3.0
29.86	4.0
30.24	1.0
30.61	2.0
30.98	3.0
31.35	4.0
31.73	1.0
32.1	2.0
32.45	3.0
32.84	4.0
33.21	1.0
33.6	2.0
33.97	3.0
34.34	4.0
34.71	1.0
35.09	2.0
35.46	3.0
35.83	4.0
36.21	1.0
36.58	2.0
36.95	3.0
37.33	4.0
37.69	1.0
38.07	2.0
38.44	3.0
38.82	4.0
39.19	1.0
39.56	2.0
39.93	3.0
40.31	4.0
40.68	1.0
41.05	2.0
41.42	3.0
41.8	4.0
42.17	1.0
42.55	2.0
42.92	3.0
43.29	4.0
43.66	1.0
44.05	2.0
44.42	3.0
44.8	4.0
45.2	1.0
45.58	2.0
45.96	3.0
46.32	4.0
46.72	1.0
47.09	2.0
47.44	3.0
47.81	4.0
48.17	1.0
48.54	2.0
48.89	3.0
49.24	4.0
49.62	1.0
49.98	2.0
50.36	3.0
50.75	4.0
51.13	1.0
51.51	2.0
51.88	3.0
52.25	4.0
52.62	1.0
52.98	2.0
53.37	3.0
53.74	4.0
54.1	1.0
54.47	2.0
54.85	3.0
55.22	4.0
55.59	1.0
55.96	2.0
56.34	3.0
56.71	4.0
57.06	1.0
57.44	2.0
57.83	3.0
58.21	4.0
58.58	1.0
58.95	2.0
59.33	3.0
59.69	4.0
60.06	1.0
60.43	2.0
60.81	3.0
61.18	4.0
61.56	1.0
61.93	2.0
62.31	3.0
62.68	4.0
63.04	1.0
63.41	2.0
63.78	3.0
64.15	4.0
64.53	1.0
64.91	2.0
65.29	3.0
65.66	4.0
66.04	1.0
66.42	2.0
66.79	3.0
67.16	4.0
67.54	1.0
67.91	2.0
68.29	3.0
68.65	4.0
69.01	1.0
69.4	2.0
69.77	3.0
70.16	4.0
70.53	1.0
70.9	2.0
71.28	3.0
71.64	4.0
72.02	1.0
72.38	2.0
72.76	3.0
73.14	4.0
73.52	1.0
73.88	2.0
74.26	3.0
74.64	4.0
75.0	1.0
75.37	2.0
75.75	3.0
76.12	4.0
76.49	1.0
76.86	2.0
77.24	3.0
77.61	4.0
77.98	1.0
78.36	2.0
78.74	3.0
79.12	4.0
79.49	1.0
79.86	2.0
80.23	3.0
80.61	4.0
80.96	1.0
81.34	2.0
81.72	3.0
82.1	4.0
82.47	1.0
82.85	2.0
83.22	3.0
83.59	4.0
83.95	1.0
84.34	2.0
84.7	3.0
85.08	4.0
85.46	1.0
85.83	2.0
86.21	3.0
86.57	4.0
86.93	1.0
87.3	2.0
87.68	3.0
88.05	4.0
88.44	1.0
88.81	2.0
89.2	3.0
89.56	4.0
89.93	1.0
90.3	2.0
90.67	3.0
91.05	4.0
91.43	1.0
91.81	2.0
92.19	3.0
92.55	4.0
92.92	1.0
93.31	2.0
93.69	3.0
94.06	4.0
94.43	1.0
94.79	2.0
95.16	3.0
95.53	4.0
95.89	1.0
96.27	2.0
96.65	3.0
97.02	4.0
97.39	1.0
97.76	2.0
98.13	3.0
98.51	4.0
98.89	1.0
99.26	2.0
99.63	3.0
100.01	4.0
100.38	1.0
100.75	2.0
101.13	3.0
101.49	4.0
101.86	1.0
102.24	2.0
102.61	3.0
103.0	4.0
103.37	1.0
103.74	2.0
104.11	3.0
104.48	4.0
104.86	1.0
105.21	2.0
105.6	3.0
105.97	4.0
106.34	1.0
106.69	2.0
107.06	3.0
107.43	4.0
107.82	1.0
108.19	2.0
108.56	3.0
108.96	4.0
109.32	1.0
109.69	2.0
110.07	3.0
110.43	4.0
110.82	1.0
111.19	2.0
111.57	3.0
111.95	4.0
112.31	1.0
112.68	2.0
113.05	3.0
113.42	4.0
113.8	1.0
114.18	2.0
114.56	3.0
114.93	4.0
115.28	1.0
115.67	2.0
116.05	3.0
116.43	4.0
116.79	1.0
117.16	2.0
117.55	3.0
117.91	4.0
118.28	1.0
118.65	2.0
119.03	3.0
119.41	4.0
119.77	1.0
120.15	2.0
120.53	3.0
120.9	4.0
121.27	1.0
121.64	2.0
122.02	3.0
122.4	4.0
122.78	1.0
123.15	2.0
123.52	3.0
123.89	4.0
124.26	1.0
124.64	2.0
125.01	3.0
125.39	4.0
125.76	1.0
126.13	2.0
126.5	3.0
126.87	4.0
127.23	1.0
127.61	2.0
127.98	3.0
128.36	4.0
128.74	1.0
129.12	2.0
129.49	3.0
129.86	4.0
130.23	1.0
130.6	2.0
130.97	3.0
131.35	4.0
131.72	1.0
132.09	2.0
132.47	3.0
132.85	4.0
133.21	1.0
133.59	2.0
133.96	3.0
134.34	4.0
134.71	1.0
135.09	2.0
135.46	3.0
135.84	4.0
136.2	1.0
136.58	2.0
136.96	3.0
137.34	4.0
137.7	1.0
138.07	2.0
138.45	3.0
138.82	4.0
139.19	1.0
139.56	2.0
139.93	3.0
140.3	4.0
140.69	1.0
141.06	2.0
141.43	3.0
141.8	4.0
142.16	1.0
142.54	2.0
142.92	3.0
143.29	4.0
143.67	1.0
144.05	2.0
144.41	3.0
144.79	4.0
145.15	1.0
145.52	2.0
145.9	3.0
146.27	4.0
146.65	1.0
147.03	2.0
147.4	3.0
147.77	4.0
148.14	1.0
148.52	2.0
148.88	3.0
149.26	4.0
149.64	1.0
150.02	2.0
150.39	3.0
150.76	4.0
151.13	1.0
151.5	2.0
151.87	3.0
152.25	4.0
152.62	1.0
152.99	2.0
153.36	3.0
153.74	4.0
154.1	1.0
154.48	2.0
154.86	3.0
155.24	4.0
155.61	1.0
155.98	2.0
156.35	3.0
156.73	4.0
157.1	1.0
157.47	2.0
157.83	3.0
158.21	4.0
158.58	1.0
158.96	2.0
159.34	3.0
159.71	4.0
160.08	1.0
160.45	2.0
160.82	3.0
161.19	4.0
161.59	1.0
161.96	2.0
162.35	3.0
162.73	4.0
163.08	1.0
163.45	2.0
163.83	3.0
164.21	4.0
164.58	1.0
164.93	2.0
165.3	3.0
165.68	4.0
166.08	1.0
166.44	2.0
166.84	3.0
167.2	4.0
167.57	1.0
167.94	2.0
168.32	3.0
168.7	4.0
169.06	1.0
169.42	2.0
169.81	3.0
170.18	4.0
170.55	1.0
170.91	2.0
171.27	3.0
171.64	4.0
172.01	1.0
172.4	2.0
172.77	3.0
173.14	4.0
173.51	1.0
173.88	2.0
174.28	3.0
174.66	4.0
175.02	1.0
175.4	2.0
175.79	3.0
176.17	4.0
176.52	1.0
176.9	2.0
177.28	3.0
177.65	4.0
178.0	1.0
178.39	2.0
178.74	3.0
179.12	4.0
179.49	1.0
179.89	2.0
180.26	3.0
180.62	4.0
180.99	1.0
181.37	2.0
181.74	3.0
182.11	4.0
182.48	1.0
182.85	2.0
183.22	3.0
183.59	4.0
183.93	1.0
184.32	2.0
184.69	3.0
185.06	4.0
185.46	1.0
185.84	2.0
186.21	3.0
186.58	4.0
186.95	1.0
187.32	2.0
187.69	3.0
188.07	4.0
188.44	1.0
188.82	2.0
189.2	3.0
189.57	4.0
189.94	1.0
190.31	2.0
190.68	3.0
191.06	4.0
191.43	1.0
191.79	2.0
192.17	3.0
192.54	4.0
192.91	1.0
193.29	2.0
193.67	3.0
194.04	4.0
194.41	1.0
194.78	2.0
195.15	3.0
195.53	4.0
195.9	1.0
196.28	2.0
196.65	3.0
197.03	4.0
197.4	1.0
197.77	2.0
198.15	3.0
198.52	4.0
198.89	1.0
199.29	2.0
199.65	3.0
200.05	4.0
200.42	1.0
200.79	2.0
201.14	3.0
201.51	4.0
201.89	1.0
202.26	2.0
202.66	3.0
203.01	4.0
203.39	1.0
203.75	2.0
204.13	3.0
204.5	4.0
204.87	1.0
205.24	2.0
205.62	3.0
205.97	4.0
206.36	1.0
206.73	2.0
207.1	3.0
207.48	4.0
207.84	1.0
208.23	2.0
208.61	3.0
208.99	4.0
209.36	1.0
209.71	2.0
210.1	3.0
210.47	4.0
210.82	1.0
211.21	2.0
211.58	3.0
211.95	4.0
212.33	1.0
212.7	2.0
213.1	3.0
213.47	4.0
213.82	1.0
214.19	2.0
214.57	3.0
214.93	4.0
215.31	1.0
215.68	2.0
216.06	3.0
216.43	4.0
216.8	1.0
217.19	2.0
217.57	3.0
217.94	4.0
218.31	1.0
218.69	2.0
219.06	3.0
219.43	4.0
219.8	1.0
220.17	2.0
220.54	3.0
220.91	4.0
221.29	1.0
221.66	2.0
222.03	3.0
222.41	4.0
222.77	1.0
223.14	2.0
223.52	3.0
223.89	4.0
224.27	1.0
224.64	2.0
225.02	3.0
225.38	4.0
225.76	1.0
226.13	2.0
226.5	3.0
226.87	4.0
227.25	1.0
227.63	2.0
228.0	3.0
228.37	4.0
228.74	1.0
229.12	2.0
229.49	3.0
229.86	4.0
230.24	1.0
230.61	2.0
230.99	3.0
231.36	4.0
231.73	1.0
232.1	2.0
232.47	3.0
232.85	4.0
233.22	1.0
233.59	2.0
233.96	3.0
234.34	4.0
234.71	1.0
235.08	2.0
235.45	3.0
235.83	4.0
236.21	1.0
236.58	2.0
236.96	3.0
237.33	4.0
237.71	1.0
238.08	2.0
238.45	3.0
238.83	4.0
239.21	1.0
239.58	2.0
239.96	3.0
240.33	4.0
240.69	1.0
241.07	2.0
241.44	3.0
241.82	4.0
242.21	1.0
242.6	2.0
242.99	3.0
243.36	4.0
243.74	1.0
244.12	2.0
244.47	3.0
244.86	4.0
245.21	1.0
245.6	2.0
245.94	3.0
246.32	4.0
246.67	1.0
247.04	2.0
247.41	3.0
247.76	4.0
248.14	1.0
248.52	2.0
248.89	3.0
249.24	4.0
249.64	1.0
250.01	2.0
250.39	3.0
250.77	4.0
251.14	1.0
251.5	2.0
251.88	3.0
252.26	4.0
252.62	1.0
253.0	2.0
253.37	3.0
253.75	4.0
254.12	1.0
254.5	2.0
254.87	3.0
255.24	4.0
255.61	1.0
255.99	2.0
256.36	3.0
256.74	4.0
257.11	1.0
257.48	2.0
257.85	3.0
258.22	4.0
258.59	1.0
258.97	2.0
259.34	3.0
259.71	4.0
260.09	1.0
260.46	2.0
260.84	3.0
261.21	4.0
261.58	1.0
261.95	2.0
262.32	3.0
262.69	4.0
263.05	1.0
263.42	2.0
263.79	3.0
264.17	4.0
264.55	1.0
264.93	2.0
265.31	3.0
265.68	4.0
266.06	1.0
266.44	2.0
266.81	3.0
267.19	4.0
267.56	1.0
267.94	2.0
268.31	3.0
268.68	4.0
269.05	1.0
269.41	2.0
269.77	3.0
270.16	4.0
270.53	1.0
270.91	2.0
271.29	3.0
271.66	4.0
272.03	1.0
272.4	2.0
272.77	3.0
273.15	4.0
273.52	1.0
273.89	2.0
274.26	3.0
274.64	4.0
275.01	1.0
275.39	2.0
275.77	3.0
276.14	4.0
276.51	1.0
276.89	2.0
277.25	3.0
277.62	4.0
278.0	1.0
278.37	2.0
278.74	3.0
279.11	4.0
279.49	1.0
279.86	2.0
280.23	3.0
280.61	4.0
280.98	1.0
281.36	2.0
281.74	3.0
282.11	4.0
282.48	1.0
282.86	2.0
283.23	3.0
283.61	4.0
283.98	1.0
284.34	2.0
284.71	3.0
285.09	4.0
285.45	1.0
285.83	2.0
286.2	3.0
286.58	4.0
286.95	1.0
287.34	2.0
287.7	3.0
288.08	4.0
288.46	1.0
288.83	2.0
289.2	3.0
289.57	4.0
289.94	1.0
290.31	2.0
290.68	3.0
291.06	4.0
291.42	1.0
291.8	2.0
292.18	3.0
292.55	4.0
292.93	1.0
293.3	2.0
293.68	3.0
294.06	4.0
294.43	1.0
294.8	2.0
295.17	3.0
295.54	4.0
295.91	1.0
296.28	2.0
296.65	3.0
297.03	4.0
297.39	1.0
297.76	2.0
298.14	3.0
298.52	4.0
298.89	1.0
299.27	2.0
299.64	3.0
300.01	4.0
300.38	1.0
300.76	2.0
301.13	3.0
301.51	4.0
301.87	1.0
302.25	2.0
302.63	3.0
303.0	4.0
303.37	1.0
303.75	2.0
304.11	3.0
304.49	4.0
304.86	1.0
305.24	2.0
305.61	3.0
305.98	4.0
306.35	1.0
306.74	2.0
307.11	3.0
307.48	4.0
307.85	1.0
308.22	2.0
308.58	3.0
308.96	4.0
309.34	1.0
309.72	2.0
310.09	3.0
310.46	4.0
310.84	1.0
311.22	2.0
311.59	3.0
311.97	4.0
312.35	1.0
312.73	2.0
313.08	3.0
313.47	4.0
313.83	1.0
314.21	2.0
314.58	3.0
314.94	4.0
315.32	1.0
315.67	2.0
316.06	3.0
316.43	4.0
316.8	1.0
317.15	2.0
317.52	3.0
317.89	4.0
318.27	1.0
318.65	2.0