0.85	1.0
1.71	2.0
2.57	3.0
3.43	4.0
4.29	1.0
5.19	2.0
6.11	3.0
7.07	4.0
8.01	1.0
8.98	2.0
9.87	3.0
10.83	4.0
11.75	1.0
12.78	2.0
13.82	3.0
14.79	4.0
15.82	1.0
16.76	2.0
17.64	3.0
18.55	4.0
19.48	1.0
20.42	2.0
21.3	3.0
22.16	4.0
23.01	1.0
23.87	2.0
24.86	3.0
25.77	4.0
26.74	1.0
27.63	2.0
28.6	3.0
29.53	4.0
30.47	1.0
31.26	2.0
32.06	3.0
32.86	4.0
33.65	1.0
34.44	2.0
35.24	3.0
36.03	4.0
36.81	1.0
37.6	2.0
38.39	3.0
39.2	4.0
40.0	1.0
40.8	2.0
41.58	3.0
42.37	4.0
43.15	1.0
43.95	2.0
44.73	3.0
45.52	4.0
46.32	1.0
47.11	2.0
47.91	3.0
48.71	4.0
49.49	1.0
50.28	2.0
51.03	3.0
51.82	4.0
52.63	1.0
53.38	2.0
54.15	3.0
54.95	4.0
55.71	1.0
56.51	2.0
57.29	3.0
58.08	4.0
58.83	1.0
59.45	2.0
60.02	3.0
60.64	4.0
61.24	1.0
61.64	2.0
62.02	3.0
62.42	4.0
62.82	1.0
63.22	2.0
63.61	3.0
64.01	4.0
64.4	1.0
64.77	2.0
65.18	3.0
65.57	4.0
65.96	1.0
66.33	2.0
66.73	3.0
67.13	4.0
67.52	1.0
67.89	2.0
68.29	3.0
68.67	4.0
69.06	1.0
69.46	2.0
69.87	3.0
70.28	4.0
70.68	1.0
71.07	2.0
71.48	3.0
71.87	4.0
72.26	1.0
72.66	2.0
73.06	3.0
73.46	4.0
73.84	1.0
74.25	2.0
74.65	3.0
75.05	4.0
75.44	1.0
75.84	2.0
76.24	3.0
76.64	4.0
77.04	1.0
77.44	2.0
77.85	3.0
78.24	4.0
78.63	1.0
79.03	2.0
79.44	3.0
79.82	4.0
80.23	1.0
80.63	2.0
81.02	3.0
81.44	4.0
81.83	1.0
82.23	2.0
82.64	3.0
83.03	4.0
83.43	1.0
83.83	2.0
84.24	3.0
84.62	4.0
85.03	1.0
85.43	2.0
85.84	3.0
86.23	4.0
86.64	1.0
87.04	2.0
87.44	3.0
87.84	4.0
88.25	1.0
88.65	2.0
89.06	3.0
89.47	4.0
89.87	1.0
90.27	2.0
90.69	3.0
91.08	4.0
91.48	1.0
91.8	2.0
92.12	3.0
92.45	4.0
92.77	1.0
93.09	2.0
93.4	3.0
93.72	4.0
94.11	1.0
94.49	2.0
94.89	3.0
95.31	4.0
95.71	1.0
96.09	2.0
96.49	3.0
96.9	4.0
97.29	1.0
97.69	2.0
98.09	3.0
98.5	4.0
98.9	1.0
99.29	2.0
99.69	3.0
100.1	4.0
100.49	1.0
100.91	2.0
101.29	3.0
101.7	4.0
102.11	1.0
102.49	2.0
102.89	3.0
103.3	4.0
103.71	1.0
104.09	2.0
104.49	3.0
104.9	4.0
105.29	1.0
105.69	2.0
106.07	3.0
106.48	4.0
106.88	1.0
107.26	2.0
107.65	3.0
108.06	4.0
108.46	1.0
108.84	2.0
109.24	3.0
109.65	4.0
110.05	1.0
110.43	2.0
110.82	3.0
111.22	4.0
111.62	1.0
112.01	2.0
112.4	3.0
112.8	4.0
113.2	1.0
113.59	2.0
113.98	3.0
114.39	4.0
114.8	1.0
115.18	2.0
115.58	3.0
115.98	4.0
116.38	1.0
116.76	2.0
117.15	3.0
117.55	4.0
117.94	1.0
118.32	2.0
118.7	3.0
119.1	4.0
119.5	1.0
119.87	2.0
120.26	3.0
120.66	4.0
121.06	1.0
121.44	2.0
121.82	3.0
122.23	4.0
122.63	1.0
123.02	2.0
123.41	3.0
123.81	4.0
124.21	1.0
124.59	2.0
124.98	3.0
125.39	4.0
125.79	1.0
126.18	2.0
126.57	3.0
126.98	4.0
127.38	1.0
127.76	2.0
128.15	3.0
128.55	4.0
128.95	1.0
129.33	2.0
129.72	3.0
130.12	4.0
130.52	1.0
130.93	2.0
131.31	3.0
131.73	4.0
132.13	1.0
132.5	2.0
132.9	3.0
133.31	4.0
133.72	1.0
134.1	2.0
134.49	3.0
134.9	4.0
135.29	1.0
135.68	2.0
136.05	3.0
136.45	4.0
136.85	1.0
137.26	2.0
137.64	3.0
138.05	4.0
138.46	1.0
138.85	2.0
139.24	3.0
139.66	4.0
140.06	1.0
140.46	2.0
140.84	3.0
141.26	4.0
141.66	1.0
142.04	2.0
142.42	3.0
142.82	4.0
143.23	1.0
143.61	2.0
144.03	3.0
144.44	4.0
144.86	1.0
145.26	2.0
145.67	3.0
146.07	4.0
146.47	1.0
146.86	2.0
147.23	3.0
147.63	4.0
148.03	1.0
148.4	2.0
148.8	3.0
149.2	4.0
149.61	1.0
150.02	2.0
150.42	3.0
150.82	4.0
151.22	1.0
151.61	2.0
152.01	3.0
152.4	4.0
152.81	1.0
153.2	2.0
153.62	3.0
154.0	4.0
154.42	1.0
154.79	2.0
155.2	3.0
155.58	4.0
156.01	1.0
156.42	2.0
156.82	3.0
157.2	4.0
157.62	1.0
158.01	2.0
158.41	3.0
158.79	4.0
159.2	1.0
159.58	2.0
159.98	3.0
160.36	4.0
160.76	1.0
161.15	2.0
161.53	3.0
161.93	4.0
162.33	1.0
162.74	2.0
163.15	3.0
163.55	4.0
163.95	1.0
164.34	2.0
164.73	3.0
165.12	4.0
165.53	1.0
165.91	2.0
166.29	3.0
166.7	4.0
167.09	1.0
167.46	2.0
167.85	3.0
168.24	4.0
168.64	1.0
169.03	2.0
169.43	3.0
169.84	4.0
170.25	1.0
170.64	2.0
171.04	3.0
171.44	4.0
171.85	1.0
172.25	2.0
172.63	3.0
173.03	4.0
173.44	1.0
173.81	2.0
174.2	3.0
174.6	4.0
175.01	1.0
175.39	2.0
175.79	3.0
176.21	4.0
176.62	1.0
177.02	2.0
177.42	3.0
177.83	4.0
178.24	1.0
178.63	2.0
179.0	3.0
179.41	4.0
179.8	1.0
180.17	2.0
180.57	3.0
180.95	4.0
181.37	1.0
181.78	2.0
182.19	3.0
182.58	4.0
183.0	1.0
183.39	2.0
183.8	3.0
184.18	4.0
184.61	1.0
185.0	2.0
185.4	3.0
185.79	4.0
186.21	1.0
186.61	2.0
187.01	3.0
187.39	4.0
187.82	1.0
188.23	2.0
188.64	3.0
189.03	4.0
189.45	1.0
189.84	2.0
190.24	3.0
190.63	4.0
191.05	1.0
191.43	2.0
191.84	3.0
192.23	4.0
192.63	1.0
193.0	2.0
193.41	3.0
193.81	4.0
194.21	1.0
194.61	2.0
195.0	3.0
195.42	4.0
195.82	1.0
196.21	2.0
196.6	3.0
197.01	4.0
197.42	1.0
197.8	2.0
198.18	3.0
198.59	4.0
198.99	1.0
199.38	2.0
199.77	3.0
200.16	4.0
200.56	1.0
200.92	2.0
201.26	3.0
201.62	4.0
201.99	1.0
202.37	2.0
202.77	3.0
203.18	4.0
203.61	1.0
204.03	2.0
204.44	3.0
204.85	4.0
205.26	1.0
205.66	2.0
206.06	3.0
206.5	4.0
206.92	1.0
207.33	2.0
207.74	3.0
208.14	4.0
208.54	1.0
208.95	2.0
209.39	3.0
209.81	4.0
210.23	1.0
210.64	2.0
211.04	3.0
211.45	4.0
211.86	1.0
212.28	2.0
212.69	3.0
213.11	4.0
213.52	1.0
213.92	2.0
214.33	3.0
214.74	4.0
215.16	1.0
215.6	2.0
216.02	3.0
216.43	4.0
216.83	1.0
217.24	2.0
217.65	3.0
218.1	4.0
218.54	1.0
218.98	2.0
219.41	3.0
219.83	4.0
220.24	1.0
220.65	2.0
221.07	3.0
221.5	4.0
221.94	1.0
222.36	2.0
222.79	3.0
223.2	4.0
223.62	1.0
224.04	2.0
224.47	3.0
224.9	4.0
225.32	1.0
225.73	2.0
226.16	3.0
226.57	4.0
226.98	1.0
227.41	2.0
227.84	3.0
228.27	4.0
228.69	1.0
229.11	2.0
229.53	3.0
229.94	4.0
230.38	1.0
230.81	2.0
231.24	3.0
231.65	4.0
232.07	1.0
232.5	2.0
232.93	3.0
233.35	4.0
233.78	1.0
234.2	2.0
234.62	3.0
235.04	4.0
235.47	1.0
235.9	2.0
236.33	3.0
236.77	4.0
237.19	1.0
237.61	2.0
238.02	3.0
238.45	4.0
238.88	1.0
239.31	2.0
239.74	3.0
240.18	4.0
240.6	1.0
241.04	2.0
241.47	3.0
241.9	4.0
242.33	1.0
242.77	2.0
243.2	3.0
243.63	4.0
244.04	1.0
244.47	2.0
244.91	3.0
245.33	4.0
245.76	1.0
246.19	2.0
246.61	3.0
247.02	4.0
247.46	1.0
247.9	2.0
248.33	3.0
248.76	4.0
249.19	1.0
249.62	2.0
250.04	3.0
250.47	4.0
250.89	1.0
251.32	2.0
251.75	3.0
252.19	4.0
252.62	1.0
253.04	2.0
253.47	3.0
253.9	4.0
254.33	1.0
254.78	2.0
255.19	3.0
255.61	4.0
256.03	1.0
256.47	2.0
256.88	3.0
257.31	4.0
257.75	1.0
258.19	2.0
258.62	3.0
259.04	4.0
259.47	1.0
259.93	2.0
260.35	3.0
260.8	4.0
261.25	1.0
261.68	2.0
262.11	3.0
262.55	4.0
262.97	1.0
263.39	2.0
263.83	3.0
264.26	4.0
264.69	1.0
265.12	2.0
265.55	3.0
265.98	4.0
266.42	1.0
266.85	2.0
267.27	3.0
267.7	4.0
268.13	1.0
268.53	2.0
268.95	3.0
269.39	4.0
269.83	1.0
270.26	2.0
270.69	3.0
271.11	4.0
271.53	1.0
271.98	2.0
272.43	3.0
272.87	4.0
273.28	1.0
273.73	2.0
274.16	3.0
274.57	4.0
275.02	1.0
275.43	2.0
275.88	3.0
276.33	4.0
276.76	1.0
277.17	2.0
277.61	3.0
278.05	4.0
278.53	1.0
279.03	2.0
279.49	3.0
279.94	4.0
280.38	1.0
280.83	2.0
281.24	3.0
281.68	4.0
282.1	1.0
282.54	2.0
282.96	3.0
283.39	4.0
283.82	1.0
284.25	2.0
284.7	3.0
285.12	4.0
285.55	1.0
285.97	2.0
286.41	3.0
286.84	4.0
287.25	1.0
287.69	2.0
288.11	3.0
288.51	4.0
288.94	1.0
289.36	2.0
289.81	3.0
290.25	4.0
290.68	1.0
291.1	2.0
291.52	3.0
291.95	4.0
292.38	1.0
292.79	2.0
293.2	3.0
293.63	4.0
294.06	1.0
294.46	2.0
294.87	3.0
295.29	4.0
295.7	1.0
296.12	2.0
296.53	3.0
296.96	4.0
297.36	1.0
297.77	2.0
298.19	3.0
298.6	4.0
298.99	1.0
299.41	2.0
299.83	3.0
300.24	4.0
300.65	1.0
301.06	2.0
301.46	3.0
301.89	4.0
302.31	1.0
302.72	2.0
303.13	3.0
303.53	4.0
303.94	1.0
304.37	2.0
304.79	3.0
305.2	4.0
305.62	1.0
306.04	2.0
306.45	3.0
306.88	4.0
307.3	1.0
307.75	2.0
308.19	3.0
308.61	4.0
309.03	1.0
309.44	2.0
309.85	3.0
310.27	4.0
310.7	1.0
311.12	2.0
311.54	3.0
311.96	4.0
312.36	1.0
312.78	2.0
313.2	3.0
313.64	4.0
314.07	1.0
314.49	2.0
314.91	3.0
315.33	4.0
315.74	1.0
316.16	2.0
316.58	3.0
316.99	4.0
317.41	1.0
317.84	2.0
318.26	3.0
318.67	4.0
319.08	1.0
319.51	2.0
319.94	3.0
320.36	4.0
320.78	1.0
321.19	2.0
321.6	3.0
322.03	4.0
322.46	1.0
322.86	2.0
323.29	3.0
323.72	4.0
324.12	1.0
324.52	2.0
324.95	3.0
325.38	4.0
325.78	1.0
326.21	2.0
326.63	3.0
327.04	4.0
327.46	1.0
327.87	2.0
328.3	3.0
328.69	4.0
329.13	1.0
329.55	2.0
329.96	3.0
330.37	4.0
330.81	1.0
331.22	2.0
331.63	3.0
332.07	4.0
332.48	1.0
332.91	2.0
333.33	3.0
333.73	4.0
334.16	1.0
334.55	2.0
334.97	3.0
335.39	4.0
335.8	1.0
336.22	2.0
336.66	3.0
337.08	4.0
337.5	1.0
337.94	2.0
338.37	3.0
338.78	4.0
339.19	1.0
339.61	2.0
340.03	3.0
340.43	4.0
340.85	1.0
341.27	2.0
341.69	3.0
342.11	4.0
342.54	1.0
342.96	2.0
343.36	3.0
343.79	4.0
344.2	1.0
344.63	2.0
345.03	3.0
345.44	4.0
345.87	1.0
346.27	2.0
346.69	3.0
347.11	4.0
347.52	1.0
347.93	2.0
348.34	3.0
348.76	4.0
349.16	1.0
349.58	2.0
350.0	3.0
350.44	4.0
350.84	1.0
351.28	2.0
351.7	3.0
352.1	4.0
352.53	1.0
352.96	2.0
353.38	3.0
353.78	4.0
354.22	1.0
354.64	2.0
355.06	3.0
355.4	4.0
355.74	1.0
356.11	2.0
356.47	3.0
356.86	4.0
357.22	1.0
357.6	2.0
357.97	3.0
358.32	4.0
358.72	1.0
359.1	2.0
359.47	3.0
359.86	4.0
360.23	1.0
360.67	2.0
361.1	3.0
361.55	4.0
362.0	1.0
362.44	2.0
362.89	3.0
363.33	4.0
363.79	1.0
364.23	2.0
364.68	3.0
365.11	4.0
365.54	1.0
366.0	2.0
366.44	3.0
366.92	4.0
367.38	1.0
367.83	2.0
368.29	3.0
368.74	4.0
369.21	1.0
369.66	2.0
370.11	3.0
370.56	4.0
371.02	1.0
371.48	2.0
371.92	3.0
372.37	4.0
372.82	1.0
373.27	2.0
373.71	3.0
374.18	4.0
374.61	1.0
375.08	2.0
375.53	3.0
375.97	4.0
376.39	1.0
376.84	2.0
377.29	3.0
377.72	4.0
378.16	1.0
378.64	2.0
379.1	3.0
379.52	4.0
379.95	1.0
380.37	2.0
380.81	3.0
381.27	4.0
381.71	1.0
382.13	2.0
382.58	3.0
383.04	4.0
383.49	1.0
383.94	2.0
384.4	3.0
384.85	4.0
385.3	1.0
385.76	2.0
386.24	3.0
386.7	4.0
387.16	1.0
387.61	2.0
388.07	3.0
388.5	4.0
388.95	1.0
389.43	2.0
389.87	3.0
390.37	4.0
390.84	1.0
391.33	2.0
391.77	3.0
392.25	4.0
392.7	1.0
393.17	2.0
393.6	3.0
394.06	4.0
394.51	1.0
394.96	2.0
395.4	3.0
395.86	4.0
396.3	1.0
396.71	2.0
397.13	3.0
397.55	4.0
397.97	1.0
398.41	2.0
398.84	3.0
399.28	4.0
399.71	1.0
400.14	2.0
400.58	3.0
401.04	4.0
401.48	1.0
401.93	2.0
402.38	3.0
402.83	4.0
403.26	1.0
403.81	2.0
404.33	3.0
404.9	4.0
405.46	1.0
405.95	2.0
406.5	3.0
406.99	4.0
407.45	1.0
407.87	2.0
408.28	3.0
408.68	4.0
409.09	1.0
409.5	2.0
409.92	3.0
410.31	4.0
410.72	1.0
411.13	2.0
411.56	3.0
412.01	4.0
412.44	1.0
412.85	2.0
413.29	3.0
413.71	4.0
414.14	1.0
414.55	2.0
414.96	3.0
415.4	4.0
415.84	1.0
416.25	2.0
416.68	3.0
417.11	4.0
417.52	1.0
417.95	2.0
418.38	3.0
418.82	4.0
419.25	1.0
419.67	2.0
420.1	3.0
420.53	4.0
420.96	1.0
421.37	2.0
421.78	3.0
422.22	4.0
422.65	1.0
423.07	2.0
423.5	3.0
423.93	4.0
424.35	1.0
424.76	2.0
425.17	3.0
425.61	4.0
426.03	1.0
426.46	2.0
426.89	3.0
427.31	4.0
427.74	1.0
428.16	2.0
428.57	3.0
429.0	4.0
429.44	1.0
429.84	2.0
430.23	3.0
430.63	4.0
431.05	1.0
431.45	2.0
431.87	3.0
432.3	4.0
432.74	1.0
433.16	2.0
433.58	3.0
434.03	4.0
434.46	1.0
434.88	2.0
435.32	3.0
435.75	4.0
436.18	1.0
436.6	2.0
437.03	3.0
437.46	4.0
437.88	1.0
438.32	2.0
438.76	3.0
439.21	4.0
439.64	1.0
440.06	2.0
440.49	3.0
440.92	4.0
441.33	1.0
441.76	2.0
442.19	3.0
442.62	4.0
443.06	1.0
443.47	2.0
443.89	3.0
444.33	4.0
444.76	1.0
445.17	2.0
445.61	3.0
446.06	4.0
446.49	1.0
446.9	2.0
447.33	3.0
447.74	4.0
448.17	1.0
448.59	2.0
449.03	3.0
449.46	4.0
449.89	1.0
450.31	2.0
450.74	3.0
451.17	4.0
451.61	1.0
452.04	2.0
452.47	3.0
452.91	4.0
453.35	1.0
453.78	2.0
454.22	3.0
454.65	4.0
455.09	1.0
455.5	2.0
455.93	3.0
456.37	4.0
456.8	1.0
457.23	2.0
457.67	3.0
458.09	4.0
458.53	1.0
458.94	2.0
459.39	3.0
459.83	4.0
460.27	1.0
460.68	2.0
461.1	3.0
461.55	4.0
461.98	1.0
462.41	2.0
462.82	3.0
463.27	4.0
463.72	1.0
464.15	2.0
464.57	3.0
465.0	4.0
465.46	1.0
465.89	2.0
466.32	3.0
466.74	4.0
467.18	1.0
467.6	2.0
468.04	3.0
468.5	4.0
468.93	1.0
469.4	2.0
469.83	3.0
470.27	4.0
470.69	1.0
471.14	2.0
471.57	3.0
472.02	4.0
472.48	1.0
472.91	2.0
473.36	3.0
473.82	4.0
474.25	1.0
474.69	2.0
475.16	3.0
475.6	4.0
476.09	1.0
476.56	2.0
477.01	3.0
477.49	4.0
477.96	1.0
478.42	2.0
478.91	3.0
479.38	4.0
479.82	1.0
480.3	2.0
480.75	3.0
481.21	4.0
481.69	1.0
482.16	2.0
482.62	3.0
483.1	4.0
483.55	1.0
484.0	2.0
484.48	3.0
484.94	4.0
485.39	1.0
485.87	2.0
486.32	3.0
486.8	4.0
487.26	1.0
487.75	2.0
488.21	3.0
488.68	4.0
489.13	1.0
489.58	2.0
490.05	3.0
490.48	4.0
490.94	1.0
491.4	2.0
491.87	3.0
492.32	4.0
492.77	1.0
493.21	2.0
493.67	3.0
494.13	4.0
494.58	1.0
495.06	2.0
495.52	3.0
495.97	4.0
496.42	1.0
496.89	2.0
497.35	3.0
497.8	4.0
498.26	1.0
498.73	2.0
499.2	3.0
499.65	4.0
500.1	1.0
500.55	2.0
501.01	3.0
501.48	4.0
501.92	1.0
502.4	2.0
502.86	3.0
503.19	4.0
503.52	1.0
503.88	2.0
504.19	3.0
504.54	4.0
504.86	1.0
505.18	2.0
505.53	3.0
505.86	4.0
506.17	1.0
506.54	2.0
506.93	3.0
507.34	4.0
507.74	1.0
508.13	2.0
508.53	3.0
508.93	4.0
509.33	1.0
509.73	2.0
510.12	3.0
510.54	4.0
510.94	1.0
511.33	2.0
511.72	3.0
512.14	4.0
512.56	1.0
512.96	2.0
513.34	3.0
513.74	4.0
514.14	1.0
514.51	2.0
514.88	3.0
515.28	4.0
515.68	1.0
516.05	2.0
516.45	3.0
516.86	4.0
517.26	1.0
517.65	2.0
518.06	3.0
518.46	4.0
518.85	1.0
519.24	2.0
519.62	3.0
520.02	4.0
520.42	1.0
520.79	2.0
521.17	3.0
521.55	4.0
521.96	1.0
522.37	2.0
522.77	3.0
523.16	4.0
523.56	1.0
523.94	2.0
524.35	3.0
524.72	4.0
525.12	1.0
525.51	2.0
525.91	3.0
526.29	4.0
526.69	1.0
527.06	2.0
527.46	3.0
527.85	4.0
528.26	1.0
528.67	2.0
529.07	3.0
529.46	4.0
529.86	1.0
530.24	2.0
530.64	3.0
531.01	4.0
531.42	1.0
531.79	2.0
532.2	3.0
532.57	4.0
532.97	1.0
533.36	2.0
533.75	3.0
534.14	4.0
534.55	1.0
534.96	2.0
535.36	3.0
535.77	4.0
536.18	1.0
536.56	2.0
536.96	3.0
537.37	4.0
537.78	1.0
538.16	2.0
538.56	3.0
538.96	4.0
539.36	1.0
539.76	2.0
540.13	3.0
540.53	4.0
540.93	1.0
541.3	2.0
541.71	3.0
542.13	4.0
542.55	1.0
542.95	2.0
543.37	3.0
543.77	4.0
544.18	1.0
544.59	2.0
544.96	3.0
545.37	4.0
545.76	1.0
546.14	2.0
546.52	3.0
546.91	4.0
547.31	1.0
547.69	2.0
548.08	3.0
548.49	4.0
548.9	1.0
549.28	2.0
549.69	3.0
550.1	4.0
550.5	1.0
550.89	2.0
551.27	3.0
551.67	4.0
552.06	1.0
552.43	2.0
552.82	3.0
553.22	4.0
553.63	1.0
554.03	2.0
554.44	3.0
554.82	4.0
555.23	1.0
555.63	2.0
556.03	3.0
556.41	4.0
556.82	1.0
557.21	2.0
557.58	3.0
557.99	4.0
558.4	1.0
558.78	2.0
559.2	3.0
559.58	4.0
560.0	1.0
560.4	2.0
560.8	3.0
561.19	4.0
561.6	1.0
561.98	2.0
562.37	3.0
562.75	4.0
563.16	1.0
563.61	2.0
564.18	3.0
564.78	4.0
565.4	1.0
565.99	2.0
566.58	3.0
567.21	4.0
567.83	1.0
568.5	2.0
569.27	3.0
569.96	4.0
570.79	1.0
571.61	2.0
572.58	3.0
573.48	4.0
574.32	1.0
575.2	2.0
576.09	3.0
576.96	4.0