1.68	1.0
2.08	2.0
2.52	3.0
2.92	4.0
3.36	1.0
3.78	2.0
4.2	3.0
4.6	4.0
5.04	1.0
5.46	2.0
5.86	3.0
6.29	4.0
6.72	1.0
7.12	2.0
7.56	3.0
7.96	4.0
8.38	1.0
8.77	2.0
9.19	3.0
9.62	4.0
10.07	1.0
10.49	2.0
10.93	3.0
11.39	4.0
11.82	1.0
12.24	2.0
12.64	3.0
13.05	4.0
13.48	1.0
13.89	2.0
14.28	3.0
14.7	4.0
15.13	1.0
15.55	2.0
15.96	3.0
16.39	4.0
16.82	1.0
17.22	2.0
17.65	3.0
18.07	4.0
18.48	1.0
18.9	2.0
19.3	3.0
19.7	4.0
20.13	1.0
20.55	2.0
20.98	3.0
21.38	4.0
21.8	1.0
22.22	2.0
22.61	3.0
23.03	4.0
23.45	1.0
23.84	2.0
24.26	3.0
24.67	4.0
25.11	1.0
25.53	2.0
25.94	3.0
26.37	4.0
26.77	1.0
27.21	2.0
27.62	3.0
28.03	4.0
28.46	1.0
28.89	2.0
29.31	3.0
29.71	4.0
30.16	1.0
30.59	2.0
31.02	3.0
31.43	4.0
31.87	1.0
32.31	2.0
32.74	3.0
33.17	4.0
33.56	1.0
33.99	2.0
34.39	3.0
34.81	4.0
35.26	1.0
35.67	2.0
36.11	3.0
36.53	4.0
36.92	1.0
37.35	2.0
37.76	3.0
38.15	4.0
38.56	1.0
38.97	2.0
39.39	3.0
39.82	4.0
40.24	1.0
40.65	2.0
41.09	3.0
41.51	4.0
41.92	1.0
42.34	2.0
42.77	3.0
43.19	4.0
43.61	1.0
44.03	2.0
44.45	3.0
44.89	4.0
45.3	1.0
45.71	2.0
46.12	3.0
46.54	4.0
46.96	1.0
47.36	2.0
47.78	3.0
48.19	4.0
48.61	1.0
49.03	2.0
49.46	3.0
49.87	4.0
50.29	1.0
50.71	2.0
51.14	3.0
51.56	4.0
51.97	1.0
52.4	2.0
52.84	3.0
53.25	4.0
53.67	1.0
54.08	2.0
54.49	3.0
54.91	4.0
55.33	1.0
55.75	2.0
56.18	3.0
56.6	4.0
57.03	1.0
57.44	2.0
57.85	3.0
58.26	4.0
58.69	1.0
59.09	2.0
59.51	3.0
59.94	4.0
60.34	1.0
60.78	2.0
61.21	3.0
61.63	4.0
62.04	1.0
62.46	2.0
62.88	3.0
63.29	4.0
63.71	1.0
64.13	2.0
64.55	3.0
64.97	4.0
65.4	1.0
65.81	2.0
66.25	3.0
66.67	4.0
67.1	1.0
67.51	2.0
67.95	3.0
68.36	4.0
68.77	1.0
69.2	2.0
69.63	3.0
70.04	4.0
70.46	1.0
70.86	2.0
71.28	3.0
71.7	4.0
72.12	1.0
72.55	2.0
72.96	3.0
73.39	4.0
73.81	1.0
74.23	2.0
74.64	3.0
75.07	4.0
75.49	1.0
75.91	2.0
76.33	3.0
76.74	4.0
77.17	1.0
77.59	2.0
78.0	3.0
78.42	4.0
78.84	1.0
79.25	2.0
79.67	3.0
80.09	4.0
80.51	1.0
80.93	2.0
81.35	3.0
81.77	4.0
82.18	1.0
82.6	2.0
83.03	3.0
83.45	4.0
83.89	1.0
84.3	2.0
84.72	3.0
85.13	4.0
85.56	1.0
85.97	2.0
86.39	3.0
86.81	4.0
87.23	1.0
87.66	2.0
88.07	3.0
88.48	4.0
88.91	1.0
89.32	2.0
89.74	3.0
90.15	4.0
90.58	1.0
91.0	2.0
91.41	3.0
91.84	4.0
92.25	1.0
92.68	2.0
93.1	3.0
93.51	4.0
93.95	1.0
94.36	2.0
94.77	3.0
95.21	4.0
95.63	1.0
96.04	2.0
96.45	3.0
96.89	4.0
97.31	1.0
97.72	2.0
98.14	3.0
98.57	4.0
99.0	1.0
99.42	2.0
99.84	3.0
100.25	4.0
100.68	1.0
101.1	2.0
101.52	3.0
101.93	4.0
102.35	1.0
102.76	2.0
103.17	3.0
103.59	4.0
104.02	1.0
104.44	2.0
104.86	3.0
105.28	4.0
105.71	1.0
106.12	2.0
106.54	3.0
106.96	4.0
107.39	1.0
107.82	2.0
108.24	3.0
108.65	4.0
109.07	1.0
109.49	2.0
109.91	3.0
110.32	4.0
110.75	1.0
111.17	2.0
111.6	3.0
112.0	4.0
112.43	1.0
112.85	2.0
113.26	3.0
113.68	4.0
114.11	1.0
114.52	2.0
114.94	3.0
115.36	4.0
115.78	1.0
116.21	2.0
116.62	3.0
117.04	4.0
117.46	1.0
117.88	2.0
118.3	3.0
118.71	4.0
119.13	1.0
119.55	2.0
119.98	3.0
120.38	4.0
120.81	1.0
121.23	2.0
121.66	3.0
122.08	4.0
122.5	1.0
122.91	2.0
123.33	3.0
123.74	4.0
124.17	1.0
124.6	2.0
125.03	3.0
125.44	4.0
125.87	1.0
126.27	2.0
126.69	3.0
127.11	4.0
127.54	1.0
127.95	2.0
128.38	3.0
128.8	4.0
129.21	1.0
129.63	2.0
130.06	3.0
130.47	4.0
130.89	1.0
131.3	2.0
131.73	3.0
132.14	4.0
132.56	1.0
132.98	2.0
133.4	3.0
133.82	4.0
134.23	1.0
134.65	2.0
135.09	3.0
135.51	4.0
135.93	1.0
136.34	2.0
136.76	3.0
137.17	4.0
137.6	1.0
138.02	2.0
138.45	3.0
138.86	4.0
139.28	1.0
139.69	2.0
140.11	3.0
140.52	4.0
140.94	1.0
141.35	2.0
141.77	3.0
142.19	4.0
142.62	1.0
143.05	2.0
143.46	3.0
143.89	4.0
144.31	1.0
144.72	2.0
145.13	3.0
145.55	4.0
145.97	1.0
146.39	2.0
146.81	3.0
147.23	4.0
147.66	1.0
148.07	2.0
148.49	3.0
148.91	4.0
149.33	1.0
149.74	2.0
150.16	3.0
150.59	4.0
151.01	1.0
151.42	2.0
151.83	3.0
152.26	4.0
152.68	1.0
153.09	2.0
153.51	3.0
153.94	4.0
154.35	1.0
154.77	2.0
155.18	3.0
155.6	4.0
156.02	1.0
156.44	2.0
156.86	3.0
157.29	4.0
157.71	1.0
158.12	2.0
158.55	3.0
158.96	4.0
159.38	1.0
159.79	2.0
160.22	3.0
160.64	4.0
161.07	1.0
161.48	2.0
161.89	3.0
162.32	4.0
162.74	1.0
163.16	2.0
163.58	3.0
164.0	4.0
164.42	1.0
164.83	2.0
165.25	3.0
165.67	4.0
166.08	1.0
166.5	2.0
166.93	3.0
167.35	4.0
167.77	1.0
168.19	2.0
168.6	3.0
169.03	4.0
169.45	1.0
169.86	2.0
170.3	3.0
170.72	4.0
171.14	1.0
171.56	2.0
171.99	3.0
172.41	4.0
172.81	1.0
173.23	2.0
173.65	3.0
174.09	4.0
174.51	1.0
174.94	2.0
175.36	3.0
175.77	4.0
176.19	1.0
176.61	2.0
177.03	3.0
177.44	4.0
177.87	1.0
178.27	2.0
178.7	3.0
179.12	4.0
179.53	1.0
179.96	2.0
180.37	3.0
180.79	4.0
181.22	1.0
181.64	2.0
182.05	3.0
182.47	4.0
182.89	1.0
183.3	2.0
183.72	3.0
184.16	4.0
184.58	1.0
184.99	2.0
185.42	3.0
185.83	4.0
186.24	1.0
186.66	2.0
187.08	3.0
187.5	4.0
187.91	1.0
188.33	2.0
188.75	3.0
189.19	4.0
189.61	1.0
190.03	2.0
190.44	3.0
190.86	4.0
191.28	1.0
191.71	2.0
192.14	3.0
192.56	4.0
192.98	1.0
193.39	2.0
193.81	3.0
194.22	4.0
194.64	1.0
195.04	2.0
195.48	3.0
195.9	4.0
196.32	1.0
196.74	2.0
197.16	3.0
197.57	4.0
197.99	1.0
198.4	2.0
198.81	3.0
199.24	4.0
199.66	1.0
200.08	2.0
200.5	3.0
200.91	4.0
201.35	1.0
201.77	2.0
202.19	3.0
202.62	4.0
203.04	1.0
203.44	2.0
203.87	3.0
204.29	4.0
204.7	1.0
205.13	2.0
205.55	3.0
205.96	4.0
206.38	1.0
206.8	2.0
207.21	3.0
207.62	4.0
208.03	1.0
208.44	2.0
208.86	3.0
209.3	4.0
209.71	1.0
210.14	2.0
210.56	3.0
210.97	4.0
211.38	1.0
211.8	2.0
212.23	3.0
212.65	4.0
213.08	1.0
213.5	2.0
213.92	3.0
214.33	4.0
214.74	1.0
215.18	2.0
215.61	3.0
216.03	4.0
216.45	1.0
216.86	2.0
217.28	3.0
217.7	4.0
218.13	1.0
218.55	2.0
218.96	3.0
219.39	4.0
219.8	1.0
220.22	2.0
220.64	3.0
221.05	4.0
221.48	1.0
221.9	2.0
222.31	3.0
222.74	4.0
223.18	1.0
223.59	2.0
224.0	3.0
224.43	4.0
224.85	1.0
225.26	2.0
225.69	3.0
226.11	4.0
226.54	1.0
226.96	2.0
227.39	3.0
227.82	4.0