0.45	2.0
0.95	3.0
1.41	4.0
1.9	1.0
2.37	2.0
2.85	3.0
3.32	4.0
3.79	1.0
4.26	2.0
4.75	3.0
5.21	4.0
5.7	1.0
6.16	2.0
6.64	3.0
7.12	4.0
7.61	1.0
8.08	2.0
8.55	3.0
9.02	4.0
9.5	1.0
9.97	2.0
10.45	3.0
10.92	4.0
11.4	1.0
11.86	2.0
12.35	3.0
12.81	4.0
13.29	1.0
13.76	2.0
14.24	3.0
14.71	4.0
15.19	1.0
15.66	2.0
16.14	3.0
16.61	4.0
17.09	1.0
17.55	2.0
18.03	3.0
18.5	4.0
18.98	1.0
19.45	2.0
19.93	3.0
20.4	4.0
20.89	1.0
21.36	2.0
21.84	3.0
22.3	4.0
22.78	1.0
23.26	2.0
23.73	3.0
24.19	4.0
24.66	1.0
25.14	2.0
25.61	3.0
26.08	4.0
26.56	1.0
27.04	2.0
27.52	3.0
27.99	4.0
28.46	1.0
28.93	2.0
29.4	3.0
29.87	4.0
30.33	1.0
30.8	2.0
31.27	3.0
31.73	4.0
32.19	1.0
32.67	2.0
33.14	3.0
33.61	4.0
34.09	1.0
34.56	2.0
35.03	3.0
35.5	4.0
35.98	1.0
36.46	2.0
36.94	3.0
37.4	4.0
37.88	1.0
38.34	2.0
38.81	3.0
39.27	4.0
39.74	1.0
40.22	2.0
40.69	3.0
41.16	4.0
41.63	1.0
42.1	2.0
42.57	3.0
43.04	4.0
43.52	1.0
43.99	2.0
44.46	3.0
44.93	4.0
45.39	1.0
45.86	2.0
46.33	3.0
46.79	4.0
47.26	1.0
47.73	2.0
48.21	3.0
48.68	4.0
49.15	1.0
49.63	2.0
50.11	3.0
50.58	4.0
51.06	1.0
51.53	2.0
52.02	3.0
52.49	4.0
52.98	1.0
53.44	2.0
53.93	3.0
54.39	4.0
54.88	1.0
55.35	2.0
55.83	3.0
56.3	4.0
56.78	1.0
57.24	2.0
57.72	3.0
58.19	4.0
58.67	1.0
59.12	2.0
59.61	3.0
60.08	4.0
60.56	1.0
61.03	2.0
61.51	3.0
61.98	4.0
62.46	1.0
62.92	2.0
63.4	3.0
63.86	4.0
64.34	1.0
64.81	2.0
65.29	3.0
65.76	4.0
66.22	1.0
66.69	2.0
67.17	3.0
67.63	4.0
68.1	1.0
68.58	2.0
69.05	3.0
69.52	4.0
69.99	1.0
70.46	2.0
70.93	3.0
71.4	4.0
71.87	1.0
72.34	2.0
72.82	3.0
73.29	4.0
73.76	1.0
74.23	2.0
74.71	3.0
75.18	4.0
75.67	1.0
76.14	2.0
76.61	3.0
77.07	4.0
77.55	1.0
78.01	2.0
78.5	3.0
78.97	4.0
79.45	1.0
79.93	2.0
80.41	3.0
80.87	4.0
81.35	1.0
81.82	2.0
82.3	3.0
82.76	4.0
83.23	1.0
83.7	2.0
84.17	3.0
84.64	4.0
85.11	1.0
85.58	2.0
86.06	3.0
86.52	4.0
87.0	1.0
87.47	2.0
87.95	3.0
88.41	4.0
88.88	1.0
89.35	2.0
89.83	3.0
90.3	4.0
90.78	1.0
91.25	2.0
91.73	3.0
92.18	4.0
92.64	1.0
93.11	2.0
93.59	3.0
94.06	4.0
94.54	1.0
95.0	2.0
95.47	3.0
95.95	4.0
96.41	1.0
96.87	2.0
97.37	3.0
97.84	4.0
98.31	1.0
98.77	2.0
99.27	3.0
99.73	4.0
100.2	1.0
100.68	2.0
101.16	3.0
101.63	4.0
102.1	1.0
102.58	2.0
103.05	3.0
103.51	4.0
103.98	1.0
104.46	2.0
104.94	3.0
105.42	4.0
105.89	1.0
106.36	2.0
106.85	3.0
107.32	4.0
107.8	1.0
108.27	2.0
108.76	3.0
109.23	4.0
109.71	1.0
110.19	2.0
110.67	3.0
111.15	4.0
111.63	1.0
112.09	2.0
112.59	3.0
113.05	4.0
113.53	1.0
114.0	2.0
114.49	3.0
114.96	4.0
115.45	1.0
115.92	2.0
116.41	3.0
116.88	4.0
117.36	1.0
117.83	2.0
118.32	3.0
118.79	4.0
119.28	1.0
119.76	2.0
120.24	3.0
120.71	4.0
121.19	1.0
121.66	2.0
122.14	3.0
122.62	4.0
123.1	1.0
123.57	2.0
124.06	3.0
124.51	4.0
124.99	1.0
125.46	2.0
125.93	3.0
126.41	4.0
126.88	1.0
127.36	2.0
127.83	3.0
128.3	4.0
128.78	1.0
129.25	2.0
129.72	3.0
130.19	4.0
130.66	1.0
131.13	2.0
131.61	3.0
132.07	4.0
132.54	1.0
133.0	2.0
133.48	3.0
133.95	4.0
134.42	1.0
134.89	2.0
135.37	3.0
135.84	4.0
136.32	1.0
136.78	2.0
137.26	3.0
137.71	4.0
138.18	1.0
138.64	2.0
139.13	3.0
139.59	4.0
140.07	1.0
140.54	2.0
141.02	3.0
141.5	4.0
141.96	1.0
142.44	2.0
142.91	3.0
143.37	4.0
143.84	1.0
144.31	2.0
144.78	3.0
145.24	4.0
145.71	1.0
146.18	2.0
146.66	3.0
147.12	4.0
147.6	1.0
148.06	2.0
148.53	3.0
149.0	4.0
149.47	1.0
149.94	2.0
150.42	3.0
150.89	4.0
151.36	1.0
151.82	2.0
152.29	3.0
152.75	4.0
153.22	1.0
153.68	2.0
154.16	3.0
154.62	4.0
155.08	1.0
155.53	2.0
155.99	3.0
156.47	4.0
156.94	1.0
157.42	2.0
157.91	3.0
158.38	4.0
158.85	1.0
159.33	2.0
159.81	3.0
160.28	4.0
160.76	1.0
161.24	2.0
161.72	3.0
162.19	4.0
162.66	1.0
163.13	2.0
163.62	3.0
164.09	4.0
164.57	1.0
165.05	2.0
165.54	3.0
166.01	4.0
166.49	1.0
166.96	2.0
167.44	3.0
167.92	4.0
168.39	1.0
168.88	2.0
169.35	3.0
169.83	4.0
170.31	1.0
170.78	2.0
171.26	3.0
171.74	4.0
172.22	1.0
172.69	2.0
173.19	3.0
173.67	4.0
174.13	1.0
174.61	2.0
175.09	3.0
175.57	4.0
176.06	1.0
176.53	2.0
177.02	3.0
177.49	4.0
177.97	1.0
178.44	2.0
178.92	3.0
179.39	4.0
179.87	1.0
180.36	2.0
180.84	3.0
181.32	4.0
181.81	1.0
182.29	2.0
182.77	3.0
183.24	4.0
183.72	1.0
184.19	2.0
184.67	3.0
185.13	4.0
185.61	1.0
186.08	2.0
186.56	3.0
187.02	4.0
187.49	1.0
187.95	2.0
188.43	3.0
188.91	4.0
189.39	1.0
189.86	2.0
190.33	3.0
190.8	4.0
191.28	1.0
191.75	2.0
192.23	3.0
192.7	4.0
193.18	1.0
193.66	2.0
194.14	3.0
194.6	4.0
195.07	1.0
195.54	2.0
196.01	3.0
196.48	4.0
196.94	1.0
197.4	2.0
197.86	3.0
198.31	4.0
198.78	1.0
199.26	2.0
199.74	3.0
200.22	4.0
200.7	1.0
201.18	2.0
201.65	3.0
202.12	4.0
202.6	1.0
203.07	2.0
203.55	3.0
204.02	4.0
204.49	1.0
204.96	2.0
205.43	3.0
205.9	4.0
206.38	1.0
206.86	2.0
207.33	3.0
207.8	4.0
208.27	1.0
208.74	2.0
209.22	3.0
209.69	4.0
210.18	1.0
210.65	2.0
211.13	3.0
211.6	4.0
212.07	1.0
212.55	2.0
213.02	3.0
213.49	4.0
213.95	1.0
214.44	2.0
214.91	3.0
215.39	4.0
215.87	1.0
216.35	2.0
216.83	3.0
217.31	4.0
217.79	1.0
218.27	2.0
218.76	3.0
219.23	4.0
219.71	1.0
220.18	2.0
220.65	3.0
221.12	4.0
221.6	1.0
222.07	2.0
222.54	3.0
223.01	4.0
223.49	1.0
223.97	2.0
224.45	3.0
224.91	4.0
225.38	1.0
225.85	2.0
226.33	3.0
226.81	4.0
227.28	1.0
227.76	2.0
228.23	3.0
228.69	4.0
229.18	1.0
229.65	2.0
230.14	3.0
230.61	4.0
231.09	1.0
231.57	2.0
232.05	3.0
232.52	4.0
233.0	1.0
233.47	2.0
233.95	3.0
234.43	4.0
234.9	1.0
235.38	2.0
235.85	3.0
236.32	4.0
236.79	1.0
237.26	2.0
237.74	3.0
238.21	4.0
238.7	1.0
239.16	2.0
239.64	3.0
240.11	4.0
240.58	1.0
241.05	2.0
241.53	3.0
242.0	4.0
242.48	1.0
242.94	2.0
243.42	3.0
243.88	4.0
244.37	1.0
244.84	2.0
245.34	3.0
245.81	4.0
246.28	1.0
246.75	2.0
247.23	3.0
247.71	4.0
248.19	1.0
248.66	2.0
249.15	3.0
249.63	4.0
250.1	1.0
250.57	2.0
251.05	3.0
251.53	4.0
252.01	1.0
252.49	2.0
252.97	3.0
253.45	4.0
253.92	1.0
254.39	2.0
254.86	3.0
255.33	4.0
255.81	1.0
256.28	2.0
256.78	3.0
257.24	4.0
257.72	1.0
258.18	2.0
258.66	3.0
259.13	4.0
259.6	1.0
260.06	2.0
260.54	3.0
261.0	4.0
261.48	1.0
261.93	2.0
262.41	3.0
262.87	4.0
263.34	1.0
263.81	2.0
264.28	3.0
264.75	4.0
265.23	1.0
265.69	2.0
266.17	3.0
266.63	4.0
267.1	1.0
267.58	2.0
268.05	3.0
268.51	4.0
268.99	1.0
269.44	2.0
269.92	3.0
270.38	4.0
270.85	1.0
271.32	2.0
271.81	3.0
272.27	4.0
272.74	1.0
273.21	2.0
273.69	3.0
274.15	4.0
274.63	1.0
275.1	2.0
275.57	3.0
276.04	4.0
276.52	1.0
276.98	2.0
277.44	3.0
277.92	4.0
278.39	1.0
278.86	2.0
279.34	3.0
279.8	4.0
280.28	1.0
280.74	2.0
281.22	3.0
281.68	4.0
282.15	1.0
282.61	2.0
283.08	3.0
283.55	4.0
284.01	1.0
284.46	2.0
284.93	3.0
285.39	4.0
285.85	1.0
286.31	2.0
286.8	3.0
287.27	4.0
287.73	1.0
288.2	2.0
288.67	3.0
289.12	4.0
289.59	1.0
290.05	2.0
290.52	3.0
291.0	4.0
291.47	1.0
291.94	2.0
292.42	3.0
292.9	4.0
293.36	1.0
293.83	2.0
294.31	3.0
294.77	4.0
295.24	1.0
295.71	2.0
296.2	3.0
296.67	4.0
297.13	1.0
297.59	2.0