0.36	2.0
0.77	3.0
1.16	4.0
1.54	1.0
1.93	2.0
2.31	3.0
2.7	4.0
3.09	1.0
3.48	2.0
3.87	3.0
4.25	4.0
4.64	1.0
5.03	2.0
5.42	3.0
5.81	4.0
6.19	1.0
6.58	2.0
6.96	3.0
7.35	4.0
7.74	1.0
8.13	2.0
8.52	3.0
8.9	4.0
9.29	1.0
9.68	2.0
10.06	3.0
10.45	4.0
10.84	1.0
11.22	2.0
11.61	3.0
12.0	4.0
12.38	1.0
12.77	2.0
13.16	3.0
13.55	4.0
13.93	1.0
14.32	2.0
14.71	3.0
15.09	4.0
15.48	1.0
15.87	2.0
16.25	3.0
16.64	4.0
17.03	1.0
17.42	2.0
17.8	3.0
18.19	4.0
18.58	1.0
18.97	2.0
19.35	3.0
19.74	4.0
20.13	1.0
20.51	2.0
20.9	3.0
21.29	4.0
21.68	1.0
22.06	2.0
22.45	3.0
22.84	4.0
23.22	1.0
23.61	2.0
24.0	3.0
24.39	4.0
24.77	1.0
25.16	2.0
25.55	3.0
25.93	4.0
26.32	1.0
26.71	2.0
27.09	3.0
27.48	4.0
27.87	1.0
28.26	2.0
28.64	3.0
29.03	4.0
29.42	1.0
29.81	2.0
30.19	3.0
30.58	4.0
30.97	1.0
31.36	2.0
31.74	3.0
32.13	4.0
32.51	1.0
32.9	2.0
33.29	3.0
33.68	4.0
34.06	1.0
34.45	2.0
34.84	3.0
35.22	4.0
35.61	1.0
36.0	2.0
36.39	3.0
36.77	4.0
37.16	1.0
37.55	2.0
37.94	3.0
38.32	4.0
38.71	1.0
39.1	2.0
39.48	3.0
39.86	4.0
40.26	1.0
40.64	2.0
41.03	3.0
41.42	4.0
41.81	1.0
42.19	2.0
42.58	3.0
42.97	4.0
43.36	1.0
43.74	2.0
44.13	3.0
44.52	4.0
44.91	1.0
45.29	2.0
45.68	3.0
46.06	4.0
46.45	1.0
46.84	2.0
47.22	3.0
47.61	4.0
48.0	1.0
48.39	2.0
48.77	3.0
49.16	4.0
49.55	1.0
49.93	2.0
50.32	3.0
50.71	4.0
51.1	1.0
51.49	2.0
51.87	3.0
52.26	4.0
52.65	1.0
53.03	2.0
53.42	3.0
53.81	4.0
54.19	1.0
54.58	2.0
54.97	3.0
55.36	4.0
55.75	1.0
56.13	2.0
56.52	3.0
56.9	4.0
57.29	1.0
57.68	2.0
58.07	3.0
58.45	4.0
58.84	1.0
59.23	2.0
59.61	3.0
60.0	4.0
60.39	1.0
60.77	2.0
61.16	3.0
61.55	4.0
61.94	1.0
62.33	2.0
62.71	3.0
63.1	4.0
63.48	1.0
63.87	2.0
64.25	3.0
64.63	4.0
65.03	1.0
65.41	2.0
65.8	3.0
66.19	4.0
66.58	1.0
66.97	2.0
67.35	3.0
67.74	4.0
68.13	1.0
68.52	2.0
68.9	3.0
69.29	4.0
69.67	1.0
70.07	2.0
70.45	3.0
70.84	4.0
71.22	1.0
71.61	2.0
72.0	3.0
72.39	4.0
72.77	1.0
73.16	2.0
73.55	3.0
73.93	4.0
74.32	1.0
74.71	2.0
75.1	3.0
75.49	4.0
75.87	1.0
76.25	2.0
76.64	3.0
77.03	4.0
77.42	1.0
77.81	2.0
78.19	3.0
78.58	4.0
78.97	1.0
79.35	2.0
79.74	3.0
80.13	4.0
80.51	1.0
80.9	2.0
81.29	3.0
81.67	4.0
82.06	1.0
82.45	2.0
82.84	3.0
83.23	4.0
83.62	1.0
84.0	2.0
84.38	3.0
84.78	4.0
85.16	1.0
85.55	2.0
85.94	3.0
86.32	4.0
86.71	1.0
87.1	2.0
87.48	3.0
87.87	4.0
88.25	1.0
88.65	2.0
89.03	3.0
89.42	4.0
89.81	1.0
90.19	2.0
90.58	3.0
90.97	4.0
91.35	1.0
91.74	2.0
92.13	3.0
92.52	4.0
92.91	1.0
93.29	2.0
93.68	3.0
94.07	4.0
94.45	1.0
94.84	2.0
95.23	3.0
95.61	4.0
96.0	1.0
96.39	2.0
96.77	3.0
97.16	4.0
97.55	1.0
97.94	2.0
98.32	3.0
98.71	4.0
99.1	1.0
99.49	2.0
99.87	3.0
100.26	4.0
100.65	1.0
101.03	2.0
101.42	3.0
101.81	4.0
102.19	1.0
102.58	2.0
102.97	3.0
103.36	4.0
103.74	1.0
104.13	2.0
104.52	3.0
104.9	4.0
105.29	1.0
105.68	2.0
106.06	3.0
106.45	4.0
106.84	1.0
107.23	2.0
107.61	3.0
108.0	4.0
108.39	1.0
108.78	2.0
109.16	3.0
109.55	4.0
109.93	1.0
110.32	2.0
110.71	3.0
111.1	4.0
111.49	1.0
111.87	2.0
112.26	3.0
112.64	4.0
113.03	1.0
113.42	2.0
113.81	3.0
114.19	4.0
114.58	1.0
114.97	2.0
115.35	3.0
115.74	4.0
116.13	1.0
116.52	2.0
116.91	3.0
117.29	4.0
117.68	1.0
118.06	2.0
118.45	3.0
118.84	4.0
119.23	1.0
119.61	2.0
120.0	3.0
120.39	4.0
120.78	1.0
121.16	2.0
121.55	3.0
121.94	4.0
122.32	1.0
122.71	2.0
123.1	3.0
123.48	4.0
123.87	1.0
124.26	2.0
124.65	3.0
125.03	4.0
125.42	1.0
125.81	2.0
126.19	3.0
126.57	4.0
126.97	1.0
127.35	2.0
127.74	3.0
128.13	4.0
128.51	1.0
128.9	2.0
129.29	3.0
129.68	4.0
130.06	1.0
130.45	2.0
130.84	3.0
131.23	4.0
131.61	1.0
132.0	2.0
132.39	3.0
132.77	4.0
133.16	1.0
133.55	2.0
133.93	3.0
134.32	4.0
134.71	1.0
135.1	2.0
135.48	3.0
135.87	4.0
136.26	1.0
136.65	2.0
137.03	3.0
137.42	4.0
137.81	1.0
138.19	2.0
138.58	3.0
138.96	4.0
139.36	1.0
139.74	2.0
140.13	3.0
140.52	4.0
140.9	1.0
141.29	2.0
141.68	3.0
142.06	4.0
142.45	1.0
142.84	2.0
143.22	3.0
143.61	4.0
144.0	1.0
144.39	2.0
144.78	3.0
145.16	4.0
145.55	1.0
145.94	2.0
146.32	3.0
146.71	4.0
147.1	1.0
147.48	2.0
147.87	3.0
148.26	4.0
148.65	1.0
149.03	2.0
149.42	3.0
149.8	4.0
150.19	1.0
150.58	2.0
150.97	3.0
151.35	4.0
151.74	1.0
152.13	2.0
152.52	3.0
152.91	4.0
153.29	1.0
153.68	2.0
154.06	3.0
154.45	4.0
154.84	1.0
155.22	2.0
155.61	3.0
156.0	4.0
156.39	1.0
156.77	2.0
157.16	3.0
157.55	4.0
157.94	1.0
158.32	2.0
158.71	3.0
159.1	4.0
159.48	1.0
159.87	2.0
160.26	3.0
160.65	4.0
161.04	1.0
161.42	2.0
161.81	3.0
162.19	4.0
162.58	1.0
162.97	2.0
163.35	3.0
163.74	4.0
164.13	1.0
164.52	2.0
164.9	3.0
165.29	4.0
165.68	1.0
166.06	2.0
166.45	3.0
166.84	4.0
167.23	1.0
167.61	2.0
168.0	3.0
168.39	4.0
168.78	1.0
169.16	2.0
169.55	3.0
169.94	4.0
170.32	1.0
170.71	2.0
171.1	3.0
171.49	4.0
171.87	1.0
172.26	2.0
172.64	3.0
173.03	4.0
173.42	1.0
173.81	2.0
174.19	3.0
174.58	4.0
174.97	1.0
175.36	2.0
175.74	3.0
176.13	4.0
176.52	1.0
176.9	2.0
177.29	3.0
177.67	4.0
178.06	1.0
178.45	2.0
178.84	3.0
179.23	4.0
179.6	1.0
180.0	2.0
180.38	3.0
180.78	4.0
181.16	1.0
181.55	2.0
181.93	3.0
182.32	4.0
182.71	1.0
183.1	2.0
183.49	3.0
183.87	4.0
184.26	1.0
184.65	2.0
185.03	3.0
185.42	4.0
185.81	1.0
186.2	2.0
186.58	3.0
186.97	4.0
187.35	1.0
187.74	2.0
188.13	3.0
188.51	4.0
188.9	1.0
189.29	2.0
189.67	3.0
190.06	4.0
190.45	1.0
190.84	2.0
191.22	3.0
191.61	4.0
192.0	1.0
192.39	2.0
192.77	3.0
193.16	4.0
193.54	1.0
193.93	2.0
194.32	3.0
194.71	4.0
195.09	1.0
195.48	2.0
195.87	3.0
196.26	4.0
196.65	1.0
197.03	2.0
197.4	3.0
197.8	4.0
198.19	1.0
198.58	2.0
198.97	3.0
199.36	4.0
199.74	1.0
200.13	2.0
200.51	3.0
200.9	4.0
201.29	1.0
201.68	2.0
202.07	3.0
202.45	4.0
202.84	1.0
203.23	2.0
203.61	3.0
204.0	4.0
204.38	1.0
204.77	2.0
205.16	3.0
205.55	4.0
205.94	1.0
206.32	2.0
206.71	3.0
207.1	4.0
207.48	1.0
207.87	2.0
208.26	3.0
208.65	4.0
209.03	1.0
209.42	2.0
209.81	3.0
210.2	4.0
210.58	1.0
210.97	2.0
211.36	3.0
211.74	4.0
212.14	1.0
212.52	2.0
212.9	3.0
213.29	4.0
213.68	1.0
214.07	2.0
214.45	3.0
214.84	4.0
215.23	1.0
215.61	2.0
216.0	3.0
216.39	4.0
216.77	1.0
217.16	2.0
217.55	3.0
217.94	4.0
218.32	1.0
218.71	2.0
219.1	3.0
219.48	4.0
219.87	1.0
220.26	2.0
220.64	3.0
221.03	4.0
221.42	1.0
221.81	2.0
222.19	3.0
222.58	4.0
222.97	1.0
223.36	2.0
223.74	3.0
224.13	4.0
224.52	1.0
224.9	2.0
225.29	3.0
225.68	4.0
226.06	1.0
226.45	2.0
226.84	3.0
227.23	4.0
227.61	1.0
228.0	2.0
228.39	3.0
228.78	4.0
229.16	1.0
229.55	2.0
229.94	3.0
230.32	4.0
230.71	1.0
231.1	2.0
231.48	3.0
231.87	4.0
232.26	1.0
232.65	2.0
233.03	3.0
233.42	4.0
233.81	1.0
234.19	2.0
234.58	3.0
234.97	4.0
235.35	1.0
235.74	2.0
236.13	3.0
236.52	4.0
236.9	1.0
237.29	2.0
237.68	3.0
238.06	4.0
238.45	1.0
238.84	2.0
239.23	3.0
239.61	4.0
240.0	1.0
240.39	2.0
240.77	3.0
241.16	4.0
241.55	1.0
241.94	2.0
242.32	3.0
242.71	4.0
243.1	1.0
243.48	2.0
243.87	3.0
244.26	4.0
244.65	1.0
245.03	2.0
245.42	3.0
245.81	4.0
246.19	1.0
246.58	2.0
246.97	3.0
247.36	4.0
247.74	1.0
248.13	2.0
248.52	3.0
248.9	4.0
249.29	1.0
249.68	2.0
250.06	3.0
250.45	4.0
250.84	1.0
251.23	2.0
251.61	3.0
252.0	4.0
252.39	1.0
252.77	2.0
253.16	3.0
253.55	4.0
253.93	1.0
254.32	2.0
254.71	3.0
255.1	4.0
255.48	1.0
255.87	2.0
256.26	3.0
256.64	4.0
257.03	1.0
257.42	2.0
257.81	3.0
258.19	4.0
258.58	1.0
258.97	2.0
259.35	3.0
259.74	4.0
260.13	1.0
260.52	2.0
260.9	3.0
261.29	4.0
261.68	1.0
262.06	2.0
262.45	3.0
262.84	4.0
263.22	1.0
263.61	2.0
264.0	3.0
264.39	4.0
264.77	1.0