0.01	1.0
0.54	2.0
1.07	3.0
1.63	4.0
2.15	1.0
2.7	2.0
3.24	3.0
3.78	4.0
4.33	1.0
4.87	2.0
5.41	3.0
5.95	4.0
6.49	1.0
7.03	2.0
7.57	3.0
8.11	4.0
8.66	1.0
9.2	2.0
9.74	3.0
10.28	4.0
10.82	1.0
11.36	2.0
11.9	3.0
12.45	4.0
12.99	1.0
13.52	2.0
14.07	3.0
14.61	4.0
15.15	1.0
15.69	2.0
16.23	3.0
16.77	4.0
17.32	1.0
17.86	2.0
18.4	3.0
18.94	4.0
19.48	1.0
20.02	2.0
20.56	3.0
21.1	4.0
21.65	1.0
22.19	2.0
22.73	3.0
23.27	4.0
23.81	1.0
24.35	2.0
24.89	3.0
25.43	4.0
25.98	1.0
26.52	2.0
27.06	3.0
27.6	4.0
28.14	1.0
28.68	2.0
29.22	3.0
29.76	4.0
30.29	1.0
30.84	2.0
31.39	3.0
31.93	4.0
32.47	1.0
33.01	2.0
33.55	3.0
34.09	4.0
34.64	1.0
35.18	2.0
35.72	3.0
36.26	4.0
36.8	1.0
37.34	2.0
37.88	3.0
38.42	4.0
38.97	1.0
39.5	2.0
40.04	3.0
40.59	4.0
41.13	1.0
41.66	2.0
42.21	3.0
42.75	4.0
43.3	1.0
43.84	2.0
44.37	3.0
44.92	4.0
45.46	1.0
46.0	2.0
46.54	3.0
47.08	4.0
47.63	1.0
48.16	2.0
48.71	3.0
49.25	4.0
49.79	1.0
50.33	2.0
50.87	3.0
51.41	4.0
51.96	1.0
52.5	2.0
53.04	3.0
53.58	4.0
54.12	1.0
54.66	2.0
55.2	3.0
55.74	4.0
56.29	1.0
56.82	2.0
57.36	3.0
57.91	4.0
58.45	1.0
58.99	2.0
59.53	3.0
60.07	4.0
60.61	1.0
61.15	2.0
61.69	3.0
62.24	4.0
62.78	1.0
63.32	2.0
63.86	3.0
64.4	4.0
64.95	1.0
65.48	2.0
66.02	3.0
66.57	4.0
67.11	1.0
67.65	2.0
68.19	3.0
68.73	4.0
69.27	1.0
69.81	2.0
70.35	3.0
70.89	4.0
71.44	1.0
71.98	2.0
72.52	3.0
73.06	4.0
73.6	1.0
74.14	2.0
74.68	3.0
75.22	4.0
75.77	1.0
76.31	2.0
76.85	3.0
77.39	4.0
77.93	1.0
78.47	2.0
79.01	3.0
79.55	4.0
80.1	1.0
80.63	2.0
81.17	3.0
81.72	4.0
82.26	1.0
82.8	2.0
83.34	3.0
83.88	4.0
84.43	1.0
84.96	2.0
85.51	3.0
86.04	4.0
86.59	1.0
87.13	2.0
87.67	3.0
88.21	4.0
88.76	1.0
89.29	2.0
89.83	3.0
90.37	4.0
90.92	1.0
91.46	2.0
92.0	3.0
92.54	4.0
93.09	1.0
93.62	2.0
94.16	3.0
94.7	4.0
95.25	1.0
95.79	2.0
96.33	3.0
96.87	4.0
97.42	1.0
97.95	2.0
98.49	3.0
99.03	4.0
99.58	1.0
100.12	2.0
100.66	3.0
101.2	4.0
101.75	1.0
102.28	2.0
102.82	3.0
103.37	4.0
103.91	1.0
104.45	2.0
104.99	3.0
105.53	4.0
106.08	1.0
106.61	2.0
107.15	3.0
107.69	4.0
108.24	1.0
108.78	2.0
109.32	3.0
109.86	4.0
110.41	1.0
110.94	2.0
111.48	3.0
112.02	4.0
112.57	1.0
113.11	2.0
113.65	3.0
114.19	4.0
114.73	1.0
115.27	2.0
115.81	3.0
116.35	4.0
116.9	1.0
117.44	2.0
117.98	3.0
118.52	4.0
119.06	1.0
119.6	2.0
120.14	3.0
120.69	4.0
121.23	1.0
121.77	2.0
122.31	3.0
122.85	4.0
123.39	1.0
123.93	2.0
124.47	3.0
125.01	4.0
125.56	1.0
126.1	2.0
126.64	3.0
127.18	4.0
127.72	1.0
128.26	2.0
128.8	3.0
129.34	4.0
129.89	1.0
130.42	2.0
130.97	3.0
131.51	4.0
132.05	1.0
132.59	2.0
133.13	3.0
133.67	4.0
134.22	1.0
134.75	2.0
135.3	3.0
135.84	4.0
136.38	1.0
136.93	2.0
137.46	3.0
138.01	4.0
138.55	1.0
139.09	2.0
139.63	3.0
140.17	4.0
140.72	1.0
141.24	2.0
141.79	3.0
142.33	4.0
142.88	1.0
143.41	2.0
143.95	3.0
144.49	4.0
145.04	1.0
145.58	2.0
146.12	3.0
146.66	4.0
147.21	1.0
147.74	2.0
148.28	3.0
148.82	4.0
149.37	1.0
149.91	2.0
150.45	3.0
150.99	4.0
151.54	1.0
152.07	2.0
152.61	3.0
153.16	4.0
153.7	1.0
154.24	2.0
154.78	3.0
155.32	4.0
155.86	1.0
156.4	2.0
156.94	3.0
157.49	4.0
158.03	1.0
158.57	2.0
159.11	3.0
159.65	4.0
160.19	1.0
160.73	2.0
161.27	3.0
161.82	4.0
162.36	1.0
162.9	2.0
163.44	3.0
163.98	4.0
164.52	1.0
165.06	2.0
165.6	3.0
166.14	4.0
166.69	1.0
167.23	2.0
167.77	3.0
168.31	4.0
168.85	1.0
169.39	2.0
169.93	3.0
170.47	4.0
171.02	1.0
171.56	2.0
172.1	3.0
172.64	4.0
173.18	1.0
173.72	2.0
174.26	3.0
174.81	4.0
175.35	1.0
175.89	2.0
176.43	3.0
176.97	4.0
177.51	1.0
178.05	2.0
178.59	3.0
179.13	4.0
179.68	1.0
180.22	2.0
180.75	3.0
181.3	4.0
181.84	1.0
182.37	2.0
182.92	3.0
183.47	4.0
183.99	1.0
184.55	2.0
185.08	3.0
185.63	4.0
186.17	1.0
186.71	2.0
187.25	3.0
187.8	4.0
188.34	1.0
188.88	2.0
189.42	3.0
189.96	4.0
190.5	1.0
191.04	2.0
191.58	3.0
192.12	4.0
192.67	1.0
193.2	2.0
193.75	3.0
194.29	4.0
194.83	1.0
195.37	2.0
195.91	3.0
196.45	4.0
197.0	1.0
197.54	2.0
198.08	3.0
198.62	4.0
199.16	1.0
199.7	2.0
200.24	3.0
200.78	4.0
201.33	1.0
201.86	2.0
202.41	3.0
202.95	4.0
203.49	1.0
204.03	2.0
204.57	3.0
205.11	4.0
205.66	1.0
206.19	2.0
206.74	3.0
207.28	4.0
207.82	1.0
208.36	2.0
208.9	3.0
209.44	4.0
209.99	1.0
210.52	2.0
211.06	3.0
211.61	4.0
212.15	1.0
212.69	2.0
213.22	3.0
213.77	4.0
214.31	1.0
214.85	2.0
215.39	3.0
215.94	4.0
216.48	1.0
217.02	2.0
217.56	3.0
218.1	4.0
218.64	1.0
219.18	2.0
219.72	3.0
220.26	4.0
220.81	1.0
221.35	2.0
221.89	3.0
222.43	4.0
222.97	1.0
223.51	2.0
224.05	3.0
224.59	4.0
225.14	1.0
225.68	2.0
226.22	3.0
226.76	4.0
227.3	1.0
227.84	2.0
228.38	3.0
228.92	4.0
229.47	1.0
230.0	2.0
230.54	3.0
231.09	4.0
231.63	1.0
232.17	2.0
232.71	3.0
233.25	4.0
233.8	1.0
234.33	2.0
234.87	3.0
235.41	4.0
235.96	1.0
236.45	2.0
236.88	3.0
237.31	4.0
237.74	1.0
238.17	2.0
238.6	3.0
239.04	4.0