0.04	1.0
0.79	2.0
1.59	3.0
2.35	4.0
3.15	1.0
3.93	2.0
4.7	3.0
5.48	4.0
6.23	1.0
6.99	2.0
7.78	3.0
8.58	4.0
9.34	1.0
10.11	2.0
10.91	3.0
11.69	4.0
12.49	1.0
13.26	2.0
14.06	3.0
14.8	4.0
15.6	1.0
16.37	2.0
17.19	3.0
17.95	4.0
18.68	1.0
19.4	2.0
20.0	3.0
20.46	4.0
20.84	1.0
21.24	2.0
21.64	3.0
22.06	4.0
22.45	1.0
22.84	2.0
23.22	3.0
23.63	4.0
24.01	1.0
24.42	2.0
24.83	3.0
25.22	4.0
25.6	1.0
26.0	2.0
26.37	3.0
26.76	4.0
27.13	1.0
27.51	2.0
27.88	3.0
28.27	4.0
28.66	1.0
29.05	2.0
29.44	3.0
29.84	4.0
30.23	1.0
30.61	2.0
30.99	3.0
31.38	4.0
31.75	1.0
32.13	2.0
32.5	3.0
32.89	4.0
33.29	1.0
33.68	2.0
34.07	3.0
34.48	4.0
34.86	1.0
35.27	2.0
35.67	3.0
36.07	4.0
36.47	1.0
36.88	2.0
37.27	3.0
37.64	4.0
38.02	1.0
38.42	2.0
38.8	3.0
39.16	4.0
39.55	1.0
39.95	2.0
40.34	3.0
40.72	4.0
41.13	1.0
41.51	2.0
41.91	3.0
42.3	4.0
42.69	1.0
43.07	2.0
43.45	3.0
43.83	4.0
44.25	1.0
44.85	2.0
45.41	3.0
46.01	4.0
46.55	1.0
47.11	2.0
47.65	3.0
48.16	4.0
48.69	1.0
49.24	2.0
49.76	3.0
50.32	4.0
50.89	1.0
51.45	2.0
52.0	3.0
52.58	4.0
53.16	1.0
53.73	2.0
54.31	3.0
54.91	4.0
55.5	1.0
56.09	2.0
56.67	3.0
57.32	4.0
57.94	1.0
58.59	2.0
59.25	3.0
59.9	4.0
60.52	1.0
61.41	2.0
62.26	3.0
63.14	4.0
64.0	1.0
64.88	2.0
65.74	3.0
66.59	4.0
67.44	1.0
68.3	2.0
69.16	3.0
70.02	4.0
70.88	1.0
71.73	2.0
72.59	3.0
73.41	4.0
74.22	1.0
75.1	2.0
75.91	3.0
76.76	4.0
77.61	1.0
78.44	2.0
79.28	3.0
80.11	4.0
80.93	1.0
81.77	2.0
82.6	3.0
83.43	4.0
84.27	1.0
85.11	2.0
85.93	3.0
86.77	4.0
87.58	1.0
88.42	2.0
89.26	3.0
90.06	4.0
90.9	1.0
91.72	2.0
92.54	3.0
93.38	4.0
94.2	1.0
95.04	2.0
95.87	3.0
96.69	4.0
97.52	1.0
98.34	2.0
99.17	3.0
99.98	4.0
100.81	1.0
101.63	2.0
102.45	3.0
103.28	4.0
104.1	1.0
104.93	2.0
105.77	3.0
106.59	4.0
107.4	1.0
108.23	2.0
109.04	3.0
109.85	4.0
110.64	1.0
111.45	2.0
112.27	3.0
113.09	4.0
113.88	1.0
114.7	2.0
115.51	3.0
116.3	4.0
117.09	1.0
117.92	2.0
118.74	3.0
119.54	4.0
120.34	1.0
121.14	2.0
121.95	3.0
122.75	4.0
123.54	1.0
124.34	2.0
125.16	3.0
125.96	4.0
126.74	1.0
127.55	2.0
128.33	3.0
129.13	4.0
129.94	1.0
130.77	2.0
131.59	3.0
132.41	4.0
133.23	1.0
134.04	2.0
134.86	3.0
135.68	4.0
136.5	1.0
137.32	2.0
138.13	3.0
138.97	4.0
139.79	1.0
140.61	2.0
141.4	3.0
142.24	4.0
143.01	1.0
143.79	2.0
144.6	3.0
145.4	4.0
146.19	1.0
146.98	2.0
147.77	3.0
148.55	4.0
149.33	1.0
150.13	2.0
150.91	3.0
151.71	4.0
152.49	1.0
153.25	2.0
154.02	3.0
154.82	4.0
155.62	1.0
156.44	2.0
157.22	3.0
158.01	4.0
158.8	1.0
159.62	2.0
160.4	3.0
161.18	4.0
161.98	1.0
162.78	2.0
163.57	3.0
164.34	4.0
165.14	1.0
165.96	2.0
166.75	3.0
167.55	4.0
168.36	1.0
169.15	2.0
169.95	3.0
170.72	4.0
171.47	1.0
172.29	2.0
173.08	3.0
173.88	4.0
174.68	1.0
175.49	2.0
176.28	3.0
177.1	4.0
177.91	1.0
178.72	2.0
179.52	3.0
180.33	4.0
181.14	1.0
181.93	2.0
182.72	3.0
183.52	4.0
184.32	1.0
185.13	2.0
185.93	3.0
186.74	4.0
187.56	1.0
188.36	2.0
189.15	3.0
189.94	4.0
190.74	1.0
191.54	2.0
192.31	3.0
193.14	4.0
193.95	1.0
194.75	2.0
195.54	3.0
196.32	4.0
197.1	1.0
197.9	2.0
198.72	3.0
199.52	4.0
200.32	1.0
201.14	2.0
201.96	3.0
202.76	4.0
203.54	1.0
204.36	2.0
205.18	3.0
206.04	4.0
206.84	1.0
207.65	2.0
208.48	3.0
209.29	4.0
210.09	1.0
210.91	2.0
211.68	3.0
212.46	4.0
213.25	1.0
214.04	2.0
214.84	3.0
215.6	4.0
216.38	1.0
217.15	2.0
217.93	3.0
218.7	4.0
219.48	1.0
220.26	2.0
221.04	3.0
221.81	4.0
222.57	1.0
223.33	2.0
224.11	3.0
224.87	4.0
225.64	1.0
226.42	2.0
227.21	3.0
227.96	4.0
228.73	1.0
229.47	2.0
230.25	3.0
231.0	4.0
231.75	1.0
232.56	2.0
233.34	3.0
234.09	4.0
234.84	1.0
235.6	2.0
236.38	3.0
237.15	4.0
237.91	1.0
238.65	2.0
239.42	3.0
240.15	4.0
240.91	1.0
241.64	2.0
242.4	3.0
243.16	4.0
243.9	1.0
244.64	2.0
245.41	3.0
246.15	4.0
246.92	1.0
247.66	2.0
248.43	3.0
249.17	4.0
249.93	1.0
250.66	2.0
251.39	3.0
252.14	4.0
252.91	1.0
253.63	2.0
254.4	3.0
255.13	4.0
255.9	1.0
256.64	2.0
257.4	3.0
258.13	4.0
258.89	1.0
259.62	2.0
260.39	3.0
261.11	4.0
261.87	1.0
262.59	2.0
263.34	3.0
264.06	4.0
264.79	1.0
265.51	2.0
266.25	3.0
266.97	4.0
267.73	1.0
268.44	2.0
269.21	3.0
269.92	4.0
270.66	1.0
271.39	2.0
272.13	3.0
272.84	4.0