0.81	3.0
1.32	4.0
1.86	1.0
2.38	2.0
2.9	3.0
3.43	4.0
3.92	1.0
4.45	2.0
5.0	3.0
5.53	4.0
6.03	1.0
6.55	2.0
7.05	3.0
7.57	4.0
8.09	1.0
8.61	2.0
9.15	3.0
9.67	4.0
10.18	1.0
10.69	2.0
11.21	3.0
11.73	4.0
12.25	1.0
12.77	2.0
13.33	3.0
13.86	4.0
14.35	1.0
14.86	2.0
15.39	3.0
15.89	4.0
16.4	1.0
16.91	2.0
17.44	3.0
17.95	4.0
18.47	1.0
18.97	2.0
19.48	3.0
20.0	4.0
20.51	1.0
21.04	2.0
21.54	3.0
22.06	4.0
22.59	1.0
23.12	2.0
23.63	3.0
24.17	4.0
24.68	1.0
25.19	2.0
25.7	3.0
26.22	4.0
26.74	1.0
27.25	2.0
27.77	3.0
28.28	4.0
28.78	1.0
29.3	2.0
29.81	3.0
30.33	4.0
30.83	1.0
31.38	2.0
31.9	3.0
32.39	4.0
32.87	1.0
33.4	2.0
33.92	3.0
34.43	4.0
34.91	1.0
35.45	2.0
35.95	3.0
36.45	4.0
36.93	1.0
37.45	2.0
37.95	3.0
38.46	4.0
38.96	1.0
39.48	2.0
39.99	3.0
40.51	4.0
41.01	1.0
41.51	2.0
41.99	3.0
42.49	4.0
43.0	1.0
43.51	2.0
44.02	3.0
44.53	4.0
45.03	1.0
45.53	2.0
46.03	3.0
46.52	4.0
47.03	1.0
47.53	2.0
48.04	3.0
48.54	4.0
49.04	1.0
49.54	2.0
50.05	3.0
50.54	4.0
51.04	1.0
51.53	2.0
52.03	3.0
52.54	4.0
53.05	1.0
53.53	2.0
54.03	3.0
54.53	4.0
55.03	1.0
55.51	2.0
56.0	3.0
56.49	4.0
57.0	1.0
57.5	2.0
58.0	3.0
58.49	4.0
58.98	1.0
59.48	2.0
59.97	3.0
60.45	4.0
60.95	1.0
61.45	2.0
61.94	3.0
62.43	4.0
62.89	1.0
63.39	2.0
63.88	3.0
64.38	4.0
64.86	1.0
65.37	2.0
65.87	3.0
66.36	4.0
66.84	1.0
67.36	2.0
67.85	3.0
68.35	4.0
68.83	1.0
69.34	2.0
69.86	3.0
70.35	4.0
70.83	1.0
71.34	2.0
71.85	3.0
72.34	4.0
72.81	1.0
73.32	2.0
73.82	3.0
74.31	4.0
74.77	1.0
75.3	2.0
75.81	3.0
76.33	4.0
76.82	1.0
77.32	2.0
77.85	3.0
78.56	4.0
79.28	1.0
80.02	2.0
80.73	3.0
81.21	4.0
81.71	1.0
82.2	2.0
82.69	3.0
83.17	4.0
83.66	1.0
84.14	2.0
84.63	3.0
85.11	4.0
85.61	1.0
86.09	2.0
86.58	3.0
87.07	4.0
87.55	1.0
88.03	2.0
88.51	3.0
88.99	4.0
89.48	1.0
89.97	2.0
90.45	3.0
90.93	4.0
91.41	1.0
91.89	2.0
92.38	3.0
92.87	4.0
93.35	1.0
93.83	2.0
94.32	3.0
94.81	4.0
95.29	1.0
95.78	2.0
96.26	3.0
96.75	4.0
97.23	1.0
97.72	2.0
98.2	3.0
98.68	4.0
99.17	1.0
99.65	2.0
100.11	3.0
100.59	4.0
101.09	1.0
101.57	2.0
102.05	3.0
102.53	4.0
103.0	1.0
103.48	2.0
103.96	3.0
104.44	4.0
104.93	1.0
105.42	2.0
105.9	3.0
106.38	4.0
106.86	1.0
107.33	2.0
107.8	3.0
108.3	4.0
108.76	1.0
109.26	2.0
109.73	3.0
110.2	4.0
110.69	1.0
111.17	2.0
111.64	3.0
112.11	4.0
112.59	1.0
113.07	2.0
113.56	3.0
114.03	4.0
114.51	1.0
114.98	2.0
115.45	3.0
115.92	4.0
116.4	1.0
116.88	2.0
117.36	3.0
117.83	4.0
118.31	1.0
118.78	2.0
119.26	3.0
119.74	4.0
120.22	1.0
120.7	2.0
121.18	3.0
121.65	4.0
122.13	1.0
122.59	2.0
123.07	3.0
123.54	4.0
124.01	1.0
124.49	2.0
124.98	3.0
125.45	4.0
125.93	1.0
126.4	2.0
126.87	3.0
127.35	4.0
127.83	1.0
128.31	2.0
128.78	3.0
129.27	4.0
129.74	1.0
130.22	2.0
130.69	3.0
131.16	4.0
131.64	1.0
132.13	2.0
132.6	3.0
133.07	4.0
133.55	1.0
134.03	2.0
134.52	3.0
134.99	4.0
135.48	1.0
135.95	2.0
136.43	3.0
136.91	4.0
137.38	1.0
137.87	2.0
138.34	3.0
138.81	4.0
139.28	1.0
139.77	2.0
140.25	3.0
140.73	4.0
141.2	1.0
141.68	2.0
142.16	3.0
142.64	4.0
143.12	1.0
143.59	2.0
144.06	3.0
144.55	4.0
145.03	1.0
145.52	2.0
145.99	3.0
146.48	4.0
146.96	1.0
147.46	2.0
147.92	3.0
148.41	4.0
148.92	1.0
149.42	2.0
149.93	3.0
150.44	4.0
150.93	1.0
151.43	2.0
151.91	3.0
152.4	4.0
152.9	1.0
153.39	2.0
153.89	3.0
154.37	4.0
154.86	1.0
155.34	2.0
155.83	3.0
156.31	4.0
156.78	1.0
157.27	2.0
157.76	3.0
158.25	4.0
158.74	1.0
159.21	2.0
159.7	3.0
160.2	4.0
160.68	1.0
161.15	2.0
161.63	3.0
162.13	4.0
162.62	1.0
163.09	2.0
163.57	3.0
164.05	4.0
164.53	1.0
165.01	2.0
165.49	3.0
165.98	4.0
166.46	1.0
166.95	2.0
167.44	3.0
167.92	4.0
168.41	1.0
168.89	2.0
169.36	3.0
169.82	4.0
170.31	1.0
170.82	2.0
171.31	3.0
171.8	4.0
172.26	1.0
172.77	2.0
173.27	3.0
173.75	4.0
174.22	1.0
174.73	2.0
175.23	3.0
175.72	4.0
176.18	1.0
176.7	2.0
177.19	3.0
177.69	4.0
178.16	1.0
178.67	2.0
179.17	3.0
179.65	4.0
180.13	1.0
180.65	2.0
181.16	3.0
181.65	4.0
182.12	1.0
182.63	2.0
183.11	3.0
183.59	4.0
184.07	1.0
184.57	2.0
185.07	3.0
185.57	4.0
186.07	1.0
186.57	2.0
187.08	3.0
187.8	4.0
188.52	1.0
189.25	2.0
189.96	3.0
190.45	4.0
190.93	1.0
191.42	2.0
191.89	3.0
192.37	4.0
192.86	1.0
193.34	2.0
193.81	3.0
194.29	4.0
194.79	1.0
195.26	2.0
195.75	3.0
196.22	4.0
196.7	1.0
197.18	2.0
197.66	3.0
198.14	4.0
198.62	1.0
199.09	2.0
199.57	3.0
200.04	4.0
200.51	1.0
200.99	2.0
201.46	3.0
201.94	4.0
202.4	1.0
202.89	2.0
203.36	3.0
203.83	4.0
204.31	1.0
204.78	2.0
205.26	3.0
205.73	4.0
206.21	1.0
206.68	2.0
207.16	3.0
207.63	4.0
208.11	1.0
208.59	2.0
209.05	3.0
209.52	4.0
210.0	1.0
210.49	2.0
210.95	3.0
211.43	4.0
211.92	1.0
212.39	2.0
212.86	3.0
213.34	4.0
213.82	1.0
214.3	2.0
214.78	3.0
215.25	4.0
215.73	1.0
216.2	2.0
216.66	3.0
217.14	4.0
217.59	1.0
218.09	2.0
218.56	3.0
219.03	4.0
219.51	1.0
219.99	2.0
220.46	3.0
220.93	4.0
221.42	1.0
221.89	2.0
222.37	3.0
222.84	4.0
223.31	1.0
223.77	2.0
224.24	3.0
224.7	4.0
225.18	1.0
225.64	2.0
226.12	3.0
226.6	4.0
227.08	1.0
227.54	2.0
228.01	3.0
228.47	4.0
228.95	1.0
229.42	2.0
229.89	3.0
230.37	4.0
230.85	1.0
231.32	2.0
231.78	3.0
232.26	4.0
232.72	1.0
233.2	2.0
233.68	3.0
234.17	4.0
234.63	1.0
235.1	2.0
235.57	3.0
236.05	4.0
236.53	1.0
237.0	2.0
237.49	3.0
237.95	4.0
238.42	1.0
238.88	2.0
239.34	3.0
239.81	4.0
240.29	1.0
240.76	2.0
241.24	3.0
241.71	4.0
242.19	1.0
242.65	2.0
243.12	3.0
243.59	4.0
244.06	1.0
244.52	2.0
244.99	3.0
245.46	4.0
245.94	1.0
246.41	2.0
246.86	3.0
247.32	4.0
247.79	1.0
248.27	2.0
248.74	3.0
249.21	4.0
249.68	1.0
250.16	2.0
250.63	3.0
251.1	4.0
251.58	1.0
252.04	2.0
252.51	3.0
252.99	4.0
253.45	1.0
253.91	2.0
254.38	3.0
254.84	4.0
255.31	1.0
255.79	2.0
256.26	3.0
256.73	4.0
257.2	1.0
257.67	2.0
258.14	3.0
258.61	4.0
259.08	1.0
259.55	2.0
260.02	3.0
260.48	4.0
260.95	1.0
261.41	2.0
261.86	3.0
262.32	4.0
262.78	1.0
263.26	2.0
263.74	3.0
264.2	4.0
264.66	1.0
265.14	2.0
265.61	3.0
266.09	4.0
266.55	1.0
267.03	2.0
267.5	3.0
267.97	4.0
268.44	1.0
268.81	2.0
269.17	3.0
269.53	4.0
269.9	1.0
270.36	2.0
270.83	3.0
271.31	4.0
271.76	1.0
272.25	2.0
272.71	3.0
273.17	4.0
273.62	1.0
274.09	2.0
274.55	3.0
275.0	4.0
275.47	1.0
275.95	2.0
276.42	3.0
276.88	4.0
277.33	1.0
277.81	2.0
278.27	3.0
278.73	4.0
279.18	1.0
279.67	2.0
280.14	3.0
280.59	4.0
281.04	1.0
281.41	2.0
281.75	3.0
282.12	4.0
282.47	1.0
282.92	2.0
283.37	3.0
283.82	4.0
284.25	1.0
284.73	2.0
285.19	3.0
285.64	4.0
286.1	1.0
286.57	2.0
287.03	3.0
287.49	4.0
287.95	1.0
288.4	2.0
288.86	3.0
289.32	4.0
289.78	1.0
290.24	2.0
290.69	3.0
291.15	4.0
291.6	1.0
292.07	2.0
292.53	3.0
292.98	4.0
293.44	1.0
293.9	2.0
294.36	3.0
294.82	4.0
295.28	1.0
295.75	2.0
296.2	3.0
296.66	4.0
297.11	1.0
297.57	2.0
298.03	3.0
298.5	4.0
298.95	1.0
299.42	2.0
299.88	3.0
300.34	4.0
300.79	1.0
301.26	2.0
301.72	3.0
302.18	4.0
302.63	1.0
303.1	2.0
303.56	3.0
304.01	4.0
304.48	1.0
304.94	2.0
305.4	3.0
305.86	4.0
306.3	1.0
306.78	2.0
307.24	3.0
307.7	4.0
308.15	1.0
308.61	2.0
309.06	3.0
309.52	4.0
309.97	1.0
310.44	2.0
310.89	3.0
311.36	4.0
311.81	1.0
312.25	2.0
312.71	3.0
313.16	4.0
313.61	1.0
314.08	2.0
314.54	3.0
315.0	4.0
315.46	1.0
315.92	2.0
316.37	3.0
316.84	4.0
317.3	1.0
317.78	2.0
318.24	3.0
318.7	4.0
319.17	1.0
319.63	2.0
320.09	3.0
320.55	4.0
320.99	1.0
321.46	2.0
321.92	3.0
322.39	4.0
322.84	1.0
323.3	2.0
323.76	3.0
324.22	4.0
324.67	1.0
325.14	2.0
325.6	3.0
326.06	4.0
326.53	1.0
326.99	2.0
327.45	3.0
327.91	4.0
328.36	1.0
328.84	2.0
329.3	3.0
329.76	4.0
330.22	1.0
330.68	2.0
331.14	3.0
331.61	4.0
332.06	1.0
332.52	2.0
332.98	3.0
333.44	4.0
333.89	1.0
334.35	2.0
334.8	3.0
335.26	4.0
335.72	1.0
336.18	2.0
336.64	3.0
337.1	4.0
337.56	1.0
338.02	2.0
338.47	3.0
338.93	4.0
339.38	1.0
339.84	2.0
340.31	3.0
340.77	4.0
341.22	1.0
341.68	2.0
342.12	3.0
342.58	4.0
343.02	1.0
343.49	2.0
343.95	3.0