0.0	1.0
0.64	2.0
1.32	3.0
1.97	4.0
2.66	1.0
3.32	2.0
3.99	3.0
4.66	4.0
5.36	1.0
5.99	2.0
6.65	3.0
7.32	4.0
7.98	1.0
8.65	2.0
9.32	3.0
9.98	4.0
10.65	1.0
11.32	2.0
11.98	3.0
12.65	4.0
13.31	1.0
13.98	2.0
14.65	3.0
15.32	4.0
15.98	1.0
16.65	2.0
17.31	3.0
17.99	4.0
18.65	1.0
19.32	2.0
19.98	3.0
20.65	4.0
21.31	1.0
21.99	2.0
22.65	3.0
23.32	4.0
23.98	1.0
24.65	2.0
25.32	3.0
25.99	4.0
26.66	1.0
27.33	2.0
27.99	3.0
28.67	4.0
29.33	1.0
30.0	2.0
30.66	3.0
31.33	4.0
31.99	1.0
32.67	2.0
33.32	3.0
34.0	4.0
34.66	1.0
35.33	2.0
35.99	3.0
36.67	4.0
37.33	1.0
38.0	2.0
38.66	3.0
39.33	4.0
40.0	1.0
40.66	2.0
41.33	3.0
42.0	4.0
42.66	1.0
43.33	2.0
43.99	3.0
44.67	4.0
45.33	1.0
46.0	2.0
46.66	3.0
47.33	4.0
47.99	1.0
48.66	2.0
49.32	3.0
50.0	4.0
50.66	1.0
51.34	2.0
51.99	3.0
52.67	4.0
53.33	1.0
54.0	2.0
54.66	3.0
55.33	4.0
55.99	1.0
56.66	2.0
57.33	3.0
58.0	4.0
58.66	1.0
59.33	2.0
59.99	3.0
60.67	4.0
61.33	1.0
62.0	2.0
62.66	3.0
63.33	4.0
64.0	1.0
64.67	2.0
65.33	3.0
66.01	4.0
66.67	1.0
67.34	2.0
68.0	3.0
68.67	4.0
69.33	1.0
70.0	2.0
70.68	3.0
71.36	4.0
71.99	1.0
72.62	2.0
73.29	3.0
74.0	4.0
74.67	1.0
75.33	2.0
76.01	3.0
76.68	4.0
77.34	1.0
77.99	2.0
78.66	3.0
79.36	4.0
80.02	1.0
80.67	2.0
81.33	3.0
82.04	4.0
82.66	1.0
83.31	2.0
83.97	3.0
84.68	4.0
85.34	1.0
86.01	2.0
86.68	3.0
87.3	4.0
87.99	1.0
88.61	2.0
89.29	3.0
90.0	4.0
90.66	1.0
91.41	2.0
92.13	3.0
92.83	4.0
93.58	1.0
94.42	2.0
95.43	3.0
96.39	4.0
97.32	1.0
97.98	2.0
98.67	3.0
99.34	4.0
100.0	1.0
100.67	2.0
101.33	3.0
102.0	4.0
102.66	1.0
103.33	2.0
104.0	3.0
104.67	4.0
105.33	1.0
106.0	2.0
106.67	3.0
107.34	4.0
108.0	1.0
108.67	2.0
109.33	3.0
110.0	4.0
110.66	1.0
111.34	2.0
112.0	3.0
112.67	4.0
113.33	1.0
114.0	2.0
114.67	3.0
115.34	4.0
116.0	1.0
116.67	2.0
117.33	3.0
118.0	4.0
118.66	1.0
119.34	2.0
120.0	3.0
120.67	4.0
121.33	1.0
122.0	2.0
122.67	3.0
123.34	4.0
124.0	1.0
124.67	2.0
125.34	3.0
126.0	4.0
126.66	1.0
127.33	2.0
128.0	3.0
128.67	4.0
129.33	1.0
130.0	2.0
130.66	3.0
131.34	4.0
132.0	1.0
132.66	2.0
133.33	3.0
134.0	4.0
134.66	1.0
135.34	2.0
136.0	3.0
136.67	4.0
137.33	1.0
138.0	2.0
138.67	3.0
139.33	4.0
139.99	1.0
140.67	2.0
141.32	3.0
141.98	4.0
142.66	1.0
143.33	2.0
144.0	3.0
144.67	4.0
145.33	1.0
146.0	2.0
146.67	3.0
147.33	4.0
148.0	1.0
148.67	2.0
149.33	3.0
150.0	4.0
150.66	1.0
151.34	2.0
152.0	3.0
152.67	4.0
153.33	1.0
154.0	2.0
154.67	3.0
155.33	4.0
156.0	1.0
156.67	2.0
157.33	3.0
158.0	4.0
158.66	1.0
159.33	2.0
160.0	3.0
160.66	4.0
161.33	1.0
162.0	2.0
162.67	3.0
163.34	4.0
164.0	1.0
164.67	2.0
165.34	3.0
166.0	4.0
166.66	1.0
167.34	2.0
168.0	3.0
168.67	4.0
169.33	1.0
170.0	2.0
170.67	3.0
171.33	4.0
172.0	1.0
172.67	2.0
173.33	3.0
174.0	4.0
174.67	1.0
175.34	2.0
176.0	3.0
176.67	4.0
177.33	1.0
178.0	2.0
178.67	3.0
179.36	4.0
179.85	1.0
180.33	2.0
180.83	3.0
181.31	4.0
181.65	1.0
181.99	2.0
182.32	3.0
182.65	4.0
182.99	1.0
183.33	2.0
183.67	3.0
184.0	4.0
184.33	1.0
184.66	2.0
185.0	3.0
185.33	4.0
185.66	1.0
186.0	2.0
186.34	3.0
186.67	4.0
186.99	1.0
187.33	2.0
187.66	3.0
187.99	4.0
188.32	1.0
188.66	2.0
189.0	3.0
189.33	4.0
189.66	1.0
189.99	2.0
190.33	3.0
190.66	4.0
190.99	1.0
191.33	2.0
191.68	3.0
192.0	4.0
192.33	1.0
192.66	2.0
193.0	3.0
193.33	4.0
193.66	1.0
194.0	2.0
194.34	3.0
194.66	4.0
194.99	1.0
195.33	2.0
195.66	3.0
196.0	4.0
196.33	1.0
196.67	2.0
197.01	3.0
197.33	4.0
197.66	1.0
198.0	2.0
198.33	3.0
198.66	4.0
199.0	1.0
199.33	2.0
199.67	3.0
200.0	4.0
200.33	1.0
200.66	2.0
201.0	3.0
201.33	4.0
201.66	1.0
202.0	2.0
202.35	3.0
202.66	4.0
203.0	1.0
203.33	2.0
203.66	3.0
203.99	4.0
204.32	1.0
204.67	2.0
205.0	3.0
205.33	4.0
205.66	1.0
206.0	2.0
206.33	3.0
206.66	4.0
206.99	1.0
207.33	2.0
207.67	3.0
208.0	4.0
208.33	1.0
208.66	2.0
209.0	3.0
209.33	4.0
209.66	1.0
210.0	2.0
210.33	3.0
210.66	4.0
210.99	1.0
211.33	2.0
211.66	3.0
211.99	4.0
212.33	1.0
212.66	2.0
213.0	3.0
213.33	4.0
213.66	1.0
214.0	2.0
214.33	3.0
214.66	4.0
214.99	1.0
215.33	2.0
215.67	3.0
216.0	4.0
216.33	1.0
216.66	2.0
217.0	3.0
217.33	4.0
217.66	1.0
218.0	2.0
218.34	3.0
218.67	4.0
218.99	1.0
219.33	2.0
219.66	3.0
219.99	4.0
220.33	1.0
220.67	2.0
221.0	3.0
221.33	4.0
221.66	1.0
221.99	2.0
222.33	3.0
222.66	4.0
222.99	1.0
223.33	2.0
223.68	3.0
224.0	4.0
224.33	1.0
224.66	2.0
225.0	3.0
225.33	4.0
225.66	1.0
226.0	2.0
226.33	3.0
226.66	4.0
227.0	1.0
227.33	2.0
227.67	3.0
228.0	4.0
228.33	1.0
228.66	2.0
229.02	3.0
229.33	4.0
229.66	1.0
230.0	2.0
230.33	3.0
230.66	4.0
231.0	1.0
231.33	2.0
231.67	3.0
231.99	4.0
232.33	1.0
232.66	2.0
233.0	3.0
233.33	4.0
233.66	1.0
234.0	2.0
234.35	3.0
234.67	4.0
235.0	1.0
235.33	2.0
235.66	3.0
235.99	4.0
236.33	1.0
236.67	2.0
237.0	3.0
237.33	4.0
237.66	1.0
238.0	2.0
238.33	3.0
238.67	4.0
238.99	1.0
239.33	2.0
239.68	3.0
240.0	4.0
240.33	1.0
240.66	2.0
241.0	3.0
241.33	4.0
241.67	1.0
242.0	2.0
242.34	3.0
242.66	4.0
242.99	1.0
243.33	2.0
243.66	3.0
243.99	4.0
244.33	1.0
244.67	2.0
245.02	3.0
245.33	4.0
245.66	1.0
246.0	2.0
246.33	3.0
246.66	4.0
247.0	1.0
247.33	2.0
247.67	3.0
248.0	4.0
248.33	1.0
248.66	2.0
249.0	3.0
249.33	4.0
249.66	1.0
250.0	2.0
250.34	3.0
250.67	4.0
251.0	1.0
251.33	2.0
251.67	3.0
252.0	4.0
252.33	1.0
252.66	2.0
253.01	3.0
253.33	4.0
253.66	1.0
254.0	2.0
254.34	3.0
254.66	4.0
254.99	1.0
255.33	2.0
255.68	3.0
256.0	4.0
256.33	1.0
256.67	2.0
257.0	3.0
257.32	4.0
257.67	1.0
258.0	2.0
258.33	3.0
258.66	4.0
259.0	1.0
259.33	2.0
259.67	3.0
260.0	4.0
260.33	1.0
260.67	2.0
261.01	3.0
261.33	4.0
261.66	1.0
262.0	2.0
262.33	3.0
262.66	4.0
263.0	1.0
263.33	2.0
263.67	3.0
264.01	4.0
264.5	1.0
265.0	2.0
265.5	3.0
266.0	4.0
266.67	1.0
267.33	2.0
268.0	3.0
268.67	4.0
269.33	1.0
270.0	2.0
270.66	3.0
271.33	4.0
272.0	1.0
272.66	2.0
273.33	3.0
274.0	4.0
274.67	1.0
275.33	2.0
275.99	3.0
276.66	4.0
277.33	1.0
278.0	2.0
278.66	3.0
279.33	4.0
280.0	1.0
280.66	2.0
281.33	3.0
282.0	4.0
282.67	1.0
283.33	2.0
283.99	3.0
284.67	4.0
285.33	1.0
286.0	2.0
286.66	3.0
287.33	4.0
288.0	1.0
288.66	2.0
289.33	3.0
290.0	4.0
290.67	1.0
291.33	2.0
291.99	3.0
292.66	4.0
293.33	1.0
294.0	2.0
294.66	3.0
295.33	4.0
296.0	1.0
296.66	2.0
297.33	3.0
298.0	4.0
298.67	1.0
299.33	2.0
299.99	3.0
300.66	4.0
301.33	1.0
302.0	2.0
302.66	3.0
303.33	4.0
304.0	1.0
304.66	2.0
305.33	3.0
306.0	4.0
306.66	1.0
307.33	2.0
308.0	3.0
308.66	4.0
309.33	1.0
310.0	2.0
310.67	3.0
311.34	4.0
312.0	1.0
312.67	2.0
313.38	3.0
313.99	4.0
314.67	1.0
315.33	2.0
315.99	3.0
316.66	4.0
317.33	1.0
318.0	2.0
318.66	3.0
319.33	4.0
320.0	1.0
320.66	2.0
321.33	3.0
322.0	4.0
322.67	1.0
323.33	2.0
323.99	3.0
324.66	4.0
325.33	1.0
326.0	2.0
326.66	3.0
327.33	4.0
328.0	1.0
328.65	2.0
329.33	3.0
330.0	4.0
330.66	1.0
331.33	2.0
331.99	3.0
332.66	4.0
333.33	1.0
334.0	2.0
334.66	3.0
335.33	4.0
336.0	1.0
336.65	2.0
337.33	3.0
338.0	4.0
338.67	1.0
339.33	2.0
339.99	3.0
340.66	4.0
341.33	1.0
342.0	2.0
342.66	3.0
343.33	4.0
344.0	1.0
344.66	2.0
345.33	3.0
346.0	4.0
346.67	1.0
347.33	2.0
347.99	3.0
348.67	4.0
349.33	1.0
350.0	2.0
350.66	3.0
351.33	4.0
352.0	1.0
352.66	2.0
353.33	3.0
354.0	4.0
354.67	1.0
355.33	2.0
355.99	3.0
356.66	4.0
357.33	1.0
358.0	2.0
358.67	3.0
359.33	4.0
360.0	1.0
360.66	2.0
361.33	3.0
362.0	4.0
362.66	1.0
363.33	2.0
364.0	3.0
364.67	4.0
365.33	1.0
366.0	2.0
366.66	3.0
367.33	4.0
368.0	1.0
368.66	2.0
369.33	3.0
370.0	4.0
370.67	1.0
371.33	2.0
371.94	3.0
372.32	4.0
372.67	1.0
373.0	2.0
373.33	3.0
373.66	4.0
374.0	1.0
374.33	2.0
374.66	3.0
374.99	4.0
375.33	1.0
375.67	2.0
376.0	3.0
376.33	4.0
376.66	1.0
377.0	2.0
377.32	3.0
377.66	4.0
378.0	1.0
378.33	2.0
378.66	3.0
378.99	4.0
379.32	1.0
379.66	2.0
380.0	3.0
380.32	4.0
380.66	1.0
381.0	2.0
381.33	3.0
381.66	4.0
381.99	1.0
382.33	2.0
382.66	3.0
382.99	4.0
383.33	1.0
383.67	2.0
384.0	3.0
384.32	4.0
384.66	1.0
385.0	2.0
385.33	3.0
385.66	4.0
386.0	1.0
386.34	2.0
386.66	3.0
386.99	4.0
387.33	1.0
387.67	2.0
387.99	3.0
388.33	4.0
388.66	1.0
389.0	2.0
389.33	3.0
389.65	4.0
389.99	1.0
390.33	2.0
390.66	3.0
390.99	4.0
391.32	1.0
391.64	2.0
391.96	3.0
392.27	4.0
392.6	1.0
392.91	2.0