1.62	1.0
2.03	2.0
2.43	3.0
2.83	4.0
3.24	1.0
3.64	2.0
4.05	3.0
4.46	4.0
4.86	1.0
5.27	2.0
5.67	3.0
6.08	4.0
6.48	1.0
6.89	2.0
7.3	3.0
7.7	4.0
8.11	1.0
8.51	2.0
8.92	3.0
9.32	4.0
9.73	1.0
10.13	2.0
10.54	3.0
10.94	4.0
11.35	1.0
11.76	2.0
12.16	3.0
12.57	4.0
12.97	1.0
13.38	2.0
13.78	3.0
14.19	4.0
14.59	1.0
15.0	2.0
15.4	3.0
15.81	4.0
16.22	1.0
16.62	2.0
17.03	3.0
17.43	4.0
17.84	1.0
18.24	2.0
18.65	3.0
19.05	4.0
19.46	1.0
19.86	2.0
20.27	3.0
20.67	4.0
21.08	1.0
21.48	2.0
21.89	3.0
22.3	4.0
22.7	1.0
23.11	2.0
23.51	3.0
23.92	4.0
24.32	1.0
24.73	2.0
25.13	3.0
25.54	4.0
25.94	1.0
26.35	2.0
26.75	3.0
27.16	4.0
27.57	1.0
27.97	2.0
28.38	3.0
28.78	4.0
29.19	1.0
29.59	2.0
30.0	3.0
30.4	4.0
30.81	1.0
31.21	2.0
31.62	3.0
32.03	4.0
32.43	1.0
32.83	2.0
33.24	3.0
33.65	4.0
34.05	1.0
34.46	2.0
34.86	3.0
35.27	4.0
35.67	1.0
36.08	2.0
36.48	3.0
36.89	4.0
37.29	1.0
37.7	2.0
38.11	3.0
38.51	4.0
38.92	1.0
39.32	2.0
39.73	3.0
40.13	4.0
40.54	1.0
40.95	2.0
41.35	3.0
41.76	4.0
42.16	1.0
42.57	2.0
42.97	3.0
43.38	4.0
43.78	1.0
44.19	2.0
44.59	3.0
45.0	4.0
45.4	1.0
45.81	2.0
46.21	3.0
46.62	4.0
47.03	1.0
47.43	2.0
47.83	3.0
48.24	4.0
48.64	1.0
49.05	2.0
49.46	3.0
49.86	4.0
50.27	1.0
50.67	2.0
51.08	3.0
51.48	4.0
51.89	1.0
52.3	2.0
52.7	3.0
53.1	4.0
53.51	1.0
53.92	2.0
54.32	3.0
54.73	4.0
55.13	1.0
55.54	2.0
55.94	3.0
56.35	4.0
56.76	1.0
57.16	2.0
57.57	3.0
57.99	4.0
58.38	1.0
58.78	2.0
59.18	3.0
59.58	4.0
59.99	1.0
60.38	2.0
60.81	3.0
61.21	4.0
61.62	1.0
62.02	2.0
62.43	3.0
62.84	4.0
63.24	1.0
63.67	2.0
64.09	3.0
64.49	4.0
64.87	1.0
65.29	2.0
65.67	3.0
66.08	4.0
66.48	1.0
66.89	2.0
67.29	3.0
67.7	4.0
68.1	1.0
68.51	2.0
68.92	3.0
69.32	4.0
69.73	1.0
70.13	2.0
70.54	3.0
70.94	4.0
71.35	1.0
71.76	2.0
72.16	3.0
72.57	4.0
72.97	1.0
73.38	2.0
73.78	3.0
74.19	4.0
74.59	1.0
75.0	2.0
75.4	3.0
75.81	4.0
76.21	1.0
76.62	2.0
77.02	3.0
77.43	4.0
77.84	1.0
78.24	2.0
78.65	3.0
79.05	4.0
79.46	1.0
79.86	2.0
80.27	3.0
80.67	4.0
81.08	1.0
81.48	2.0
81.89	3.0
82.29	4.0
82.7	1.0
83.1	2.0
83.51	3.0
83.92	4.0
84.32	1.0
84.73	2.0
85.13	3.0
85.54	4.0
85.95	1.0
86.35	2.0
86.75	3.0
87.16	4.0
87.56	1.0
87.97	2.0
88.37	3.0
88.78	4.0
89.16	1.0
89.58	2.0
89.96	3.0
90.37	4.0
90.8	1.0
91.21	2.0
91.62	3.0
92.02	4.0
92.43	1.0
92.84	2.0
93.24	3.0
93.64	4.0
94.05	1.0
94.46	2.0
94.86	3.0
95.26	4.0
95.67	1.0
96.08	2.0
96.48	3.0
96.87	4.0
97.29	1.0
97.7	2.0
98.1	3.0
98.51	4.0
98.91	1.0
99.32	2.0
99.72	3.0
100.14	4.0
100.53	1.0
100.94	2.0
101.34	3.0
101.75	4.0
102.16	1.0
102.56	2.0
102.97	3.0
103.37	4.0
103.77	1.0
104.18	2.0
104.59	3.0
104.99	4.0
105.4	1.0
105.8	2.0
106.21	3.0
106.61	4.0
107.01	1.0
107.42	2.0
107.82	3.0
108.24	4.0
108.64	1.0
109.05	2.0
109.45	3.0
109.86	4.0
110.26	1.0
110.66	2.0
111.07	3.0
111.48	4.0
111.89	1.0
112.29	2.0
112.7	3.0
113.1	4.0
113.49	1.0
113.91	2.0
114.31	3.0
114.7	4.0
115.13	1.0
115.53	2.0
115.94	3.0
116.35	4.0
116.75	1.0
117.15	2.0
117.56	3.0
117.96	4.0
118.36	1.0
118.78	2.0
119.19	3.0
119.59	4.0
119.98	1.0
120.4	2.0
120.8	3.0
121.21	4.0
121.61	1.0
122.02	2.0
122.43	3.0
122.83	4.0
123.22	1.0
123.63	2.0
124.04	3.0
124.44	4.0
124.84	1.0
125.26	2.0
125.66	3.0
126.07	4.0
126.48	1.0
126.88	2.0
127.28	3.0
127.69	4.0
128.1	1.0
128.49	2.0
128.92	3.0
129.32	4.0
129.73	1.0
130.13	2.0
130.54	3.0
130.94	4.0
131.34	1.0
131.75	2.0
132.15	3.0
132.56	4.0
132.96	1.0
133.37	2.0
133.76	3.0
134.18	4.0
134.59	1.0
135.0	2.0
135.4	3.0
135.81	4.0
136.21	1.0
136.62	2.0
137.02	3.0
137.43	4.0
137.83	1.0
138.24	2.0
138.64	3.0
139.05	4.0
139.45	1.0
139.86	2.0
140.27	3.0
140.67	4.0
141.07	1.0
141.48	2.0
141.89	3.0
142.29	4.0
142.7	1.0
143.1	2.0
143.51	3.0
143.92	4.0
144.32	1.0
144.72	2.0
145.13	3.0
145.54	4.0
145.94	1.0
146.35	2.0
146.73	3.0
147.02	4.0
147.32	1.0
147.63	2.0
147.93	3.0
148.34	4.0
148.78	1.0
149.19	2.0
149.59	3.0
150.0	4.0
150.4	1.0
150.81	2.0
151.21	3.0
151.62	4.0
152.03	1.0
152.43	2.0
152.83	3.0
153.24	4.0
153.64	1.0
154.05	2.0
154.46	3.0
154.86	4.0
155.27	1.0
155.67	2.0
156.08	3.0
156.48	4.0
156.89	1.0
157.29	2.0
157.7	3.0
158.11	4.0
158.51	1.0
158.91	2.0
159.32	3.0
159.73	4.0
160.14	1.0
160.54	2.0
160.94	3.0
161.35	4.0