0.0	1.0
0.5	2.0
1.01	3.0
1.5	4.0
2.03	1.0
2.53	2.0
3.04	3.0
3.55	4.0
4.09	1.0
4.61	2.0
5.08	3.0
5.57	4.0
6.05	1.0
6.56	2.0
7.04	3.0
7.54	4.0
8.05	1.0
8.57	2.0
9.06	3.0
9.57	4.0
10.09	1.0
10.6	2.0
11.11	3.0
11.62	4.0
12.13	1.0
12.68	2.0
13.16	3.0
13.68	4.0
14.19	1.0
14.7	2.0
15.21	3.0
15.71	4.0
16.23	1.0
16.75	2.0
17.25	3.0
17.77	4.0
18.26	1.0
18.77	2.0
19.28	3.0
19.78	4.0
20.3	1.0
20.84	2.0
21.35	3.0
21.86	4.0
22.36	1.0
22.86	2.0
23.36	3.0
23.85	4.0
24.37	1.0
24.9	2.0
25.4	3.0
25.91	4.0
26.4	1.0
26.91	2.0
27.4	3.0
27.9	4.0
28.42	1.0
28.95	2.0
29.47	3.0
29.98	4.0
30.48	1.0
30.99	2.0
31.48	3.0
32.0	4.0
32.5	1.0
33.02	2.0
33.52	3.0
34.03	4.0
34.53	1.0
35.05	2.0
35.54	3.0
36.05	4.0
36.57	1.0
37.08	2.0
37.58	3.0
38.1	4.0
38.59	1.0
39.12	2.0
39.6	3.0
40.12	4.0
40.63	1.0
41.15	2.0
41.65	3.0
42.17	4.0
42.65	1.0
43.16	2.0
43.67	3.0
44.18	4.0
44.68	1.0
45.2	2.0
45.71	3.0
46.22	4.0
46.72	1.0
47.23	2.0
47.73	3.0
48.23	4.0
48.75	1.0
49.26	2.0
49.77	3.0
50.28	4.0
50.79	1.0
51.3	2.0
51.8	3.0
52.31	4.0
52.83	1.0
53.34	2.0
53.84	3.0
54.36	4.0
54.87	1.0
55.38	2.0
55.88	3.0
56.39	4.0
56.89	1.0
57.4	2.0
57.91	3.0
58.43	4.0
58.93	1.0
59.45	2.0
59.95	3.0
60.44	4.0
60.96	1.0
61.49	2.0
61.99	3.0
62.51	4.0
63.01	1.0
63.52	2.0
64.02	3.0
64.54	4.0
65.04	1.0
65.56	2.0
66.06	3.0
66.57	4.0
67.08	1.0
67.59	2.0
68.1	3.0
68.6	4.0
69.11	1.0
69.63	2.0
70.13	3.0
70.64	4.0
71.15	1.0
71.66	2.0
72.16	3.0
72.67	4.0
73.18	1.0
73.69	2.0
74.2	3.0
74.71	4.0
75.21	1.0
75.73	2.0
76.22	3.0
76.74	4.0
77.25	1.0
77.76	2.0
78.25	3.0
78.78	4.0
79.27	1.0
79.79	2.0
80.3	3.0
80.81	4.0
81.31	1.0
81.83	2.0
82.33	3.0
82.85	4.0
83.35	1.0
83.86	2.0
84.37	3.0
84.87	4.0
85.38	1.0
85.9	2.0
86.39	3.0
86.91	4.0
87.42	1.0
87.93	2.0
88.43	3.0
88.94	4.0
89.45	1.0
89.96	2.0
90.47	3.0
90.98	4.0
91.49	1.0
92.0	2.0
92.5	3.0
93.0	4.0
93.52	1.0
94.03	2.0
94.53	3.0
95.05	4.0
95.54	1.0
96.06	2.0
96.56	3.0
97.07	4.0
97.58	1.0
98.1	2.0
98.6	3.0
99.12	4.0
99.62	1.0
100.13	2.0
100.63	3.0
101.15	4.0
101.65	1.0
102.16	2.0
102.67	3.0
103.19	4.0
103.69	1.0
104.2	2.0
104.7	3.0
105.22	4.0
105.72	1.0
106.23	2.0
106.74	3.0
107.25	4.0
107.76	1.0
108.27	2.0
108.77	3.0
109.28	4.0
109.79	1.0
110.3	2.0
110.8	3.0
111.32	4.0
111.82	1.0
112.34	2.0
112.84	3.0
113.35	4.0
113.86	1.0
114.37	2.0
114.87	3.0
115.39	4.0
115.89	1.0
116.41	2.0
116.91	3.0
117.42	4.0
117.92	1.0
118.42	2.0
118.94	3.0
119.46	4.0
119.96	1.0
120.47	2.0
120.97	3.0
121.49	4.0
122.0	1.0
122.5	2.0
123.01	3.0
123.53	4.0
124.03	1.0
124.54	2.0
125.04	3.0
125.55	4.0
126.05	1.0
126.57	2.0
127.07	3.0
127.59	4.0
128.08	1.0
128.61	2.0
129.1	3.0
129.62	4.0
130.13	1.0
130.64	2.0
131.14	3.0
131.66	4.0
132.16	1.0
132.67	2.0
133.17	3.0
133.68	4.0
134.19	1.0
134.71	2.0
135.21	3.0
135.72	4.0
136.23	1.0
136.74	2.0
137.22	3.0
137.73	4.0
138.24	1.0
138.76	2.0
139.25	3.0
139.77	4.0
140.27	1.0
140.8	2.0
141.31	3.0
141.81	4.0
142.32	1.0
142.87	2.0
143.36	3.0
143.89	4.0
144.39	1.0
144.9	2.0
145.39	3.0
145.9	4.0
146.41	1.0
146.93	2.0
147.43	3.0
147.93	4.0
148.42	1.0
148.94	2.0
149.43	3.0
149.92	4.0