0.01	1.0
0.74	2.0
1.51	3.0
2.29	4.0
3.02	1.0
3.78	2.0
4.54	3.0
5.29	4.0
6.05	1.0
6.8	2.0
7.54	3.0
8.32	4.0
9.04	1.0
9.79	2.0
10.57	3.0
11.35	4.0
12.08	1.0
12.85	2.0
13.67	3.0
14.43	4.0
15.15	1.0
15.93	2.0
16.73	3.0
17.49	4.0
18.23	1.0
18.98	2.0
19.76	3.0
20.56	4.0
21.38	1.0
22.14	2.0
22.88	3.0
23.62	4.0
24.39	1.0
25.16	2.0
25.88	3.0
26.6	4.0
27.38	1.0
28.16	2.0
28.92	3.0
29.65	4.0
30.43	1.0
31.17	2.0
31.98	3.0
32.75	4.0
33.53	1.0
34.27	2.0
35.0	3.0
35.74	4.0
36.53	1.0
37.3	2.0
38.05	3.0
38.8	4.0
39.58	1.0
40.38	2.0
41.15	3.0
41.9	4.0
42.65	1.0
43.41	2.0
44.14	3.0
44.92	4.0
45.68	1.0
46.48	2.0
47.25	3.0
48.04	4.0
48.78	1.0
49.52	2.0
50.27	3.0
51.03	4.0
51.79	1.0
52.56	2.0
53.35	3.0
54.09	4.0
54.86	1.0
55.6	2.0
56.38	3.0
57.14	4.0
57.9	1.0
58.66	2.0
59.36	3.0
60.16	4.0
60.91	1.0
61.64	2.0
62.43	3.0
63.21	4.0
63.99	1.0
64.8	2.0
65.58	3.0
66.33	4.0
67.06	1.0
67.79	2.0
68.55	3.0
69.31	4.0
70.03	1.0
70.76	2.0
71.57	3.0
72.32	4.0
73.07	1.0
73.85	2.0
74.62	3.0
75.37	4.0
76.1	1.0
76.87	2.0
77.61	3.0
78.36	4.0
79.09	1.0
79.82	2.0
80.55	3.0
81.29	4.0
82.02	1.0
82.75	2.0
83.5	3.0
84.24	4.0
84.97	1.0
85.71	2.0
86.42	3.0
87.15	4.0
87.85	1.0
88.63	2.0
89.39	3.0
90.14	4.0
90.87	1.0
91.61	2.0
92.34	3.0
93.07	4.0
93.79	1.0
94.53	2.0
95.28	3.0
96.02	4.0
96.73	1.0
97.46	2.0
98.2	3.0
98.92	4.0
99.61	1.0
100.35	2.0
101.08	3.0
101.83	4.0
102.55	1.0
103.28	2.0
104.01	3.0
104.73	4.0
105.46	1.0
106.19	2.0
106.92	3.0
107.67	4.0
108.4	1.0
109.15	2.0
109.9	3.0
110.62	4.0
111.3	1.0
112.07	2.0
112.85	3.0
113.58	4.0
114.3	1.0
115.06	2.0
115.81	3.0
116.55	4.0
117.26	1.0
117.99	2.0
118.73	3.0
119.47	4.0
120.19	1.0
120.92	2.0
121.62	3.0
122.35	4.0
123.05	1.0
123.77	2.0
124.51	3.0
125.25	4.0
125.95	1.0
126.69	2.0
127.42	3.0
128.15	4.0
128.87	1.0
129.59	2.0
130.32	3.0
131.06	4.0
131.77	1.0
132.51	2.0
133.22	3.0
133.96	4.0
134.67	1.0
135.39	2.0
136.12	3.0
136.85	4.0
137.55	1.0
138.29	2.0
139.03	3.0
139.77	4.0
140.48	1.0
141.22	2.0
141.94	3.0
142.67	4.0
143.36	1.0
144.04	2.0
144.74	3.0
145.43	4.0
146.13	1.0
146.83	2.0
147.55	3.0
148.28	4.0
148.98	1.0
149.71	2.0
150.43	3.0
151.14	4.0
151.86	1.0
152.58	2.0
153.3	3.0
154.02	4.0
154.74	1.0
155.47	2.0
156.16	3.0
156.89	4.0
157.58	1.0
158.31	2.0
159.03	3.0
159.76	4.0
160.45	1.0
161.19	2.0
161.9	3.0
162.64	4.0
163.34	1.0
164.07	2.0
164.77	3.0
165.47	4.0
166.19	1.0
166.9	2.0
167.59	3.0
168.3	4.0
168.97	1.0
169.7	2.0
170.4	3.0
171.09	4.0
171.76	1.0
172.46	2.0
173.15	3.0
173.85	4.0
174.54	1.0
175.25	2.0
175.93	3.0
176.62	4.0
177.3	1.0
178.0	2.0
178.67	3.0
179.31	4.0
179.98	1.0
180.67	2.0
181.35	3.0
182.04	4.0
182.73	1.0
183.43	2.0
184.11	3.0
184.78	4.0
185.48	1.0
186.18	2.0
186.85	3.0
187.55	4.0
188.25	1.0
188.95	2.0
189.63	3.0
190.31	4.0
190.98	1.0
191.67	2.0
192.35	3.0
193.04	4.0
193.73	1.0
194.42	2.0
195.14	3.0
195.83	4.0
196.52	1.0
197.24	2.0
197.92	3.0
198.62	4.0
199.31	1.0
200.01	2.0
200.71	3.0
201.42	4.0
202.11	1.0
202.81	2.0
203.5	3.0
204.2	4.0
204.89	1.0
205.6	2.0
206.31	3.0
207.01	4.0
207.7	1.0
208.4	2.0
209.07	3.0
209.78	4.0
210.47	1.0
211.17	2.0
211.85	3.0
212.56	4.0
213.24	1.0
213.94	2.0
214.69	3.0
215.38	4.0
216.14	1.0
216.91	2.0
217.7	3.0
218.45	4.0
219.25	1.0
220.0	2.0
220.78	3.0
221.54	4.0
222.3	1.0
223.05	2.0
223.8	3.0
224.59	4.0
225.32	1.0
226.09	2.0
226.88	3.0
227.64	4.0
228.37	1.0
229.13	2.0
229.88	3.0
230.61	4.0
231.38	1.0
232.18	2.0
232.94	3.0
233.73	4.0
234.49	1.0
235.24	2.0
235.99	3.0
236.75	4.0
237.53	1.0
238.28	2.0
239.03	3.0
239.79	4.0
240.57	1.0
241.37	2.0
242.12	3.0
242.98	4.0
243.81	1.0