0.0	3.0
0.69	4.0
1.43	1.0
2.17	2.0
2.86	3.0
3.57	4.0
4.28	1.0
5.0	2.0
5.7	3.0
6.24	4.0
6.78	1.0
7.14	2.0
7.5	3.0
7.86	4.0
8.21	1.0
8.57	2.0
8.93	3.0
9.29	4.0
9.65	1.0
10.01	2.0
10.37	3.0
10.73	4.0
11.08	1.0
11.44	2.0
11.8	3.0
12.16	4.0
12.52	1.0
12.88	2.0
13.24	3.0
13.6	4.0
13.95	1.0
14.32	2.0
14.67	3.0
15.03	4.0
15.39	1.0
15.75	2.0
16.11	3.0
16.47	4.0
16.82	1.0
17.19	2.0
17.54	3.0
17.89	4.0
18.26	1.0
18.62	2.0
18.98	3.0
19.34	4.0
19.7	1.0
20.06	2.0
20.41	3.0
20.77	4.0
21.14	1.0
21.5	2.0
21.86	3.0
22.21	4.0
22.57	1.0
22.93	2.0
23.28	3.0
23.64	4.0
24.01	1.0
24.37	2.0
24.73	3.0
25.09	4.0
25.44	1.0
25.8	2.0
26.15	3.0
26.51	4.0
26.88	1.0
27.24	2.0
27.6	3.0
27.95	4.0
28.31	1.0
28.67	2.0
29.03	3.0
29.39	4.0
29.75	1.0
30.11	2.0
30.47	3.0
30.83	4.0
31.18	1.0
31.55	2.0
31.9	3.0
32.26	4.0
32.62	1.0
32.98	2.0
33.34	3.0
33.7	4.0
34.06	1.0
34.42	2.0
34.77	3.0
35.13	4.0
35.49	1.0
35.86	2.0
36.22	3.0
36.57	4.0
36.92	1.0
37.29	2.0
37.64	3.0
38.0	4.0
38.36	1.0
38.72	2.0
39.08	3.0
39.44	4.0
39.8	1.0
40.16	2.0
40.52	3.0
40.88	4.0
41.24	1.0
41.59	2.0
41.96	3.0
42.31	4.0
42.67	1.0
43.03	2.0
43.39	3.0
43.75	4.0
44.11	1.0
44.47	2.0
44.83	3.0
45.18	4.0
45.54	1.0
45.9	2.0
46.26	3.0
46.62	4.0
46.98	1.0
47.34	2.0
47.7	3.0
48.05	4.0
48.41	1.0
48.77	2.0
49.13	3.0
49.49	4.0
49.85	1.0
50.21	2.0
50.57	3.0
50.93	4.0
51.27	1.0
51.64	2.0
52.0	3.0
52.36	4.0
52.72	1.0
53.08	2.0
53.44	3.0
53.8	4.0
54.15	1.0
54.52	2.0
54.87	3.0
55.24	4.0
55.59	1.0
55.95	2.0
56.31	3.0
56.67	4.0
57.04	1.0
57.39	2.0
57.74	3.0
58.1	4.0
58.47	1.0
58.82	2.0
59.19	3.0
59.54	4.0
59.9	1.0
60.26	2.0
60.61	3.0
60.98	4.0
61.34	1.0
61.7	2.0
62.06	3.0
62.41	4.0
62.76	1.0
63.13	2.0
63.49	3.0
63.85	4.0
64.21	1.0
64.57	2.0
64.93	3.0
65.28	4.0
65.64	1.0
66.0	2.0
66.36	3.0
66.72	4.0
67.08	1.0
67.44	2.0
67.79	3.0
68.15	4.0
68.51	1.0
68.87	2.0
69.22	3.0
69.58	4.0
69.95	1.0
70.31	2.0
70.67	3.0
71.03	4.0
71.38	1.0
71.74	2.0
72.09	3.0
72.46	4.0
72.82	1.0
73.18	2.0
73.54	3.0
73.9	4.0
74.26	1.0
74.62	2.0
74.97	3.0
75.33	4.0
75.69	1.0
76.04	2.0
76.41	3.0
76.77	4.0
77.12	1.0
77.49	2.0
77.84	3.0
78.2	4.0
78.56	1.0
78.92	2.0
79.28	3.0
79.64	4.0
79.99	1.0
80.36	2.0
80.72	3.0
81.07	4.0
81.43	1.0
81.79	2.0
82.16	3.0
82.51	4.0
82.87	1.0
83.23	2.0
83.59	3.0
83.94	4.0
84.31	1.0
84.67	2.0
85.02	3.0
85.38	4.0
85.74	1.0
86.1	2.0
86.46	3.0
86.81	4.0
87.18	1.0
87.53	2.0
87.9	3.0
88.25	4.0
88.61	1.0
88.97	2.0
89.33	3.0
89.69	4.0
90.05	1.0
90.41	2.0
90.77	3.0
91.12	4.0
91.48	1.0
91.84	2.0
92.2	3.0
92.56	4.0
92.92	1.0
93.28	2.0
93.64	3.0
93.99	4.0
94.35	1.0
94.71	2.0
95.07	3.0
95.43	4.0
95.79	1.0
96.15	2.0
96.51	3.0
96.87	4.0
97.22	1.0
97.58	2.0
97.94	3.0
98.3	4.0
98.66	1.0
99.0	2.0
99.38	3.0
99.73	4.0
100.09	1.0
100.45	2.0
100.81	3.0
101.17	4.0
101.53	1.0
101.89	2.0
102.25	3.0
102.61	4.0
102.97	1.0
103.32	2.0
103.69	3.0
104.04	4.0
104.4	1.0
104.77	2.0
105.13	3.0
105.48	4.0
105.83	1.0
106.2	2.0
106.56	3.0
106.91	4.0
107.27	1.0
107.64	2.0
108.0	3.0
108.35	4.0
108.71	1.0
109.07	2.0
109.43	3.0
109.78	4.0
110.14	1.0
110.48	2.0
110.86	3.0
111.22	4.0
111.57	1.0
111.94	2.0
112.3	3.0
112.65	4.0
113.02	1.0
113.38	2.0
113.74	3.0
114.09	4.0
114.45	1.0
114.81	2.0
115.17	3.0
115.52	4.0
115.89	1.0
116.25	2.0
116.61	3.0
116.96	4.0
117.32	1.0
117.68	2.0
118.04	3.0
118.39	4.0
118.76	1.0
119.12	2.0
119.48	3.0
119.83	4.0
120.2	1.0
120.56	2.0
120.91	3.0
121.27	4.0
121.63	1.0
121.99	2.0
122.34	3.0
122.71	4.0
123.06	1.0
123.43	2.0
123.78	3.0
124.14	4.0
124.5	1.0
124.86	2.0
125.23	3.0
125.58	4.0
125.94	1.0
126.3	2.0
126.65	3.0
127.01	4.0
127.37	1.0
127.74	2.0
128.09	3.0
128.45	4.0
128.8	1.0
129.17	2.0
129.52	3.0
129.88	4.0
130.25	1.0
130.61	2.0
130.97	3.0
131.32	4.0
131.68	1.0
132.04	2.0
132.39	3.0
132.75	4.0
133.12	1.0
133.47	2.0
133.84	3.0
134.2	4.0
134.56	1.0
134.91	2.0
135.26	3.0
135.62	4.0
135.99	1.0
136.35	2.0
136.7	3.0
137.06	4.0
137.42	1.0
137.78	2.0
138.14	3.0
138.5	4.0
138.86	1.0
139.22	2.0
139.58	3.0
139.93	4.0
140.29	1.0
140.65	2.0
141.01	3.0
141.37	4.0
141.73	1.0
142.09	2.0
142.45	3.0
142.8	4.0
143.16	1.0
143.52	2.0
143.88	3.0
144.24	4.0
144.6	1.0
144.96	2.0
145.32	3.0
145.67	4.0
146.04	1.0
146.39	2.0
146.75	3.0
147.11	4.0
147.47	1.0
147.83	2.0
148.19	3.0
148.55	4.0
148.9	1.0
149.27	2.0
149.62	3.0
149.98	4.0
150.34	1.0
150.71	2.0
151.06	3.0
151.42	4.0
151.78	1.0
152.14	2.0
152.5	3.0
152.85	4.0
153.21	1.0
153.58	2.0
153.94	3.0
154.29	4.0
154.65	1.0
155.01	2.0
155.37	3.0
155.73	4.0
156.09	1.0
156.45	2.0
156.8	3.0
157.16	4.0
157.52	1.0
157.88	2.0
158.24	3.0
158.59	4.0
158.96	1.0
159.32	2.0
159.68	3.0
160.03	4.0
160.39	1.0
160.75	2.0
161.11	3.0
161.46	4.0
161.82	1.0
162.18	2.0
162.54	3.0
162.9	4.0
163.26	1.0
163.62	2.0
163.97	3.0
164.33	4.0
164.69	1.0
165.06	2.0
165.42	3.0
165.77	4.0
166.13	1.0
166.49	2.0
166.85	3.0
167.21	4.0
167.57	1.0
167.93	2.0
168.29	3.0
168.65	4.0
169.0	1.0
169.36	2.0
169.72	3.0
170.07	4.0
170.44	1.0
170.79	2.0
171.15	3.0
171.51	4.0
171.87	1.0
172.23	2.0
172.59	3.0
172.95	4.0
173.31	1.0
173.67	2.0
174.02	3.0
174.38	4.0
174.74	1.0
175.1	2.0
175.46	3.0
175.82	4.0
176.18	1.0
176.54	2.0
176.9	3.0
177.25	4.0
177.61	1.0
177.97	2.0
178.33	3.0
178.69	4.0
179.05	1.0
179.42	2.0
179.77	3.0
180.13	4.0
180.48	1.0
180.84	2.0
181.2	3.0
181.56	4.0
181.92	1.0
182.28	2.0
182.65	3.0
183.0	4.0
183.36	1.0
183.72	2.0
184.07	3.0
184.43	4.0
184.8	1.0
185.15	2.0
185.52	3.0
185.87	4.0
186.23	1.0
186.59	2.0
186.95	3.0
187.3	4.0
187.67	1.0
188.03	2.0
188.39	3.0
188.74	4.0
189.09	1.0
189.46	2.0
189.81	3.0
190.17	4.0
190.54	1.0
190.9	2.0
191.26	3.0
191.61	4.0
191.97	1.0
192.33	2.0
192.69	3.0
193.05	4.0
193.41	1.0
193.77	2.0
194.13	3.0
194.48	4.0
194.85	1.0
195.21	2.0
195.56	3.0
195.9	4.0
196.28	1.0
196.62	2.0
197.0	3.0
197.36	4.0
197.72	1.0
198.08	2.0
198.44	3.0
198.79	4.0
199.15	1.0
199.51	2.0
199.87	3.0
200.23	4.0
200.6	1.0
200.95	2.0
201.3	3.0
201.66	4.0
202.02	1.0
202.38	2.0
202.74	3.0
203.1	4.0
203.45	1.0
203.82	2.0
204.17	3.0
204.53	4.0
204.89	1.0
205.25	2.0
205.62	3.0
205.96	4.0
206.33	1.0
206.69	2.0
207.05	3.0
207.4	4.0
207.77	1.0
208.13	2.0
208.49	3.0
208.84	4.0
209.2	1.0
209.56	2.0
209.92	3.0
210.27	4.0
210.64	1.0
211.0	2.0
211.36	3.0
211.71	4.0
212.07	1.0
212.43	2.0
212.79	3.0
213.14	4.0
213.51	1.0
213.86	2.0
214.22	3.0
214.58	4.0
214.94	1.0
215.3	2.0
215.66	3.0
216.02	4.0
216.38	1.0
216.72	2.0
217.1	3.0
217.45	4.0
217.81	1.0
218.17	2.0
218.52	3.0
218.89	4.0
219.25	1.0
219.61	2.0
219.97	3.0
220.32	4.0
220.68	1.0
221.05	2.0
221.39	3.0
221.75	4.0
222.12	1.0
222.48	2.0
222.84	3.0
223.2	4.0
223.55	1.0
223.92	2.0
224.26	3.0
224.62	4.0
224.99	1.0
225.35	2.0
225.71	3.0
226.07	4.0
226.43	1.0
226.78	2.0
227.14	3.0
227.5	4.0
227.86	1.0
228.22	2.0
228.58	3.0
228.94	4.0
229.3	1.0
229.66	2.0
230.03	3.0
230.4	4.0
230.78	1.0