0.01	2.0
0.53	3.0
1.08	4.0
1.62	1.0
2.16	2.0
2.7	3.0
3.25	4.0
3.79	1.0
4.33	2.0
4.86	3.0
5.42	4.0
5.96	1.0
6.5	2.0
7.04	3.0
7.58	4.0
8.12	1.0
8.67	2.0
9.22	3.0
9.74	4.0
10.29	1.0
10.83	2.0
11.35	3.0
11.89	4.0
12.42	1.0
12.94	2.0
13.46	3.0
13.99	4.0
14.52	1.0
15.06	2.0
15.6	3.0
16.12	4.0
16.65	1.0
17.19	2.0
17.72	3.0
18.25	4.0
18.79	1.0
19.33	2.0
19.86	3.0
20.38	4.0
20.91	1.0
21.43	2.0
21.98	3.0
22.51	4.0
23.03	1.0
23.6	2.0
24.12	3.0
24.67	4.0
25.14	1.0
25.61	2.0
26.1	3.0
26.61	4.0
27.19	1.0
27.73	2.0
28.27	3.0
28.82	4.0
29.33	1.0
29.88	2.0
30.41	3.0
30.94	4.0
31.47	1.0
32.0	2.0
32.54	3.0
33.06	4.0
33.58	1.0
34.1	2.0
34.6	3.0
35.11	4.0
35.61	1.0
36.16	2.0
36.69	3.0
37.2	4.0
37.71	1.0
38.25	2.0
38.76	3.0
39.29	4.0
39.79	1.0
40.32	2.0
40.84	3.0
41.37	4.0
41.88	1.0
42.4	2.0
42.92	3.0
43.43	4.0
43.95	1.0
44.49	2.0
45.01	3.0
45.53	4.0
46.05	1.0
46.57	2.0
47.07	3.0
47.6	4.0
48.12	1.0
48.64	2.0
49.16	3.0
49.68	4.0
50.2	1.0
50.72	2.0
51.23	3.0
51.73	4.0
52.25	1.0
52.78	2.0
53.29	3.0
53.82	4.0
54.34	1.0
54.86	2.0
55.38	3.0
55.9	4.0
56.41	1.0
56.93	2.0
57.46	3.0
57.98	4.0
58.51	1.0
59.02	2.0
59.53	3.0
60.04	4.0
60.55	1.0
61.08	2.0
61.59	3.0
62.11	4.0
62.63	1.0
63.16	2.0
63.67	3.0
64.2	4.0
64.71	1.0
65.23	2.0
65.76	3.0
66.28	4.0
66.79	1.0
67.31	2.0
67.82	3.0
68.34	4.0
68.87	1.0
69.4	2.0
69.91	3.0
70.44	4.0
70.96	1.0
71.47	2.0
71.98	3.0
72.5	4.0
73.02	1.0
73.54	2.0
74.06	3.0
74.58	4.0
75.1	1.0
75.62	2.0
76.13	3.0
76.65	4.0
77.16	1.0
77.69	2.0
78.21	3.0
78.73	4.0
79.25	1.0
79.77	2.0
80.29	3.0
80.82	4.0
81.34	1.0
81.87	2.0
82.39	3.0
82.91	4.0
83.42	1.0
83.81	2.0
84.18	3.0
84.56	4.0
85.01	1.0
85.46	2.0
85.98	3.0
86.52	4.0
87.05	1.0
87.58	2.0
88.11	3.0
88.63	4.0
89.15	1.0
89.71	2.0
90.25	3.0
90.79	4.0
91.31	1.0
91.84	2.0
92.37	3.0
92.87	4.0
93.4	1.0
93.92	2.0
94.44	3.0
94.97	4.0
95.5	1.0
96.02	2.0
96.54	3.0
97.05	4.0
97.58	1.0
98.11	2.0
98.63	3.0
99.15	4.0
99.67	1.0
100.19	2.0
100.7	3.0
101.22	4.0
101.75	1.0
102.27	2.0
102.79	3.0
103.31	4.0
103.83	1.0
104.35	2.0
104.86	3.0
105.37	4.0
105.9	1.0
106.42	2.0
106.94	3.0
107.46	4.0
107.99	1.0
108.52	2.0
109.03	3.0
109.55	4.0
110.07	1.0
110.61	2.0
111.12	3.0
111.64	4.0
112.17	1.0
112.69	2.0
113.2	3.0
113.73	4.0
114.25	1.0
114.77	2.0
115.28	3.0
115.8	4.0
116.31	1.0
116.83	2.0
117.34	3.0
117.87	4.0
118.38	1.0
118.91	2.0
119.43	3.0
119.95	4.0
120.48	1.0
121.0	2.0
121.51	3.0
122.03	4.0
122.56	1.0
123.07	2.0
123.59	3.0
124.23	4.0
124.88	1.0
125.51	2.0
126.1	3.0
126.64	4.0
127.17	1.0
127.69	2.0
128.2	3.0
128.74	4.0
129.27	1.0
129.8	2.0
130.34	3.0
130.9	4.0
131.43	1.0
131.95	2.0
132.49	3.0
133.02	4.0
133.55	1.0
134.04	2.0
134.55	3.0
135.1	4.0
135.62	1.0
136.14	2.0
136.66	3.0
137.19	4.0
137.7	1.0
138.23	2.0
138.75	3.0
139.28	4.0
139.81	1.0
140.32	2.0
140.84	3.0
141.36	4.0
141.88	1.0
142.38	2.0
142.91	3.0
143.44	4.0
143.96	1.0
144.48	2.0
145.0	3.0
145.52	4.0
146.04	1.0
146.56	2.0
147.06	3.0
147.6	4.0
148.12	1.0
148.64	2.0
149.16	3.0
149.68	4.0
150.21	1.0
150.75	2.0
151.27	3.0
151.84	4.0
152.36	1.0
152.91	2.0
153.43	3.0
153.92	4.0
154.42	1.0
154.94	2.0
155.46	3.0
155.98	4.0
156.5	1.0
157.0	2.0
157.5	3.0
158.01	4.0
158.51	1.0
159.03	2.0
159.55	3.0
160.06	4.0
160.57	1.0
161.08	2.0
161.59	3.0
162.09	4.0
162.58	1.0
163.11	2.0
163.63	3.0
164.14	4.0
164.66	1.0
165.18	2.0
165.69	3.0
166.2	4.0
166.57	1.0
166.97	2.0
167.37	3.0
167.75	4.0
168.25	1.0
168.77	2.0
169.28	3.0
169.78	4.0
170.28	1.0
170.82	2.0
171.34	3.0
171.86	4.0
172.38	1.0
172.91	2.0
173.43	3.0
173.96	4.0
174.47	1.0
175.0	2.0
175.52	3.0
176.04	4.0
176.56	1.0
177.09	2.0
177.61	3.0
178.13	4.0
178.65	1.0
179.18	2.0
179.7	3.0
180.22	4.0
180.75	1.0
181.27	2.0
181.77	3.0
182.3	4.0
182.82	1.0
183.35	2.0
183.86	3.0
184.38	4.0
184.91	1.0
185.43	2.0
185.94	3.0
186.45	4.0
186.97	1.0
187.51	2.0
188.02	3.0
188.55	4.0
189.07	1.0
189.59	2.0
190.1	3.0
190.62	4.0
191.14	1.0
191.65	2.0
192.18	3.0
192.71	4.0
193.23	1.0
193.73	2.0
194.24	3.0
194.75	4.0
195.28	1.0
195.8	2.0
196.32	3.0
196.84	4.0
197.36	1.0
197.89	2.0
198.41	3.0
198.93	4.0
199.43	1.0
199.96	2.0
200.48	3.0
201.0	4.0
201.38	1.0
201.77	2.0
202.15	3.0
202.51	4.0
203.0	1.0
203.54	2.0
204.06	3.0
204.6	4.0
205.14	1.0
205.67	2.0
206.2	3.0
206.73	4.0
207.26	1.0
207.82	2.0
208.35	3.0
208.88	4.0
209.41	1.0
209.94	2.0
210.47	3.0
210.98	4.0
211.51	1.0
212.03	2.0
212.55	3.0
213.07	4.0
213.6	1.0
214.12	2.0
214.63	3.0
215.15	4.0
215.68	1.0
216.19	2.0
216.71	3.0
217.23	4.0
217.74	1.0
218.26	2.0
218.77	3.0
219.29	4.0
219.81	1.0
220.34	2.0
220.85	3.0
221.38	4.0
221.9	1.0
222.41	2.0
222.92	3.0
223.43	4.0
223.93	1.0
224.46	2.0
224.98	3.0
225.5	4.0
226.01	1.0
226.52	2.0
227.03	3.0
227.54	4.0
228.07	1.0
228.6	2.0
229.12	3.0
229.64	4.0
230.16	1.0
230.69	2.0
231.2	3.0
231.72	4.0
232.24	1.0
232.75	2.0
233.27	3.0
233.8	4.0
234.31	1.0
234.83	2.0
235.35	3.0
235.86	4.0
236.37	1.0
236.89	2.0
237.41	3.0
237.93	4.0
238.46	1.0
238.98	2.0
239.5	3.0
240.01	4.0
240.53	1.0
241.05	2.0
241.57	3.0
242.09	4.0
242.79	1.0
243.5	2.0
244.08	3.0
244.63	4.0
245.15	1.0
245.68	2.0
246.21	3.0
246.75	4.0
247.27	1.0
247.79	2.0
248.32	3.0
248.88	4.0
249.39	1.0
249.93	2.0
250.44	3.0
250.97	4.0
251.49	1.0
251.98	2.0
252.49	3.0
253.04	4.0
253.56	1.0
254.07	2.0
254.59	3.0
255.12	4.0
255.62	1.0
256.14	2.0
256.66	3.0
257.19	4.0
257.71	1.0
258.23	2.0
258.76	3.0
259.28	4.0
259.78	1.0
260.28	2.0
260.8	3.0
261.33	4.0
261.85	1.0
262.37	2.0
262.9	3.0
263.42	4.0
263.94	1.0
264.45	2.0
264.97	3.0
265.51	4.0
266.03	1.0
266.55	2.0
267.07	3.0
267.59	4.0
268.11	1.0
268.67	2.0
269.18	3.0
269.74	4.0
270.26	1.0
270.84	2.0
271.34	3.0
271.86	4.0
272.34	1.0
272.87	2.0
273.39	3.0
273.9	4.0
274.42	1.0
274.94	2.0
275.44	3.0
275.94	4.0
276.45	1.0
276.98	2.0
277.5	3.0
278.01	4.0
278.53	1.0
279.04	2.0
279.54	3.0
280.05	4.0
280.54	1.0
281.06	2.0
281.58	3.0
282.09	4.0
282.61	1.0
283.13	2.0
283.63	3.0
284.12	4.0
284.61	1.0
285.14	2.0
285.66	3.0
286.17	4.0
286.69	1.0
287.2	2.0
287.7	3.0
288.19	4.0
288.67	1.0
289.19	2.0
289.7	3.0
290.21	4.0
290.74	1.0
291.26	2.0
291.76	3.0
292.25	4.0
292.74	1.0
293.26	2.0
293.79	3.0
294.3	4.0
294.82	1.0
295.34	2.0
295.84	3.0
296.33	4.0
296.84	1.0
297.37	2.0
297.9	3.0
298.4	4.0
298.92	1.0
299.44	2.0
299.95	3.0
300.46	4.0
300.97	1.0
301.51	2.0
302.04	3.0
302.55	4.0
303.06	1.0
303.58	2.0
304.09	3.0
304.6	4.0
305.1	1.0
305.63	2.0
306.16	3.0
306.65	4.0
307.17	1.0
307.67	2.0
308.18	3.0