0.86	4.0
1.81	1.0
2.75	2.0
3.63	3.0
4.54	4.0
5.44	1.0
6.35	2.0
7.27	3.0
8.21	4.0
9.13	1.0
10.0	2.0
10.99	3.0
11.96	4.0
12.92	1.0
13.93	2.0
14.91	3.0
15.9	4.0
16.85	1.0
17.73	2.0
18.66	3.0
19.63	4.0
20.54	1.0
21.46	2.0
22.4	3.0
23.28	4.0
24.17	1.0
25.14	2.0
26.05	3.0
26.93	4.0
27.87	1.0
28.74	2.0
29.68	3.0
30.62	4.0
31.53	1.0
32.46	2.0
33.4	3.0
34.36	4.0
35.26	1.0
36.18	2.0
37.14	3.0
38.09	4.0
38.97	1.0
39.93	2.0
40.85	3.0
41.77	4.0
42.66	1.0
43.63	2.0
44.58	3.0
45.49	4.0
46.39	1.0
47.32	2.0
48.19	3.0
49.11	4.0
50.05	1.0
50.98	2.0
51.97	3.0
52.91	4.0
53.79	1.0
54.68	2.0
55.57	3.0
56.49	4.0
57.36	1.0
58.24	2.0
59.12	3.0
59.99	4.0
60.85	1.0
61.73	2.0
62.59	3.0
63.43	4.0
64.29	1.0
65.16	2.0
66.03	3.0
66.89	4.0
67.73	1.0
68.65	2.0
69.5	3.0
70.37	4.0
71.27	1.0
72.14	2.0
73.05	3.0
73.95	4.0
74.82	1.0
75.73	2.0
76.62	3.0
77.51	4.0
78.41	1.0
79.29	2.0
80.15	3.0
81.01	4.0
81.88	1.0
82.8	2.0
83.67	3.0
84.54	4.0
85.4	1.0
86.28	2.0
87.17	3.0
88.05	4.0
88.92	1.0
89.81	2.0
90.68	3.0
91.59	4.0
92.45	1.0
93.33	2.0
94.21	3.0
95.05	4.0
95.91	1.0
96.8	2.0
97.65	3.0
98.55	4.0
99.41	1.0
100.26	2.0
101.13	3.0
102.01	4.0
102.87	1.0
103.76	2.0
104.62	3.0
105.47	4.0
106.32	1.0
107.17	2.0
108.03	3.0
108.88	4.0
109.71	1.0
110.59	2.0
111.43	3.0
112.29	4.0
113.15	1.0
113.99	2.0
114.83	3.0
115.71	4.0
116.53	1.0
117.42	2.0
118.24	3.0
119.09	4.0
119.91	1.0
120.76	2.0
121.6	3.0
122.45	4.0
123.26	1.0
124.12	2.0
124.97	3.0
125.81	4.0
126.69	1.0
127.57	2.0
128.46	3.0
129.33	4.0
130.17	1.0
131.07	2.0
131.91	3.0
132.79	4.0
133.67	1.0
134.52	2.0
135.38	3.0
136.26	4.0
137.1	1.0
138.0	2.0
138.86	3.0
139.72	4.0
140.6	1.0
141.46	2.0
142.32	3.0
143.2	4.0
144.05	1.0
144.93	2.0
145.78	3.0
146.68	4.0
147.52	1.0
148.41	2.0
149.27	3.0
150.12	4.0
150.94	1.0
151.82	2.0
152.67	3.0
153.54	4.0
154.38	1.0
155.28	2.0
156.12	3.0
157.0	4.0
157.85	1.0
158.72	2.0
159.55	3.0
160.43	4.0
161.28	1.0
162.11	2.0
163.01	3.0
163.87	4.0
164.7	1.0
165.59	2.0
166.43	3.0
167.29	4.0
168.13	1.0
168.96	2.0
169.79	3.0
170.69	4.0
171.52	1.0
172.37	2.0
173.22	3.0
174.06	4.0
174.92	1.0
175.76	2.0
176.58	3.0
177.44	4.0
178.24	1.0
179.12	2.0
179.94	3.0
180.82	4.0
181.63	1.0
182.5	2.0
183.37	3.0
184.26	4.0
185.1	1.0
185.97	2.0
186.82	3.0
187.66	4.0
188.54	1.0
189.39	2.0
190.26	3.0
191.14	4.0
191.96	1.0
192.82	2.0
193.7	3.0
194.56	4.0
195.44	1.0
196.31	2.0
197.18	3.0
198.05	4.0
198.89	1.0
199.77	2.0
200.63	3.0
201.48	4.0
202.35	1.0
203.22	2.0
204.03	3.0
204.92	4.0
205.72	1.0
206.61	2.0
207.48	3.0
208.35	4.0
209.19	1.0
210.03	2.0
210.87	3.0
211.75	4.0
212.59	1.0
213.44	2.0
214.29	3.0
215.14	4.0
215.98	1.0
216.84	2.0
217.69	3.0
218.53	4.0
219.35	1.0
220.22	2.0
221.08	3.0
221.91	4.0
222.72	1.0
223.59	2.0
224.42	3.0
225.25	4.0
226.09	1.0
226.95	2.0
227.8	3.0
228.63	4.0
229.46	1.0
230.32	2.0
231.2	3.0
232.0	4.0
232.81	1.0
233.69	2.0
234.52	3.0
235.36	4.0
236.18	1.0
237.08	2.0
237.91	3.0
238.78	4.0
239.63	1.0
240.5	2.0
241.32	3.0
242.16	4.0
242.99	1.0
243.83	2.0
244.64	3.0
245.53	4.0
246.33	1.0
247.15	2.0
248.01	3.0
248.84	4.0
249.67	1.0
250.52	2.0
251.39	3.0
252.25	4.0
253.11	1.0
254.0	2.0
254.84	3.0
255.72	4.0
256.55	1.0
257.42	2.0
258.26	3.0
259.09	4.0
259.94	1.0
260.82	2.0
261.67	3.0
262.53	4.0
263.38	1.0
264.23	2.0
265.09	3.0
265.95	4.0
266.79	1.0
267.67	2.0
268.55	3.0
269.42	4.0
270.29	1.0
271.2	2.0