0.48	4.0
1.05	1.0
1.63	2.0
2.19	3.0
2.75	4.0
3.27	1.0
3.85	2.0
4.36	3.0
4.91	4.0
5.46	1.0
6.01	2.0
6.54	3.0
7.08	4.0
7.63	1.0
8.17	2.0
8.72	3.0
9.26	4.0
9.81	1.0
10.36	2.0
10.9	3.0
11.45	4.0
11.99	1.0
12.54	2.0
13.08	3.0
13.63	4.0
14.18	1.0
14.72	2.0
15.27	3.0
15.81	4.0
16.36	1.0
16.91	2.0
17.45	3.0
17.99	4.0
18.54	1.0
19.08	2.0
19.63	3.0
20.17	4.0
20.72	1.0
21.26	2.0
21.81	3.0
22.36	4.0
22.9	1.0
23.45	2.0
23.99	3.0
24.54	4.0
25.08	1.0
25.63	2.0
26.18	3.0
26.72	4.0
27.27	1.0
27.81	2.0
28.36	3.0
28.9	4.0
29.44	1.0
29.99	2.0
30.54	3.0
31.08	4.0
31.63	1.0
32.17	2.0
32.72	3.0
33.27	4.0
33.81	1.0
34.36	2.0
34.9	3.0
35.45	4.0
35.99	1.0
36.54	2.0
37.08	3.0
37.63	4.0
38.17	1.0
38.72	2.0
39.26	3.0
39.81	4.0
40.35	1.0
40.9	2.0
41.45	3.0
41.99	4.0
42.54	1.0
43.08	2.0
43.63	3.0
44.17	4.0
44.71	1.0
45.27	2.0
45.81	3.0
46.36	4.0
46.9	1.0
47.45	2.0
47.99	3.0
48.54	4.0
49.08	1.0
49.63	2.0
50.17	3.0
50.72	4.0
51.25	1.0
51.77	2.0
52.29	3.0
52.87	4.0
53.42	1.0
53.99	2.0
54.55	3.0
55.08	4.0
55.63	1.0
56.17	2.0
56.73	3.0
57.29	4.0
57.81	1.0
58.36	2.0
58.91	3.0
59.43	4.0
59.99	1.0
60.55	2.0
61.08	3.0
61.62	4.0
62.17	1.0
62.72	2.0
63.26	3.0
63.81	4.0
64.35	1.0
64.89	2.0
65.45	3.0
65.99	4.0
66.55	1.0
67.09	2.0
67.63	3.0
68.18	4.0
68.71	1.0
69.27	2.0
69.81	3.0
70.33	4.0
70.87	1.0
71.42	2.0
71.95	3.0
72.53	4.0
73.08	1.0
73.61	2.0
74.17	3.0
74.72	4.0
75.27	1.0
75.81	2.0
76.36	3.0
76.93	4.0
77.45	1.0
78.0	2.0
78.54	3.0
79.08	4.0
79.61	1.0
80.17	2.0
80.72	3.0
81.27	4.0
81.82	1.0
82.35	2.0
82.9	3.0
83.42	4.0
83.96	1.0
84.51	2.0
85.03	3.0
85.58	4.0
86.11	1.0
86.67	2.0
87.25	3.0
87.82	4.0
88.36	1.0
88.91	2.0
89.5	3.0
90.01	4.0
90.56	1.0
91.11	2.0
91.63	3.0
92.2	4.0
92.73	1.0
93.25	2.0
93.81	3.0
94.35	4.0
94.9	1.0
95.42	2.0
95.96	3.0
96.54	4.0
97.09	1.0
97.63	2.0
98.18	3.0
98.72	4.0
99.29	1.0
99.82	2.0
100.35	3.0
100.91	4.0
101.44	1.0
102.0	2.0
102.55	3.0
103.09	4.0
103.63	1.0
104.19	2.0
104.73	3.0
105.24	4.0
105.79	1.0
106.37	2.0
106.91	3.0
107.46	4.0
108.02	1.0
108.54	2.0
109.11	3.0
109.64	4.0
110.19	1.0
110.75	2.0
111.29	3.0
111.8	4.0
112.36	1.0
112.89	2.0
113.43	3.0
113.99	4.0
114.53	1.0
115.07	2.0
115.65	3.0
116.18	4.0
116.74	1.0
117.25	2.0
117.82	3.0
118.35	4.0
118.89	1.0
119.43	2.0
120.0	3.0
120.56	4.0
121.09	1.0
121.64	2.0
122.18	3.0
122.73	4.0
123.29	1.0
123.88	2.0
124.41	3.0
124.97	4.0
125.56	1.0
126.03	2.0
126.54	3.0
127.05	4.0
127.52	1.0
127.94	2.0
128.31	3.0
128.68	4.0
129.05	1.0
129.41	2.0
129.79	3.0
130.17	4.0
130.54	1.0
130.91	2.0
131.26	3.0
131.64	4.0
132.02	1.0
132.42	2.0
132.79	3.0
133.16	4.0
133.55	1.0
133.92	2.0
134.3	3.0
134.66	4.0
135.03	1.0
135.42	2.0
135.8	3.0
136.18	4.0
136.53	1.0
136.91	2.0
137.3	3.0
137.66	4.0
138.04	1.0
138.44	2.0
138.8	3.0
139.18	4.0
139.55	1.0
139.92	2.0
140.3	3.0
140.68	4.0
141.05	1.0
141.43	2.0
141.8	3.0
142.17	4.0
142.55	1.0
142.93	2.0
143.3	3.0
143.68	4.0
144.05	1.0
144.43	2.0
144.8	3.0
145.18	4.0
145.55	1.0
145.92	2.0
146.3	3.0
146.68	4.0
147.05	1.0
147.42	2.0
147.8	3.0
148.18	4.0
148.55	1.0
148.93	2.0
149.3	3.0
149.68	4.0
150.05	1.0
150.43	2.0
150.8	3.0
151.18	4.0
151.55	1.0
151.92	2.0
152.3	3.0
152.67	4.0
153.04	1.0
153.4	2.0
153.79	3.0
154.18	4.0
154.56	1.0
154.92	2.0
155.3	3.0
155.67	4.0
156.04	1.0
156.43	2.0
156.8	3.0
157.18	4.0
157.55	1.0
157.93	2.0
158.29	3.0
158.68	4.0
159.04	1.0
159.42	2.0
159.79	3.0
160.16	4.0
160.52	1.0
160.92	2.0
161.29	3.0
161.67	4.0
162.05	1.0
162.42	2.0
162.81	3.0
163.18	4.0
163.55	1.0
163.93	2.0
164.3	3.0
164.67	4.0
165.06	1.0
165.43	2.0
165.8	3.0
166.18	4.0
166.55	1.0
166.92	2.0
167.29	3.0
167.67	4.0
168.04	1.0
168.41	2.0
168.8	3.0
169.18	4.0
169.55	1.0
169.93	2.0
170.28	3.0
170.67	4.0
171.05	1.0
171.43	2.0
171.82	3.0
172.18	4.0
172.54	1.0
172.93	2.0
173.3	3.0
173.67	4.0
174.05	1.0
174.42	2.0
174.8	3.0
175.17	4.0
175.55	1.0
175.94	2.0
176.31	3.0
176.67	4.0
177.05	1.0
177.41	2.0
177.79	3.0
178.17	4.0
178.54	1.0
178.89	2.0
179.27	3.0
179.66	4.0
180.04	1.0
180.43	2.0
180.79	3.0
181.17	4.0
181.55	1.0
181.92	2.0
182.3	3.0
182.68	4.0
183.05	1.0
183.42	2.0
183.8	3.0
184.18	4.0
184.55	1.0
184.93	2.0
185.3	3.0
185.67	4.0
186.05	1.0
186.42	2.0
186.8	3.0
187.17	4.0
187.53	1.0
187.92	2.0
188.29	3.0
188.66	4.0
189.04	1.0
189.42	2.0
189.8	3.0
190.17	4.0
190.55	1.0
190.93	2.0
191.3	3.0
191.65	4.0
192.04	1.0
192.42	2.0
192.8	3.0
193.17	4.0
193.55	1.0
193.93	2.0
194.31	3.0
194.68	4.0
195.06	1.0
195.43	2.0
195.8	3.0
196.18	4.0
196.56	1.0
196.93	2.0
197.31	3.0
197.68	4.0
198.05	1.0
198.43	2.0
198.8	3.0
199.18	4.0
199.56	1.0
199.93	2.0
200.3	3.0
200.68	4.0
201.06	1.0
201.43	2.0
201.8	3.0
202.17	4.0
202.55	1.0
202.93	2.0
203.3	3.0
203.68	4.0
204.04	1.0
204.43	2.0
204.8	3.0
205.18	4.0
205.54	1.0
205.93	2.0
206.31	3.0
206.68	4.0
207.05	1.0
207.43	2.0
207.81	3.0
208.18	4.0
208.56	1.0
208.93	2.0
209.3	3.0
209.68	4.0
210.05	1.0
210.42	2.0
210.79	3.0
211.16	4.0
211.55	1.0
211.93	2.0
212.3	3.0
212.68	4.0
213.05	1.0
213.43	2.0
213.8	3.0
214.18	4.0
214.55	1.0
214.92	2.0
215.3	3.0
215.68	4.0
216.05	1.0
216.43	2.0
216.8	3.0
217.17	4.0
217.55	1.0
217.93	2.0
218.3	3.0
218.68	4.0
219.05	1.0
219.42	2.0
219.8	3.0
220.18	4.0
220.55	1.0
220.93	2.0
221.3	3.0
221.68	4.0
222.03	1.0
222.42	2.0
222.8	3.0
223.17	4.0
223.55	1.0
223.93	2.0
224.3	3.0
224.68	4.0
225.05	1.0
225.43	2.0
225.8	3.0
226.17	4.0
226.53	1.0
226.92	2.0
227.29	3.0
227.68	4.0
228.05	1.0
228.43	2.0
228.81	3.0
229.18	4.0
229.54	1.0
229.93	2.0
230.3	3.0
230.68	4.0
231.06	1.0
231.43	2.0
231.8	3.0
232.18	4.0
232.55	1.0
232.93	2.0
233.29	3.0
233.67	4.0
234.06	1.0
234.43	2.0
234.8	3.0
235.17	4.0
235.54	1.0
235.93	2.0
236.31	3.0
236.68	4.0
237.05	1.0
237.43	2.0
237.8	3.0
238.18	4.0
238.55	1.0
238.93	2.0
239.3	3.0
239.68	4.0
240.05	1.0
240.43	2.0
240.8	3.0
241.18	4.0
241.55	1.0
241.92	2.0
242.3	3.0
242.68	4.0
243.05	1.0
243.43	2.0
243.8	3.0
244.18	4.0
244.55	1.0
244.92	2.0
245.3	3.0
245.68	4.0
246.05	1.0
246.43	2.0
246.8	3.0
247.18	4.0
247.55	1.0
247.93	2.0
248.3	3.0
248.67	4.0
249.05	1.0
249.43	2.0
249.8	3.0
250.18	4.0
250.55	1.0
250.93	2.0
251.31	3.0
251.68	4.0
252.05	1.0
252.43	2.0
252.8	3.0
253.17	4.0
253.53	1.0
253.93	2.0
254.31	3.0
254.68	4.0
255.05	1.0
255.43	2.0
255.82	3.0
256.18	4.0
256.54	1.0
256.93	2.0
257.3	3.0
257.65	4.0
258.02	1.0
258.42	2.0
258.79	3.0
259.17	4.0
259.55	1.0
259.92	2.0
260.3	3.0
260.68	4.0
261.05	1.0
261.43	2.0
261.8	3.0
262.17	4.0
262.54	1.0
262.92	2.0
263.3	3.0
263.68	4.0
264.05	1.0
264.42	2.0
264.81	3.0
265.18	4.0
265.55	1.0
265.92	2.0
266.3	3.0
266.67	4.0
267.05	1.0
267.43	2.0
267.79	3.0
268.17	4.0
268.55	1.0
268.93	2.0
269.31	3.0
269.68	4.0
270.04	1.0
270.42	2.0
270.8	3.0
271.18	4.0
271.55	1.0
271.93	2.0
272.3	3.0
272.68	4.0
273.05	1.0
273.43	2.0
273.8	3.0
274.18	4.0
274.55	1.0
274.93	2.0
275.3	3.0
275.68	4.0
276.05	1.0
276.43	2.0
276.8	3.0
277.17	4.0
277.55	1.0
277.93	2.0
278.3	3.0
278.68	4.0
279.05	1.0
279.43	2.0
279.8	3.0
280.18	4.0
280.55	1.0
280.92	2.0
281.3	3.0
281.67	4.0
282.05	1.0
282.43	2.0
282.8	3.0
283.18	4.0
283.55	1.0
283.93	2.0
284.3	3.0
284.68	4.0
285.05	1.0
285.43	2.0
285.8	3.0
286.18	4.0
286.55	1.0
286.93	2.0
287.3	3.0
287.68	4.0
288.05	1.0
288.43	2.0
288.8	3.0
289.18	4.0
289.55	1.0
289.92	2.0
290.29	3.0
290.66	4.0
291.02	1.0
291.42	2.0
291.8	3.0
292.18	4.0
292.54	1.0
292.93	2.0
293.3	3.0
293.68	4.0
294.05	1.0
294.43	2.0
294.79	3.0
295.17	4.0
295.55	1.0
295.92	2.0
296.3	3.0
296.68	4.0
297.04	1.0
297.43	2.0
297.8	3.0
298.18	4.0
298.56	1.0
298.93	2.0
299.3	3.0
299.68	4.0
300.03	1.0
300.42	2.0
300.8	3.0
301.18	4.0
301.56	1.0
301.95	2.0
302.34	3.0
302.85	4.0
303.43	1.0
303.98	2.0
304.64	3.0
305.31	4.0
306.05	1.0
306.81	2.0
307.52	3.0
308.3	4.0
309.05	1.0
309.81	2.0
310.56	3.0
311.31	4.0
312.05	1.0
312.81	2.0
313.55	3.0
314.29	4.0
315.05	1.0
315.77	2.0
316.55	3.0
317.32	4.0
318.05	1.0
318.85	2.0
319.55	3.0
320.32	4.0
321.05	1.0
321.8	2.0
322.54	3.0
323.29	4.0
324.04	1.0
324.68	2.0
325.29	3.0
325.94	4.0
326.54	1.0
327.17	2.0
327.8	3.0
328.41	4.0
328.96	1.0
329.39	2.0
329.85	3.0
330.27	4.0
330.68	1.0
331.09	2.0
331.51	3.0
331.9	4.0
332.31	1.0
332.72	2.0
333.14	3.0
333.55	4.0
333.98	1.0
334.41	2.0
334.81	3.0
335.23	4.0
335.65	1.0
336.07	2.0
336.48	3.0
336.89	4.0
337.3	1.0
337.7	2.0
338.11	3.0
338.54	4.0
338.95	1.0
339.36	2.0
339.77	3.0
340.19	4.0
340.61	1.0
341.01	2.0
341.43	3.0
341.85	4.0
342.29	1.0
342.71	2.0
343.12	3.0
343.52	4.0
343.93	1.0
344.35	2.0
344.75	3.0
345.17	4.0
345.59	1.0
345.99	2.0
346.39	3.0
346.82	4.0
347.21	1.0
347.64	2.0
348.05	3.0
348.46	4.0
348.87	1.0
349.29	2.0
349.71	3.0
350.11	4.0
350.54	1.0
350.95	2.0
351.39	3.0
351.78	4.0
352.19	1.0
352.62	2.0
353.03	3.0
353.44	4.0
353.84	1.0
354.26	2.0
354.66	3.0
355.07	4.0
355.48	1.0
355.91	2.0
356.32	3.0
356.73	4.0
357.15	1.0
357.56	2.0
357.98	3.0
358.37	4.0
358.8	1.0
359.23	2.0
359.64	3.0
360.05	4.0
360.46	1.0
360.88	2.0
361.27	3.0
361.69	4.0
362.09	1.0
362.53	2.0
362.95	3.0
363.36	4.0
363.77	1.0
364.18	2.0
364.6	3.0
365.01	4.0
365.43	1.0
365.84	2.0
366.23	3.0
366.64	4.0
367.05	1.0
367.48	2.0
367.89	3.0
368.31	4.0
368.74	1.0
369.15	2.0
369.57	3.0
369.97	4.0
370.38	1.0
370.8	2.0
371.22	3.0
371.64	4.0
372.05	1.0
372.46	2.0
372.88	3.0
373.31	4.0
373.71	1.0
374.12	2.0
374.54	3.0
374.95	4.0
375.36	1.0
375.78	2.0
376.19	3.0
376.61	4.0
377.02	1.0
377.42	2.0
377.85	3.0
378.26	4.0
378.67	1.0
379.08	2.0
379.5	3.0
379.91	4.0
380.33	1.0
380.74	2.0
381.16	3.0
381.57	4.0
381.98	1.0
382.4	2.0
382.8	3.0
383.22	4.0
383.64	1.0
384.05	2.0
384.46	3.0
384.87	4.0
385.29	1.0
385.7	2.0
386.1	3.0
386.52	4.0
386.95	1.0
387.35	2.0
387.78	3.0
388.19	4.0
388.6	1.0
389.0	2.0
389.42	3.0
389.83	4.0
390.25	1.0
390.66	2.0
391.08	3.0
391.5	4.0
391.9	1.0
392.34	2.0
392.76	3.0
393.16	4.0
393.58	1.0
393.99	2.0
394.4	3.0
394.81	4.0
395.21	1.0
395.63	2.0
396.04	3.0
396.46	4.0
396.88	1.0
397.3	2.0
397.71	3.0
398.12	4.0
398.55	1.0
398.95	2.0
399.36	3.0
399.78	4.0
400.19	1.0
400.6	2.0
401.02	3.0
401.43	4.0
401.85	1.0
402.27	2.0
402.69	3.0
403.09	4.0
403.52	1.0
403.92	2.0
404.32	3.0
404.75	4.0
405.15	1.0
405.57	2.0
405.98	3.0
406.39	4.0
406.8	1.0
407.22	2.0
407.64	3.0
408.05	4.0
408.48	1.0
409.08	2.0
409.69	3.0
410.28	4.0
410.85	1.0
411.47	2.0
412.04	3.0
412.68	4.0
413.33	1.0
414.01	2.0
414.68	3.0
415.34	4.0
416.01	1.0
416.67	2.0
417.34	3.0
418.02	4.0
418.67	1.0
419.33	2.0
420.0	3.0
420.67	4.0
421.34	1.0
422.0	2.0
422.67	3.0
423.34	4.0
424.0	1.0
424.69	2.0
425.35	3.0
426.0	4.0
426.67	1.0
427.33	2.0
428.0	3.0
428.64	4.0
429.34	1.0
430.0	2.0
430.67	3.0
431.34	4.0
432.0	1.0
432.67	2.0
433.34	3.0
434.01	4.0
434.67	1.0
435.34	2.0
436.0	3.0
436.67	4.0
437.33	1.0
437.98	2.0
438.64	3.0
439.3	4.0
439.92	1.0
440.55	2.0
441.2	3.0
441.83	4.0
442.38	1.0
442.98	2.0
443.56	3.0
444.13	4.0
444.73	1.0
445.29	2.0
445.89	3.0
446.48	4.0
447.14	1.0
447.76	2.0
448.38	3.0
449.04	4.0
449.68	1.0
450.32	2.0
450.96	3.0
451.6	4.0
452.21	1.0
452.85	2.0
453.49	3.0
454.16	4.0