0.01	1.0
0.34	2.0
0.7	3.0
1.04	4.0
1.4	1.0
1.75	2.0
2.1	3.0
2.45	4.0
2.79	1.0
3.14	2.0
3.49	3.0
3.83	4.0
4.18	1.0
4.53	2.0
4.88	3.0
5.23	4.0
5.58	1.0
5.93	2.0
6.28	3.0
6.63	4.0
6.97	1.0
7.32	2.0
7.67	3.0
8.02	4.0
8.38	1.0
8.72	2.0
9.07	3.0
9.4	4.0
9.76	1.0
10.12	2.0
10.46	3.0
10.81	4.0
11.17	1.0
11.51	2.0
11.85	3.0
12.22	4.0
12.55	1.0
12.91	2.0
13.25	3.0
13.6	4.0
13.95	1.0
14.3	2.0
14.65	3.0
15.0	4.0
15.35	1.0
15.7	2.0
16.04	3.0
16.4	4.0
16.75	1.0
17.09	2.0
17.44	3.0
17.78	4.0
18.13	1.0
18.48	2.0
18.84	3.0
19.18	4.0
19.54	1.0
19.88	2.0
20.23	3.0
20.57	4.0
20.93	1.0
21.27	2.0
21.63	3.0
21.97	4.0
22.33	1.0
22.67	2.0
23.02	3.0
23.36	4.0
23.71	1.0
24.06	2.0
24.42	3.0
24.76	4.0
25.12	1.0
25.45	2.0
25.81	3.0
26.15	4.0
26.51	1.0
26.85	2.0
27.21	3.0
27.55	4.0
27.91	1.0
28.25	2.0
28.6	3.0
28.95	4.0
29.29	1.0
29.64	2.0
30.0	3.0
30.34	4.0
30.7	1.0
31.04	2.0
31.39	3.0
31.74	4.0
32.09	1.0
32.43	2.0
32.79	3.0
33.13	4.0
33.49	1.0
33.83	2.0
34.19	3.0
34.52	4.0
34.88	1.0
35.23	2.0
35.58	3.0
35.92	4.0
36.25	1.0
36.62	2.0
36.97	3.0
37.32	4.0
37.67	1.0
38.0	2.0
38.35	3.0
38.72	4.0
39.07	1.0
39.41	2.0
39.76	3.0
40.11	4.0
40.46	1.0
40.81	2.0
41.16	3.0
41.5	4.0
41.87	1.0
42.2	2.0
42.56	3.0
42.9	4.0
43.26	1.0
43.6	2.0
43.95	3.0
44.29	4.0
44.66	1.0
44.99	2.0
45.34	3.0
45.69	4.0
46.04	1.0
46.39	2.0
46.75	3.0
47.08	4.0
47.44	1.0
47.78	2.0
48.13	3.0
48.48	4.0
48.83	1.0
49.18	2.0
49.53	3.0
49.87	4.0
50.24	1.0
50.57	2.0
50.93	3.0
51.27	4.0
51.62	1.0
51.97	2.0
52.32	3.0
52.67	4.0
53.03	1.0
53.36	2.0
53.71	3.0
54.06	4.0
54.42	1.0
54.76	2.0
55.12	3.0
55.46	4.0
55.82	1.0
56.15	2.0
56.51	3.0
56.85	4.0
57.21	1.0
57.55	2.0
57.9	3.0
58.25	4.0
58.61	1.0
58.94	2.0
59.3	3.0
59.64	4.0
60.0	1.0
60.34	2.0
60.7	3.0
61.04	4.0
61.4	1.0
61.73	2.0
62.09	3.0
62.43	4.0
62.79	1.0
63.13	2.0
63.49	3.0
63.83	4.0
64.19	1.0
64.52	2.0
64.88	3.0
65.22	4.0
65.57	1.0
65.92	2.0
66.27	3.0
66.62	4.0
66.98	1.0
67.32	2.0
67.67	3.0
68.01	4.0
68.37	1.0
68.71	2.0
69.07	3.0
69.41	4.0
69.73	1.0
70.09	2.0
70.43	3.0
70.75	4.0
71.11	1.0
71.44	2.0
71.8	3.0
72.18	4.0
72.56	1.0
72.9	2.0
73.25	3.0
73.6	4.0
73.94	1.0
74.29	2.0
74.65	3.0
74.99	4.0
75.35	1.0
75.69	2.0
76.05	3.0
76.39	4.0
76.74	1.0
77.09	2.0
77.44	3.0
77.78	4.0
78.14	1.0
78.48	2.0
78.83	3.0
79.18	4.0
79.53	1.0
79.88	2.0
80.23	3.0
80.57	4.0
80.93	1.0
81.27	2.0
81.63	3.0
81.97	4.0
82.32	1.0
82.67	2.0
83.02	3.0
83.36	4.0
83.73	1.0
84.05	2.0
84.4	3.0
84.75	4.0
85.11	1.0
85.46	2.0
85.81	3.0
86.16	4.0
86.51	1.0
86.83	2.0
87.18	3.0
87.53	4.0
87.9	1.0
88.24	2.0
88.58	3.0
88.95	4.0
89.3	1.0
89.63	2.0
89.98	3.0
90.35	4.0
90.69	1.0
91.05	2.0
91.39	3.0
91.73	4.0
92.09	1.0
92.44	2.0
92.82	3.0
93.16	4.0
93.51	1.0
93.85	2.0
94.2	3.0
94.55	4.0
94.88	1.0
95.22	2.0
95.58	3.0
95.92	4.0
96.28	1.0
96.62	2.0
96.98	3.0
97.32	4.0
97.68	1.0
98.01	2.0
98.36	3.0
98.71	4.0
99.06	1.0
99.41	2.0
99.77	3.0
100.11	4.0
100.46	1.0
100.8	2.0
101.16	3.0
101.5	4.0
101.86	1.0
102.2	2.0
102.56	3.0
102.9	4.0
103.26	1.0
103.6	2.0
103.95	3.0
104.29	4.0
104.65	1.0
104.99	2.0
105.35	3.0
105.69	4.0
106.05	1.0
106.39	2.0
106.75	3.0
107.08	4.0
107.44	1.0
107.78	2.0
108.14	3.0
108.48	4.0
108.84	1.0
109.18	2.0
109.53	3.0
109.87	4.0
110.23	1.0
110.57	2.0
110.93	3.0
111.27	4.0
111.63	1.0
111.97	2.0
112.33	3.0
112.66	4.0
113.02	1.0
113.36	2.0
113.72	3.0
114.06	4.0
114.43	1.0
114.77	2.0
115.12	3.0
115.45	4.0
115.78	1.0
116.13	2.0
116.47	3.0
116.83	4.0
117.21	1.0
117.55	2.0
117.9	3.0
118.25	4.0
118.59	1.0
118.95	2.0
119.3	3.0
119.64	4.0
120.01	1.0
120.34	2.0
120.7	3.0
121.04	4.0
121.4	1.0
121.74	2.0
122.09	3.0
122.43	4.0
122.8	1.0
123.13	2.0
123.48	3.0
123.83	4.0
124.18	1.0
124.53	2.0
124.88	3.0
125.22	4.0
125.58	1.0
125.92	2.0
126.28	3.0
126.62	4.0
126.97	1.0
127.32	2.0
127.68	3.0
128.01	4.0
128.37	1.0
128.71	2.0
129.06	3.0
129.41	4.0
129.76	1.0
130.11	2.0
130.46	3.0
130.81	4.0
131.16	1.0
131.5	2.0
131.85	3.0
132.2	4.0
132.56	1.0
132.9	2.0
133.25	3.0
133.6	4.0
133.96	1.0
134.29	2.0
134.65	3.0
134.99	4.0
135.35	1.0
135.69	2.0
136.05	3.0
136.39	4.0
136.75	1.0
137.08	2.0
137.43	3.0
137.78	4.0
138.13	1.0
138.48	2.0
138.84	3.0
139.18	4.0
139.54	1.0
139.87	2.0
140.23	3.0
140.57	4.0
140.92	1.0
141.27	2.0
141.63	3.0
141.97	4.0
142.33	1.0
142.66	2.0
143.02	3.0
143.36	4.0
143.71	1.0
144.06	2.0
144.42	3.0
144.76	4.0
145.12	1.0
145.46	2.0
145.81	3.0
146.15	4.0
146.51	1.0
146.85	2.0
147.21	3.0
147.55	4.0
147.91	1.0
148.25	2.0
148.6	3.0
148.94	4.0
149.3	1.0
149.64	2.0
150.0	3.0
150.34	4.0
150.7	1.0
151.03	2.0
151.4	3.0
151.75	4.0
152.08	1.0
152.44	2.0
152.78	3.0
153.15	4.0
153.49	1.0
153.85	2.0
154.2	3.0
154.55	4.0
154.88	1.0
155.23	2.0
155.6	3.0
155.95	4.0
156.28	1.0
156.65	2.0
157.0	3.0
157.35	4.0
157.68	1.0
158.03	2.0
158.38	3.0
158.75	4.0
159.09	1.0
159.45	2.0
159.79	3.0
160.13	4.0
160.48	1.0
160.83	2.0
161.18	3.0
161.53	4.0
161.86	1.0
162.2	2.0
162.55	3.0
162.89	4.0
163.25	1.0
163.59	2.0
163.95	3.0
164.29	4.0
164.65	1.0
164.98	2.0
165.35	3.0
165.69	4.0
166.04	1.0
166.39	2.0
166.74	3.0
167.08	4.0
167.45	1.0
167.78	2.0
168.14	3.0
168.48	4.0
168.83	1.0
169.18	2.0
169.53	3.0
169.88	4.0
170.23	1.0
170.57	2.0
170.93	3.0
171.27	4.0
171.62	1.0
171.96	2.0
172.32	3.0
172.67	4.0
173.03	1.0
173.36	2.0
173.72	3.0
174.06	4.0
174.41	1.0
174.76	2.0
175.11	3.0
175.46	4.0
175.82	1.0
176.15	2.0
176.51	3.0
176.85	4.0
177.2	1.0
177.55	2.0
177.9	3.0
178.25	4.0
178.61	1.0
178.94	2.0
179.3	3.0
179.64	4.0
179.99	1.0
180.34	2.0
180.69	3.0
181.04	4.0
181.4	1.0
181.73	2.0
182.09	3.0
182.43	4.0
182.79	1.0
183.13	2.0
183.49	3.0
183.83	4.0
184.19	1.0
184.53	2.0
184.88	3.0
185.22	4.0
185.57	1.0
185.92	2.0
186.27	3.0
186.62	4.0
186.98	1.0
187.32	2.0
187.68	3.0
188.01	4.0
188.37	1.0
188.71	2.0
189.06	3.0
189.41	4.0
189.77	1.0
190.11	2.0
190.46	3.0
190.8	4.0
191.16	1.0
191.5	2.0
191.86	3.0
192.2	4.0
192.56	1.0
192.9	2.0
193.25	3.0
193.59	4.0
193.95	1.0
194.29	2.0
194.65	3.0
194.99	4.0
195.34	1.0
195.69	2.0
196.04	3.0
196.39	4.0
196.73	1.0
197.04	2.0
197.36	3.0
197.69	4.0
198.0	1.0
198.33	2.0
198.65	3.0
198.92	4.0
199.2	1.0
199.49	2.0
199.76	3.0
200.04	4.0
200.33	1.0
200.6	2.0
200.89	3.0
201.16	4.0
201.45	1.0
201.74	2.0
202.03	3.0
202.31	4.0
202.6	1.0
202.93	2.0
203.24	3.0
203.57	4.0
203.89	1.0
204.21	2.0
204.53	3.0
204.84	4.0
205.16	1.0
205.48	2.0
205.82	3.0
206.17	4.0
206.51	1.0
206.85	2.0
207.2	3.0
207.55	4.0
207.91	1.0
208.25	2.0
208.59	3.0
208.94	4.0
209.31	1.0
209.64	2.0
210.0	3.0
210.34	4.0
210.69	1.0
211.04	2.0
211.38	3.0
211.74	4.0
212.1	1.0
212.43	2.0
212.79	3.0
213.13	4.0
213.47	1.0
213.83	2.0
214.18	3.0
214.53	4.0
214.88	1.0
215.22	2.0
215.57	3.0
215.92	4.0
216.27	1.0
216.62	2.0
216.97	3.0
217.32	4.0
217.68	1.0
218.02	2.0
218.37	3.0
218.71	4.0
219.06	1.0
219.41	2.0
219.76	3.0
220.11	4.0
220.47	1.0
220.8	2.0
221.17	3.0
221.5	4.0
221.86	1.0
222.2	2.0
222.55	3.0
222.9	4.0
223.26	1.0
223.6	2.0
223.95	3.0
224.29	4.0
224.65	1.0
224.99	2.0
225.34	3.0
225.69	4.0
226.05	1.0
226.38	2.0
226.74	3.0
227.08	4.0
227.43	1.0
227.78	2.0
228.14	3.0
228.48	4.0
228.84	1.0
229.17	2.0
229.53	3.0
229.87	4.0
230.23	1.0
230.57	2.0
230.92	3.0
231.27	4.0
231.63	1.0
231.97	2.0
232.32	3.0
232.66	4.0
233.01	1.0
233.36	2.0
233.72	3.0
234.06	4.0
234.42	1.0
234.76	2.0
235.11	3.0
235.46	4.0
235.81	1.0
236.15	2.0
236.51	3.0
236.85	4.0
237.21	1.0
237.55	2.0
237.9	3.0
238.24	4.0
238.6	1.0
238.94	2.0
239.29	3.0
239.64	4.0
240.0	1.0
240.34	2.0
240.69	3.0
241.04	4.0
241.39	1.0
241.73	2.0
242.09	3.0
242.43	4.0
242.79	1.0
243.13	2.0
243.48	3.0
243.82	4.0
244.18	1.0
244.52	2.0
244.87	3.0
245.22	4.0
245.58	1.0
245.92	2.0
246.28	3.0
246.62	4.0
246.97	1.0
247.32	2.0
247.67	3.0
248.01	4.0
248.37	1.0
248.71	2.0
249.07	3.0
249.41	4.0
249.76	1.0
250.11	2.0
250.46	3.0
250.8	4.0
251.17	1.0
251.5	2.0
251.85	3.0
252.18	4.0