1.9	1.0
2.37	2.0
2.85	3.0
3.33	4.0
3.79	1.0
4.27	2.0
4.7	3.0
5.15	4.0
5.61	1.0
6.06	2.0
6.56	3.0
7.05	4.0
7.54	1.0
8.02	2.0
8.5	3.0
8.99	4.0
9.47	1.0
9.94	2.0
10.4	3.0
10.87	4.0
11.33	1.0
11.81	2.0
12.27	3.0
12.73	4.0
13.2	1.0
13.66	2.0
14.14	3.0
14.61	4.0
15.08	1.0
15.55	2.0
16.01	3.0
16.47	4.0
16.93	1.0
17.41	2.0
17.87	3.0
18.33	4.0
18.79	1.0
19.26	2.0
19.72	3.0
20.18	4.0
20.64	1.0
21.1	2.0
21.56	3.0
22.02	4.0
22.48	1.0
22.94	2.0
23.4	3.0
23.86	4.0
24.32	1.0
24.78	2.0
25.27	3.0
25.72	4.0
26.2	1.0
26.67	2.0
27.14	3.0
27.6	4.0
28.07	1.0
28.54	2.0
29.0	3.0
29.46	4.0
29.95	1.0
30.4	2.0
30.88	3.0
31.34	4.0
31.81	1.0
32.26	2.0
32.74	3.0
33.21	4.0
33.67	1.0
34.13	2.0
34.61	3.0
35.07	4.0
35.54	1.0
35.99	2.0
36.47	3.0
36.93	4.0
37.4	1.0
37.86	2.0
38.35	3.0
38.8	4.0
39.29	1.0
39.75	2.0
40.23	3.0
40.69	4.0
41.15	1.0
41.64	2.0
42.11	3.0
42.58	4.0
43.04	1.0
43.52	2.0
44.0	3.0
44.45	4.0
44.94	1.0
45.39	2.0
45.86	3.0
46.32	4.0
46.79	1.0
47.25	2.0
47.71	3.0
48.18	4.0
48.64	1.0
49.11	2.0
49.57	3.0
50.04	4.0
50.51	1.0
50.99	2.0
51.45	3.0
51.91	4.0
52.39	1.0
52.86	2.0
53.33	3.0
53.79	4.0
54.26	1.0
54.73	2.0
55.19	3.0
55.66	4.0
56.14	1.0
56.61	2.0
57.07	3.0
57.53	4.0
57.97	1.0
58.43	2.0
58.9	3.0
59.36	4.0
59.83	1.0
60.3	2.0
60.76	3.0
61.24	4.0
61.7	1.0
62.16	2.0
62.64	3.0
63.09	4.0
63.56	1.0
64.02	2.0
64.51	3.0
64.97	4.0
65.44	1.0
65.9	2.0
66.38	3.0
66.84	4.0
67.31	1.0
67.76	2.0
68.25	3.0
68.72	4.0
69.18	1.0
69.65	2.0
70.12	3.0
70.59	4.0
71.05	1.0
71.53	2.0
72.0	3.0
72.47	4.0
72.93	1.0
73.4	2.0
73.87	3.0
74.34	4.0
74.81	1.0
75.27	2.0
75.75	3.0
76.2	4.0
76.67	1.0
77.14	2.0
77.61	3.0
78.06	4.0
78.51	1.0
78.98	2.0
79.44	3.0
79.92	4.0
80.38	1.0
80.86	2.0
81.32	3.0
81.78	4.0
82.26	1.0
82.74	2.0
83.2	3.0
83.66	4.0
84.13	1.0
84.59	2.0
85.07	3.0
85.53	4.0
86.0	1.0
86.47	2.0
86.93	3.0
87.4	4.0
87.84	1.0
88.31	2.0
88.77	3.0
89.24	4.0
89.7	1.0
90.18	2.0
90.64	3.0
91.1	4.0
91.56	1.0
92.04	2.0
92.51	3.0
92.97	4.0
93.44	1.0
93.9	2.0
94.37	3.0
94.84	4.0
95.29	1.0
95.76	2.0
96.23	3.0
96.71	4.0
97.18	1.0
97.64	2.0
98.11	3.0
98.59	4.0
99.05	1.0
99.54	2.0
100.01	3.0
100.48	4.0
100.94	1.0
101.41	2.0
101.86	3.0
102.34	4.0
102.8	1.0
103.28	2.0
103.75	3.0
104.21	4.0
104.68	1.0
105.14	2.0
105.62	3.0
106.07	4.0
106.53	1.0
107.01	2.0
107.47	3.0
107.94	4.0
108.4	1.0
108.87	2.0
109.33	3.0
109.8	4.0
110.26	1.0
110.74	2.0
111.2	3.0
111.67	4.0
112.14	1.0
112.6	2.0
113.08	3.0
113.53	4.0
113.99	1.0
114.45	2.0
114.92	3.0
115.41	4.0
115.88	1.0
116.34	2.0
116.8	3.0
117.24	4.0
117.69	1.0
118.15	2.0
118.64	3.0
119.09	4.0
119.58	1.0
120.04	2.0
120.51	3.0
120.96	4.0
121.42	1.0
121.9	2.0
122.37	3.0
122.83	4.0
123.29	1.0
123.77	2.0
124.24	3.0
124.7	4.0
125.14	1.0
125.61	2.0
126.07	3.0
126.53	4.0
126.97	1.0
127.44	2.0
127.9	3.0
128.37	4.0
128.82	1.0
129.29	2.0
129.76	3.0
130.21	4.0
130.69	1.0
131.15	2.0
131.62	3.0
132.06	4.0
132.54	1.0
132.99	2.0
133.45	3.0
133.93	4.0
134.39	1.0
134.86	2.0
135.31	3.0
135.77	4.0
136.24	1.0
136.7	2.0
137.17	3.0
137.62	4.0
138.09	1.0
138.57	2.0
139.03	3.0
139.49	4.0
139.96	1.0
140.44	2.0
140.9	3.0
141.38	4.0
141.84	1.0
142.3	2.0
142.76	3.0
143.22	4.0
143.7	1.0
144.15	2.0
144.61	3.0
145.08	4.0
145.53	1.0
146.0	2.0
146.47	3.0
146.92	4.0
147.39	1.0
147.86	2.0
148.33	3.0
148.77	4.0
149.24	1.0
149.7	2.0
150.16	3.0
150.61	4.0
151.07	1.0
151.53	2.0
151.97	3.0
152.43	4.0
152.9	1.0
153.36	2.0
153.81	3.0
154.28	4.0
154.75	1.0