0.01	1.0
0.59	2.0
1.19	3.0
1.77	4.0
2.38	1.0
2.97	2.0
3.56	3.0
4.15	4.0
4.73	1.0
5.33	2.0
5.9	3.0
6.51	4.0
7.11	1.0
7.71	2.0
8.31	3.0
8.91	4.0
9.52	1.0
10.11	2.0
10.72	3.0
11.31	4.0
11.92	1.0
12.52	2.0
13.1	3.0
13.71	4.0
14.33	1.0
14.92	2.0
15.52	3.0
16.11	4.0
16.71	1.0
17.31	2.0
17.89	3.0
18.51	4.0
19.12	1.0
19.71	2.0
20.31	3.0
20.92	4.0
21.52	1.0
22.12	2.0
22.71	3.0
23.3	4.0
23.91	1.0
24.51	2.0
25.11	3.0
25.71	4.0
26.31	1.0
26.92	2.0
27.49	3.0
28.1	4.0
28.72	1.0
29.31	2.0
29.91	3.0
30.51	4.0
31.12	1.0
31.71	2.0
32.29	3.0
32.9	4.0
33.51	1.0
34.13	2.0
34.72	3.0
35.32	4.0
35.92	1.0
36.51	2.0
37.11	3.0
37.72	4.0
38.32	1.0
38.92	2.0
39.52	3.0
40.12	4.0
40.72	1.0
41.32	2.0
41.91	3.0
42.51	4.0
43.13	1.0
43.72	2.0
44.32	3.0
44.92	4.0
45.52	1.0
46.11	2.0
46.71	3.0
47.31	4.0
47.92	1.0
48.52	2.0
49.12	3.0
49.71	4.0
50.31	1.0
50.91	2.0
51.51	3.0
52.11	4.0
52.72	1.0
53.33	2.0
53.92	3.0
54.52	4.0
55.12	1.0
55.72	2.0
56.3	3.0
56.92	4.0
57.53	1.0
58.12	2.0
58.71	3.0
59.32	4.0
59.92	1.0
60.51	2.0
61.12	3.0
61.72	4.0
62.34	1.0
62.93	2.0
63.51	3.0
64.11	4.0
64.72	1.0
65.32	2.0
65.91	3.0
66.52	4.0
67.13	1.0
67.74	2.0
68.33	3.0
68.92	4.0
69.52	1.0
70.12	2.0
70.71	3.0
71.32	4.0
71.92	1.0
72.53	2.0
73.1	3.0
73.72	4.0
74.32	1.0
74.92	2.0
75.5	3.0
76.11	4.0
76.72	1.0
77.33	2.0
77.91	3.0
78.52	4.0
79.11	1.0
79.71	2.0
80.31	3.0
80.93	4.0
81.52	1.0
82.11	2.0
82.72	3.0
83.33	4.0
83.92	1.0
84.52	2.0
85.12	3.0
85.72	4.0
86.32	1.0
86.92	2.0
87.51	3.0
88.11	4.0
88.71	1.0
89.33	2.0
89.92	3.0
90.52	4.0
91.12	1.0
91.73	2.0
92.33	3.0
92.92	4.0
93.51	1.0
94.12	2.0
94.72	3.0
95.31	4.0
95.92	1.0
96.52	2.0
97.11	3.0
97.71	4.0
98.3	1.0
98.92	2.0
99.52	3.0
100.12	4.0
100.73	1.0
101.32	2.0
101.92	3.0
102.52	4.0
103.12	1.0
103.72	2.0
104.31	3.0
104.91	4.0
105.53	1.0
106.12	2.0
106.71	3.0
107.31	4.0
107.92	1.0
108.52	2.0
109.12	3.0
109.72	4.0
110.32	1.0
110.92	2.0
111.52	3.0
112.12	4.0
112.72	1.0
113.32	2.0
113.91	3.0
114.51	4.0
115.11	1.0
115.72	2.0
116.31	3.0
116.91	4.0
117.52	1.0
118.12	2.0
118.71	3.0
119.31	4.0
119.92	1.0
120.52	2.0
121.11	3.0
121.71	4.0
122.32	1.0
122.92	2.0
123.53	3.0
124.12	4.0
124.72	1.0
125.31	2.0
125.9	3.0
126.5	4.0
127.11	1.0
127.71	2.0
128.32	3.0
128.91	4.0
129.52	1.0
130.12	2.0
130.73	3.0
131.32	4.0
131.92	1.0
132.52	2.0
133.11	3.0
133.71	4.0
134.32	1.0
134.92	2.0
135.52	3.0
136.11	4.0
136.7	1.0
137.31	2.0
137.92	3.0
138.52	4.0
139.13	1.0
139.72	2.0
140.32	3.0
140.92	4.0
141.51	1.0
142.12	2.0
142.71	3.0
143.3	4.0
143.93	1.0
144.52	2.0
145.13	3.0
145.72	4.0
146.31	1.0
146.92	2.0
147.52	3.0
148.12	4.0
148.73	1.0
149.33	2.0
149.93	3.0
150.53	4.0
151.12	1.0
151.72	2.0
152.31	3.0
152.91	4.0
153.52	1.0
154.12	2.0
154.71	3.0
155.31	4.0
155.9	1.0
156.52	2.0
157.11	3.0
157.72	4.0
158.33	1.0
158.92	2.0
159.52	3.0
160.12	4.0
160.73	1.0
161.32	2.0
161.91	3.0
162.52	4.0
163.13	1.0
163.72	2.0
164.32	3.0
164.91	4.0
165.51	1.0
166.12	2.0
166.71	3.0
167.31	4.0
167.92	1.0
168.51	2.0
169.11	3.0
169.71	4.0
170.31	1.0
170.92	2.0
171.52	3.0
172.11	4.0
172.72	1.0
173.32	2.0
173.92	3.0
174.51	4.0
175.11	1.0
175.71	2.0
176.32	3.0
176.92	4.0
177.53	1.0
178.12	2.0
178.72	3.0
179.32	4.0
179.92	1.0
180.52	2.0
181.11	3.0
181.72	4.0
182.32	1.0
182.92	2.0
183.51	3.0
184.11	4.0
184.71	1.0
185.32	2.0
185.91	3.0
186.51	4.0
187.12	1.0
187.72	2.0
188.33	3.0
188.92	4.0
189.52	1.0
190.12	2.0
190.71	3.0
191.3	4.0
191.92	1.0
192.52	2.0
193.13	3.0
193.72	4.0
194.31	1.0
194.91	2.0
195.5	3.0
196.11	4.0
196.72	1.0
197.31	2.0
197.92	3.0
198.52	4.0
199.11	1.0
199.72	2.0
200.32	3.0
200.91	4.0
201.51	1.0
202.12	2.0
202.71	3.0
203.32	4.0
203.91	1.0
204.51	2.0
205.11	3.0
205.71	4.0
206.32	1.0
206.91	2.0
207.52	3.0
208.12	4.0
208.71	1.0
209.31	2.0
209.91	3.0
210.51	4.0
211.11	1.0
211.7	2.0
212.31	3.0
212.91	4.0
213.52	1.0
214.11	2.0
214.71	3.0
215.31	4.0
215.92	1.0
216.52	2.0
217.11	3.0
217.71	4.0
218.31	1.0
218.92	2.0
219.52	3.0
220.11	4.0
220.71	1.0
221.31	2.0
221.91	3.0
222.52	4.0
223.12	1.0
223.72	2.0
224.31	3.0
224.92	4.0
225.52	1.0
226.12	2.0
226.72	3.0
227.32	4.0
227.91	1.0
228.51	2.0
229.11	3.0
229.71	4.0
230.31	1.0
230.92	2.0
231.51	3.0
232.11	4.0
232.7	1.0
233.32	2.0
233.91	3.0
234.52	4.0
235.12	1.0
235.72	2.0
236.33	3.0
236.92	4.0
237.52	1.0
238.12	2.0
238.71	3.0
239.31	4.0
239.9	1.0
240.51	2.0
241.11	3.0
241.71	4.0
242.29	1.0
242.91	2.0
243.5	3.0
244.12	4.0
244.71	1.0
245.32	2.0
245.9	3.0
246.51	4.0
247.11	1.0
247.72	2.0
248.3	3.0
248.92	4.0
249.52	1.0
250.12	2.0
250.72	3.0
251.32	4.0
251.91	1.0
252.53	2.0
253.11	3.0
253.72	4.0
254.32	1.0
254.92	2.0
255.51	3.0
256.12	4.0
256.7	1.0
257.32	2.0
257.92	3.0
258.52	4.0
259.12	1.0
259.72	2.0
260.3	3.0
260.88	4.0
261.49	1.0
262.12	2.0
262.71	3.0
263.32	4.0
263.92	1.0
264.53	2.0
265.12	3.0
265.72	4.0
266.31	1.0
266.93	2.0
267.52	3.0
268.12	4.0
268.73	1.0
269.32	2.0
269.92	3.0
270.51	4.0
271.11	1.0
271.72	2.0
272.32	3.0
272.93	4.0
273.52	1.0
274.12	2.0
274.72	3.0
275.32	4.0
275.92	1.0
276.52	2.0
277.12	3.0
277.72	4.0
278.32	1.0
278.93	2.0
279.51	3.0
280.11	4.0
280.71	1.0
281.31	2.0
281.91	3.0
282.52	4.0
283.12	1.0
283.72	2.0
284.31	3.0
284.9	4.0
285.5	1.0
286.12	2.0
286.72	3.0
287.3	4.0
287.91	1.0
288.51	2.0
289.09	3.0
289.7	4.0
290.31	1.0
290.92	2.0
291.51	3.0
292.11	4.0
292.72	1.0
293.27	2.0
293.86	3.0
294.46	4.0
295.04	1.0
295.59	2.0
296.17	3.0
296.75	4.0
297.33	1.0
297.98	2.0
298.61	3.0
299.23	4.0
299.88	1.0
300.51	2.0
301.11	3.0
301.75	4.0
302.4	1.0
303.05	2.0
303.7	3.0
304.31	4.0
304.98	1.0
305.62	2.0
306.26	3.0
306.87	4.0
307.54	1.0
308.18	2.0
308.79	3.0
309.41	4.0
310.05	1.0
310.67	2.0