0.0	1.0
0.42	2.0
0.85	3.0
1.3	4.0
1.72	1.0
2.15	2.0
2.58	3.0
3.01	4.0
3.42	1.0
3.86	2.0
4.3	3.0
4.76	4.0
5.21	1.0
5.65	2.0
6.08	3.0
6.52	4.0
6.95	1.0
7.37	2.0
7.81	3.0
8.25	4.0
8.71	1.0
9.13	2.0
9.59	3.0
10.0	4.0
10.39	1.0
10.81	2.0
11.23	3.0
11.67	4.0
12.1	1.0
12.53	2.0
12.96	3.0
13.38	4.0
13.8	1.0
14.21	2.0
14.64	3.0
15.07	4.0
15.48	1.0
15.92	2.0
16.35	3.0
16.78	4.0
17.21	1.0
17.63	2.0
18.06	3.0
18.5	4.0
18.92	1.0
19.36	2.0
19.78	3.0
20.17	4.0
20.57	1.0
21.0	2.0
21.44	3.0
21.85	4.0
22.28	1.0
22.72	2.0
23.15	3.0
23.59	4.0
23.99	1.0
24.43	2.0
24.85	3.0
25.29	4.0
25.71	1.0
26.14	2.0
26.58	3.0
27.0	4.0
27.41	1.0
27.83	2.0
28.26	3.0
28.69	4.0
29.11	1.0
29.56	2.0
29.99	3.0
30.42	4.0
30.83	1.0
31.25	2.0
31.68	3.0
32.13	4.0
32.55	1.0
32.98	2.0
33.41	3.0
33.81	4.0
34.22	1.0
34.64	2.0
35.06	3.0
35.5	4.0
35.93	1.0
36.35	2.0
36.78	3.0
37.21	4.0
37.63	1.0
38.07	2.0
38.49	3.0
38.9	4.0
39.33	1.0
39.76	2.0
40.19	3.0
40.61	4.0
41.03	1.0
41.44	2.0
41.86	3.0
42.3	4.0
42.73	1.0
43.15	2.0
43.57	3.0
43.98	4.0
44.42	1.0
44.84	2.0
45.26	3.0
45.68	4.0
46.11	1.0
46.54	2.0
46.96	3.0
47.37	4.0
47.78	1.0
48.22	2.0
48.65	3.0
49.07	4.0
49.5	1.0
49.92	2.0
50.35	3.0
50.77	4.0
51.19	1.0
51.6	2.0
52.04	3.0
52.49	4.0
52.91	1.0
53.34	2.0
53.76	3.0
54.2	4.0
54.62	1.0
55.03	2.0
55.46	3.0
55.91	4.0
56.34	1.0
56.77	2.0
57.19	3.0
57.63	4.0
58.06	1.0
58.47	2.0
58.9	3.0
59.33	4.0
59.75	1.0
60.18	2.0
60.59	3.0
61.02	4.0
61.45	1.0
61.88	2.0
62.3	3.0
62.74	4.0
63.17	1.0
63.6	2.0
64.01	3.0
64.41	4.0
64.84	1.0
65.27	2.0
65.7	3.0
66.14	4.0
66.57	1.0
66.99	2.0
67.43	3.0
67.85	4.0
68.27	1.0
68.69	2.0
69.12	3.0
69.57	4.0
69.98	1.0
70.42	2.0
70.84	3.0
71.27	4.0
71.68	1.0
72.1	2.0
72.53	3.0
72.97	4.0
73.39	1.0
73.83	2.0
74.26	3.0
74.69	4.0
75.11	1.0
75.53	2.0
75.96	3.0
76.4	4.0
76.83	1.0
77.26	2.0
77.69	3.0
78.1	4.0
78.51	1.0
78.93	2.0
79.36	3.0
79.79	4.0
80.21	1.0
80.64	2.0
81.07	3.0
81.5	4.0
81.93	1.0
82.36	2.0
82.79	3.0
83.22	4.0
83.65	1.0
84.07	2.0
84.5	3.0
84.93	4.0
85.35	1.0
85.77	2.0
86.2	3.0
86.62	4.0
87.04	1.0
87.47	2.0
87.9	3.0
88.34	4.0
88.78	1.0
89.2	2.0
89.63	3.0
90.07	4.0
90.48	1.0
90.93	2.0
91.35	3.0
91.75	4.0
92.17	1.0
92.59	2.0
93.03	3.0
93.46	4.0
93.89	1.0
94.31	2.0
94.73	3.0
95.17	4.0
95.59	1.0
95.99	2.0
96.42	3.0
96.85	4.0
97.28	1.0
97.7	2.0
98.14	3.0
98.56	4.0
98.99	1.0
99.42	2.0
99.84	3.0
100.28	4.0
100.72	1.0
101.15	2.0
101.57	3.0
101.98	4.0
102.41	1.0
102.86	2.0
103.27	3.0
103.71	4.0
104.14	1.0
104.55	2.0
104.97	3.0
105.4	4.0
105.84	1.0
106.27	2.0
106.7	3.0
107.14	4.0
107.55	1.0
108.0	2.0
108.42	3.0
108.85	4.0
109.26	1.0
109.69	2.0
110.12	3.0
110.53	4.0
110.94	1.0
111.39	2.0
111.82	3.0
112.23	4.0
112.69	1.0
113.16	2.0
113.63	3.0
114.09	4.0
114.55	1.0
115.01	2.0
115.45	3.0
115.91	4.0
116.38	1.0
116.8	2.0
117.22	3.0
117.63	4.0
118.07	1.0
118.49	2.0
118.89	3.0
119.32	4.0
119.73	1.0
120.15	2.0
120.57	3.0
120.99	4.0
121.43	1.0
121.85	2.0
122.27	3.0
122.69	4.0
123.11	1.0
123.54	2.0
123.97	3.0
124.39	4.0
124.82	1.0
125.24	2.0
125.66	3.0
126.08	4.0
126.51	1.0
126.93	2.0
127.36	3.0
127.78	4.0
128.21	1.0
128.62	2.0
129.05	3.0
129.47	4.0
129.9	1.0
130.32	2.0
130.75	3.0
131.18	4.0
131.6	1.0
132.03	2.0
132.45	3.0
132.89	4.0
133.31	1.0
133.73	2.0
134.15	3.0
134.58	4.0
135.01	1.0
135.45	2.0
135.88	3.0
136.3	4.0
136.72	1.0
137.16	2.0
137.58	3.0
138.01	4.0
138.44	1.0
138.87	2.0
139.3	3.0
139.72	4.0
140.13	1.0
140.57	2.0
140.99	3.0
141.43	4.0
141.83	1.0
142.26	2.0
142.69	3.0
143.11	4.0
143.51	1.0
143.93	2.0
144.36	3.0
144.79	4.0
145.21	1.0
145.62	2.0
146.06	3.0
146.47	4.0
146.88	1.0
147.3	2.0
147.73	3.0
148.15	4.0
148.56	1.0
149.0	2.0
149.42	3.0
149.84	4.0
150.25	1.0
150.68	2.0
151.09	3.0
151.54	4.0
151.96	1.0
152.38	2.0
152.81	3.0
153.2	4.0
153.61	1.0
154.04	2.0
154.47	3.0
154.9	4.0
155.32	1.0
155.72	2.0
156.16	3.0
156.56	4.0
157.01	1.0
157.43	2.0
157.84	3.0
158.27	4.0
158.69	1.0
159.1	2.0
159.53	3.0
159.95	4.0
160.37	1.0
160.79	2.0
161.2	3.0
161.64	4.0
162.06	1.0
162.48	2.0
162.9	3.0
163.32	4.0
163.74	1.0
164.17	2.0
164.59	3.0
165.02	4.0
165.43	1.0
165.87	2.0
166.29	3.0
166.71	4.0
167.12	1.0
167.54	2.0
167.96	3.0
168.39	4.0
168.82	1.0
169.25	2.0
169.66	3.0
170.1	4.0
170.53	1.0
170.96	2.0
171.38	3.0
171.81	4.0
172.23	1.0
172.66	2.0
173.1	3.0
173.52	4.0
173.94	1.0
174.36	2.0
174.79	3.0
175.23	4.0
175.65	1.0
176.08	2.0
176.49	3.0
176.93	4.0
177.36	1.0
177.78	2.0
178.21	3.0
178.63	4.0
179.07	1.0
179.51	2.0
179.93	3.0
180.36	4.0
180.79	1.0
181.2	2.0
181.63	3.0
182.06	4.0
182.5	1.0
182.93	2.0
183.35	3.0
183.75	4.0
184.16	1.0
184.59	2.0
185.01	3.0
185.44	4.0
185.86	1.0
186.29	2.0
186.72	3.0
187.13	4.0
187.56	1.0
187.98	2.0
188.39	3.0
188.82	4.0
189.26	1.0
189.69	2.0
190.11	3.0
190.51	4.0
190.92	1.0
191.36	2.0
191.77	3.0
192.19	4.0
192.61	1.0
193.03	2.0
193.46	3.0
193.88	4.0
194.31	1.0
194.73	2.0
195.16	3.0
195.6	4.0
196.03	1.0
196.46	2.0
196.86	3.0
197.26	4.0
197.68	1.0
198.09	2.0
198.5	3.0
198.94	4.0
199.36	1.0
199.79	2.0
200.22	3.0
200.65	4.0
201.06	1.0
201.48	2.0
201.9	3.0
202.34	4.0
202.77	1.0
203.2	2.0
203.61	3.0
204.0	4.0
204.41	1.0
204.82	2.0
205.25	3.0
205.67	4.0
206.08	1.0
206.51	2.0
206.93	3.0
207.35	4.0
207.77	1.0
208.19	2.0
208.6	3.0
209.05	4.0
209.48	1.0
209.91	2.0
210.32	3.0
210.72	4.0
211.12	1.0
211.55	2.0
211.96	3.0