0.01	1.0
0.49	2.0
0.96	3.0
1.48	4.0
1.96	1.0
2.46	2.0
2.96	3.0
3.46	4.0
3.95	1.0
4.46	2.0
4.99	3.0
5.51	4.0
6.03	1.0
6.54	2.0
7.07	3.0
7.59	4.0
8.12	1.0
8.65	2.0
9.17	3.0
9.7	4.0
10.22	1.0
10.73	2.0
11.24	3.0
11.76	4.0
12.3	1.0
12.82	2.0
13.36	3.0
13.86	4.0
14.37	1.0
14.88	2.0
15.4	3.0
15.92	4.0
16.43	1.0
16.95	2.0
17.46	3.0
17.98	4.0
18.46	1.0
18.98	2.0
19.49	3.0
20.01	4.0
20.51	1.0
21.0	2.0
21.53	3.0
22.02	4.0
22.54	1.0
23.05	2.0
23.57	3.0
24.09	4.0
24.61	1.0
25.11	2.0
25.64	3.0
26.16	4.0
26.67	1.0
27.18	2.0
27.69	3.0
28.2	4.0
28.72	1.0
29.23	2.0
29.74	3.0
30.25	4.0
30.77	1.0
31.28	2.0
31.8	3.0
32.32	4.0
32.84	1.0
33.36	2.0
33.89	3.0
34.39	4.0
34.91	1.0
35.43	2.0
35.94	3.0
36.46	4.0
36.99	1.0
37.53	2.0
38.03	3.0
38.53	4.0
39.07	1.0
39.57	2.0
40.07	3.0
40.57	4.0
41.1	1.0
41.62	2.0
42.14	3.0
42.64	4.0
43.17	1.0
43.71	2.0
44.21	3.0
44.73	4.0
45.23	1.0
45.75	2.0
46.25	3.0
46.77	4.0
47.29	1.0
47.8	2.0
48.31	3.0
48.83	4.0
49.34	1.0
49.84	2.0
50.35	3.0
50.86	4.0
51.38	1.0
51.88	2.0
52.38	3.0
52.89	4.0
53.41	1.0
53.91	2.0
54.41	3.0
54.94	4.0
55.44	1.0
55.93	2.0
56.45	3.0
56.95	4.0
57.45	1.0
57.98	2.0
58.49	3.0
58.99	4.0
59.5	1.0
60.02	2.0
60.52	3.0
61.03	4.0
61.55	1.0
62.05	2.0
62.56	3.0
63.07	4.0
63.58	1.0
64.08	2.0
64.59	3.0
65.1	4.0
65.62	1.0
66.13	2.0
66.64	3.0
67.16	4.0
67.66	1.0
68.19	2.0
68.72	3.0
69.23	4.0
69.72	1.0
70.19	2.0
70.69	3.0
71.17	4.0
71.68	1.0
72.19	2.0
72.68	3.0
73.19	4.0
73.69	1.0
74.16	2.0
74.65	3.0
75.15	4.0
75.65	1.0
76.14	2.0
76.64	3.0
77.14	4.0
77.66	1.0
78.17	2.0
78.68	3.0
79.19	4.0
79.7	1.0
80.21	2.0
80.74	3.0
81.24	4.0
81.75	1.0
82.26	2.0
82.77	3.0
83.29	4.0
83.81	1.0
84.31	2.0
84.82	3.0
85.34	4.0
85.83	1.0
86.35	2.0
86.85	3.0
87.36	4.0
87.87	1.0
88.38	2.0
88.88	3.0
89.39	4.0
89.91	1.0
90.42	2.0
90.93	3.0
91.45	4.0
91.95	1.0
92.47	2.0
92.97	3.0
93.5	4.0
94.01	1.0
94.53	2.0
95.04	3.0
95.55	4.0
96.08	1.0
96.58	2.0
97.09	3.0
97.61	4.0
98.13	1.0
98.63	2.0
99.15	3.0
99.68	4.0
100.19	1.0
100.68	2.0
101.19	3.0
101.71	4.0
102.22	1.0
102.74	2.0
103.25	3.0
103.77	4.0
104.3	1.0
104.8	2.0
105.31	3.0
105.83	4.0
106.36	1.0
106.86	2.0
107.35	3.0
107.86	4.0
108.39	1.0
108.9	2.0
109.41	3.0
109.93	4.0
110.43	1.0
110.95	2.0
111.47	3.0
111.99	4.0
112.51	1.0
113.01	2.0
113.52	3.0
114.05	4.0
114.56	1.0
115.08	2.0
115.6	3.0
116.12	4.0
116.64	1.0
117.14	2.0
117.66	3.0
118.17	4.0
118.69	1.0
119.22	2.0
119.74	3.0
120.25	4.0
120.76	1.0
121.26	2.0
121.78	3.0
122.27	4.0
122.77	1.0
123.28	2.0
123.79	3.0
124.3	4.0
124.83	1.0
125.35	2.0
125.88	3.0
126.4	4.0
126.92	1.0
127.44	2.0
127.96	3.0
128.48	4.0
129.0	1.0
129.51	2.0
130.03	3.0
130.55	4.0
131.06	1.0
131.55	2.0
132.02	3.0
132.5	4.0
133.03	1.0
133.52	2.0
134.04	3.0
134.54	4.0
135.04	1.0
135.52	2.0
136.0	3.0
136.49	4.0
137.01	1.0
137.5	2.0
138.02	3.0
138.52	4.0
138.99	1.0
139.49	2.0
139.99	3.0
140.49	4.0
140.98	1.0
141.5	2.0
142.0	3.0
142.49	4.0
142.99	1.0
143.45	2.0
143.93	3.0
144.43	4.0
144.9	1.0
145.42	2.0
145.92	3.0
146.41	4.0
146.9	1.0
147.39	2.0
147.89	3.0
148.39	4.0
148.9	1.0
149.39	2.0
149.89	3.0
150.39	4.0
150.88	1.0
151.38	2.0
151.86	3.0
152.36	4.0
152.85	1.0
153.35	2.0
153.83	3.0
154.31	4.0
154.81	1.0
155.31	2.0
155.79	3.0
156.32	4.0
156.81	1.0
157.31	2.0
157.82	3.0
158.3	4.0
158.81	1.0
159.32	2.0
159.79	3.0
160.32	4.0
160.81	1.0
161.31	2.0
161.79	3.0
162.31	4.0
162.81	1.0
163.3	2.0
163.79	3.0
164.29	4.0
164.8	1.0
165.31	2.0
165.81	3.0
166.29	4.0
166.79	1.0
167.28	2.0
167.75	3.0
168.27	4.0
168.76	1.0
169.27	2.0
169.77	3.0