0.01	1.0
0.46	2.0
0.88	3.0
1.34	4.0
1.77	1.0
2.2	2.0
2.65	3.0
3.09	4.0
3.5	1.0
3.94	2.0
4.37	3.0
4.82	4.0
5.26	1.0
5.7	2.0
6.14	3.0
6.58	4.0
7.02	1.0
7.46	2.0
7.9	3.0
8.33	4.0
8.77	1.0
9.22	2.0
9.65	3.0
10.09	4.0
10.5	1.0
10.95	2.0
11.4	3.0
11.84	4.0
12.27	1.0
12.71	2.0
13.15	3.0
13.59	4.0
14.02	1.0
14.48	2.0
14.92	3.0
15.36	4.0
15.8	1.0
16.24	2.0
16.68	3.0
17.13	4.0
17.56	1.0
18.01	2.0
18.45	3.0
18.88	4.0
19.31	1.0
19.76	2.0
20.2	3.0
20.64	4.0
21.06	1.0
21.51	2.0
21.95	3.0
22.39	4.0
22.83	1.0
23.28	2.0
23.72	3.0
24.16	4.0
24.59	1.0
25.03	2.0
25.48	3.0
25.92	4.0
26.35	1.0
26.78	2.0
27.23	3.0
27.68	4.0
28.12	1.0
28.55	2.0
28.99	3.0
29.43	4.0
29.89	1.0
30.33	2.0
30.76	3.0
31.2	4.0
31.64	1.0
32.08	2.0
32.52	3.0
32.95	4.0
33.39	1.0
33.84	2.0
34.28	3.0
34.73	4.0
35.17	1.0
35.61	2.0
36.05	3.0
36.49	4.0
36.93	1.0
37.37	2.0
37.82	3.0
38.25	4.0
38.69	1.0
39.13	2.0
39.57	3.0
40.01	4.0
40.45	1.0
40.89	2.0
41.33	3.0
41.78	4.0
42.22	1.0
42.65	2.0
43.09	3.0
43.53	4.0
43.97	1.0
44.42	2.0
44.85	3.0
45.3	4.0
45.74	1.0
46.18	2.0
46.62	3.0
47.06	4.0
47.5	1.0
47.94	2.0
48.39	3.0
48.83	4.0
49.26	1.0
49.7	2.0
50.14	3.0
50.57	4.0
51.01	1.0
51.45	2.0
51.89	3.0
52.33	4.0
52.78	1.0
53.22	2.0
53.66	3.0
54.09	4.0
54.54	1.0
54.98	2.0
55.42	3.0
55.86	4.0
56.3	1.0
56.74	2.0
57.19	3.0
57.63	4.0
58.07	1.0
58.51	2.0
58.95	3.0
59.38	4.0
59.82	1.0
60.26	2.0
60.71	3.0
61.14	4.0
61.59	1.0
62.03	2.0
62.46	3.0
62.9	4.0
63.35	1.0
63.79	2.0
64.23	3.0
64.67	4.0
65.1	1.0
65.55	2.0
65.99	3.0
66.42	4.0
66.85	1.0
67.3	2.0
67.74	3.0
68.18	4.0
68.62	1.0
69.06	2.0
69.5	3.0
69.94	4.0
70.38	1.0
70.82	2.0
71.26	3.0
71.7	4.0
72.14	1.0
72.58	2.0
73.02	3.0
73.46	4.0
73.91	1.0
74.34	2.0
74.78	3.0
75.22	4.0
75.66	1.0
76.1	2.0
76.56	3.0
76.99	4.0
77.44	1.0
77.88	2.0
78.32	3.0
78.75	4.0
79.2	1.0
79.64	2.0
80.08	3.0
80.51	4.0
80.94	1.0
81.39	2.0
81.83	3.0
82.26	4.0
82.71	1.0
83.15	2.0
83.6	3.0
84.03	4.0
84.47	1.0
84.92	2.0
85.36	3.0
85.8	4.0
86.23	1.0
86.67	2.0
87.11	3.0
87.54	4.0
87.99	1.0
88.42	2.0
88.88	3.0
89.32	4.0
89.76	1.0
90.21	2.0
90.64	3.0
91.08	4.0
91.51	1.0
91.95	2.0
92.39	3.0
92.83	4.0
93.26	1.0
93.71	2.0
94.15	3.0
94.59	4.0
95.04	1.0
95.49	2.0
95.93	3.0
96.38	4.0
96.81	1.0
97.26	2.0
97.7	3.0
98.13	4.0
98.57	1.0
99.01	2.0
99.45	3.0
99.89	4.0
100.34	1.0
100.77	2.0
101.21	3.0
101.65	4.0
102.09	1.0
102.53	2.0
102.98	3.0
103.41	4.0
103.85	1.0
104.29	2.0
104.74	3.0
105.18	4.0
105.62	1.0
106.06	2.0
106.5	3.0
106.93	4.0
107.38	1.0
107.82	2.0
108.26	3.0
108.71	4.0
109.15	1.0
109.59	2.0
110.03	3.0
110.46	4.0
110.9	1.0
111.34	2.0
111.78	3.0
112.22	4.0
112.66	1.0
113.1	2.0
113.54	3.0
113.98	4.0
114.42	1.0
114.87	2.0
115.31	3.0
115.75	4.0
116.18	1.0
116.62	2.0
117.06	3.0
117.5	4.0
117.93	1.0
118.38	2.0
118.82	3.0
119.26	4.0
119.7	1.0
120.13	2.0
120.57	3.0
121.01	4.0
121.46	1.0
121.9	2.0
122.35	3.0
122.79	4.0
123.22	1.0
123.67	2.0
124.09	3.0
124.56	4.0
125.0	1.0
125.44	2.0
125.87	3.0
126.31	4.0
126.75	1.0
127.19	2.0
127.63	3.0
128.07	4.0
128.51	1.0
128.95	2.0
129.39	3.0
129.83	4.0
130.27	1.0
130.71	2.0
131.16	3.0
131.6	4.0
132.04	1.0
132.49	2.0
132.93	3.0
133.36	4.0
133.81	1.0
134.25	2.0
134.69	3.0
135.13	4.0
135.57	1.0
136.01	2.0
136.45	3.0
136.88	4.0
137.32	1.0
137.76	2.0
138.2	3.0
138.64	4.0
139.08	1.0
139.52	2.0
139.96	3.0
140.4	4.0
140.85	1.0
141.28	2.0
141.73	3.0
142.17	4.0
142.62	1.0
143.06	2.0
143.5	3.0
143.94	4.0
144.38	1.0
144.82	2.0
145.26	3.0
145.7	4.0
146.15	1.0
146.58	2.0
147.02	3.0
147.46	4.0
147.9	1.0
148.34	2.0
148.78	3.0
149.22	4.0
149.66	1.0
150.09	2.0
150.54	3.0
150.98	4.0
151.42	1.0
151.86	2.0
152.31	3.0
152.74	4.0
153.18	1.0
153.62	2.0
154.06	3.0
154.49	4.0
154.93	1.0
155.37	2.0
155.81	3.0
156.25	4.0
156.7	1.0
157.13	2.0
157.58	3.0
158.02	4.0
158.46	1.0
158.89	2.0
159.33	3.0
159.77	4.0
160.22	1.0
160.66	2.0
161.1	3.0
161.54	4.0
161.98	1.0
162.43	2.0
162.87	3.0
163.31	4.0
163.75	1.0
164.2	2.0
164.64	3.0
165.08	4.0
165.52	1.0
165.96	2.0
166.4	3.0
166.85	4.0
167.29	1.0
167.73	2.0
168.17	3.0
168.61	4.0
169.04	1.0
169.48	2.0
169.91	3.0
170.33	4.0
170.78	1.0
171.22	2.0
171.66	3.0
172.1	4.0
172.55	1.0
172.99	2.0
173.43	3.0
173.87	4.0
174.31	1.0
174.75	2.0
175.2	3.0
175.63	4.0
176.09	1.0
176.52	2.0
176.97	3.0
177.4	4.0
177.85	1.0
178.28	2.0
178.72	3.0
179.16	4.0
179.61	1.0
180.04	2.0
180.49	3.0
180.92	4.0
181.37	1.0
181.81	2.0
182.25	3.0
182.69	4.0
183.12	1.0
183.56	2.0
184.0	3.0
184.44	4.0
184.88	1.0
185.32	2.0
185.77	3.0
186.21	4.0
186.64	1.0
187.08	2.0
187.52	3.0
187.97	4.0
188.41	1.0
188.84	2.0
189.29	3.0
189.73	4.0
190.18	1.0
190.62	2.0
191.06	3.0
191.49	4.0
191.94	1.0
192.38	2.0
192.82	3.0
193.26	4.0
193.7	1.0
194.14	2.0
194.57	3.0
195.01	4.0
195.45	1.0
195.89	2.0
196.33	3.0
196.78	4.0
197.21	1.0
197.66	2.0
198.1	3.0
198.54	4.0
198.97	1.0
199.41	2.0
199.85	3.0
200.31	4.0
200.73	1.0
201.19	2.0
201.62	3.0