0.12	1.0
0.6	2.0
1.11	3.0
1.65	4.0
2.14	1.0
2.66	2.0
3.15	3.0
3.65	4.0
4.13	1.0
4.58	2.0
5.05	3.0
5.54	4.0
6.03	1.0
6.52	2.0
7.02	3.0
7.51	4.0
8.0	1.0
8.53	2.0
9.02	3.0
9.51	4.0
10.01	1.0
10.5	2.0
10.98	3.0
11.47	4.0
11.94	1.0
12.43	2.0
12.91	3.0
13.39	4.0
13.86	1.0
14.34	2.0
14.8	3.0
15.28	4.0
15.74	1.0
16.23	2.0
16.7	3.0
17.18	4.0
17.65	1.0
18.12	2.0
18.59	3.0
19.07	4.0
19.55	1.0
20.02	2.0
20.49	3.0
20.96	4.0
21.44	1.0
21.91	2.0
22.39	3.0
22.86	4.0
23.32	1.0
23.79	2.0
24.27	3.0
24.75	4.0
25.23	1.0
25.69	2.0
26.17	3.0
26.65	4.0
27.12	1.0
27.61	2.0
28.11	3.0
28.59	4.0
29.09	1.0
29.56	2.0
30.04	3.0
30.54	4.0
31.02	1.0
31.52	2.0
32.02	3.0
32.5	4.0
33.01	1.0
33.49	2.0
33.98	3.0
34.47	4.0
34.97	1.0
35.45	2.0
35.92	3.0
36.4	4.0
36.88	1.0
37.36	2.0
37.84	3.0
38.3	4.0
38.78	1.0
39.27	2.0
39.75	3.0
40.23	4.0
40.71	1.0
41.18	2.0
41.66	3.0
42.14	4.0
42.62	1.0
43.08	2.0
43.56	3.0
44.04	4.0
44.52	1.0
44.99	2.0
45.48	3.0
45.95	4.0
46.43	1.0
46.91	2.0
47.39	3.0
47.88	4.0
48.36	1.0
48.85	2.0
49.32	3.0
49.8	4.0
50.27	1.0
50.74	2.0
51.22	3.0
51.69	4.0
52.16	1.0
52.63	2.0
53.12	3.0
53.6	4.0
54.07	1.0
54.57	2.0
55.06	3.0
55.55	4.0
56.05	1.0
56.53	2.0
57.03	3.0
57.52	4.0
58.02	1.0
58.51	2.0
59.0	3.0
59.5	4.0
59.99	1.0
60.48	2.0
60.97	3.0
61.46	4.0
61.95	1.0
62.43	2.0
62.92	3.0
63.41	4.0
63.88	1.0
64.36	2.0
64.85	3.0
65.33	4.0
65.8	1.0
66.29	2.0
66.75	3.0
67.23	4.0
67.71	1.0
68.19	2.0
68.73	3.0
69.24	4.0
69.74	1.0
70.22	2.0
70.74	3.0
71.2	4.0
71.7	1.0
72.19	2.0
72.67	3.0
73.17	4.0
73.67	1.0
74.15	2.0
74.64	3.0
75.13	4.0
75.64	1.0
76.13	2.0
76.63	3.0
77.11	4.0
77.6	1.0
78.11	2.0
78.59	3.0
79.08	4.0
79.57	1.0
80.05	2.0
80.54	3.0
81.04	4.0
81.53	1.0
82.01	2.0
82.51	3.0
83.0	4.0
83.49	1.0
83.98	2.0
84.47	3.0
84.96	4.0
85.44	1.0
85.93	2.0
86.44	3.0
86.92	4.0
87.42	1.0
87.91	2.0
88.39	3.0
88.89	4.0
89.39	1.0
89.88	2.0
90.36	3.0
90.85	4.0
91.34	1.0
91.82	2.0
92.31	3.0
92.79	4.0
93.26	1.0
93.75	2.0
94.24	3.0
94.72	4.0
95.2	1.0
95.68	2.0
96.16	3.0
96.65	4.0
97.11	1.0
97.6	2.0
98.08	3.0
98.58	4.0
99.06	1.0
99.54	2.0
100.0	3.0
100.5	4.0
101.02	1.0
101.59	2.0
102.14	3.0
102.7	4.0
103.25	1.0
103.8	2.0
104.37	3.0
104.92	4.0
105.51	1.0
106.07	2.0
106.66	3.0
107.22	4.0
107.79	1.0
108.35	2.0
108.88	3.0
109.44	4.0
110.02	1.0
110.58	2.0
111.12	3.0
111.69	4.0
112.26	1.0
112.79	2.0
113.33	3.0
113.89	4.0
114.42	1.0
114.99	2.0
115.55	3.0
116.09	4.0
116.65	1.0
117.22	2.0
117.74	3.0
118.29	4.0
118.83	1.0
119.38	2.0
119.93	3.0
120.47	4.0
120.97	1.0
121.45	2.0
121.92	3.0
122.39	4.0
122.85	1.0
123.32	2.0
123.79	3.0
124.27	4.0
124.72	1.0
125.2	2.0
125.67	3.0
126.14	4.0
126.59	1.0
127.06	2.0
127.53	3.0
128.0	4.0
128.47	1.0
128.93	2.0
129.41	3.0
129.87	4.0
130.33	1.0
130.8	2.0
131.28	3.0
131.76	4.0
132.22	1.0
132.69	2.0
133.16	3.0
133.64	4.0
134.09	1.0
134.56	2.0
135.04	3.0
135.51	4.0
135.99	1.0
136.45	2.0
136.91	3.0
137.39	4.0
137.84	1.0
138.32	2.0
138.79	3.0
139.25	4.0
139.73	1.0
140.19	2.0
140.66	3.0
141.13	4.0
141.6	1.0
142.06	2.0
142.54	3.0