3.96	4.0
4.75	1.0
5.44	2.0
6.15	3.0
6.8	4.0
7.47	1.0
8.16	2.0
8.87	3.0
9.55	4.0
10.29	1.0
10.96	2.0
11.63	3.0
12.35	4.0
13.01	1.0
13.68	2.0
14.35	3.0
15.03	4.0
15.75	1.0
16.49	2.0
17.14	3.0
17.81	4.0
18.4	1.0
19.02	2.0
19.63	3.0
20.25	4.0
20.88	1.0
21.58	2.0
22.25	3.0
22.9	4.0
23.57	1.0
24.22	2.0
24.85	3.0
25.48	4.0
26.11	1.0
26.79	2.0
27.43	3.0
28.08	4.0
28.74	1.0
29.41	2.0
30.07	3.0
30.73	4.0
31.4	1.0
32.08	2.0
32.74	3.0
33.41	4.0
34.09	1.0
34.78	2.0
35.47	3.0
36.21	4.0
36.92	1.0
37.61	2.0
38.43	3.0
39.22	4.0
40.0	1.0
40.79	2.0
41.46	3.0
42.18	4.0
42.82	1.0
43.48	2.0
44.11	3.0
44.75	4.0
45.38	1.0
46.11	2.0
46.78	3.0
47.46	4.0
48.15	1.0
48.82	2.0
49.43	3.0
50.05	4.0
50.68	1.0
51.34	2.0
52.0	3.0
52.68	4.0
53.34	1.0
54.0	2.0
54.67	3.0
55.35	4.0
56.04	1.0
56.72	2.0
57.38	3.0
58.04	4.0
58.7	1.0
59.39	2.0
60.08	3.0
60.74	4.0
61.37	1.0
62.06	2.0
62.71	3.0
63.35	4.0
63.96	1.0
64.63	2.0
65.22	3.0
65.83	4.0
66.46	1.0
67.07	2.0
67.71	3.0
68.32	4.0
68.92	1.0
69.5	2.0
70.12	3.0
70.7	4.0
71.3	1.0
71.9	2.0
72.53	3.0
73.11	4.0
73.72	1.0
74.32	2.0
74.92	3.0
75.5	4.0
76.1	1.0
76.71	2.0
77.32	3.0
77.91	4.0
78.52	1.0
79.13	2.0
79.72	3.0
80.33	4.0
80.96	1.0
81.6	2.0
82.25	3.0
82.88	4.0
83.49	1.0
84.13	2.0
84.76	3.0
85.37	4.0
86.06	1.0
86.8	2.0
87.55	3.0
88.27	4.0
89.05	1.0
89.75	2.0
90.53	3.0
91.19	4.0
91.9	1.0
92.56	2.0
93.21	3.0
93.86	4.0
94.49	1.0
95.12	2.0
95.72	3.0
96.33	4.0
96.98	1.0
97.62	2.0
98.3	3.0
98.96	4.0
99.6	1.0
100.23	2.0
100.83	3.0
101.46	4.0
102.07	1.0
102.7	2.0
103.31	3.0
103.91	4.0
104.53	1.0
105.14	2.0
105.75	3.0
106.38	4.0
107.03	1.0
107.68	2.0
108.31	3.0
108.94	4.0
109.56	1.0
110.16	2.0
110.79	3.0
111.37	4.0
112.0	1.0
112.58	2.0
113.19	3.0
113.8	4.0
114.37	1.0
114.98	2.0
115.59	3.0
116.19	4.0
116.78	1.0
117.38	2.0
118.0	3.0
118.6	4.0
119.17	1.0
119.79	2.0
120.41	3.0
121.0	4.0
121.6	1.0
122.21	2.0
122.82	3.0
123.41	4.0
124.0	1.0
124.6	2.0
125.23	3.0
125.86	4.0
126.5	1.0
127.13	2.0
127.77	3.0
128.4	4.0
129.03	1.0
129.67	2.0
130.31	3.0
131.01	4.0
131.66	1.0
132.31	2.0
133.01	3.0
133.59	4.0
134.15	1.0
134.75	2.0
135.32	3.0
135.89	4.0
136.51	1.0
137.11	2.0
137.7	3.0
138.31	4.0
138.88	1.0
139.5	2.0
140.14	3.0
140.78	4.0
141.38	1.0
142.01	2.0
142.66	3.0
143.32	4.0
143.95	1.0
144.57	2.0
145.21	3.0
145.85	4.0
146.47	1.0
147.07	2.0
147.7	3.0
148.31	4.0
148.96	1.0
149.57	2.0
150.17	3.0
150.74	4.0
151.34	1.0
151.94	2.0
152.53	3.0
153.2	4.0
153.89	1.0
154.56	2.0
155.22	3.0
155.83	4.0
156.48	1.0
157.11	2.0
157.72	3.0
158.34	4.0
158.97	1.0
159.6	2.0
160.2	3.0
160.81	4.0
161.43	1.0
162.03	2.0
162.66	3.0
163.24	4.0
163.86	1.0
164.46	2.0
165.05	3.0
165.67	4.0
166.26	1.0
166.89	2.0
167.51	3.0
168.13	4.0
168.76	1.0
169.38	2.0
170.01	3.0
170.61	4.0
171.25	1.0
171.87	2.0
172.53	3.0
173.16	4.0
173.79	1.0
174.41	2.0
175.05	3.0
175.65	4.0
176.3	1.0
176.96	2.0
177.58	3.0
178.22	4.0
178.82	1.0
179.45	2.0
180.12	3.0
180.76	4.0
181.39	1.0
182.02	2.0
182.63	3.0
183.22	4.0
183.87	1.0
184.48	2.0
185.14	3.0
185.71	4.0
186.29	1.0
186.92	2.0
187.53	3.0
188.12	4.0
188.72	1.0
189.33	2.0
189.92	3.0
190.52	4.0
191.1	1.0
191.71	2.0
192.31	3.0
192.91	4.0
193.52	1.0
194.13	2.0
194.73	3.0
195.33	4.0
195.91	1.0
196.52	2.0
197.12	3.0
197.72	4.0
198.32	1.0
198.91	2.0
199.51	3.0
200.11	4.0
200.69	1.0
201.3	2.0
201.9	3.0
202.5	4.0
203.08	1.0
203.67	2.0
204.27	3.0
204.89	4.0
205.49	1.0
206.09	2.0
206.7	3.0
207.29	4.0
207.87	1.0
208.47	2.0
209.07	3.0
209.66	4.0
210.24	1.0
210.85	2.0
211.45	3.0
212.06	4.0
212.62	1.0
213.22	2.0
213.82	3.0
214.42	4.0
214.99	1.0
215.61	2.0
216.22	3.0
216.82	4.0
217.41	1.0
218.04	2.0
218.67	3.0
219.3	4.0
219.9	1.0
220.49	2.0
220.98	3.0
221.46	4.0
221.92	1.0
222.4	2.0
223.03	3.0
223.63	4.0
224.22	1.0
224.82	2.0
225.42	3.0
226.02	4.0
226.6	1.0
227.16	2.0
227.77	3.0
228.33	4.0
228.92	1.0
229.5	2.0
230.09	3.0
230.68	4.0
231.3	1.0
231.9	2.0
232.46	3.0
233.04	4.0
233.62	1.0
234.2	2.0
234.78	3.0
235.4	4.0
235.99	1.0
236.57	2.0
237.17	3.0
237.74	4.0
238.32	1.0
238.91	2.0
239.49	3.0
240.08	4.0
240.71	1.0
241.32	2.0
241.94	3.0
242.52	4.0
243.11	1.0
243.7	2.0
244.31	3.0
244.92	4.0
245.52	1.0
246.1	2.0
246.71	3.0
247.3	4.0
247.9	1.0
248.5	2.0
249.09	3.0
249.69	4.0
250.28	1.0
250.88	2.0
251.49	3.0
252.1	4.0
252.72	1.0
253.33	2.0
253.95	3.0
254.56	4.0
255.2	1.0
255.82	2.0
256.41	3.0
257.04	4.0
257.74	1.0