0.0	1.0
0.62	2.0
1.27	3.0
1.92	4.0
2.55	1.0
3.18	2.0
3.82	3.0
4.46	4.0
5.1	1.0
5.77	2.0
6.39	3.0
7.04	4.0
7.7	1.0
8.36	2.0
8.98	3.0
9.64	4.0
10.3	1.0
10.93	2.0
11.56	3.0
12.23	4.0
12.91	1.0
13.54	2.0
14.16	3.0
14.81	4.0
15.46	1.0
16.1	2.0
16.71	3.0
17.37	4.0
18.01	1.0
18.65	2.0
19.27	3.0
19.91	4.0
20.57	1.0
21.23	2.0
21.85	3.0
22.5	4.0
23.15	1.0
23.81	2.0
24.42	3.0
25.1	4.0
25.71	1.0
26.36	2.0
26.99	3.0
27.61	4.0
28.24	1.0
28.88	2.0
29.51	3.0
30.15	4.0
30.79	1.0
31.43	2.0
32.04	3.0
32.67	4.0
33.29	1.0
33.92	2.0
34.54	3.0
35.17	4.0
35.8	1.0
36.43	2.0
37.04	3.0
37.67	4.0
38.29	1.0
38.94	2.0
39.54	3.0
40.17	4.0
40.8	1.0
41.45	2.0
42.06	3.0
42.69	4.0
43.31	1.0
43.92	2.0
44.52	3.0
45.11	4.0
45.74	1.0
46.38	2.0
46.99	3.0
47.62	4.0
48.24	1.0
48.87	2.0
49.47	3.0
50.08	4.0
50.69	1.0
51.31	2.0
51.93	3.0
52.54	4.0
53.16	1.0
53.78	2.0
54.37	3.0
54.99	4.0
55.58	1.0
56.21	2.0
56.82	3.0
57.43	4.0
58.03	1.0
58.66	2.0
59.25	3.0
59.86	4.0
60.45	1.0
61.08	2.0
61.67	3.0
62.27	4.0
62.88	1.0
63.49	2.0
64.05	3.0
64.67	4.0
65.24	1.0
65.88	2.0
66.51	3.0
67.1	4.0
67.74	1.0
68.35	2.0
68.97	3.0
69.59	4.0
70.23	1.0
70.87	2.0
71.48	3.0
72.13	4.0
72.74	1.0
73.37	2.0
73.99	3.0
74.63	4.0
75.25	1.0
75.91	2.0
76.53	3.0
77.16	4.0
77.79	1.0
78.44	2.0
79.06	3.0
79.7	4.0
80.34	1.0
80.97	2.0
81.59	3.0
82.23	4.0
82.85	1.0
83.48	2.0
84.09	3.0
84.73	4.0
85.36	1.0
85.99	2.0
86.6	3.0
87.22	4.0
87.85	1.0
88.48	2.0
89.1	3.0
89.73	4.0
90.36	1.0
90.98	2.0
91.59	3.0
92.22	4.0
92.84	1.0
93.47	2.0
94.06	3.0
94.67	4.0
95.29	1.0
95.95	2.0
96.56	3.0
97.18	4.0
97.79	1.0
98.4	2.0
99.01	3.0
99.63	4.0
100.22	1.0
100.85	2.0
101.46	3.0
102.08	4.0
102.69	1.0
103.31	2.0
103.91	3.0
104.54	4.0
105.13	1.0
105.75	2.0
106.37	3.0
106.98	4.0
107.57	1.0
108.18	2.0
108.79	3.0
109.41	4.0
110.0	1.0
110.62	2.0
111.22	3.0
111.84	4.0
112.43	1.0
113.04	2.0
113.63	3.0
114.22	4.0
114.79	1.0
115.41	2.0
116.01	3.0
116.64	4.0
117.22	1.0
117.86	2.0
118.5	3.0
119.1	4.0
119.72	1.0
120.34	2.0
120.95	3.0
121.6	4.0
122.23	1.0
122.86	2.0
123.47	3.0
124.1	4.0
124.72	1.0
125.36	2.0
125.95	3.0
126.56	4.0
127.19	1.0
127.82	2.0
128.43	3.0
129.08	4.0
129.7	1.0
130.31	2.0
130.94	3.0
131.53	4.0
132.15	1.0
132.79	2.0
133.43	3.0
134.05	4.0
134.68	1.0
135.31	2.0
135.94	3.0
136.57	4.0
137.19	1.0
137.83	2.0
138.45	3.0
139.05	4.0
139.63	1.0
140.25	2.0
140.89	3.0
141.52	4.0
142.12	1.0
142.77	2.0
143.4	3.0
144.02	4.0
144.62	1.0
145.24	2.0
145.88	3.0
146.52	4.0
147.15	1.0
147.77	2.0
148.37	3.0
149.01	4.0
149.64	1.0
150.27	2.0
150.89	3.0
151.49	4.0
152.08	1.0
152.72	2.0
153.33	3.0
153.91	4.0
154.54	1.0
155.16	2.0
155.76	3.0
156.41	4.0
157.05	1.0
157.68	2.0
158.29	3.0
158.93	4.0
159.55	1.0
160.2	2.0
160.8	3.0
161.43	4.0
162.05	1.0
162.67	2.0
163.27	3.0
163.91	4.0
164.54	1.0
165.18	2.0
165.78	3.0
166.42	4.0
167.04	1.0
167.65	2.0
168.25	3.0
168.89	4.0
169.51	1.0
170.15	2.0
170.74	3.0
171.35	4.0
171.98	1.0
172.6	2.0
173.22	3.0
173.82	4.0
174.45	1.0
175.07	2.0
175.69	3.0
176.33	4.0
176.95	1.0
177.57	2.0
178.2	3.0
178.8	4.0
179.4	1.0
180.05	2.0
180.67	3.0
181.29	4.0
181.91	1.0
182.53	2.0
183.13	3.0
183.77	4.0
184.39	1.0
185.01	2.0
185.6	3.0
186.18	4.0
186.75	1.0
187.38	2.0
187.98	3.0
188.61	4.0
189.19	1.0
189.83	2.0
190.46	3.0
191.09	4.0
191.68	1.0
192.28	2.0
192.89	3.0
193.53	4.0
194.15	1.0
194.75	2.0
195.37	3.0
195.98	4.0
196.59	1.0
197.24	2.0
197.85	3.0
198.44	4.0
199.04	1.0
199.66	2.0
200.27	3.0
200.92	4.0
201.53	1.0
202.14	2.0
202.75	3.0
203.38	4.0
203.99	1.0
204.6	2.0
205.23	3.0
205.85	4.0
206.48	1.0
207.09	2.0
207.7	3.0
208.32	4.0
208.93	1.0
209.58	2.0
210.2	3.0
210.8	4.0
211.39	1.0