0.01	1.0
0.44	2.0
0.86	3.0
1.3	4.0
1.72	1.0
2.15	2.0
2.58	3.0
3.01	4.0
3.42	1.0
3.85	2.0
4.27	3.0
4.7	4.0
5.12	1.0
5.54	2.0
5.96	3.0
6.38	4.0
6.82	1.0
7.24	2.0
7.66	3.0
8.08	4.0
8.5	1.0
8.93	2.0
9.36	3.0
9.77	4.0
10.19	1.0
10.62	2.0
11.05	3.0
11.47	4.0
11.88	1.0
12.31	2.0
12.73	3.0
13.17	4.0
13.59	1.0
14.03	2.0
14.44	3.0
14.85	4.0
15.28	1.0
15.72	2.0
16.15	3.0
16.56	4.0
16.99	1.0
17.41	2.0
17.83	3.0
18.27	4.0
18.7	1.0
19.13	2.0
19.54	3.0
19.97	4.0
20.39	1.0
20.8	2.0
21.22	3.0
21.65	4.0
22.08	1.0
22.5	2.0
22.92	3.0
23.33	4.0
23.76	1.0
24.18	2.0
24.61	3.0
25.03	4.0
25.45	1.0
25.87	2.0
26.29	3.0
26.72	4.0
27.13	1.0
27.56	2.0
27.98	3.0
28.41	4.0
28.83	1.0
29.25	2.0
29.67	3.0
30.1	4.0
30.53	1.0
30.96	2.0
31.39	3.0
31.82	4.0
32.25	1.0
32.67	2.0
33.1	3.0
33.52	4.0
33.95	1.0
34.37	2.0
34.79	3.0
35.22	4.0
35.66	1.0
36.09	2.0
36.51	3.0
36.93	4.0
37.36	1.0
37.79	2.0
38.22	3.0
38.64	4.0
39.06	1.0
39.49	2.0
39.9	3.0
40.35	4.0
40.77	1.0
41.2	2.0
41.66	3.0
42.11	4.0
42.54	1.0
42.99	2.0
43.41	3.0
43.87	4.0
44.3	1.0
44.74	2.0
45.16	3.0
45.62	4.0
46.05	1.0
46.5	2.0
46.91	3.0
47.34	4.0
47.76	1.0
48.19	2.0
48.62	3.0
49.05	4.0
49.48	1.0
49.92	2.0
50.34	3.0
50.78	4.0
51.21	1.0
51.64	2.0
52.06	3.0
52.49	4.0
52.91	1.0
53.36	2.0
53.78	3.0
54.22	4.0
54.63	1.0
55.08	2.0
55.5	3.0
55.91	4.0
56.34	1.0
56.78	2.0
57.19	3.0
57.63	4.0
58.06	1.0
58.5	2.0
58.92	3.0
59.35	4.0
59.77	1.0
60.22	2.0
60.65	3.0
61.08	4.0
61.49	1.0
61.91	2.0
62.34	3.0
62.77	4.0
63.19	1.0
63.62	2.0
64.05	3.0
64.48	4.0
64.92	1.0
65.34	2.0
65.75	3.0
66.19	4.0
66.62	1.0
67.04	2.0
67.47	3.0
67.91	4.0
68.33	1.0
68.75	2.0
69.18	3.0
69.62	4.0
70.05	1.0
70.47	2.0
70.89	3.0
71.33	4.0
71.75	1.0
72.18	2.0
72.61	3.0
73.04	4.0
73.46	1.0
73.89	2.0
74.31	3.0
74.74	4.0
75.16	1.0
75.59	2.0
76.01	3.0
76.43	4.0
76.86	1.0
77.28	2.0
77.72	3.0
78.16	4.0
78.59	1.0
79.02	2.0
79.45	3.0
79.91	4.0
80.33	1.0
80.77	2.0
81.2	3.0
81.65	4.0
82.08	1.0
82.52	2.0
82.94	3.0
83.4	4.0
83.83	1.0
84.27	2.0
84.7	3.0
85.14	4.0
85.57	1.0
85.99	2.0
86.42	3.0
86.85	4.0
87.28	1.0
87.71	2.0
88.14	3.0
88.58	4.0
89.0	1.0
89.43	2.0
89.85	3.0
90.28	4.0
90.69	1.0
91.13	2.0
91.55	3.0
91.99	4.0
92.4	1.0
92.85	2.0
93.27	3.0
93.7	4.0
94.13	1.0
94.57	2.0
94.99	3.0
95.42	4.0
95.84	1.0
96.26	2.0
96.69	3.0
97.12	4.0
97.54	1.0
97.98	2.0
98.4	3.0
98.83	4.0
99.24	1.0
99.67	2.0
100.09	3.0
100.53	4.0
100.95	1.0
101.37	2.0
101.79	3.0
102.23	4.0
102.63	1.0
103.05	2.0
103.48	3.0
103.92	4.0
104.35	1.0
104.77	2.0
105.19	3.0
105.63	4.0
106.04	1.0
106.46	2.0
106.9	3.0
107.33	4.0
107.76	1.0
108.18	2.0
108.62	3.0
109.05	4.0
109.5	1.0
109.92	2.0
110.39	3.0
110.84	4.0
111.28	1.0
111.72	2.0
112.18	3.0
112.64	4.0
113.07	1.0
113.5	2.0
113.96	3.0
114.4	4.0
114.83	1.0
115.28	2.0
115.71	3.0
116.15	4.0
116.58	1.0
117.01	2.0
117.45	3.0
117.88	4.0
118.31	1.0
118.77	2.0
119.19	3.0
119.65	4.0
120.08	1.0
120.53	2.0
120.96	3.0
121.41	4.0
121.84	1.0
122.28	2.0
122.71	3.0
123.16	4.0
123.59	1.0
124.03	2.0
124.45	3.0
124.9	4.0
125.33	1.0
125.76	2.0
126.18	3.0
126.61	4.0
127.04	1.0
127.47	2.0
127.91	3.0
128.34	4.0
128.77	1.0
129.19	2.0
129.62	3.0
130.03	4.0
130.44	1.0
130.88	2.0
131.31	3.0
131.74	4.0
132.15	1.0
132.58	2.0
133.02	3.0
133.44	4.0
133.87	1.0
134.3	2.0
134.73	3.0
135.15	4.0
135.56	1.0
135.99	2.0
136.42	3.0
136.84	4.0
137.26	1.0
137.66	2.0
138.12	3.0
138.62	4.0
139.1	1.0
139.56	2.0
140.06	3.0
140.52	4.0
141.01	1.0
141.48	2.0
141.96	3.0
142.46	4.0
142.93	1.0
143.39	2.0
143.83	3.0
144.29	4.0
144.77	1.0
145.21	2.0
145.69	3.0
146.14	4.0
146.61	1.0
147.05	2.0
147.52	3.0
147.98	4.0
148.44	1.0
148.9	2.0
149.35	3.0
149.81	4.0
150.28	1.0
150.75	2.0
151.24	3.0
151.69	4.0
152.18	1.0
152.65	2.0
153.09	3.0
153.56	4.0
153.97	1.0
154.41	2.0
154.82	3.0
155.23	4.0
155.63	1.0
156.05	2.0
156.46	3.0
156.92	4.0
157.34	1.0
157.8	2.0
158.22	3.0
158.68	4.0
159.12	1.0
159.56	2.0
159.99	3.0
160.44	4.0
160.87	1.0
161.32	2.0
161.76	3.0
162.21	4.0
162.65	1.0
163.09	2.0
163.53	3.0
163.98	4.0
164.42	1.0
164.86	2.0
165.28	3.0
165.73	4.0
166.17	1.0
166.61	2.0
167.04	3.0
167.48	4.0
167.91	1.0
168.35	2.0
168.78	3.0
169.22	4.0
169.65	1.0
170.1	2.0
170.52	3.0
170.96	4.0
171.38	1.0
171.83	2.0
172.25	3.0
172.7	4.0
173.13	1.0
173.57	2.0
174.0	3.0
174.44	4.0
174.86	1.0
175.3	2.0
175.72	3.0
176.17	4.0
176.6	1.0
177.04	2.0
177.47	3.0
177.92	4.0
178.33	1.0
178.77	2.0
179.21	3.0
179.64	4.0
180.08	1.0
180.51	2.0
180.94	3.0
181.39	4.0
181.82	1.0
182.24	2.0
182.67	3.0
183.12	4.0
183.55	1.0
184.0	2.0
184.43	3.0
184.88	4.0
185.31	1.0
185.76	2.0
186.2	3.0
186.64	4.0
187.08	1.0
187.51	2.0
187.94	3.0
188.4	4.0
188.84	1.0
189.28	2.0