0.01	1.0
0.49	2.0
1.01	3.0
1.54	4.0
2.03	1.0
2.54	2.0
3.05	3.0
3.56	4.0
4.06	1.0
4.56	2.0
5.07	3.0
5.58	4.0
6.08	1.0
6.6	2.0
7.12	3.0
7.63	4.0
8.13	1.0
8.63	2.0
9.13	3.0
9.64	4.0
10.15	1.0
10.68	2.0
11.18	3.0
11.68	4.0
12.17	1.0
12.68	2.0
13.19	3.0
13.7	4.0
14.21	1.0
14.71	2.0
15.23	3.0
15.74	4.0
16.24	1.0
16.75	2.0
17.26	3.0
17.77	4.0
18.28	1.0
18.78	2.0
19.29	3.0
19.8	4.0
20.31	1.0
20.82	2.0
21.33	3.0
21.84	4.0
22.35	1.0
22.85	2.0
23.36	3.0
23.87	4.0
24.38	1.0
24.89	2.0
25.4	3.0
25.91	4.0
26.41	1.0
26.92	2.0
27.43	3.0
27.94	4.0
28.45	1.0
28.96	2.0
29.47	3.0
29.98	4.0
30.48	1.0
30.99	2.0
31.5	3.0
32.01	4.0
32.51	1.0
33.03	2.0
33.54	3.0
34.04	4.0
34.55	1.0
35.06	2.0
35.57	3.0
36.08	4.0
36.59	1.0
37.09	2.0
37.6	3.0
38.11	4.0
38.62	1.0
39.13	2.0
39.63	3.0
40.14	4.0
40.65	1.0
41.16	2.0
41.67	3.0
42.18	4.0
42.68	1.0
43.19	2.0
43.7	3.0
44.21	4.0
44.71	1.0
45.23	2.0
45.74	3.0
46.25	4.0
46.75	1.0
47.26	2.0
47.77	3.0
48.28	4.0
48.79	1.0
49.3	2.0
49.8	3.0
50.31	4.0
50.82	1.0
51.33	2.0
51.84	3.0
52.35	4.0
52.85	1.0
53.36	2.0
53.87	3.0
54.38	4.0
54.89	1.0
55.4	2.0
55.9	3.0
56.42	4.0
56.92	1.0
57.43	2.0
57.94	3.0
58.45	4.0
58.96	1.0
59.46	2.0
59.98	3.0
60.48	4.0
60.98	1.0
61.5	2.0
62.01	3.0
62.52	4.0
63.02	1.0
63.54	2.0
64.04	3.0
64.55	4.0
65.05	1.0
65.57	2.0
66.07	3.0
66.59	4.0
67.09	1.0
67.6	2.0
68.11	3.0
68.62	4.0
69.12	1.0
69.64	2.0
70.14	3.0
70.65	4.0
71.16	1.0
71.67	2.0
72.18	3.0
72.69	4.0
73.2	1.0
73.7	2.0
74.21	3.0
74.72	4.0
75.23	1.0
75.74	2.0
76.25	3.0
76.76	4.0
77.26	1.0
77.77	2.0
78.28	3.0
78.79	4.0
79.3	1.0
79.81	2.0
80.31	3.0
80.82	4.0
81.32	1.0
81.84	2.0
82.35	3.0
82.86	4.0
83.37	1.0
83.87	2.0
84.38	3.0
84.89	4.0
85.39	1.0
85.91	2.0
86.42	3.0
86.93	4.0
87.44	1.0
87.94	2.0
88.45	3.0
88.96	4.0
89.47	1.0
89.97	2.0
90.49	3.0
90.99	4.0
91.5	1.0
92.01	2.0
92.52	3.0
93.03	4.0
93.54	1.0
94.04	2.0
94.55	3.0
95.06	4.0
95.57	1.0
96.08	2.0
96.58	3.0
97.1	4.0
97.6	1.0
98.11	2.0
98.62	3.0
99.13	4.0
99.64	1.0
100.14	2.0
100.65	3.0
101.16	4.0
101.67	1.0
102.18	2.0
102.69	3.0
103.2	4.0
103.71	1.0
104.21	2.0
104.72	3.0
105.23	4.0
105.74	1.0
106.25	2.0
106.76	3.0
107.27	4.0
107.77	1.0
108.28	2.0
108.79	3.0
109.3	4.0
109.81	1.0
110.31	2.0
110.83	3.0
111.33	4.0
111.84	1.0
112.35	2.0
112.86	3.0
113.37	4.0
113.88	1.0
114.38	2.0
114.89	3.0
115.4	4.0
115.91	1.0
116.41	2.0
116.92	3.0
117.44	4.0
117.95	1.0
118.45	2.0
118.96	3.0
119.47	4.0
119.97	1.0
120.48	2.0
120.99	3.0
121.5	4.0
122.01	1.0
122.52	2.0
123.03	3.0
123.54	4.0
124.05	1.0
124.55	2.0
125.06	3.0
125.57	4.0
126.07	1.0
126.59	2.0
127.1	3.0
127.61	4.0
128.11	1.0
128.62	2.0
129.12	3.0
129.64	4.0
130.14	1.0
130.65	2.0
131.16	3.0
131.67	4.0
132.18	1.0
132.69	2.0
133.2	3.0
133.7	4.0
134.21	1.0
134.72	2.0
135.23	3.0
135.74	4.0
136.25	1.0
136.76	2.0
137.27	3.0
137.78	4.0
138.28	1.0
138.79	2.0
139.3	3.0
139.81	4.0
140.32	1.0
140.82	2.0
141.33	3.0
141.84	4.0
142.35	1.0
142.86	2.0
143.37	3.0
143.87	4.0
144.38	1.0
144.89	2.0
145.4	3.0
145.91	4.0
146.42	1.0
146.92	2.0
147.44	3.0
147.94	4.0
148.45	1.0
148.96	2.0
149.47	3.0
149.98	4.0
150.48	1.0
151.0	2.0
151.5	3.0
152.01	4.0
152.52	1.0
153.03	2.0
153.54	3.0
154.05	4.0
154.56	1.0
155.06	2.0
155.57	3.0
156.08	4.0
156.59	1.0
157.09	2.0
157.6	3.0
158.11	4.0
158.62	1.0
159.13	2.0
159.64	3.0
160.15	4.0
160.66	1.0
161.16	2.0
161.67	3.0
162.18	4.0
162.69	1.0
163.2	2.0
163.71	3.0
164.22	4.0
164.73	1.0
165.23	2.0
165.74	3.0
166.25	4.0
166.76	1.0
167.26	2.0
167.77	3.0
168.29	4.0
168.79	1.0
169.3	2.0
169.81	3.0
170.32	4.0
170.83	1.0
171.33	2.0
171.85	3.0
172.35	4.0
172.86	1.0
173.36	2.0
173.87	3.0
174.39	4.0
174.89	1.0
175.41	2.0
175.92	3.0
176.45	4.0
176.95	1.0
177.47	2.0
177.98	3.0
178.48	4.0
178.99	1.0
179.49	2.0
180.0	3.0
180.52	4.0
181.01	1.0
181.54	2.0
182.05	3.0
182.56	4.0
183.03	1.0
183.53	2.0
184.04	3.0
184.55	4.0
185.06	1.0
185.57	2.0
186.08	3.0
186.59	4.0
187.09	1.0
187.6	2.0
188.11	3.0
188.62	4.0
189.13	1.0
189.64	2.0
190.14	3.0
190.65	4.0
191.16	1.0
191.67	2.0
192.18	3.0
192.69	4.0
193.2	1.0
193.71	2.0
194.21	3.0
194.73	4.0
195.23	1.0
195.74	2.0
196.25	3.0
196.76	4.0
197.27	1.0
197.77	2.0
198.28	3.0
198.79	4.0
199.3	1.0
199.81	2.0
200.32	3.0
200.82	4.0
201.33	1.0
201.84	2.0
202.35	3.0
202.86	4.0
203.37	1.0
203.88	2.0
204.39	3.0
204.9	4.0
205.4	1.0
205.91	2.0
206.42	3.0
206.93	4.0
207.44	1.0
207.94	2.0
208.45	3.0
208.96	4.0
209.47	1.0
209.98	2.0
210.48	3.0
210.99	4.0
211.5	1.0
212.01	2.0
212.52	3.0
213.03	4.0
213.54	1.0
214.04	2.0
214.55	3.0
215.06	4.0
215.56	1.0
216.08	2.0
216.59	3.0
217.1	4.0
217.61	1.0
218.11	2.0
218.63	3.0
219.13	4.0
219.64	1.0
220.15	2.0
220.66	3.0
221.17	4.0
221.67	1.0
222.18	2.0
222.69	3.0
223.2	4.0
223.71	1.0
224.21	2.0
224.73	3.0
225.23	4.0
225.74	1.0
226.25	2.0
226.76	3.0
227.27	4.0
227.77	1.0
228.28	2.0
228.79	3.0
229.3	4.0
229.81	1.0
230.32	2.0
230.8	3.0
231.27	4.0
231.73	1.0
232.18	2.0
232.65	3.0
233.11	4.0
233.55	1.0
234.01	2.0
234.47	3.0
234.93	4.0
235.41	1.0
235.87	2.0
236.33	3.0
236.77	4.0
237.24	1.0
237.71	2.0
238.2	3.0
238.67	4.0
239.14	1.0
239.64	2.0
240.1	3.0
240.6	4.0
241.06	1.0
241.56	2.0
242.02	3.0
242.52	4.0
242.99	1.0