0.02	3.0
0.5	4.0
0.97	1.0
1.46	2.0
1.92	3.0
2.4	4.0
2.87	1.0
3.35	2.0
3.81	3.0
4.27	4.0
4.75	1.0
5.22	2.0
5.69	3.0
6.17	4.0
6.65	1.0
7.12	2.0
7.61	3.0
8.08	4.0
8.55	1.0
9.04	2.0
9.51	3.0
9.98	4.0
10.45	1.0
10.93	2.0
11.38	3.0
11.85	4.0
12.33	1.0
12.8	2.0
13.27	3.0
13.74	4.0
14.21	1.0
14.68	2.0
15.16	3.0
15.63	4.0
16.11	1.0
16.58	2.0
17.05	3.0
17.52	4.0
17.98	1.0
18.45	2.0
18.92	3.0
19.39	4.0
19.86	1.0
20.34	2.0
20.82	3.0
21.29	4.0
21.76	1.0
22.23	2.0
22.71	3.0
23.18	4.0
23.65	1.0
24.12	2.0
24.59	3.0
25.07	4.0
25.53	1.0
26.0	2.0
26.48	3.0
26.95	4.0
27.42	1.0
27.89	2.0
28.37	3.0
28.83	4.0
29.31	1.0
29.79	2.0
30.27	3.0
30.74	4.0
31.2	1.0
31.69	2.0
32.16	3.0
32.63	4.0
33.1	1.0
33.58	2.0
34.05	3.0
34.52	4.0
35.0	1.0
35.48	2.0
35.96	3.0
36.43	4.0
36.91	1.0
37.38	2.0
37.87	3.0
38.33	4.0
38.81	1.0
39.28	2.0
39.76	3.0
40.23	4.0
40.71	1.0
41.18	2.0
41.66	3.0
42.13	4.0
42.6	1.0
43.08	2.0
43.56	3.0
44.02	4.0
44.5	1.0
44.97	2.0
45.45	3.0
45.91	4.0
46.37	1.0
46.85	2.0
47.32	3.0
47.78	4.0
48.26	1.0
48.73	2.0
49.21	3.0
49.68	4.0
50.15	1.0
50.63	2.0
51.1	3.0
51.57	4.0
52.04	1.0
52.51	2.0
52.99	3.0
53.45	4.0
53.92	1.0
54.39	2.0
54.87	3.0
55.33	4.0
55.8	1.0
56.26	2.0
56.75	3.0
57.2	4.0
57.67	1.0
58.15	2.0
58.63	3.0
59.09	4.0
59.56	1.0
60.04	2.0
60.52	3.0
60.99	4.0
61.46	1.0
61.94	2.0
62.41	3.0
62.87	4.0
63.34	1.0
63.81	2.0
64.28	3.0
64.75	4.0
65.23	1.0
65.71	2.0
66.17	3.0
66.64	4.0
67.12	1.0
67.6	2.0
68.07	3.0
68.55	4.0
69.02	1.0
69.49	2.0
69.95	3.0
70.43	4.0
70.9	1.0
71.37	2.0
71.85	3.0
72.32	4.0
72.79	1.0
73.26	2.0
73.73	3.0
74.2	4.0
74.68	1.0
75.16	2.0
75.63	3.0
76.1	4.0
76.56	1.0
77.03	2.0
77.51	3.0
77.98	4.0
78.44	1.0
78.91	2.0
79.4	3.0
79.87	4.0
80.34	1.0
80.81	2.0
81.29	3.0
81.76	4.0
82.24	1.0
82.72	2.0
83.18	3.0
83.65	4.0
84.13	1.0
84.59	2.0
85.07	3.0
85.55	4.0
86.02	1.0
86.51	2.0
86.99	3.0
87.46	4.0
87.95	1.0
88.43	2.0
88.9	3.0
89.39	4.0
89.87	1.0
90.34	2.0
90.82	3.0
91.29	4.0
91.77	1.0
92.24	2.0
92.72	3.0
93.19	4.0
93.67	1.0
94.15	2.0
94.62	3.0
95.09	4.0
95.57	1.0
96.05	2.0
96.53	3.0
97.01	4.0
97.48	1.0
97.95	2.0
98.43	3.0
98.9	4.0
99.37	1.0
99.84	2.0
100.31	3.0
100.78	4.0
101.25	1.0
101.73	2.0
102.19	3.0
102.65	4.0
103.13	1.0
103.61	2.0
104.08	3.0
104.54	4.0
105.02	1.0
105.5	2.0
105.96	3.0
106.44	4.0
106.91	1.0
107.39	2.0
107.86	3.0
108.34	4.0
108.81	1.0
109.28	2.0
109.76	3.0
110.22	4.0
110.71	1.0
111.17	2.0
111.63	3.0
112.12	4.0
112.59	1.0
113.06	2.0
113.53	3.0
114.0	4.0
114.49	1.0
114.97	2.0
115.45	3.0
115.92	4.0
116.4	1.0
116.88	2.0
117.37	3.0
117.84	4.0
118.31	1.0
118.78	2.0
119.26	3.0
119.73	4.0
120.19	1.0
120.66	2.0
121.14	3.0
121.61	4.0
122.09	1.0
122.57	2.0
123.04	3.0
123.5	4.0
123.99	1.0
124.45	2.0
124.93	3.0
125.39	4.0
125.86	1.0
126.34	2.0
126.82	3.0
127.28	4.0
127.75	1.0
128.22	2.0
128.7	3.0
129.18	4.0
129.65	1.0
130.13	2.0
130.61	3.0
131.08	4.0
131.55	1.0
132.03	2.0
132.5	3.0
132.97	4.0
133.44	1.0
133.9	2.0
134.38	3.0
134.84	4.0
135.32	1.0
135.79	2.0
136.27	3.0
136.74	4.0
137.22	1.0
137.69	2.0
138.16	3.0
138.63	4.0
139.1	1.0
139.57	2.0
140.04	3.0
140.5	4.0
140.97	1.0
141.44	2.0
141.91	3.0
142.37	4.0
142.85	1.0
143.32	2.0
143.8	3.0
144.27	4.0
144.74	1.0
145.21	2.0
145.7	3.0
146.16	4.0
146.63	1.0
147.11	2.0
147.59	3.0
148.06	4.0
148.53	1.0
149.0	2.0
149.48	3.0
149.95	4.0
150.41	1.0
150.88	2.0
151.35	3.0
151.82	4.0
152.29	1.0
152.76	2.0
153.24	3.0
153.7	4.0
154.17	1.0
154.64	2.0
155.12	3.0
155.58	4.0
156.05	1.0
156.51	2.0
156.97	3.0
157.45	4.0
157.91	1.0
158.37	2.0
158.85	3.0
159.33	4.0
159.79	1.0
160.27	2.0
160.74	3.0
161.21	4.0
161.67	1.0
162.15	2.0
162.61	3.0
163.08	4.0
163.55	1.0
164.03	2.0
164.49	3.0
164.96	4.0
165.42	1.0
165.88	2.0
166.35	3.0
166.82	4.0
167.28	1.0
167.75	2.0
168.21	3.0
168.68	4.0
169.14	1.0
169.61	2.0
170.08	3.0
170.53	4.0
171.01	1.0
171.49	2.0
171.95	3.0
172.41	4.0
172.88	1.0
173.35	2.0
173.84	3.0
174.29	4.0
174.77	1.0
175.23	2.0
175.71	3.0
176.18	4.0
176.65	1.0
177.13	2.0
177.6	3.0
178.08	4.0
178.55	1.0
179.03	2.0
179.51	3.0
179.98	4.0
180.46	1.0
180.93	2.0
181.41	3.0
181.88	4.0
182.35	1.0
182.82	2.0
183.3	3.0
183.77	4.0
184.25	1.0
184.72	2.0
185.2	3.0
185.66	4.0
186.13	1.0
186.61	2.0
187.08	3.0
187.54	4.0
188.0	1.0
188.47	2.0
188.94	3.0
189.41	4.0
189.88	1.0
190.36	2.0
190.83	3.0
191.3	4.0
191.77	1.0
192.23	2.0
192.7	3.0
193.17	4.0
193.64	1.0
194.1	2.0
194.57	3.0
195.03	4.0
195.5	1.0
195.97	2.0
196.45	3.0
196.91	4.0
197.37	1.0
197.83	2.0
198.3	3.0
198.77	4.0
199.23	1.0
199.7	2.0
200.17	3.0
200.63	4.0
201.11	1.0
201.56	2.0
202.03	3.0
202.49	4.0
202.96	1.0
203.42	2.0
203.89	3.0
204.36	4.0
204.82	1.0
205.28	2.0
205.75	3.0
206.21	4.0
206.68	1.0
207.14	2.0
207.61	3.0
208.08	4.0
208.55	1.0
209.01	2.0
209.47	3.0
209.94	4.0
210.41	1.0
210.88	2.0
211.34	3.0
211.8	4.0
212.26	1.0
212.72	2.0
213.18	3.0
213.65	4.0
214.11	1.0
214.58	2.0
215.04	3.0
215.51	4.0
215.97	1.0
216.43	2.0
216.89	3.0
217.35	4.0
217.81	1.0
218.26	2.0
218.72	3.0
219.19	4.0
219.64	1.0
220.1	2.0
220.54	3.0
220.99	4.0
221.44	1.0
221.89	2.0
222.34	3.0
222.82	4.0
223.28	1.0
223.75	2.0
224.22	3.0
224.69	4.0
225.15	1.0
225.6	2.0
226.07	3.0
226.53	4.0
227.0	1.0
227.46	2.0
227.92	3.0
228.38	4.0
228.84	1.0
229.32	2.0
229.78	3.0
230.24	4.0
230.7	1.0
231.17	2.0
231.63	3.0
232.09	4.0
232.55	1.0
233.01	2.0
233.47	3.0
233.94	4.0
234.41	1.0
234.87	2.0
235.33	3.0
235.79	4.0
236.24	1.0
236.72	2.0
237.18	3.0
237.65	4.0
238.11	1.0
238.57	2.0
239.03	3.0
239.49	4.0
239.95	1.0
240.41	2.0
240.87	3.0
241.34	4.0
241.8	1.0
242.26	2.0
242.71	3.0
243.18	4.0
243.64	1.0
244.11	2.0
244.58	3.0
245.06	4.0
245.52	1.0
245.98	2.0
246.44	3.0
246.91	4.0
247.38	1.0
247.84	2.0
248.32	3.0
248.79	4.0
249.25	1.0
249.72	2.0
250.19	3.0
250.66	4.0
251.13	1.0
251.6	2.0
252.07	3.0
252.53	4.0
253.01	1.0
253.47	2.0
253.95	3.0
254.4	4.0
254.87	1.0
255.34	2.0
255.8	3.0
256.26	4.0
256.73	1.0
257.19	2.0
257.67	3.0
258.13	4.0
258.6	1.0
259.06	2.0
259.52	3.0
259.98	4.0
260.46	1.0
260.92	2.0
261.39	3.0
261.85	4.0
262.31	1.0
262.77	2.0
263.24	3.0
263.71	4.0
264.17	1.0
264.63	2.0
265.11	3.0
265.57	4.0
266.03	1.0
266.5	2.0
266.98	3.0
267.44	4.0
267.91	1.0
268.38	2.0
268.85	3.0
269.31	4.0
269.77	1.0
270.23	2.0
270.69	3.0
271.16	4.0
271.62	1.0
272.09	2.0
272.56	3.0
273.02	4.0
273.49	1.0
273.96	2.0
274.4	3.0
274.88	4.0
275.35	1.0
275.82	2.0
276.29	3.0
276.75	4.0
277.21	1.0
277.67	2.0
278.15	3.0
278.63	4.0
279.08	1.0
279.55	2.0
280.03	3.0
280.5	4.0
280.97	1.0
281.43	2.0
281.91	3.0
282.38	4.0
282.85	1.0
283.32	2.0
283.79	3.0
284.25	4.0
284.71	1.0
285.18	2.0
285.63	3.0
286.11	4.0
286.56	1.0
287.03	2.0
287.5	3.0
287.96	4.0
288.42	1.0
288.88	2.0
289.36	3.0
289.81	4.0
290.27	1.0
290.75	2.0
291.21	3.0
291.67	4.0
292.13	1.0
292.59	2.0
293.04	3.0
293.52	4.0
293.98	1.0
294.44	2.0
294.91	3.0
295.37	4.0
295.83	1.0
296.3	2.0
296.77	3.0
297.23	4.0
297.68	1.0
298.15	2.0
298.62	3.0
299.07	4.0
299.53	1.0
300.0	2.0