0.73	2.0
1.44	3.0
2.21	4.0
2.89	1.0
3.61	2.0
4.34	3.0
5.06	4.0
5.8	1.0
6.55	2.0
7.24	3.0
7.96	4.0
8.63	1.0
9.32	2.0
10.07	3.0
10.82	4.0
11.52	1.0
12.22	2.0
12.86	3.0
13.57	4.0
14.25	1.0
14.96	2.0
15.64	3.0
16.37	4.0
17.07	1.0
17.78	2.0
18.44	3.0
19.14	4.0
19.8	1.0
20.5	2.0
21.14	3.0
21.82	4.0
22.5	1.0
23.17	2.0
23.81	3.0
24.49	4.0
25.15	1.0
25.82	2.0
26.45	3.0
27.12	4.0
27.75	1.0
28.4	2.0
29.0	3.0
29.66	4.0
30.28	1.0
30.92	2.0
31.53	3.0
32.2	4.0
32.88	1.0
33.56	2.0
34.2	3.0
34.88	4.0
35.54	1.0
36.22	2.0
36.85	3.0
37.54	4.0
38.22	1.0
38.89	2.0
39.52	3.0
40.21	4.0
40.87	1.0
41.54	2.0
42.17	3.0
42.85	4.0
43.51	1.0
44.17	2.0
44.79	3.0
45.46	4.0
46.1	1.0
46.77	2.0
47.41	3.0
48.08	4.0
48.74	1.0
49.42	2.0
50.04	3.0
50.72	4.0
51.38	1.0
52.04	2.0
52.67	3.0
53.36	4.0
54.0	1.0
54.68	2.0
55.29	3.0
55.98	4.0
56.59	1.0
57.27	2.0
57.97	3.0
58.63	4.0
59.24	1.0
59.92	2.0
60.53	3.0
61.2	4.0
61.85	1.0
62.49	2.0
63.11	3.0
63.78	4.0
64.43	1.0
65.09	2.0
65.72	3.0
66.38	4.0
67.0	1.0
67.65	2.0
68.26	3.0
68.92	4.0
69.57	1.0
70.21	2.0
70.82	3.0
71.49	4.0
72.13	1.0
72.77	2.0
73.39	3.0
74.05	4.0
74.7	1.0
75.36	2.0
76.02	3.0
76.66	4.0
77.29	1.0
77.93	2.0
78.6	3.0
79.24	4.0
79.96	1.0
80.61	2.0
81.3	3.0
82.0	4.0
82.69	1.0
83.4	2.0
84.07	3.0
84.77	4.0
85.48	1.0
86.2	2.0
86.88	3.0
87.58	4.0
88.27	1.0
88.93	2.0
89.61	3.0
90.36	4.0
91.06	1.0
91.74	2.0
92.4	3.0
93.08	4.0
93.74	1.0
94.42	2.0
95.04	3.0
95.73	4.0
96.39	1.0
97.04	2.0
97.68	3.0
98.36	4.0
99.0	1.0
99.66	2.0
100.29	3.0
100.97	4.0
101.6	1.0
102.25	2.0
102.87	3.0
103.53	4.0
104.14	1.0
104.79	2.0
105.37	3.0
105.99	4.0
106.69	1.0
107.37	2.0
108.0	3.0
108.66	4.0
109.31	1.0
109.95	2.0
110.56	3.0
111.23	4.0
111.86	1.0
112.53	2.0
113.19	3.0
113.82	4.0
114.47	1.0
115.14	2.0
115.79	3.0
116.44	4.0
117.11	1.0
117.78	2.0
118.39	3.0
119.04	4.0
119.68	1.0
120.31	2.0
120.91	3.0
121.58	4.0
122.21	1.0
122.86	2.0
123.49	3.0
124.13	4.0
124.79	1.0
125.43	2.0
126.13	3.0
126.9	4.0
127.58	1.0
128.26	2.0
128.92	3.0
129.58	4.0
130.25	1.0
130.91	2.0
131.56	3.0
132.23	4.0
132.9	1.0
133.56	2.0
134.21	3.0
134.88	4.0
135.52	1.0
136.18	2.0
136.81	3.0
137.48	4.0
138.14	1.0
138.8	2.0
139.43	3.0
140.11	4.0
140.75	1.0
141.43	2.0
142.07	3.0
142.75	4.0
143.41	1.0
144.09	2.0
144.71	3.0
145.39	4.0
146.04	1.0
146.69	2.0
147.31	3.0
147.97	4.0
148.59	1.0
149.26	2.0
149.9	3.0
150.53	4.0
151.16	1.0
151.81	2.0
152.46	3.0
153.07	4.0
153.75	1.0
154.39	2.0
155.08	3.0