0.02	1.0
0.78	2.0
1.5	3.0
2.22	4.0
2.98	1.0
3.72	2.0
4.46	3.0
5.2	4.0
5.95	1.0
6.68	2.0
7.42	3.0
8.17	4.0
8.91	1.0
9.64	2.0
10.39	3.0
11.14	4.0
11.88	1.0
12.62	2.0
13.35	3.0
14.1	4.0
14.85	1.0
15.6	2.0
16.33	3.0
17.07	4.0
17.82	1.0
18.56	2.0
19.3	3.0
20.04	4.0
20.8	1.0
21.54	2.0
22.27	3.0
23.01	4.0
23.77	1.0
24.5	2.0
25.23	3.0
25.99	4.0
26.73	1.0
27.46	2.0
28.21	3.0
28.96	4.0
29.7	1.0
30.45	2.0
31.19	3.0
31.92	4.0
32.68	1.0
33.41	2.0
34.16	3.0
34.89	4.0
35.64	1.0
36.38	2.0
37.13	3.0
37.87	4.0
38.61	1.0
39.35	2.0
40.09	3.0
40.83	4.0
41.58	1.0
42.33	2.0
43.07	3.0
43.81	4.0
44.55	1.0
45.29	2.0
46.02	3.0
46.78	4.0
47.52	1.0
48.26	2.0
48.99	3.0
49.75	4.0
50.49	1.0
51.23	2.0
51.97	3.0
52.72	4.0
53.44	1.0
54.19	2.0
54.93	3.0
55.67	4.0
56.42	1.0
57.17	2.0
57.91	3.0
58.65	4.0
59.4	1.0
60.14	2.0
60.89	3.0
61.61	4.0
62.37	1.0
63.11	2.0
63.85	3.0
64.6	4.0
65.34	1.0
66.09	2.0
66.83	3.0
67.55	4.0
68.3	1.0
69.06	2.0
69.78	3.0
70.52	4.0
71.26	1.0
72.02	2.0
72.76	3.0
73.5	4.0
74.25	1.0
74.99	2.0
75.73	3.0
76.47	4.0
77.21	1.0
77.96	2.0
78.7	3.0
79.43	4.0
80.18	1.0
80.92	2.0
81.66	3.0
82.4	4.0
83.15	1.0
83.91	2.0
84.64	3.0
85.36	4.0
86.12	1.0
86.87	2.0
87.6	3.0
88.35	4.0
89.09	1.0
89.84	2.0
90.57	3.0
91.31	4.0
92.05	1.0
92.79	2.0
93.53	3.0
94.28	4.0
95.03	1.0
95.77	2.0
96.5	3.0
97.24	4.0
97.99	1.0
98.73	2.0
99.48	3.0
100.23	4.0
100.96	1.0
101.7	2.0
102.45	3.0
103.19	4.0
103.94	1.0
104.68	2.0
105.42	3.0
106.15	4.0
106.9	1.0
107.64	2.0
108.37	3.0
109.13	4.0
109.88	1.0
110.61	2.0
111.36	3.0
112.08	4.0
112.82	1.0
113.58	2.0
114.31	3.0
115.06	4.0
115.79	1.0
116.55	2.0
117.3	3.0
118.04	4.0
118.78	1.0
119.52	2.0
120.25	3.0
121.0	4.0
121.75	1.0
122.48	2.0
123.24	3.0
123.97	4.0
124.72	1.0
125.46	2.0
126.2	3.0
126.94	4.0
127.69	1.0
128.44	2.0
129.17	3.0
129.91	4.0
130.66	1.0
131.4	2.0
132.15	3.0
132.89	4.0
133.63	1.0
134.37	2.0
135.11	3.0
135.86	4.0
136.59	1.0
137.33	2.0
138.07	3.0
138.82	4.0
139.56	1.0
140.3	2.0
141.04	3.0
141.79	4.0
142.53	1.0
143.28	2.0
144.01	3.0
144.75	4.0
145.49	1.0
146.24	2.0
146.98	3.0
147.72	4.0
148.46	1.0
149.19	2.0
149.94	3.0
150.68	4.0
151.43	1.0
152.17	2.0
152.92	3.0
153.66	4.0
154.41	1.0
155.15	2.0
155.89	3.0
156.63	4.0
157.37	1.0
158.11	2.0
158.86	3.0
159.58	4.0
160.33	1.0
161.08	2.0
161.82	3.0
162.57	4.0
163.32	1.0
164.05	2.0
164.81	3.0
165.55	4.0
166.29	1.0
167.01	2.0
167.76	3.0
168.49	4.0
169.25	1.0
170.0	2.0
170.75	3.0
171.48	4.0
172.22	1.0
172.97	2.0
173.7	3.0
174.43	4.0
175.18	1.0
175.92	2.0
176.67	3.0
177.41	4.0
178.14	1.0
178.89	2.0
179.63	3.0
180.38	4.0
181.13	1.0
181.86	2.0
182.6	3.0
183.35	4.0
184.1	1.0
184.83	2.0
185.58	3.0
186.32	4.0
187.05	1.0
187.79	2.0
188.53	3.0
189.27	4.0
190.02	1.0
190.76	2.0
191.52	3.0
192.25	4.0
193.0	1.0
193.74	2.0
194.48	3.0
195.23	4.0
195.96	1.0
196.72	2.0
197.45	3.0
198.19	4.0
198.94	1.0
199.66	2.0
200.43	3.0
201.17	4.0
201.89	1.0
202.65	2.0
203.41	3.0
204.13	4.0
204.88	1.0
205.61	2.0
206.37	3.0
207.09	4.0
207.84	1.0
208.59	2.0
209.33	3.0
210.06	4.0
210.81	1.0
211.56	2.0
212.3	3.0
213.04	4.0
213.79	1.0
214.53	2.0
215.26	3.0
215.99	4.0
216.75	1.0
217.5	2.0
218.24	3.0
218.97	4.0
219.72	1.0
220.47	2.0
221.21	3.0
221.93	4.0
222.69	1.0
223.43	2.0
224.17	3.0
224.91	4.0
225.65	1.0
226.4	2.0
227.15	3.0
227.88	4.0
228.64	1.0
229.38	2.0
230.1	3.0
230.84	4.0
231.57	1.0
232.31	2.0