0.67	2.0
1.4	3.0
2.1	4.0
2.8	1.0
3.52	2.0
4.24	3.0
4.92	4.0
5.6	1.0
6.3	2.0
7.03	3.0
7.72	4.0
8.4	1.0
9.1	2.0
9.8	3.0
10.54	4.0
11.25	1.0
11.94	2.0
12.66	3.0
13.36	4.0
14.07	1.0
14.78	2.0
15.49	3.0
16.18	4.0
16.92	1.0
17.67	2.0
18.4	3.0
19.16	4.0
19.85	1.0
20.61	2.0
21.32	3.0
21.98	4.0
22.68	1.0
23.39	2.0
24.11	3.0
24.85	4.0
25.55	1.0
26.22	2.0
26.93	3.0
27.69	4.0
28.4	1.0
29.13	2.0
29.81	3.0
30.51	4.0
31.26	1.0
31.95	2.0
32.67	3.0
33.42	4.0
34.14	1.0
34.88	2.0
35.64	3.0
36.33	4.0
37.03	1.0
37.76	2.0
38.46	3.0
39.18	4.0
39.93	1.0
40.69	2.0
41.4	3.0
42.16	4.0
42.88	1.0
43.59	2.0
44.36	3.0
45.06	4.0
45.8	1.0
46.53	2.0
47.26	3.0
48.0	4.0
48.67	1.0
49.36	2.0
50.03	3.0
50.69	4.0
51.43	1.0
52.15	2.0
52.85	3.0
53.54	4.0
54.23	1.0
54.94	2.0
55.63	3.0
56.33	4.0
57.02	1.0
57.72	2.0
58.42	3.0
59.1	4.0
59.8	1.0
60.49	2.0
61.16	3.0
61.84	4.0
62.5	1.0
63.21	2.0
63.87	3.0
64.57	4.0
65.24	1.0
65.93	2.0
66.6	3.0
67.3	4.0
67.97	1.0
68.65	2.0
69.32	3.0
69.99	4.0
70.67	1.0
71.3	2.0
71.97	3.0
72.63	4.0
73.27	1.0
73.95	2.0
74.6	3.0
75.28	4.0
75.92	1.0
76.58	2.0
77.23	3.0
77.91	4.0
78.56	1.0
79.23	2.0
79.86	3.0
80.55	4.0
81.19	1.0
81.87	2.0
82.52	3.0
83.14	4.0
83.81	1.0
84.48	2.0
85.12	3.0
85.77	4.0
86.4	1.0
87.06	2.0
87.7	3.0
88.38	4.0
89.01	1.0
89.67	2.0
90.33	3.0
90.99	4.0
91.71	1.0
92.39	2.0
93.02	3.0
93.65	4.0
94.29	1.0
94.95	2.0
95.58	3.0
96.22	4.0
96.85	1.0
97.51	2.0
98.13	3.0
98.79	4.0
99.49	1.0
100.15	2.0
100.79	3.0
101.43	4.0
102.09	1.0
102.79	2.0
103.47	3.0
104.14	4.0
104.82	1.0
105.5	2.0
106.2	3.0
106.87	4.0
107.55	1.0
108.24	2.0
108.92	3.0
109.59	4.0
110.26	1.0
110.95	2.0
111.6	3.0
112.22	4.0
112.89	1.0
113.56	2.0
114.21	3.0
114.89	4.0
115.55	1.0
116.24	2.0
116.92	3.0
117.61	4.0
118.28	1.0
118.97	2.0
119.64	3.0
120.33	4.0
120.99	1.0
121.64	2.0
122.26	3.0
122.88	4.0
123.53	1.0
124.2	2.0
124.85	3.0
125.53	4.0
126.17	1.0
126.84	2.0
127.5	3.0
128.18	4.0
128.85	1.0
129.53	2.0
130.19	3.0
130.87	4.0
131.52	1.0
132.2	2.0
132.85	3.0
133.5	4.0
134.2	1.0
134.88	2.0
135.53	3.0
136.2	4.0
136.88	1.0
137.56	2.0
138.22	3.0
138.9	4.0
139.56	1.0
140.2	2.0
140.9	3.0
141.56	4.0
142.29	1.0
143.0	2.0
143.64	3.0
144.27	4.0
144.93	1.0
145.59	2.0
146.22	3.0
146.86	4.0
147.5	1.0
148.19	2.0
148.84	3.0
149.48	4.0
150.15	1.0
150.83	2.0
151.52	3.0
152.2	4.0
152.92	1.0
153.61	2.0
154.28	3.0
154.97	4.0
155.65	1.0
156.35	2.0
157.03	3.0
157.73	4.0
158.42	1.0
159.12	2.0
159.8	3.0
160.5	4.0
161.18	1.0
161.87	2.0
162.54	3.0
163.2	4.0
163.86	1.0
164.54	2.0
165.21	3.0
165.88	4.0
166.54	1.0
167.21	2.0
167.87	3.0
168.55	4.0
169.21	1.0
169.89	2.0
170.54	3.0
171.21	4.0
171.89	1.0
172.54	2.0
173.21	3.0
173.86	4.0
174.52	1.0
175.18	2.0
175.84	3.0
176.48	4.0
177.15	1.0
177.82	2.0
178.46	3.0
179.11	4.0
179.73	1.0
180.35	2.0
180.97	3.0
181.58	4.0
182.22	1.0
182.9	2.0
183.53	3.0
184.18	4.0
184.84	1.0
185.53	2.0
186.17	3.0
186.83	4.0
187.48	1.0
188.13	2.0
188.79	3.0
189.44	4.0
190.09	1.0
190.73	2.0
191.34	3.0
191.96	4.0
192.62	1.0
193.33	2.0
194.0	3.0
194.68	4.0
195.35	1.0
196.06	2.0
196.74	3.0
197.43	4.0
198.1	1.0
198.79	2.0
199.46	3.0
200.14	4.0
200.82	1.0
201.45	2.0
202.07	3.0
202.7	4.0
203.34	1.0
204.0	2.0
204.64	3.0
205.31	4.0
205.97	1.0
206.63	2.0
207.29	3.0
207.93	4.0
208.6	1.0
209.27	2.0
209.91	3.0
210.59	4.0
211.23	1.0
211.89	2.0
212.55	3.0
213.18	4.0
213.86	1.0
214.53	2.0
215.16	3.0
215.83	4.0
216.47	1.0
217.13	2.0
217.78	3.0
218.41	4.0
219.09	1.0
219.75	2.0
220.39	3.0
221.05	4.0
221.68	1.0
222.35	2.0
223.0	3.0
223.63	4.0
224.29	1.0
224.95	2.0
225.58	3.0
226.23	4.0
226.87	1.0
227.51	2.0
228.16	3.0
228.78	4.0
229.45	1.0
230.11	2.0
230.75	3.0
231.4	4.0
232.05	1.0
232.7	2.0
233.34	3.0
233.96	4.0
234.61	1.0
235.27	2.0
235.91	3.0
236.56	4.0
237.22	1.0
237.87	2.0
238.52	3.0
239.15	4.0
239.81	1.0
240.47	2.0
241.12	3.0
241.77	4.0
242.41	1.0
243.06	2.0
243.71	3.0
244.36	4.0
245.02	1.0
245.66	2.0
246.27	3.0
246.89	4.0
247.52	1.0
248.13	2.0
248.77	3.0