1.99	3.0
2.43	4.0
2.9	1.0
3.35	2.0
3.81	3.0
4.27	4.0
4.72	1.0
5.17	2.0
5.62	3.0
6.09	4.0
6.55	1.0
6.99	2.0
7.45	3.0
7.91	4.0
8.37	1.0
8.81	2.0
9.26	3.0
9.72	4.0
10.17	1.0
10.62	2.0
11.07	3.0
11.52	4.0
11.97	1.0
12.42	2.0
12.88	3.0
13.33	4.0
13.79	1.0
14.25	2.0
14.71	3.0
15.16	4.0
15.62	1.0
16.06	2.0
16.51	3.0
16.97	4.0
17.42	1.0
17.86	2.0
18.32	3.0
18.77	4.0
19.21	1.0
19.65	2.0
20.1	3.0
20.52	4.0
20.93	1.0
21.34	2.0
21.71	3.0
22.06	4.0
22.43	1.0
22.78	2.0
23.14	3.0
23.51	4.0
23.89	1.0
24.34	2.0
24.76	3.0
25.18	4.0
25.6	1.0
26.03	2.0
26.45	3.0
26.88	4.0
27.31	1.0
27.72	2.0
28.15	3.0
28.57	4.0
28.99	1.0
29.42	2.0
29.84	3.0
30.27	4.0
30.7	1.0
31.12	2.0
31.54	3.0
31.97	4.0
32.38	1.0
32.81	2.0
33.22	3.0
33.64	4.0
34.05	1.0
34.47	2.0
34.89	3.0
35.31	4.0
35.74	1.0
36.15	2.0
36.56	3.0
36.98	4.0
37.39	1.0
37.8	2.0
38.22	3.0
38.64	4.0
39.06	1.0
39.49	2.0
39.91	3.0
40.34	4.0
40.77	1.0
41.19	2.0
41.6	3.0
42.02	4.0
42.44	1.0
42.87	2.0
43.29	3.0
43.72	4.0
44.15	1.0
44.57	2.0
44.99	3.0
45.42	4.0
45.85	1.0
46.27	2.0
46.71	3.0
47.15	4.0
47.57	1.0
48.0	2.0
48.43	3.0
48.86	4.0
49.3	1.0
49.73	2.0
50.15	3.0
50.57	4.0
50.98	1.0
51.41	2.0
51.84	3.0
52.26	4.0
52.68	1.0
53.1	2.0
53.53	3.0
53.95	4.0
54.37	1.0
54.79	2.0
55.21	3.0
55.63	4.0
56.06	1.0
56.49	2.0
56.92	3.0
57.35	4.0
57.77	1.0
58.2	2.0
58.62	3.0
59.04	4.0
59.46	1.0
59.89	2.0
60.31	3.0
60.73	4.0
61.16	1.0
61.57	2.0
61.99	3.0
62.42	4.0
62.86	1.0
63.27	2.0
63.71	3.0
64.13	4.0
64.55	1.0
64.96	2.0
65.38	3.0
65.8	4.0
66.23	1.0
66.66	2.0
67.09	3.0
67.51	4.0
67.95	1.0
68.39	2.0
68.81	3.0
69.24	4.0
69.67	1.0
70.1	2.0
70.52	3.0
70.95	4.0
71.38	1.0
71.8	2.0
72.22	3.0
72.66	4.0
73.1	1.0
73.53	2.0
73.96	3.0
74.38	4.0
74.82	1.0
75.25	2.0
75.68	3.0
76.1	4.0
76.53	1.0
76.96	2.0
77.4	3.0
77.82	4.0
78.24	1.0
78.66	2.0
79.08	3.0
79.5	4.0
79.91	1.0
80.35	2.0
80.77	3.0
81.19	4.0
81.62	1.0
82.05	2.0
82.47	3.0
82.89	4.0
83.32	1.0
83.75	2.0
84.18	3.0
84.6	4.0
85.02	1.0
85.45	2.0
85.88	3.0
86.29	4.0
86.72	1.0
87.15	2.0
87.58	3.0
88.0	4.0
88.43	1.0
88.84	2.0
89.27	3.0
89.7	4.0
90.14	1.0
90.55	2.0
90.97	3.0
91.38	4.0
91.8	1.0
92.23	2.0
92.67	3.0
93.09	4.0
93.5	1.0
93.92	2.0
94.35	3.0
94.77	4.0
95.2	1.0
95.62	2.0
96.06	3.0
96.5	4.0
96.93	1.0
97.35	2.0
97.79	3.0
98.22	4.0
98.64	1.0
99.07	2.0
99.51	3.0
99.94	4.0
100.36	1.0
100.79	2.0
101.23	3.0
101.65	4.0
102.08	1.0
102.51	2.0
102.95	3.0
103.38	4.0
103.81	1.0
104.24	2.0
104.67	3.0
105.11	4.0
105.6	1.0
106.06	2.0
106.55	3.0
107.04	4.0
107.52	1.0
107.97	2.0
108.39	3.0
108.8	4.0
109.22	1.0
109.66	2.0
110.09	3.0
110.5	4.0
110.92	1.0
111.35	2.0
111.77	3.0
112.2	4.0
112.63	1.0
113.05	2.0
113.48	3.0
113.9	4.0
114.31	1.0
114.74	2.0
115.18	3.0
115.6	4.0
116.03	1.0
116.45	2.0
116.89	3.0
117.32	4.0
117.74	1.0
118.16	2.0
118.6	3.0
119.02	4.0
119.46	1.0
119.88	2.0
120.31	3.0
120.73	4.0
121.21	1.0
121.68	2.0
122.18	3.0
122.64	4.0
123.14	1.0
123.57	2.0
123.99	3.0
124.42	4.0
124.83	1.0
125.26	2.0
125.69	3.0
126.12	4.0
126.55	1.0
126.96	2.0
127.39	3.0
127.81	4.0
128.25	1.0
128.67	2.0
129.11	3.0
129.54	4.0
129.97	1.0
130.4	2.0
130.83	3.0
131.24	4.0
131.66	1.0
132.08	2.0
132.51	3.0
132.93	4.0
133.37	1.0
133.78	2.0
134.2	3.0
134.62	4.0
135.05	1.0
135.48	2.0
135.91	3.0
136.32	4.0
136.72	1.0
137.13	2.0
137.55	3.0
137.97	4.0
138.4	1.0
138.81	2.0
139.23	3.0
139.67	4.0
140.1	1.0
140.52	2.0
140.96	3.0
141.38	4.0
141.82	1.0
142.25	2.0
142.69	3.0
143.11	4.0
143.54	1.0
143.97	2.0
144.41	3.0
144.84	4.0
145.29	1.0
145.7	2.0
146.15	3.0
146.58	4.0
147.02	1.0
147.45	2.0
147.87	3.0
148.3	4.0
148.73	1.0
149.15	2.0
149.6	3.0
150.03	4.0
150.45	1.0
150.87	2.0
151.31	3.0
151.72	4.0
152.15	1.0
152.57	2.0
153.0	3.0
153.43	4.0
153.86	1.0
154.26	2.0
154.7	3.0
155.13	4.0
155.57	1.0
155.99	2.0
156.43	3.0
156.85	4.0
157.28	1.0
157.71	2.0
158.14	3.0
158.56	4.0
158.98	1.0
159.4	2.0
159.83	3.0
160.26	4.0
160.69	1.0
161.1	2.0
161.53	3.0
161.96	4.0
162.39	1.0
162.81	2.0
163.24	3.0
163.68	4.0
164.09	1.0
164.54	2.0
164.99	3.0
165.44	4.0
165.9	1.0
166.34	2.0
166.79	3.0
167.22	4.0
167.68	1.0
168.12	2.0
168.58	3.0
169.04	4.0
169.51	1.0
169.95	2.0
170.4	3.0
170.86	4.0
171.31	1.0
171.77	2.0
172.23	3.0
172.67	4.0
173.12	1.0
173.57	2.0
174.0	3.0
174.44	4.0
174.9	1.0
175.44	2.0
175.99	3.0
176.53	4.0
177.04	1.0
177.57	2.0
178.06	3.0
178.48	4.0
178.91	1.0
179.34	2.0
179.77	3.0
180.2	4.0
180.63	1.0
181.06	2.0
181.5	3.0
181.92	4.0
182.36	1.0
182.77	2.0
183.22	3.0
183.65	4.0
184.09	1.0
184.51	2.0
184.95	3.0
185.37	4.0
185.79	1.0
186.23	2.0
186.66	3.0
187.09	4.0
187.53	1.0
187.96	2.0
188.42	3.0
188.83	4.0
189.27	1.0
189.69	2.0
190.13	3.0
190.55	4.0
190.99	1.0
191.41	2.0
191.84	3.0
192.24	4.0
192.65	1.0
193.08	2.0
193.51	3.0
193.93	4.0
194.36	1.0
194.77	2.0
195.2	3.0
195.62	4.0
196.04	1.0
196.46	2.0
196.9	3.0
197.31	4.0
197.74	1.0
198.16	2.0
198.58	3.0
199.01	4.0
199.42	1.0
199.84	2.0
200.26	3.0
200.67	4.0
201.1	1.0
201.52	2.0
201.95	3.0
202.37	4.0
202.8	1.0
203.22	2.0
203.66	3.0
204.08	4.0
204.51	1.0
204.93	2.0
205.37	3.0
205.79	4.0
206.24	1.0
206.67	2.0
207.11	3.0
207.56	4.0
208.01	1.0
208.45	2.0
208.92	3.0
209.34	4.0
209.76	1.0
210.17	2.0
210.59	3.0
211.02	4.0
211.5	1.0
212.0	2.0
212.55	3.0
213.16	4.0
213.81	1.0
214.44	2.0
215.07	3.0
215.66	4.0
216.22	1.0
216.81	2.0
217.45	3.0
218.06	4.0
218.68	1.0
219.3	2.0
219.89	3.0
220.52	4.0
221.1	1.0
221.76	2.0
222.36	3.0