0.0	2.0
0.48	3.0
0.95	4.0
1.42	1.0
1.91	2.0
2.39	3.0
2.87	4.0
3.35	1.0
3.84	2.0
4.32	3.0
4.79	4.0
5.28	1.0
5.75	2.0
6.24	3.0
6.72	4.0
7.18	1.0
7.67	2.0
8.15	3.0
8.64	4.0
9.12	1.0
9.6	2.0
10.08	3.0
10.55	4.0
11.04	1.0
11.51	2.0
11.99	3.0
12.48	4.0
12.97	1.0
13.44	2.0
13.92	3.0
14.4	4.0
14.88	1.0
15.36	2.0
15.84	3.0
16.32	4.0
16.8	1.0
17.28	2.0
17.76	3.0
18.24	4.0
18.72	1.0
19.2	2.0
19.68	3.0
20.16	4.0
20.64	1.0
21.12	2.0
21.6	3.0
22.08	4.0
22.56	1.0
23.04	2.0
23.52	3.0
24.0	4.0
24.48	1.0
24.96	2.0
25.45	3.0
25.92	4.0
26.4	1.0
26.88	2.0
27.37	3.0
27.85	4.0
28.33	1.0
28.8	2.0
29.27	3.0
29.76	4.0
30.24	1.0
30.72	2.0
31.19	3.0
31.68	4.0
32.16	1.0
32.64	2.0
33.11	3.0
33.6	4.0
34.08	1.0
34.56	2.0
35.05	3.0
35.52	4.0
36.01	1.0
36.48	2.0
36.96	3.0
37.45	4.0
37.92	1.0
38.4	2.0
38.88	3.0
39.36	4.0
39.84	1.0
40.32	2.0
40.8	3.0
41.28	4.0
41.76	1.0
42.24	2.0
42.71	3.0
43.2	4.0
43.68	1.0
44.17	2.0
44.67	3.0
45.14	4.0
45.6	1.0
46.06	2.0
46.54	3.0
47.02	4.0
47.5	1.0
47.99	2.0
48.48	3.0
49.09	4.0
49.67	1.0
50.29	2.0
50.88	3.0
51.36	4.0
51.85	1.0
52.34	2.0
52.82	3.0
53.29	4.0
53.76	1.0
54.23	2.0
54.71	3.0
55.19	4.0
55.66	1.0
56.16	2.0
56.63	3.0
57.11	4.0
57.6	1.0
58.08	2.0
58.56	3.0
59.03	4.0
59.52	1.0
60.0	2.0
60.48	3.0
60.96	4.0
61.44	1.0
61.92	2.0
62.4	3.0
62.88	4.0
63.36	1.0
63.84	2.0
64.32	3.0
64.8	4.0
65.28	1.0
65.76	2.0
66.24	3.0
66.71	4.0
67.2	1.0
67.68	2.0
68.16	3.0
68.64	4.0
69.12	1.0
69.61	2.0
70.08	3.0
70.56	4.0
71.04	1.0
71.52	2.0
72.0	3.0
72.49	4.0
72.97	1.0
73.44	2.0
73.92	3.0
74.41	4.0
74.89	1.0
75.35	2.0
75.84	3.0
76.32	4.0
76.8	1.0
77.27	2.0
77.76	3.0
78.24	4.0
78.72	1.0
79.19	2.0
79.68	3.0
80.16	4.0
80.65	1.0
81.12	2.0
81.6	3.0
82.09	4.0
82.56	1.0
83.04	2.0
83.53	3.0
84.01	4.0
84.49	1.0
84.96	2.0
85.44	3.0
85.92	4.0
86.4	1.0
86.88	2.0
87.36	3.0
87.84	4.0
88.32	1.0
88.81	2.0
89.28	3.0
89.77	4.0
90.25	1.0
90.74	2.0
91.21	3.0
91.69	4.0
92.16	1.0
92.65	2.0
93.13	3.0
93.61	4.0
94.08	1.0
94.56	2.0
95.04	3.0
95.54	4.0
96.0	1.0
96.51	2.0
97.02	3.0
97.56	4.0
98.13	1.0
98.71	2.0
99.27	3.0
99.82	4.0
100.29	1.0
100.77	2.0
101.26	3.0
101.73	4.0
102.22	1.0
102.68	2.0
103.18	3.0
103.66	4.0
104.14	1.0
104.61	2.0
105.12	3.0
105.61	4.0
106.09	1.0
106.55	2.0
107.04	3.0
107.52	4.0
107.99	1.0
108.48	2.0
108.96	3.0
109.44	4.0
109.93	1.0
110.4	2.0
110.88	3.0
111.36	4.0
111.85	1.0
112.32	2.0
112.8	3.0
113.28	4.0
113.75	1.0
114.24	2.0
114.72	3.0
115.21	4.0
115.67	1.0
116.16	2.0
116.64	3.0
117.11	4.0
117.58	1.0
118.05	2.0
118.56	3.0
119.02	4.0
119.52	1.0
119.99	2.0
120.48	3.0
120.96	4.0
121.44	1.0
121.9	2.0
122.4	3.0
122.88	4.0
123.34	1.0
123.82	2.0
124.32	3.0
124.79	4.0
125.28	1.0
125.74	2.0
126.24	3.0
126.72	4.0
127.18	1.0
127.66	2.0
128.16	3.0
128.63	4.0
129.12	1.0
129.58	2.0
130.08	3.0
130.56	4.0
131.05	1.0
131.51	2.0
132.0	3.0
132.35	4.0
132.73	1.0
133.07	2.0
133.43	3.0
133.92	4.0
134.41	1.0
134.89	2.0
135.36	3.0
135.84	4.0
136.32	1.0
136.8	2.0
137.28	3.0
137.76	4.0
138.25	1.0
138.72	2.0
139.2	3.0
139.68	4.0
140.16	1.0
140.64	2.0
141.12	3.0
141.6	4.0
142.08	1.0
142.57	2.0
143.04	3.0
143.52	4.0
144.0	1.0
144.49	2.0
144.96	3.0
145.45	4.0
145.92	1.0
146.41	2.0
146.88	3.0
147.36	4.0
147.84	1.0
148.33	2.0
148.8	3.0
149.29	4.0
149.76	1.0
150.25	2.0
150.72	3.0
151.2	4.0
151.69	1.0
152.17	2.0
152.64	3.0
153.12	4.0
153.6	1.0
154.08	2.0
154.56	3.0
155.04	4.0
155.52	1.0
156.01	2.0
156.48	3.0
156.97	4.0
157.44	1.0
157.93	2.0
158.4	3.0
158.88	4.0
159.36	1.0
159.84	2.0
160.32	3.0
160.81	4.0
161.29	1.0
161.76	2.0
162.24	3.0
162.73	4.0
163.21	1.0
163.68	2.0
164.15	3.0
164.64	4.0
165.11	1.0
165.59	2.0
166.08	3.0
166.54	4.0
167.04	1.0
167.5	2.0
167.98	3.0
168.47	4.0
168.96	1.0
169.44	2.0
169.92	3.0
170.39	4.0
170.88	1.0
171.34	2.0
171.82	3.0
172.31	4.0
172.8	1.0
173.27	2.0
173.75	3.0
174.24	4.0
174.72	1.0
175.2	2.0
175.69	3.0
176.16	4.0
176.62	1.0
177.1	2.0
177.59	3.0
178.07	4.0
178.56	1.0
179.05	2.0
179.51	3.0
180.01	4.0
180.48	1.0
180.96	2.0
181.43	3.0
181.91	4.0
182.41	1.0
182.89	2.0
183.37	3.0
183.85	4.0
184.31	1.0
184.79	2.0
185.28	3.0
185.75	4.0
186.25	1.0
186.73	2.0
187.21	3.0
187.69	4.0
188.16	1.0
188.64	2.0
189.11	3.0
189.59	4.0
190.08	1.0
190.56	2.0
191.05	3.0
191.53	4.0
192.01	1.0