1.25	1.0
1.88	2.0
2.52	3.0
3.15	4.0
3.78	1.0
4.42	2.0
5.06	3.0
5.69	4.0
6.33	1.0
6.98	2.0
7.62	3.0
8.26	4.0
8.89	1.0
9.52	2.0
10.15	3.0
10.79	4.0
11.41	1.0
12.05	2.0
12.68	3.0
13.33	4.0
13.96	1.0
14.6	2.0
15.22	3.0
15.86	4.0
16.49	1.0
17.14	2.0
17.77	3.0
18.4	4.0
19.03	1.0
19.67	2.0
20.29	3.0
20.93	4.0
21.55	1.0
22.19	2.0
22.83	3.0
23.46	4.0
24.07	1.0
24.74	2.0
25.38	3.0
26.01	4.0
26.65	1.0
27.28	2.0
27.91	3.0
28.55	4.0
29.18	1.0
29.81	2.0
30.44	3.0
31.08	4.0
31.71	1.0
32.35	2.0
32.99	3.0
33.63	4.0
34.25	1.0
34.88	2.0
35.51	3.0
36.16	4.0
36.79	1.0
37.43	2.0
38.05	3.0
38.69	4.0
39.31	1.0
39.95	2.0
40.58	3.0
41.21	4.0
41.84	1.0
42.48	2.0
43.11	3.0
43.76	4.0
44.39	1.0
45.03	2.0
45.66	3.0
46.3	4.0
46.94	1.0
47.57	2.0
48.2	3.0
48.84	4.0
49.47	1.0
50.11	2.0
50.74	3.0
51.37	4.0
52.0	1.0
52.64	2.0
53.27	3.0
53.91	4.0
54.53	1.0
55.18	2.0
55.8	3.0
56.45	4.0
57.08	1.0
57.72	2.0
58.34	3.0
58.98	4.0
59.6	1.0
60.24	2.0
60.88	3.0
61.51	4.0
62.14	1.0
62.77	2.0
63.4	3.0
64.04	4.0
64.66	1.0
65.3	2.0
65.93	3.0
66.57	4.0
67.2	1.0
67.84	2.0
68.47	3.0
69.1	4.0
69.73	1.0
70.36	2.0
70.99	3.0
71.63	4.0
72.26	1.0
72.9	2.0
73.53	3.0
74.15	4.0
74.79	1.0
75.43	2.0
76.05	3.0
76.69	4.0
77.32	1.0
77.95	2.0
78.58	3.0
79.23	4.0
79.85	1.0
80.49	2.0
81.12	3.0
81.76	4.0
82.39	1.0
83.03	2.0
83.66	3.0
84.3	4.0
84.93	1.0
85.57	2.0
86.2	3.0
86.84	4.0
87.48	1.0
88.12	2.0
88.75	3.0
89.4	4.0
90.02	1.0
90.66	2.0
91.28	3.0
91.92	4.0
92.54	1.0
93.19	2.0
93.82	3.0
94.45	4.0
95.08	1.0
95.72	2.0
96.36	3.0
97.0	4.0
97.64	1.0
98.27	2.0
98.89	3.0
99.53	4.0
100.15	1.0
100.8	2.0
101.44	3.0
102.09	4.0
102.72	1.0
103.37	2.0
104.0	3.0
104.63	4.0
105.26	1.0
105.89	2.0
106.52	3.0
107.16	4.0
107.77	1.0
108.42	2.0
109.05	3.0
109.7	4.0
110.32	1.0
110.96	2.0
111.57	3.0
112.22	4.0
112.84	1.0
113.49	2.0
114.13	3.0
114.76	4.0
115.39	1.0
116.03	2.0
116.66	3.0
117.3	4.0
117.94	1.0
118.58	2.0
119.21	3.0
119.86	4.0
120.49	1.0
121.12	2.0
121.75	3.0
122.38	4.0
123.0	1.0
123.63	2.0
124.26	3.0
124.9	4.0
125.54	1.0
126.17	2.0
126.81	3.0
127.44	4.0
128.08	1.0
128.71	2.0
129.35	3.0
129.98	4.0
130.61	1.0
131.24	2.0
131.87	3.0
132.51	4.0
133.15	1.0
133.78	2.0
134.41	3.0
135.04	4.0
135.67	1.0
136.3	2.0
136.94	3.0
137.56	4.0
138.19	1.0
138.83	2.0
139.47	3.0
140.12	4.0
140.77	1.0
141.41	2.0
142.34	3.0
143.28	4.0
144.21	1.0
145.16	2.0
145.84	3.0
146.46	4.0
147.1	1.0
147.73	2.0
148.34	3.0
149.0	4.0
149.62	1.0
150.26	2.0
150.9	3.0
151.53	4.0
152.16	1.0
152.79	2.0
153.44	3.0
154.06	4.0
154.68	1.0
155.32	2.0
155.96	3.0
156.6	4.0
157.24	1.0
157.88	2.0
158.52	3.0
159.14	4.0
159.76	1.0
160.39	2.0
161.04	3.0
161.66	4.0
162.3	1.0
162.92	2.0
163.57	3.0
164.21	4.0
164.84	1.0
165.47	2.0
166.12	3.0
166.75	4.0
167.38	1.0
168.01	2.0
168.65	3.0
169.27	4.0
169.91	1.0
170.54	2.0
171.16	3.0
171.83	4.0
172.49	1.0
173.14	2.0
173.79	3.0
174.43	4.0
175.07	1.0
175.71	2.0
176.32	3.0
176.96	4.0
177.6	1.0
178.23	2.0
178.86	3.0
179.5	4.0
180.11	1.0
180.74	2.0
181.38	3.0
182.01	4.0
182.64	1.0
183.26	2.0
183.9	3.0
184.53	4.0
185.16	1.0
185.82	2.0
186.44	3.0
187.08	4.0
187.7	1.0
188.3	2.0
188.94	3.0
189.57	4.0
190.2	1.0
190.83	2.0
191.46	3.0
192.09	4.0
192.71	1.0
193.34	2.0
193.98	3.0
194.62	4.0
195.26	1.0
195.9	2.0
196.53	3.0
197.16	4.0
197.79	1.0
198.42	2.0
199.06	3.0
199.69	4.0
200.32	1.0
200.96	2.0
201.6	3.0
202.24	4.0
202.86	1.0
203.5	2.0
204.14	3.0
204.76	4.0
205.39	1.0
206.04	2.0
206.67	3.0
207.29	4.0
207.93	1.0
208.56	2.0
209.19	3.0
209.82	4.0
210.46	1.0
211.09	2.0
211.73	3.0
212.35	4.0
212.98	1.0
213.62	2.0
214.27	3.0
214.89	4.0
215.54	1.0
216.15	2.0
216.79	3.0
217.42	4.0
218.06	1.0
218.7	2.0
219.35	3.0
220.0	4.0
220.66	1.0
221.27	2.0
221.94	3.0
222.65	4.0
223.38	1.0
224.06	2.0
224.77	3.0
225.44	4.0
226.12	1.0
226.78	2.0
227.49	3.0
228.18	4.0
228.82	1.0
229.5	2.0