1.6	1.0
1.99	2.0
2.4	3.0
2.8	4.0
3.2	1.0
3.6	2.0
4.0	3.0
4.4	4.0
4.8	1.0
5.2	2.0
5.6	3.0
6.0	4.0
6.4	1.0
6.8	2.0
7.2	3.0
7.6	4.0
8.0	1.0
8.4	2.0
8.8	3.0
9.2	4.0
9.6	1.0
10.0	2.0
10.4	3.0
10.8	4.0
11.2	1.0
11.6	2.0
12.0	3.0
12.4	4.0
12.8	1.0
13.2	2.0
13.6	3.0
14.0	4.0
14.4	1.0
14.8	2.0
15.2	3.0
15.6	4.0
16.0	1.0
16.4	2.0
16.8	3.0
17.2	4.0
17.6	1.0
18.0	2.0
18.4	3.0
18.8	4.0
19.2	1.0
19.6	2.0
20.0	3.0
20.4	4.0
20.8	1.0
21.2	2.0
21.6	3.0
22.0	4.0
22.4	1.0
22.8	2.0
23.2	3.0
23.6	4.0
24.0	1.0
24.4	2.0
24.8	3.0
25.2	4.0
25.6	1.0
26.0	2.0
26.4	3.0
26.8	4.0
27.2	1.0
27.6	2.0
28.0	3.0
28.4	4.0
28.8	1.0
29.2	2.0
29.6	3.0
30.0	4.0
30.4	1.0
30.8	2.0
31.2	3.0
31.6	4.0
32.0	1.0
32.4	2.0
32.8	3.0
33.2	4.0
33.6	1.0
34.0	2.0
34.4	3.0
34.8	4.0
35.2	1.0
35.6	2.0
36.0	3.0
36.4	4.0
36.81	1.0
37.23	2.0
37.63	3.0
38.03	4.0
38.43	1.0
38.83	2.0
39.23	3.0
39.63	4.0
40.03	1.0
40.42	2.0
40.83	3.0
41.22	4.0
41.63	1.0
42.03	2.0
42.43	3.0
42.83	4.0
43.23	1.0
43.63	2.0
44.03	3.0
44.43	4.0
44.83	1.0
45.23	2.0
45.63	3.0
46.03	4.0
46.42	1.0
46.82	2.0
47.23	3.0
47.62	4.0
48.03	1.0
48.43	2.0
48.83	3.0
49.21	4.0
49.61	1.0
50.0	2.0
50.41	3.0
50.8	4.0
51.2	1.0
51.6	2.0
52.0	3.0
52.4	4.0
52.8	1.0
53.2	2.0
53.61	3.0
54.0	4.0
54.4	1.0
54.8	2.0
55.2	3.0
55.6	4.0
56.01	1.0
56.41	2.0
56.81	3.0
57.2	4.0
57.6	1.0
58.0	2.0
58.41	3.0
58.81	4.0
59.2	1.0
59.6	2.0
60.01	3.0
60.4	4.0
60.8	1.0
61.21	2.0
61.61	3.0
62.01	4.0
62.4	1.0
62.81	2.0
63.2	3.0
63.6	4.0
64.0	1.0
64.41	2.0
64.8	3.0
65.2	4.0
65.6	1.0
66.0	2.0
66.4	3.0
66.8	4.0
67.2	1.0
67.6	2.0
68.0	3.0
68.4	4.0
68.8	1.0
69.21	2.0
69.61	3.0
70.0	4.0
70.4	1.0
70.81	2.0
71.2	3.0
71.6	4.0
72.0	1.0
72.41	2.0
72.8	3.0
73.2	4.0
73.6	1.0
74.01	2.0
74.4	3.0
74.8	4.0
75.21	1.0
75.61	2.0
76.01	3.0
76.4	4.0
76.8	1.0
77.21	2.0
77.6	3.0
78.0	4.0
78.41	1.0
78.81	2.0
79.2	3.0
79.6	4.0
80.0	1.0
80.41	2.0
80.8	3.0
81.2	4.0
81.61	1.0
82.01	2.0
82.41	3.0
82.8	4.0
83.2	1.0
83.61	2.0
84.0	3.0
84.4	4.0
84.81	1.0
85.21	2.0
85.6	3.0
86.0	4.0
86.4	1.0
86.81	2.0
87.21	3.0
87.6	4.0
88.01	1.0
88.42	2.0
88.82	3.0
89.21	4.0
89.62	1.0
90.01	2.0
90.4	3.0
90.8	4.0
91.22	1.0
91.62	2.0
92.02	3.0
92.4	4.0
92.82	1.0
93.21	2.0
93.6	3.0
94.02	4.0
94.42	1.0
94.82	2.0
95.22	3.0
95.61	4.0
96.02	1.0
96.41	2.0
96.8	3.0
97.21	4.0
97.62	1.0
98.02	2.0
98.42	3.0
98.8	4.0
99.22	1.0
99.62	2.0
100.0	3.0
100.4	4.0
100.81	1.0
101.21	2.0
101.61	3.0
102.0	4.0
102.41	1.0
102.8	2.0
103.2	3.0
103.6	4.0
104.01	1.0
104.41	2.0
104.81	3.0
105.21	4.0
105.61	1.0
106.01	2.0
106.4	3.0
106.81	4.0
107.2	1.0
107.61	2.0
108.0	3.0
108.4	4.0
108.8	1.0
109.2	2.0
109.6	3.0
110.0	4.0
110.41	1.0
110.81	2.0
111.21	3.0
111.6	4.0
112.0	1.0
112.41	2.0
112.81	3.0
113.2	4.0
113.61	1.0
114.01	2.0
114.4	3.0
114.81	4.0
115.21	1.0
115.61	2.0
116.02	3.0
116.41	4.0
116.81	1.0
117.21	2.0
117.62	3.0
118.01	4.0
118.41	1.0
118.81	2.0
119.21	3.0
119.61	4.0
120.01	1.0
120.41	2.0
120.81	3.0
121.21	4.0
121.61	1.0
122.01	2.0
122.42	3.0
122.81	4.0
123.21	1.0
123.61	2.0
124.02	3.0
124.41	4.0
124.8	1.0
125.21	2.0
125.62	3.0
126.01	4.0
126.41	1.0
126.8	2.0
127.2	3.0
127.61	4.0
128.0	1.0
128.41	2.0
128.81	3.0
129.21	4.0
129.6	1.0
130.01	2.0
130.41	3.0
130.81	4.0
131.2	1.0
131.6	2.0
132.01	3.0
132.41	4.0
132.81	1.0
133.21	2.0
133.6	3.0
134.01	4.0
134.41	1.0
134.81	2.0
135.21	3.0
135.61	4.0
136.01	1.0
136.41	2.0
136.81	3.0
137.21	4.0
137.6	1.0
138.01	2.0
138.41	3.0
138.81	4.0
139.21	1.0
139.63	2.0
140.02	3.0
140.43	4.0
140.81	1.0
141.21	2.0
141.61	3.0
142.01	4.0
142.41	1.0
142.82	2.0
143.22	3.0
143.62	4.0
144.03	1.0
144.42	2.0
144.81	3.0
145.22	4.0
145.61	1.0
146.03	2.0
146.42	3.0
146.81	4.0
147.22	1.0
147.63	2.0
148.02	3.0
148.43	4.0
148.81	1.0
149.22	2.0
149.61	3.0
150.02	4.0
150.43	1.0
150.82	2.0
151.22	3.0
151.61	4.0
152.01	1.0
152.4	2.0
152.8	3.0
153.2	4.0
153.6	1.0
154.0	2.0
154.41	3.0
154.8	4.0
155.2	1.0
155.6	2.0
156.0	3.0
156.4	4.0
156.8	1.0
157.2	2.0
157.6	3.0
158.0	4.0
158.41	1.0
158.81	2.0
159.2	3.0
159.6	4.0
160.0	1.0
160.4	2.0
160.81	3.0
161.21	4.0
161.6	1.0
162.0	2.0
162.4	3.0
162.8	4.0
163.2	1.0
163.61	2.0
164.01	3.0
164.41	4.0
164.81	1.0
165.21	2.0
165.61	3.0
166.0	4.0
166.4	1.0
166.81	2.0
167.2	3.0
167.6	4.0
168.0	1.0
168.41	2.0
168.8	3.0
169.2	4.0
169.6	1.0
170.01	2.0
170.4	3.0
170.8	4.0
171.2	1.0
171.61	2.0
172.01	3.0
172.4	4.0
172.8	1.0
173.21	2.0
173.6	3.0
174.0	4.0
174.4	1.0
174.81	2.0
175.2	3.0
175.6	4.0
176.0	1.0
176.41	2.0
176.81	3.0
177.2	4.0
177.61	1.0
178.01	2.0
178.41	3.0
178.8	4.0
179.2	1.0
179.61	2.0
180.01	3.0
180.4	4.0
180.81	1.0
181.21	2.0
181.6	3.0
182.0	4.0
182.41	1.0
182.81	2.0
183.21	3.0
183.6	4.0
184.01	1.0
184.41	2.0
184.81	3.0
185.21	4.0
185.6	1.0
186.01	2.0
186.41	3.0
186.8	4.0
187.21	1.0
187.61	2.0
188.0	3.0
188.4	4.0
188.81	1.0
189.21	2.0
189.61	3.0
190.0	4.0
190.41	1.0
190.82	2.0
191.22	3.0
191.62	4.0
192.02	1.0
192.42	2.0
192.82	3.0
193.21	4.0
193.61	1.0
194.01	2.0
194.42	3.0
194.81	4.0
195.21	1.0
195.61	2.0
196.02	3.0
196.41	4.0
196.81	1.0
197.21	2.0
197.62	3.0
198.01	4.0
198.41	1.0
198.81	2.0
199.21	3.0
199.61	4.0
200.01	1.0
200.41	2.0
200.82	3.0
201.21	4.0
201.61	1.0
202.01	2.0
202.42	3.0
202.81	4.0
203.21	1.0
203.61	2.0
204.02	3.0
204.41	4.0
204.81	1.0
205.21	2.0
205.62	3.0
206.01	4.0
206.41	1.0
206.81	2.0
207.21	3.0
207.61	4.0
208.01	1.0
208.41	2.0
208.81	3.0
209.21	4.0
209.61	1.0
210.01	2.0
210.41	3.0
210.81	4.0
211.21	1.0
211.6	2.0
212.01	3.0
212.41	4.0
212.81	1.0
213.21	2.0
213.61	3.0
214.01	4.0
214.41	1.0
214.81	2.0
215.21	3.0
215.61	4.0
216.01	1.0
216.41	2.0
216.81	3.0
217.21	4.0
217.6	1.0
218.01	2.0
218.41	3.0
218.81	4.0
219.21	1.0
219.61	2.0
220.01	3.0
220.41	4.0
220.81	1.0
221.21	2.0
221.61	3.0
222.01	4.0
222.41	1.0
222.81	2.0
223.21	3.0
223.61	4.0
224.01	1.0
224.41	2.0
224.81	3.0
225.21	4.0
225.61	1.0
226.01	2.0
226.41	3.0
226.81	4.0
227.21	1.0
227.61	2.0
228.01	3.0
228.41	4.0
228.81	1.0
229.21	2.0
229.61	3.0
230.01	4.0
230.41	1.0
230.81	2.0
231.21	3.0
231.61	4.0
232.01	1.0
232.41	2.0
232.81	3.0
233.21	4.0
233.6	1.0
234.01	2.0
234.41	3.0
234.81	4.0
235.21	1.0
235.61	2.0
236.01	3.0
236.41	4.0
236.81	1.0
237.21	2.0
237.61	3.0
238.01	4.0
238.41	1.0
238.81	2.0
239.21	3.0
239.61	4.0
240.01	1.0
240.41	2.0
240.81	3.0
241.21	4.0
241.6	1.0
242.01	2.0
242.41	3.0
242.81	4.0
243.21	1.0
243.61	2.0
244.0	3.0
244.41	4.0
244.81	1.0
245.28	2.0
245.74	3.0
246.21	4.0
246.66	1.0
247.15	2.0
247.6	3.0
248.09	4.0
248.54	1.0
249.01	2.0
249.48	3.0
249.95	4.0
250.42	1.0
250.91	2.0
251.36	3.0
251.85	4.0
252.3	1.0
252.79	2.0
253.26	3.0
253.71	4.0
254.2	1.0
254.66	2.0
255.14	3.0
255.59	4.0
256.06	1.0