0.0	1.0
0.36	2.0
0.73	3.0
1.1	4.0
1.46	1.0
1.83	2.0
2.19	3.0
2.54	4.0
2.93	1.0
3.28	2.0
3.66	3.0
4.02	4.0
4.4	1.0
4.77	2.0
5.13	3.0
5.49	4.0
5.86	1.0
6.23	2.0
6.59	3.0
6.96	4.0
7.32	1.0
7.69	2.0
8.05	3.0
8.42	4.0
8.79	1.0
9.15	2.0
9.52	3.0
9.89	4.0
10.25	1.0
10.62	2.0
10.98	3.0
11.35	4.0
11.71	1.0
12.08	2.0
12.45	3.0
12.81	4.0
13.18	1.0
13.54	2.0
13.91	3.0
14.27	4.0
14.64	1.0
15.01	2.0
15.37	3.0
15.74	4.0
16.1	1.0
16.47	2.0
16.84	3.0
17.2	4.0
17.57	1.0
17.93	2.0
18.3	3.0
18.67	4.0
19.03	1.0
19.4	2.0
19.76	3.0
20.13	4.0
20.49	1.0
20.86	2.0
21.22	3.0
21.59	4.0
21.95	1.0
22.32	2.0
22.69	3.0
23.05	4.0
23.42	1.0
23.79	2.0
24.15	3.0
24.52	4.0
24.88	1.0
25.25	2.0
25.61	3.0
25.98	4.0
26.35	1.0
26.71	2.0
27.08	3.0
27.45	4.0
27.81	1.0
28.18	2.0
28.54	3.0
28.91	4.0
29.28	1.0
29.64	2.0
30.01	3.0
30.38	4.0
30.74	1.0
31.1	2.0
31.47	3.0
31.84	4.0
32.2	1.0
32.57	2.0
32.93	3.0
33.3	4.0
33.66	1.0
34.03	2.0
34.4	3.0
34.76	4.0
35.13	1.0
35.49	2.0
35.86	3.0
36.22	4.0
36.59	1.0
36.96	2.0
37.32	3.0
37.69	4.0
38.06	1.0
38.42	2.0
38.79	3.0
39.16	4.0
39.52	1.0
39.88	2.0
40.25	3.0
40.62	4.0
40.98	1.0
41.35	2.0
41.71	3.0
42.08	4.0
42.45	1.0
42.81	2.0
43.18	3.0
43.54	4.0
43.91	1.0
44.27	2.0
44.64	3.0
45.01	4.0
45.37	1.0
45.74	2.0
46.1	3.0
46.47	4.0
46.84	1.0
47.2	2.0
47.57	3.0
47.93	4.0
48.3	1.0
48.67	2.0
49.03	3.0
49.4	4.0
49.77	1.0
50.13	2.0
50.5	3.0
50.86	4.0
51.23	1.0
51.59	2.0
51.96	3.0
52.33	4.0
52.69	1.0
53.06	2.0
53.42	3.0
53.79	4.0
54.15	1.0
54.52	2.0
54.89	3.0
55.25	4.0
55.62	1.0
55.98	2.0
56.35	3.0
56.71	4.0
57.08	1.0
57.45	2.0
57.81	3.0
58.18	4.0
58.54	1.0
58.91	2.0
59.28	3.0
59.64	4.0
60.01	1.0
60.37	2.0
60.74	3.0
61.11	4.0
61.47	1.0
61.84	2.0
62.2	3.0
62.57	4.0
62.93	1.0
63.3	2.0
63.67	3.0
64.03	4.0
64.4	1.0
64.76	2.0
65.13	3.0
65.5	4.0
65.86	1.0
66.23	2.0
66.59	3.0
66.96	4.0
67.32	1.0
67.69	2.0
68.05	3.0
68.42	4.0
68.79	1.0
69.15	2.0
69.52	3.0
69.88	4.0
70.25	1.0
70.62	2.0
70.98	3.0
71.35	4.0
71.71	1.0
72.08	2.0
72.45	3.0
72.81	4.0
73.18	1.0
73.54	2.0
73.91	3.0
74.28	4.0
74.64	1.0
75.01	2.0
75.37	3.0
75.74	4.0
76.11	1.0
76.47	2.0
76.84	3.0
77.2	4.0
77.57	1.0
77.93	2.0
78.3	3.0
78.67	4.0
79.03	1.0
79.4	2.0
79.76	3.0
80.14	4.0
80.49	1.0
80.86	2.0
81.22	3.0
81.59	4.0
81.96	1.0
82.32	2.0
82.69	3.0
83.05	4.0
83.42	1.0
83.79	2.0
84.15	3.0
84.52	4.0
84.89	1.0
85.25	2.0
85.62	3.0
85.98	4.0
86.35	1.0
86.72	2.0
87.08	3.0
87.45	4.0
87.81	1.0
88.18	2.0
88.54	3.0
88.91	4.0
89.28	1.0
89.64	2.0
90.01	3.0
90.38	4.0
90.74	1.0
91.1	2.0
91.47	3.0
91.84	4.0
92.2	1.0
92.57	2.0
92.93	3.0
93.3	4.0
93.67	1.0
94.03	2.0
94.4	3.0
94.76	4.0
95.13	1.0
95.5	2.0
95.86	3.0
96.23	4.0
96.59	1.0
96.96	2.0
97.33	3.0
97.69	4.0
98.06	1.0
98.42	2.0
98.79	3.0
99.16	4.0
99.52	1.0
99.89	2.0
100.25	3.0
100.62	4.0
100.98	1.0
101.35	2.0
101.71	3.0
102.08	4.0
102.45	1.0
102.81	2.0
103.18	3.0
103.54	4.0
103.91	1.0
104.28	2.0
104.64	3.0
105.01	4.0
105.37	1.0
105.74	2.0
106.1	3.0
106.47	4.0
106.84	1.0
107.2	2.0
107.57	3.0
107.93	4.0
108.3	1.0
108.67	2.0
109.03	3.0
109.4	4.0
109.76	1.0
110.13	2.0
110.5	3.0
110.86	4.0
111.23	1.0
111.59	2.0
111.96	3.0
112.33	4.0
112.69	1.0
113.05	2.0
113.42	3.0
113.79	4.0
114.15	1.0
114.52	2.0
114.88	3.0
115.25	4.0
115.62	1.0
115.98	2.0
116.35	3.0
116.71	4.0
117.08	1.0
117.44	2.0
117.81	3.0
118.18	4.0
118.54	1.0
118.91	2.0
119.28	3.0
119.64	4.0
120.01	1.0
120.37	2.0
120.74	3.0
121.1	4.0
121.47	1.0
121.84	2.0
122.2	3.0
122.57	4.0
122.93	1.0
123.3	2.0
123.66	3.0
124.03	4.0
124.39	1.0
124.76	2.0
125.13	3.0
125.49	4.0
125.86	1.0
126.23	2.0
126.59	3.0
126.96	4.0
127.32	1.0
127.69	2.0
128.06	3.0
128.42	4.0
128.79	1.0
129.15	2.0
129.52	3.0
129.89	4.0
130.25	1.0
130.62	2.0
130.98	3.0
131.35	4.0
131.72	1.0
132.08	2.0
132.45	3.0
132.81	4.0
133.18	1.0
133.55	2.0
133.91	3.0
134.28	4.0
134.64	1.0
135.01	2.0
135.37	3.0
135.74	4.0
136.1	1.0
136.47	2.0
136.84	3.0
137.2	4.0
137.57	1.0
137.93	2.0
138.3	3.0
138.67	4.0
139.03	1.0
139.4	2.0
139.76	3.0
140.13	4.0
140.49	1.0
140.86	2.0
141.23	3.0
141.59	4.0
141.96	1.0
142.33	2.0
142.69	3.0
143.06	4.0
143.42	1.0
143.8	2.0
144.15	3.0
144.52	4.0
144.89	1.0
145.25	2.0
145.62	3.0
145.98	4.0
146.35	1.0
146.72	2.0
147.08	3.0
147.44	4.0
147.81	1.0
148.18	2.0
148.54	3.0
148.91	4.0
149.28	1.0
149.64	2.0
150.01	3.0
150.37	4.0
150.74	1.0
151.11	2.0
151.47	3.0
151.84	4.0
152.2	1.0
152.57	2.0
152.93	3.0
153.3	4.0
153.67	1.0
154.04	2.0
154.4	3.0
154.76	4.0
155.13	1.0
155.49	2.0
155.86	3.0
156.23	4.0
156.59	1.0
156.96	2.0
157.32	3.0
157.69	4.0
158.06	1.0
158.42	2.0
158.79	3.0
159.15	4.0
159.52	1.0
159.89	2.0
160.25	3.0
160.62	4.0
160.98	1.0
161.35	2.0
161.71	3.0
162.08	4.0
162.45	1.0
162.81	2.0
163.18	3.0
163.55	4.0
163.91	1.0
164.28	2.0
164.64	3.0
165.01	4.0
165.38	1.0
165.75	2.0
166.11	3.0
166.47	4.0
166.84	1.0
167.21	2.0
167.57	3.0
167.93	4.0
168.3	1.0
168.67	2.0
169.03	3.0
169.4	4.0
169.77	1.0
170.13	2.0
170.5	3.0
170.87	4.0
171.23	1.0
171.59	2.0
171.96	3.0
172.31	4.0
172.69	1.0
173.05	2.0
173.42	3.0
173.79	4.0
174.15	1.0
174.52	2.0
174.88	3.0
175.27	4.0
175.63	1.0
176.0	2.0
176.36	3.0
176.73	4.0
177.1	1.0
177.46	2.0
177.83	3.0
178.2	4.0
178.56	1.0
178.92	2.0