0.01	1
0.51	2
0.9615370000000001	3
1.4230740000000002	4
1.8846110000000003	1
2.3461480000000003	2
2.807685	3
3.279222	4
3.770759	1
4.240759	2
4.670759	3
5.125304000000001	4
5.599849000000001	1
6.054394000000001	2
6.502409000000001	3
6.960424000000001	4
7.438439	1
7.906453999999999	2
8.337991	3
8.799528	4
9.281065	1
9.742602	2
10.184139	3
10.645676	4
11.107213	1
11.58875	2
12.046764999999999	3
12.504779999999998	4
12.962794999999998	1
13.420809999999998	2
13.868824999999998	3
14.336839999999997	4
14.804854999999996	1
15.262869999999996	2
15.710884999999996	3
16.168899999999997	4
16.636914999999995	1
17.094929999999994	2
17.532944999999994	3
18.000959999999996	4
18.458974999999995	1
18.916989999999995	2
19.371534999999994	3
19.826079999999994	4
20.280624999999993	1
20.72516999999999	2
21.17971499999999	3
21.63425999999999	4
22.08880499999999	1
22.54334999999999	2
22.99110899999999	3
23.438867999999992	4
23.896626999999995	1
24.344385999999997	2
24.795511999999995	3
25.236637999999992	4
25.697763999999992	1
26.14888999999999	2
26.60001599999999	3
27.051141999999988	4
27.502267999999987	1
27.953393999999985	2
28.404519999999984	3
28.84564599999998	4
29.30677199999998	1
29.75789799999998	2
30.209023999999978	3
30.650149999999975	4
31.101275999999974	1
31.552401999999972	2
31.993576999999974	3
32.44475199999997	4
32.885926999999974	1
33.327101999999975	2
33.77486099999997	3
34.21261999999997	4
34.66037899999997	1
35.10813799999997	2
35.552581999999965	3
35.99702599999996	4
36.45146999999996	1
36.895913999999955	2
37.34367299999995	3
37.79143199999995	4
38.23919099999995	1
38.686949999999946	2
39.134708999999944	3
39.572467999999944	4
40.03022699999994	1
40.46798599999994	2
40.91911199999994	3
41.38023799999994	4
41.831363999999944	1
42.282489999999946	2
42.73361599999995	3
43.18474199999995	4
43.625867999999954	1
44.07699399999996	2
44.524752999999954	3
44.97251199999995	4
45.42027099999995	1
45.86802999999995	2
46.315788999999945	3
46.77354799999994	4
47.22130699999994	1
47.66906599999994	2
48.10682499999994	3
48.56458399999993	4
49.01234299999993	1
49.45010199999993	2
49.89786099999993	3
50.345619999999926	4
50.80337899999992	1
51.25113799999992	2
51.68889699999992	3
52.12665599999992	4
52.584414999999915	1
53.03217399999991	2
53.47661799999991	3
53.931061999999905	4
54.3755059999999	1
54.8199499999999	2
55.264393999999896	3
55.70883799999989	4
56.163281999999896	1
56.58772599999989	2
57.03216999999989	3
57.476613999999884	4
57.92105799999988	1
58.35550199999988	2
58.80667699999988	3
59.25785199999988	4
59.69902699999988	1
60.14020199999988	2
60.59137699999989	3
61.03255199999989	4
61.476995999999886	1
61.93143999999988	2
62.37588399999988	3
62.820327999999876	4
63.26477199999987	1
63.70921599999987	2
64.15039099999987	3
64.58156599999987	4
65.02274099999987	1
65.46391599999987	2
65.89509099999988	3
66.33626599999988	4
66.77744099999988	1
67.21861599999988	2
67.65979099999988	3
68.10096599999989	4
68.53214099999988	1
68.99331599999988	2
69.42449099999989	3
69.85566599999989	4
70.29684099999989	1
70.72801599999988	2
71.17597099999989	3
71.61392599999989	4
72.0518809999999	1
72.47983599999989	2
72.9177909999999	3
73.3557459999999	4
73.8037009999999	1
74.2416559999999	2
74.67961099999991	3
75.11756599999991	4
75.55552099999991	1
76.01347599999991	2
76.45791999999992	3
76.90236399999992	4
77.33680799999993	1
77.78125199999994	2
78.22569599999994	3
78.67013999999995	4
79.11458399999995	1
79.56902799999995	2
80.00678699999996	3
80.45454599999997	4
80.90230499999997	1
81.34006399999997	2
81.79782299999998	3
82.23558199999998	4
82.67334099999998	1
83.1411	2
83.58905499999999	3
84.02700999999999	4
84.46496499999999	1
84.90292	2
85.330875	3
85.75883	4
86.196785	1
86.63474000000001	2
87.069522	3
87.504304	4
87.939086	1
88.373868	2
88.81865	3
89.243432	4
89.66821399999999	1
90.112996	2
90.550951	3
90.988906	4
91.426861	1
91.864816	2
92.302771	3
92.74072600000001	4
93.17868100000001	1
93.61663600000001	2
94.05459100000002	3
94.49254600000002	4
94.93050100000002	1
95.36845600000002	2
95.80641100000003	3
96.24436600000003	4
96.68232100000003	1
97.12027600000003	2
97.55823100000003	3
98.00618600000004	4
98.44414100000004	1
98.88209600000005	2
99.32327100000005	3
99.76444600000005	4
100.19562100000005	1
100.63679600000005	2
101.07797100000005	3
101.51914600000005	4
101.96032100000005	1
102.40149600000005	2
102.83945100000005	3
103.27740600000006	4
103.70536100000005	1
104.16331600000007	2
104.60449100000007	3
105.03566600000006	4
105.47684100000006	1
105.91801600000007	2
106.36919100000007	3
106.81036600000007	4
107.26154100000007	1
107.70271600000007	2
108.14389100000007	3
108.57506600000008	4
109.01624100000008	1
109.45741600000008	2
109.89859100000008	3
110.33976600000008	4
110.78094100000008	1
111.22211600000009	2
111.66329100000009	3
112.10446600000009	4
112.53564100000008	1
112.97681600000008	2
113.41799100000009	3
113.85916600000009	4
114.30034100000009	1
114.74151600000009	2
115.1894710000001	3
115.6274260000001	4
116.0653810000001	1
116.5033360000001	2
116.9212910000001	3
117.34924600000011	4
117.78720100000011	1
118.22515600000011	2
118.66633100000011	3
119.1175060000001	4
119.56868100000011	1
120.00985600000011	2
120.46103100000012	3
120.90220600000012	4
121.35338100000011	1
121.79455600000011	2
122.23573100000011	3
122.67690600000012	4
123.11808100000012	1
123.55925600000012	2
124.00370000000012	3
124.43814400000014	4
124.88258800000014	1
125.31703200000014	2
125.77147600000015	3
126.20592000000015	4
126.65036400000015	1
127.09480800000016	2
127.53925200000016	3
127.98369600000017	4
128.42814000000016	1
128.87258400000016	2
129.32375900000014	3
129.76493400000012	4
130.19610900000012	1
130.6372840000001	2
131.08845900000009	3
131.52963400000007	4
131.96080900000007	1
132.42198400000007	2
132.85993900000005	3
133.28789400000002	4
133.725849	1
134.163804	2
134.601759	3
135.03971399999998	4
135.47766899999996	1
135.90562399999996	2
136.34679899999995	3
136.78797399999993	4
137.22914899999992	1
137.6803239999999	2
138.1214989999999	3
138.56267399999987	4
138.99384899999987	1
139.43502399999986	2
139.87619899999984	3
140.31737399999983	4
140.75854899999982	1
141.1997239999998	2
141.6376789999998	3
142.0656339999998	4
142.51358899999977	1
142.95154399999976	2
143.38949899999974	3
143.82745399999973	4
144.26540899999972	1
144.7133639999997	2
145.1513189999997	3
145.5992739999997	4
146.02722899999966	1
146.47518399999967	2
146.91635899999966	3
147.35753399999965	4
147.79870899999963	1
148.2198839999996	2
148.6646659999996	3
149.08944799999963	4
149.52422999999965	1
149.94901199999967	2
150.39379399999967	3
150.82857599999969	4
151.2633579999997	1
151.6981399999997	2
152.1393149999997	3
152.58048999999968	4
153.02166499999967	1
153.46283999999966	2
153.91401499999964	3
154.33518999999964	4
154.77636499999963	1
155.2075399999996	2
155.64871499999958	3
156.08988999999957	4
156.52106499999957	1
156.96223999999955	2
157.43610799999954	3
157.94997599999954	4
158.46384399999954	1
158.94771199999954	2
159.39157999999952	3
159.82953499999957	4
160.26748999999955	1
160.71544499999956	2
161.15339999999955	3
161.59135499999954	4
162.0193099999995	1
162.4772649999995	2
162.9152199999995	3
163.36317499999947	4
163.80112999999946	1
164.23908499999945	2
164.66703999999945	3
165.11499499999942	4
165.5529499999994	1
165.9909049999994	2
166.4188599999994	3
166.8468149999994	4
167.30476999999937	1
167.74272499999935	2
168.17067999999935	3
168.61863499999933	4
169.04658999999933	1
169.4945449999993	2
169.91932699999933	3
170.35410899999934	4
170.78889099999935	1
171.22367299999937	2
171.6484549999994	3
172.0932369999994	4
172.5180189999994	1
172.9728009999994	2
173.39758299999943	3
173.84236499999943	4
174.27714699999945	1
174.72192899999948	2
175.14310399999945	3
175.60427899999945	4
176.03545399999942	1
176.46662899999941	2
176.9078039999994	3
177.3489789999994	4
177.79015399999938	1
178.23132899999936	2
178.66928399999938	3
179.11723899999936	4
179.53519400000002	1
179.993149	2
180.42432399999998	3
180.88549900000004	1
181.32667400000003	2
181.767849	3
182.209024	4
182.64019899999997	1
183.08137399999995	2
183.51254899999995	3
183.95050399999994	4
184.38845899999993	1
184.81641399999992	2
185.2543689999999	3
185.68915099999992	4
186.13393299999993	1
186.56871499999994	2
187.00349699999995	3
187.43827899999997	4
187.88306099999997	1
188.31784299999998	2
188.762625	3
189.19057999999998	4
189.62853499999997	1
190.05648999999997	2
190.49444499999996	3
190.93239999999994	4
191.37035499999993	1
191.80830999999992	2
192.2462649999999	3
192.6842199999999	4
193.12217499999988	1
193.56012999999987	2
193.98808499999987	3
194.42603999999986	4
194.86399499999985	1
195.31194999999983	2
195.7499049999998	3
196.18468699999983	4
196.61946899999984	1
197.05425099999985	2
197.48903299999986	3
197.93381499999987	4
198.36859699999988	1
198.7933789999999	2
199.22816099999991	3
199.6661159999999	4
200.1040709999999	1
200.5320259999999	2
200.96998099999988	3
201.40793599999986	4
201.84589099999985	1
202.30384599999982	2
202.7418009999998	3
203.16658299999983	4
203.61136499999984	1
204.04614699999985	2
204.48092899999986	3
204.91571099999987	4
205.3504929999999	1
205.7852749999999	2
206.2200569999999	3
206.6580119999999	4
207.0959669999999	1
207.53392199999988	2
207.96187699999987	3
208.38983199999987	4
208.82778699999986	1
209.28574199999983	2
209.72369699999982	3
210.1516519999998	4
210.5896069999998	1
211.0275619999998	2
211.4555169999998	3
211.8902989999998	4
212.3250809999998	1
212.7798629999998	2
213.22464499999984	3
213.64942699999983	4
214.08420899999984	1
214.51899099999986	2
214.97377299999988	3
215.41494799999987	4
215.83612299999984	1
216.29729799999984	2
216.73847299999983	3
217.16964799999982	4
217.6108229999998	1
218.04199799999978	2
218.47317299999978	3
218.9079549999998	4
219.3527369999998	1
219.7875189999998	2
220.22230099999982	3
220.64708299999984	4
221.09186499999984	1
221.49664699999985	2
221.93142899999987	3
222.3562109999999	4
222.8009929999999	1
223.24577499999992	2
223.69055699999993	3
224.12533899999994	4
224.56012099999995	1
224.99490299999997	2
225.419685	3
225.861337	4
226.292989	1
226.72464100000002	2
227.14629300000004	3
227.57794500000006	4
228.01959700000006	1
228.46124900000007	2
228.89290100000008	3
229.32085600000008	4
229.74881100000007	1
230.18676600000006	2
230.63472100000004	3
231.07267600000003	4
231.51063100000002	1
231.958586	2
232.39654099999998	3
232.83449599999997	4
233.27245099999996	1
233.71040599999995	2
234.13836099999995	3
234.57631599999993	4
235.01427099999992	1
235.4522259999999	2
235.9001809999999	3
236.3318329999999	4
236.76348499999992	1
237.19513699999993	2
237.62678899999995	3
238.05844099999996	4
238.49009299999997	1
238.931745	2
239.36339700000002	3
239.79817900000003	4
240.23296100000005	1
240.66774300000006	2
241.10252500000007	3
241.51730700000007	4
241.9520890000001	1
242.3868710000001	2
242.8216530000001	3
243.2596080000001	4
243.6975630000001	1
244.13551800000008	2
244.57347300000006	3
245.01142800000005	4
245.44938300000004	1
245.88733800000003	2
246.32529300000002	3
246.76007500000003	4
247.19485700000004	1
247.62963900000005	2
248.06442100000007	3
248.49920300000008	4
248.9339850000001	1
249.3687670000001	2
249.80354900000012	3
250.23833100000013	4
250.67311300000014	1
251.10789500000016	2
251.55267700000016	3
251.97745900000018	4
252.4122410000002	1
252.8470230000002	2
253.2918050000002	3
253.71658700000023	4
254.15136900000024	1
254.58615100000026	2
255.02093300000027	3
255.4457150000003	4
255.8904970000003	1
256.3252790000003	2
256.7600610000003	3
257.1948430000003	4
257.61962500000027	1
258.06440700000024	2
258.49918900000023	3
258.9308410000002	4
259.3624930000002	1
259.7941450000002	2
260.22579700000017	3
260.67057900000015	4
261.10536100000013	1
261.5401430000001	2
261.9749250000001	3
262.3997070000001	4
262.84448900000007	1
263.26927100000006	2
263.70405300000004	3
264.13883500000003	4
264.573617	1
265.008399	2
265.443181	3
265.87483299999997	4
266.30648499999995	1
266.73813699999994	2
267.1697889999999	3
267.6045709999999	4
268.0293529999999	1
268.4741349999999	2
268.90891699999986	3
269.33056899999985	4
269.76222099999984	1
270.1938729999998	2
270.6155249999998	3
271.0471769999998	4
271.4788289999998	1
271.92048099999977	2
272.36213299999974	3
272.79378499999973	4
273.2254369999997	1
273.6570889999997	2
274.0887409999997	3
274.5203929999997	4
274.96204499999965	1
275.39369699999963	2
275.8153489999996	3
276.2501309999996	4
276.6849129999996	1
277.1196949999996	2
277.55447699999957	3
277.98925899999955	4
278.42404099999953	1
278.8588229999995	2
279.2936049999995	3
279.7152569999995	4
280.1469089999995	1
280.57856099999947	2
281.01021299999945	3
281.45186499999943	4
281.8835169999994	1
282.3051689999994	2
282.7368209999994	3
283.1684729999994	4
283.60012499999937	1
284.04177699999934	2
284.4734289999993	3
284.9050809999993	4
285.3367329999993	1
285.7683849999993	2
286.21003699999926	3
286.65168899999924	4
287.0933409999992	1
287.5249929999992	2
287.9466449999992	3
288.3814269999992	4
288.80620899999917	1
289.24099099999916	2
289.66577299999915	3
290.10055499999913	4
290.5253369999991	1
290.9601189999991	2
291.4049009999991	3
291.8265529999991	4
292.25820499999907	1
292.69985699999904	2
293.131508999999	3
293.563160999999	4
293.994812999999	1
294.426464999999	2
294.86811699999896	3
295.29976899999895	4
295.73142099999893	1
296.1630729999989	2
296.5947249999989	3
297.0163769999989	4
297.4480289999989	1
297.87968099999887	2
298.31133299999885	3
298.74298499999884	4
299.1746369999988	1
299.5962889999988	2