0.01	1
0.41095899999999996	2
0.8319179999999999	3
1.2428769999999998	4
1.6538359999999999	1
2.0647949999999997	2
2.465754	3
2.876713	4
3.287672	1
3.6986310000000002	2
4.10959	3
4.520549	4
4.931508	1
5.342467	2
5.753426	3
6.164385	4
6.575344	1
6.986303	2
7.3972620000000004	3
7.8082210000000005	4
8.21918	1
8.630139	2
9.041098	3
9.452057	4
9.863016	1
10.273975	2
10.684934	3
11.095893	4
11.506852	1
11.917811	2
12.32877	3
12.739729	4
13.150688	1
13.561647	2
13.972606	3
14.383565	4
14.794524000000001	1
15.205483000000001	2
15.616442000000001	3
16.027401	4
16.43836	1
16.849318999999998	2
17.260277999999996	3
17.671236999999994	4
18.082195999999993	1
18.49315499999999	2
18.90411399999999	3
19.315072999999988	4
19.726031999999986	1
20.136990999999984	2
20.547949999999982	3
20.95890899999998	4
21.36986799999998	1
21.780826999999977	2
22.191785999999976	3
22.602744999999974	4
23.013703999999972	1
23.42466299999997	2
23.83562199999997	3
24.246580999999967	4
24.657539999999965	1
25.068498999999964	2
25.479457999999962	3
25.89041699999996	4
26.30137599999996	1
26.712334999999957	2
27.123293999999955	3
27.534252999999953	4
27.94521199999995	1
28.34617099999995	2
28.757129999999947	3
29.178088999999947	4
29.589047999999945	1
30.000006999999943	2
30.41096599999994	3
30.82192499999994	4
31.232883999999938	1
31.643842999999936	2
32.05480199999994	3
32.46576099999994	4
32.876719999999935	1
33.28767899999993	2
33.69863799999993	3
34.10959699999993	4
34.52055599999993	1
34.931514999999926	2
35.342473999999925	3
35.75343299999992	4
36.16439199999992	1
36.57535099999992	2
36.98630999999992	3
37.397268999999916	4
37.808227999999914	1
38.21918699999991	2
38.63014599999991	3
39.04110499999991	4
39.45206399999991	1
39.863022999999906	2
40.273981999999904	3
40.6849409999999	4
41.0958999999999	1
41.5068589999999	2
41.9178179999999	3
42.328776999999896	4
42.739735999999894	1
43.15069499999989	2
43.56165399999989	3
43.97261299999989	4
44.38357199999989	1
44.794530999999886	2
45.205489999999884	3
45.61644899999988	4
46.02740799999988	1
46.43836699999988	2
46.84932599999988	3
47.260284999999875	4
47.671243999999874	1
48.08220299999987	2
48.49316199999987	3
48.90412099999987	4
49.31507999999987	1
49.726038999999865	2
50.13699799999986	3
50.54795699999986	4
50.95891599999986	1
51.36987499999986	2
51.78083399999986	3
52.20179299999985	4
52.60275199999985	1
53.01371099999985	2
53.42466999999985	3
53.83562899999985	4
54.246587999999846	1
54.657546999999845	2
55.06850599999984	3
55.47946499999984	4
55.89042399999984	1
56.30138299999984	2
56.712341999999836	3
57.123300999999834	4
57.53425999999983	1
57.94521899999983	2
58.35617799999983	3
58.76713699999983	4
59.178095999999826	1
59.589054999999824	2
60.00001399999982	3
60.41097299999982	4
60.82193199999982	1
61.23289099999982	2
61.643849999999816	3
62.054808999999814	4
62.46576799999981	1
62.87672699999981	2
63.28768599999981	3
63.69864499999981	4
64.1096039999998	1
64.52056299999981	2
64.93152199999982	3
65.34248099999982	4
65.75343999999983	1
66.16439899999983	2
66.57535799999984	3
66.98631699999984	4
67.39727599999985	1
67.80823499999985	2
68.21919399999986	3
68.63015299999986	4
69.04111199999987	1
69.45207099999988	2
69.86302999999988	3
70.27398899999989	4
70.68494799999989	1
71.0959069999999	2
71.5068659999999	3
71.91782499999991	4
72.32878399999991	1
72.73974299999992	2
73.15070199999992	3
73.56166099999993	4
73.97261999999994	1
74.38357899999994	2
74.79453799999995	3
75.20549699999995	4
75.61645599999996	1
76.02741499999996	2
76.43837399999997	3
76.84933299999997	4
77.26029199999998	1
77.67125099999998	2
78.08220999999999	3
78.493169	4
78.904128	1
79.315087	2
79.72604600000001	3
80.13700500000002	4
80.54796400000002	1
80.95892300000003	2
81.36988200000003	3
81.78084100000004	4
82.19180000000004	1
82.60275900000005	2
83.01371800000005	3
83.42467700000006	4
83.83563600000006	1
84.24659500000007	2
84.65755400000008	3
85.06851300000008	4
85.47947200000009	1
85.89043100000009	2
86.3013900000001	3
86.7123490000001	4
87.12330800000011	1
87.53426700000011	2
87.94522600000012	3
88.35618500000012	4
88.76714400000013	1
89.17810300000014	2
89.58906200000014	3
90.00002100000015	4
90.41098000000015	1
90.82193900000016	2
91.23289800000016	3
91.64385700000017	4
92.05481600000017	1
92.46577500000018	2
92.87673400000018	3
93.28769300000019	4
93.6986520000002	1
94.1096110000002	2
94.5205700000002	3
94.93152900000021	4
95.34248800000022	1
95.75344700000022	2
96.16440600000023	3
96.57536500000023	4
96.98632400000024	1
97.39728300000024	2
97.80824200000025	3
98.21920100000025	4
98.63016000000026	1
99.04111900000026	2
99.45207800000027	3
99.86303700000028	4
100.27399600000028	1
100.68495500000029	2
101.08591400000029	3
101.5068730000003	4