0.02	1
0.2950290000000001	2
0.6500580000000002	3
1.0650870000000003	4
1.4801160000000004	1
1.7951450000000004	2
2.1101740000000007	3
2.4252030000000007	4
2.7802320000000007	1
3.185261000000001	2
3.6002900000000007	3
3.925319000000001	4
4.230348000000001	1
4.635377000000001	2
4.990406000000001	3
5.355435000000002	4
5.6404640000000015	1
5.9954930000000015	2
6.360522000000001	3
6.705551000000002	4
7.080580000000002	1
7.495609000000002	2
7.850638000000002	3
8.175667000000002	4
8.520696000000003	1
8.855725000000003	2
9.190754000000004	3
9.645783000000003	4
9.950812000000003	1
10.285841000000003	2
10.640870000000003	3
10.955899000000002	4
11.430928000000003	1
11.695957000000003	2
12.130986000000004	3
12.476015000000004	4
12.831044000000004	1
13.106073000000004	2
13.551102000000004	3
13.896131000000004	4
14.211160000000003	1
14.566189000000003	2
14.901218000000004	3
15.236247000000004	4
15.651276000000003	1
16.036305000000002	2
16.311334000000006	3
16.646363000000008	4
17.02139200000001	1
17.406421000000012	2
17.761450000000014	3
18.116479000000016	4
18.501508000000015	1
18.806537000000016	2
19.20156600000002	3
19.536595000000023	4
19.891624000000025	1
20.256653000000025	2
20.561682000000026	3
20.916711000000028	4
21.30174000000003	1
21.656769000000033	2
22.021798000000036	3
22.356827000000035	4
22.721856000000038	1
23.09688500000004	2
23.45191400000004	3
23.796943000000045	4
24.111972000000044	1
24.487001000000046	2
24.86203000000005	3
25.22705900000005	4
25.582088000000052	1
25.947117000000055	2
26.292146000000056	3
26.597175000000057	4
26.92220400000006	1
27.347233000000063	2
27.712262000000063	3
28.067291000000065	4
28.422320000000067	1
28.77734900000007	2
29.06237800000007	3
29.467407000000073	4
29.822436000000074	1
30.187465000000078	2
30.54249400000008	3
30.89752300000008	4
31.252552000000083	1
31.617581000000083	2
31.962610000000087	3
32.317639000000085	4
32.69266800000009	1
33.037697000000094	2
33.402726000000094	3
33.757755000000095	4
34.1127840000001	1
34.4578130000001	2
34.8028420000001	3
35.1878710000001	4
35.52290000000011	1
35.87792900000011	2
36.24295800000011	3
36.59798700000011	4
36.95301600000011	1
37.308045000000114	2
37.68307400000011	3
38.03810300000011	4
38.353132000000116	1
38.70816100000012	2
39.06319000000012	3
39.438219000000124	4
39.793248000000126	1
40.14827700000013	2
40.50330600000013	3
40.85833500000013	4
41.19336400000013	1
41.550627000000134	2
41.89789000000014	3
42.25515300000014	4
42.612416000000145	1
42.97967900000015	2
43.346942000000155	3
43.69420500000015	4
44.05146800000015	1
44.40612300000015	2
44.76077800000015	3
45.11543300000015	4
45.460088000000155	1
45.814743000000156	2
46.179398000000155	3
46.52405300000016	4
46.87870800000016	1
47.23336300000016	2
47.58801800000016	3
47.94267300000016	4
48.297328000000164	1
48.64707600000016	2
48.99682400000016	3
49.356572000000156	4
49.70632000000016	1
50.06468400000016	2
50.423048000000165	3
50.77141200000017	4
51.12977600000016	1
51.493330000000164	2
51.846884000000166	3
52.20043800000017	4
52.54399200000017	1
52.87995100000017	2
53.24591000000017	3
53.61186900000017	4
53.96782800000017	1
54.323787000000166	2
54.679746000000165	3
55.04570500000016	4
55.40166400000016	1
55.75842300000016	2
56.105182000000156	3
56.46194100000015	4
56.82870000000015	1
57.175459000000146	2
57.53221800000014	3
57.88897700000014	4
58.245736000000136	1
58.59608200000014	2
58.94642800000014	3
59.29677400000014	4
59.65712000000014	1
60.01548400000014	2
60.373848000000145	3
60.72221200000015	4
61.070576000000145	1
61.44252600000014	2
61.794476000000145	3
62.14642600000015	4
62.49837600000015	1
62.86353300000015	2
63.208690000000146	3
63.563847000000145	4
63.91900400000014	1
64.27175600000015	2
64.62450800000015	3
64.97726000000014	4
65.33001200000014	1
65.68597100000014	2
66.04193000000014	3
66.39788900000013	4
66.76384800000012	1
67.11980700000012	2
67.46576600000013	3
67.82172500000013	4
68.17768400000013	1
68.53765100000012	2
68.88761800000012	3
69.24758500000011	4
69.60755200000011	1
69.96110600000011	2
70.31466000000012	3
70.66821400000012	4
71.03176800000013	1
71.38532200000013	2
71.73887600000013	3
72.09243000000014	4
72.44598400000014	1
72.79953800000014	2
73.15309200000014	3
73.49664600000014	4
73.85020000000014	1
74.20615900000014	2
74.57211800000015	3
74.92807700000014	4
75.28403600000014	1
75.63999500000014	2
75.99595400000014	3
76.35191300000014	4
76.69787200000013	1
77.06383100000014	2
77.42979000000012	3
77.78574900000012	4
78.13170800000013	1
78.49606300000012	2
78.85041800000012	3
79.19477300000013	4
79.54912800000012	1
79.91348300000011	2
80.26783800000011	3
80.62219300000011	4
80.96654800000012	1
81.3089200000001	2
81.6612920000001	3
82.03366400000009	4
82.39603600000008	1
82.77317600000008	2
83.12031600000007	3
83.48745600000008	4
83.79459600000007	1
84.14975300000008	2
84.50491000000008	3
84.86006700000009	4
85.21522400000009	1
85.5703810000001	2
85.9155380000001	3
86.29069500000011	4
86.62585200000011	1
86.9842160000001	2
87.36258000000011	3
87.7209440000001	4
88.06930800000009	1
88.4228620000001	2
88.7764160000001	3
89.1299700000001	4
89.4735240000001	1
89.83188800000009	2
90.20025200000009	3
90.56861600000009	4
90.91698000000008	1
91.26732600000008	2
91.61767200000008	3
91.96801800000009	4
92.31836400000009	1
92.69432300000008	2
93.05028200000008	3
93.40624100000008	4
93.75220000000009	1
94.10815900000009	2
94.47411800000008	3
94.81007700000008	4
95.15603600000007	1
95.50798600000007	2
95.86993600000008	3
96.23188600000009	4
96.58383600000009	1
96.93979500000009	2
97.30575400000008	3
97.65171300000009	4
97.99767200000008	1
98.37363100000007	2
98.72959000000007	3
99.06554900000008	4
99.42150800000007	1
99.76506200000007	2
100.11861600000007	3
100.49217000000009	4
100.84572400000009	1
101.19927800000009	2
101.5528320000001	3
101.9063860000001	4
102.2599400000001	1
102.6175020000001	2
102.9750640000001	3
103.3326260000001	4
103.6801880000001	1
104.0369470000001	2
104.3937060000001	3
104.75046500000009	4
105.10722400000009	1
105.47398300000009	2
105.82074200000008	3
106.17750100000008	4
106.54426000000008	1
106.89460600000008	2
107.24495200000008	3
107.59529800000008	4
107.94564400000009	1
108.29919800000009	2
108.65275200000009	3
109.0063060000001	4
109.34986000000009	1
109.70661900000009	2
110.06337800000009	3
110.42013700000008	4
110.77689600000008	1
111.13686300000008	2
111.49683000000007	3
111.85679700000007	4
112.21676400000007	1
112.56786400000007	2
112.91896400000007	3
113.28006400000008	4
113.63116400000008	1
113.98756300000008	2
114.34396200000008	3
114.70036100000007	4
115.04676000000006	1
115.40102500000006	2
115.74529000000005	3
116.11955500000006	4
116.47382000000006	1
116.82808500000006	2
117.18235000000006	3
117.53661500000005	4
117.89088000000005	1
118.24514500000005	2
118.59941000000005	3
118.95367500000005	4
119.30794000000004	1
119.66220500000004	2
120.01647000000004	3
120.38073500000003	4
120.73500000000003	1
121.08926500000003	2
121.44353000000002	3
121.78779500000003	4
122.14206000000003	1
122.50988300000002	2
122.85770600000002	3
123.21552900000002	4
123.57335200000001	1
123.934061	2
124.28477	3
124.625479	4
124.976188	1
125.33756799999999	2
125.69894799999999	3
126.06032799999998	4
126.42170799999998	1
126.77668499999999	2
127.13166199999999	3
127.47663899999999	4
127.841616	1
128.198727	2
128.555838	3
128.912949	4
129.26006	1
129.610769	2
129.961478	3
130.32218699999999	4
130.67289599999998	1
131.02716099999998	2
131.38142599999998	3
131.73569099999997	4
132.08995599999997	1
132.44422099999997	2
132.79848599999997	3
133.15275099999997	4
133.50701599999996	1
133.86910699999996	2
134.23119799999995	3
134.59328899999994	4
134.94537999999994	1
135.30253199999993	2
135.64968399999992	3
135.99683599999992	4
136.35398799999993	1
136.71323399999991	2
137.0624799999999	3
137.42172599999992	4
137.78097199999993	1
138.14346999999995	2
138.48596799999993	3
138.82846599999993	4
139.18096399999993	1
139.54844699999992	2
139.89592999999994	3
140.26341299999993	4
140.62089599999993	1
140.97837899999993	2
141.32586199999994	3
141.68334499999995	4
142.04082799999995	1
142.39217099999996	2
142.75351399999997	3
143.10485699999998	4
143.4462	1
143.807543	2
144.15888600000002	3
144.52022900000006	4
144.87157200000007	1
145.23383000000007	2
145.58608800000005	3
145.94834600000004	4
146.31060400000004	1
146.66126500000004	2
147.01192600000005	3
147.36258700000005	4
147.71324800000005	1
148.06459100000006	2
148.41593400000008	3
148.7672770000001	4
149.1186200000001	1
149.47678500000012	2
149.83495000000013	3
150.19311500000015	4
150.54128000000014	1
150.90398800000014	2
151.25669600000015	3
151.60940400000015	4
151.97211200000018	1
152.3282310000002	2
152.6843500000002	3
153.0404690000002	4
153.3865880000002	1
153.7440710000002	2
154.1015540000002	3
154.4590370000002	4
154.8165200000002	1
155.1672680000002	2
155.52801600000024	3
155.86876400000023	4
156.21951200000024	1
156.57758800000025	2
156.93566400000026	3
157.29374000000027	4
157.65181600000028	1
158.00562000000028	2
158.35942400000027	3
158.71322800000027	4
159.06703200000027	1
159.42083600000026	2
159.78464000000028	3
160.12844400000026	4
160.48224800000025	1
160.83890100000025	2
161.19555400000024	3
161.55220700000024	4
161.90886000000023	1
162.26551300000023	2
162.62216600000022	3
162.97881900000021	4
163.32547200000022	1
163.6821250000002	2
164.0387780000002	3
164.3954310000002	4
164.7620840000002	1
165.11873700000018	2
165.47539000000017	3
165.83204300000017	4
166.17869600000017	1
166.54534900000016	2
166.91200200000017	3
167.26865500000017	4
167.59530800000016	1
167.94057000000015	2
168.30583200000012	3
168.6510940000001	4
168.9963560000001	1
169.35728000000012	2
169.71820400000013	3
170.07912800000014	4
170.44005200000015	1
170.78670500000015	2
171.14335800000015	3
171.50001100000014	4
171.85666400000014	1
172.20691000000014	2
172.56715600000013	3
172.91740200000012	4
173.26764800000012	1
173.6221650000001	2
173.9766820000001	3
174.33119900000008	4
174.68571600000007	1
175.04592700000006	2
175.40613800000006	3
175.76634900000005	4
176.11656000000005	1
176.46680600000005	2
176.81705200000005	3
177.16729800000005	4
177.51754400000004	1
177.88562000000005	2
178.24369600000006	3
178.60177200000007	4
178.95984800000008	1
179.2950760000001	2
179.6403040000001	3
179.9955320000001	4
180.38076000000012	1
180.74242900000013	2
181.09409800000012	3
181.43576700000008	4
181.7874360000001	1
182.1455120000001	2
182.50358800000012	3
182.86166400000013	4
183.21974000000014	1
183.56639300000015	2
183.92304600000014	3
184.27969900000014	4
184.63635200000013	1
185.00300500000012	2
185.34965800000012	3
185.7163110000001	4
186.0729640000001	1
186.4273850000001	2
186.7818060000001	3
187.1362270000001	4
187.4906480000001	1
187.8422900000001	2
188.1939320000001	3
188.5455740000001	4
188.8972160000001	1
189.2524100000001	2
189.60760400000012	3
189.96279800000013	4
190.31799200000015	1
190.66081800000015	2
191.01364400000014	3
191.36647000000013	4
191.72929600000012	1
192.08567400000013	2
192.44205200000013	3
192.79843000000014	4
193.15480800000014	1
193.51118600000015	2
193.85756400000017	3
194.21394200000017	4
194.57032000000018	1
194.93492200000017	2
195.28952400000017	3
195.64412600000017	4
195.99872800000017	1
196.34333000000018	2
196.69793200000018	3
197.06253400000017	4
197.41713600000017	1
197.77351400000018	2
198.12989200000018	3
198.4862700000002	4
198.8426480000002	1
199.19369800000018	2
199.54474800000017	3
199.88579800000016	4
200.23684800000018	1
200.60618600000018	2
200.9655240000002	3
201.3248620000002	4
201.6842000000002	1
202.0352500000002	2
202.38630000000018	3
202.73735000000016	4
203.08840000000018	1
203.44300200000018	2
203.79760400000018	3
204.15220600000018	4
204.50680800000018	1
204.86318600000018	2
205.2195640000002	3
205.5759420000002	4
205.9323200000002	1
206.2886980000002	2
206.63507600000023	3
206.99145400000023	4
207.34783200000024	1
207.70421000000024	2
208.06058800000025	3
208.41696600000026	4
208.77334400000026	1
209.13853800000027	2
209.49373200000028	3
209.8489260000003	4
210.20412000000027	1
210.55576200000027	2
210.90740400000027	3
211.25904600000027	4
211.61068800000027	1
211.96410600000027	2
212.31752400000028	3
212.6809420000003	4
213.0343600000003	1
213.3817500000003	2
213.7291400000003	3
214.08653000000032	4
214.45392000000032	1
214.81453600000032	2
215.16515200000032	3
215.5257680000003	4
215.8863840000003	1
216.2368750000003	2
216.58736600000032	3
216.93785700000032	4
217.29834800000032	1
217.65502700000033	2
218.01170600000034	3
218.36838500000036	4
218.72506400000037	1
219.0817430000004	2
219.4284220000004	3
219.78510100000042	4
220.1417800000004	1
220.49564600000042	2
220.84951200000043	3
221.21337800000043	4
221.55724400000042	1
221.90773500000043	2
222.26822600000042	3
222.62871700000045	4
222.97920800000045	1
223.34038800000044	2
223.70156800000044	3
224.06274800000043	4
224.4139280000004	1
224.7600440000004	2
225.1061600000004	3
225.46227600000037	4
225.82839200000035	1