0.0	1
0.3	2
0.6	3
0.8899999999999999	4
1.19	1
1.490751	2
1.791502	3
2.0922530000000004	4
2.3930040000000004	1
2.703755	2
3.004506	3
3.305257	4
3.606008	1
3.916759	2
4.20751	3
4.498261	4
4.809012	1
5.0897630000000005	2
5.3905140000000005	3
5.701265	4
6.002016	1
6.302767	2
6.613518	3
6.914269	4
7.21502	1
7.505771	2
7.806522	3
8.117273	4
8.418024	1
8.715789000000001	2
9.013554000000001	3
9.311319000000001	4
9.609084000000001	1
9.906849000000001	2
10.204614000000001	3
10.502379000000001	4
10.800144000000001	1
11.097909000000001	2
11.395674000000001	3
11.703439000000001	4
12.001204000000001	1
12.303089000000002	2
12.604974000000002	3
12.896859000000003	4
13.208744000000003	1
13.510629000000003	2
13.812514000000004	3
14.114399000000004	4
14.406284000000005	1
14.698169000000005	2
15.000054000000006	3
15.301939000000006	4
15.603824000000007	1
15.905709000000007	2
16.197594000000006	3
16.499479000000004	4
16.801364000000003	1
17.101738000000005	2
17.412112000000004	3
17.712486000000006	4
18.012860000000007	1
18.31323400000001	2
18.61360800000001	3
18.91398200000001	4
19.214356000000013	1
19.504730000000016	2
19.805104000000018	3
20.10547800000002	4
20.40585200000002	1
20.706226000000022	2
20.996600000000022	3
21.296974000000024	4
21.607348000000027	1
21.906225000000028	2
22.20510200000003	3
22.513979000000027	4
22.81285600000003	1
23.10988400000003	2
23.40691200000003	3
23.713940000000033	4
24.010968000000034	1
24.310968000000035	2
24.610968000000035	3
24.910968000000036	4
25.210968000000037	1
25.510968000000037	2
25.800968000000037	3
26.100968000000037	4
26.400968000000038	1
26.71096800000004	2
27.01096800000004	3
27.31096800000004	4
27.610968000000042	1
27.90592200000004	2
28.210876000000038	3
28.50583000000004	4
28.810784000000037	1
29.108919000000036	2
29.407054000000034	3
29.705189000000033	4
30.013324000000033	1
30.305971000000035	2
30.608618000000035	3
30.911265000000036	4
31.213912000000036	1
31.497309000000033	2
31.800706000000034	3
32.10410300000004	4
32.407500000000034	1
32.710147000000035	2
33.012794000000035	3
33.30544100000004	4
33.60808800000004	1
33.914749000000036	2
34.211410000000036	3
34.50807100000004	4
34.80473200000004	1
35.10737900000004	2
35.41002600000004	3
35.71267300000004	4
36.00532000000004	1
36.31308500000004	2
36.610850000000035	3
36.90861500000003	4
37.20638000000003	1
37.51414500000003	2
37.811910000000026	3
38.109675000000024	4
38.40744000000002	1
38.712006000000024	2
39.00657200000003	3
39.31113800000003	4
39.60570400000003	1
39.90835100000003	2
40.21099800000003	3
40.51364500000003	4
40.80629200000003	1
41.111857000000036	2
41.40742200000004	3
41.71298700000004	4
42.01855200000004	1
42.30705800000005	2
42.60556400000005	3
42.91407000000005	4
43.20257600000006	1
43.506372000000056	2
43.810168000000054	3
44.11396400000005	4
44.40776000000005	1
44.70926500000005	2
45.01077000000005	3
45.31227500000005	4
45.60378000000004	1
45.90934500000005	2
46.21491000000005	3
46.510475000000056	4
46.80604000000006	1
47.11097800000006	2
47.40591600000006	3
47.71085400000006	4
48.005792000000056	1
48.31318700000006	2
48.610582000000065	3
48.907977000000066	4
49.20537200000007	1
49.51276700000007	2
49.81016200000007	3
50.10755700000007	4
50.41495200000007	1
50.71234700000007	2
51.009742000000074	3
51.307137000000075	4
51.62453200000008	1
51.924102000000076	2
52.243672000000075	3
52.553242000000076	4
52.872812000000074	1
53.16985100000007	2
53.48689000000007	3
53.79392900000008	4
54.14096800000008	1
54.446340000000085	2
54.76171200000008	3
55.087084000000075	4
55.40245600000007	1
55.697828000000065	2
56.02320000000007	3
56.31857200000006	4
56.65394400000006	1
56.969316000000056	2
57.29468800000005	3
57.61006000000005	4
57.92543200000004	1
58.23080400000004	2
58.556176000000036	3
58.861548000000035	4
59.17692000000003	1
59.49229200000003	2
59.807664000000024	3
60.12303600000002	4
60.448408000000015	1
60.76378000000001	2
61.07915200000001	3
61.394524000000004	4
61.709896	1
62.008402000000004	2
62.30690800000001	3
62.61541400000001	4
62.91392000000001	1
63.21467100000001	2
63.50542200000001	3
63.80617300000001	4
64.106924	1
64.409953	2
64.712982	3
65.00601099999999	4
65.30903999999998	1
65.60754599999999	2
65.90605199999999	3
66.214558	4
66.523064	1
66.82157000000001	2
67.12007600000001	3
67.41858200000001	4
67.71708800000002	1
68.01783900000002	2
68.31859000000003	3
68.60934100000003	4
68.92009200000004	1
69.22084300000004	2
69.52159400000005	3
69.82234500000006	4
70.11309600000006	1
70.41727600000006	2
70.71145600000006	3
71.01563600000006	4
71.32981600000006	1
71.61795100000006	2
71.91608600000006	3
72.22422100000007	4
72.52235600000007	1
72.82049100000008	2
73.11862600000008	3
73.41676100000008	4
73.72489600000009	1
74.02303100000009	2
74.32116600000009	3
74.61930100000009	4
74.9174360000001	1
75.2181870000001	2
75.5189380000001	3
75.81968900000011	4
76.12044000000012	1
76.40820500000011	2
76.70597000000011	3
77.01373500000011	4
77.31150000000011	1
77.6060660000001	2
77.91063200000009	3
78.21519800000009	4
78.51976400000008	1
78.82279300000008	2
79.11582200000007	3
79.40885100000007	4
79.71188000000006	1
80.01225400000007	2
80.31262800000007	3
80.61300200000008	4
80.93337600000008	1
81.23265400000008	2
81.5519320000001	3
81.8612100000001	4
82.1704880000001	1
82.4796350000001	2
82.7987820000001	3
83.09792900000011	4
83.42707600000011	1
83.73998200000011	2
84.0628880000001	3
84.3857940000001	4
84.6987000000001	1
85.0132460000001	2
85.3177920000001	3
85.62233800000011	4
85.94688400000011	1
86.26518500000012	2
86.59348600000013	3
86.90178700000013	4
87.22008800000013	1
87.52838900000015	2
87.84669000000015	3
88.16499100000016	4
88.48329200000015	1
88.78579200000014	2
89.10829200000015	3
89.42079200000015	4
89.75329200000014	1
90.07201500000015	2
90.39073800000016	3
90.68946100000016	4
91.00818400000016	1
91.32027600000016	2
91.65236800000017	3
91.97446000000018	4
92.27655200000018	1
92.58192400000017	2
92.89729600000017	3
93.20266800000017	4
93.53804000000017	1
93.85341200000016	2
94.16878400000016	3
94.49415600000016	4
94.80952800000016	1
95.11531700000015	2
95.43110600000014	3
95.72689500000014	4
96.05268400000013	1
96.37098500000013	2
96.68928600000014	3
97.00758700000014	4
97.32588800000015	1
97.63250900000016	2
97.94913000000015	3
98.25575100000015	4
98.57237200000014	1
98.88899300000014	2
99.20561400000014	3
99.53223500000014	4
99.85885600000013	1
100.17094800000014	2
100.48304000000014	3
100.79513200000015	4
101.1172240000003	1
101.75880200000032	2
102.38038000000032	3
103.02195800000032	4
103.65353600000033	1
104.28511400000033	2
104.91669200000034	3
105.54827000000034	4
106.17984800000035	1
106.81142600000035	2
107.44300400000036	3
108.07458200000036	4
108.69616000000036	1
109.33773800000037	2
109.96931600000038	3
110.60089400000038	4
111.23247200000039	1
111.87405000000038	2
112.4656280000004	3
113.1272060000004	4
113.7587840000004	1
114.39036200000041	2
115.02194000000041	3
115.65351800000042	4
116.27509600000042	1
116.91667400000043	2
117.52825200000042	3
118.17983000000044	4
118.81140800000044	1
119.43298600000044	2
120.06456400000044	3
120.69614200000045	4
121.32772000000045	1
121.96929800000046	2
122.59087600000046	3
123.23245400000047	4
123.86403200000048	1
124.49561000000048	2
125.11718800000048	3
125.75876600000049	4
126.3903440000005	1
127.0219220000005	2
127.6435000000005	3
128.2750780000005	4
128.91665600000047	1
129.54823400000046	2
130.16981200000046	3
130.81139000000044	4
131.45296800000045	1
132.08454600000044	2
132.6761240000004	3
133.32770200000041	4
133.9692800000004	1
134.6008580000004	2
135.23243600000038	3
135.86401400000037	4
136.49559200000036	1
137.12717000000035	2
137.75874800000034	3
138.38032600000034	4
139.02190400000032	1
139.6534820000003	2
140.2750600000003	3
140.9166380000003	4
141.54821600000028	1
142.1765110000003	2
142.79480600000028	3
143.43310100000028	4
144.0813960000003	1
144.7063960000003	2
145.3313960000003	3
145.9663960000003	4
146.60139600000028	1
147.23297400000027	2
147.86455200000026	3
148.47613000000027	4
149.11770800000025	1
149.74600300000026	2
150.38429800000026	3
151.02259300000026	4
151.65088800000024	1
152.27588800000024	2
152.92088800000025	3
153.53588800000026	4
154.17088800000025	1
154.81246600000023	2
155.44404400000022	3
156.06562200000022	4
156.7072000000002	1
157.3387780000002	2
157.97035600000018	3
158.60193400000017	4
159.23351200000016	1
159.85509000000016	2
160.48666800000015	3
161.11824600000014	4
161.74982400000007	1
162.06561300000007	2
162.39140200000006	3
162.70719100000005	4
163.02298000000005	1
163.33876900000004	2
163.65455800000004	3
163.97034700000003	4
164.28613600000003	1
164.59192500000003	2
164.90771400000003	3
165.233503	4
165.549292	1
165.855081	2
166.17087	3
166.476659	4
166.792448	1
167.108237	2
167.424026	3
167.739815	4
168.06560399999998	1
168.37139299999998	2
168.68718199999998	3
169.00297099999997	4
169.31875999999997	1
169.64454899999996	2
169.96033799999995	3
170.27612699999995	4
170.59191599999994	1
170.90770499999994	2
171.22349399999993	3
171.53928299999993	4
171.85507199999992	1
172.17086099999992	2
172.4866499999999	3
172.8124389999999	4
173.1282279999999	1
173.4340169999999	2
173.7398059999999	3
174.04559499999988	4
174.38138399999988	1
174.69717299999988	2
175.01296199999987	3
175.32875099999987	4
175.65453999999986	1
175.96032899999986	2
176.26611799999986	3
176.57190699999984	4
176.89769599999985	1
177.21348499999985	2
177.53927399999984	3
177.85506299999983	4
178.18085199999982	1
178.47830999999982	2
178.7957679999998	3
179.10322599999978	4
179.42068399999977	1
179.7291899999998	2
180.0276959999998	3
180.3362019999998	4
180.64470799999978	1
180.94321399999978	2
181.2417199999998	3
181.5402259999998	4
181.8387319999998	1
182.1372379999998	2
182.4357439999998	3
182.74424999999982	4
183.04275599999983	1
183.3312619999998	2
183.6297679999998	3
183.92827399999982	4
184.22677999999982	1
184.52528599999982	2
184.82379199999983	3
185.12229799999983	4
185.42080399999983	1
185.72930999999986	2
186.02781599999986	3
186.33632199999985	4
186.63482799999986	1
186.92785699999988	2
187.23088599999988	3
187.5339149999999	4
187.8369439999999	1
188.1299729999999	2
188.4330019999999	3
188.7360309999999	4
189.03905999999992	1
189.34362599999992	2
189.62819199999993	3
189.93275799999992	4
190.23732399999992	1
190.53582999999992	2
190.8443359999999	3
191.14284199999992	4
191.44134799999992	1
191.73746899999992	2
192.0435899999999	3
192.33971099999988	4
192.63583199999988	1
192.93994799999987	2
193.2440639999999	3
193.5381799999999	4
193.8422959999999	1
194.1353249999999	2
194.43835399999992	3
194.74138299999993	4
195.04441199999994	1
195.34441199999995	2
195.64441199999996	3
195.94441199999997	4
196.24441199999998	1
196.542918	2
196.841424	3
197.13993	4
197.438436	1
197.736942	2
198.035448	3
198.343954	4
198.64246	1
198.940966	2
199.239472	3
199.537978	4
199.836484	1
200.12648400000003	2
200.43648400000004	3
200.73648400000005	4