0.01	1
0.673823	2
1.347646	3
2.0214689999999997	4
2.695292	1
3.369115	2
4.0429379999999995	3
4.716760999999999	4
5.380583999999999	1
6.046067999999999	2
6.741551999999999	3
7.407035999999999	4
8.082519999999999	1
8.775412	2
9.448304	3
10.131196000000001	4
10.814088000000002	1
11.496517000000003	2
12.178946000000002	3
12.861375	4
13.543804	1
14.20796	2
14.889777	3
15.591021	4
16.296902999999997	1
16.983674999999998	2
17.660446999999998	3
18.347219	4
19.023991	1
19.714081999999998	2
20.394173	3
21.074264	4
21.724355	1
22.417865	2
23.091374999999996	3
23.794884999999997	4
24.468394999999994	1
25.159638999999995	2
25.840882999999994	3
26.522699999999993	4
27.207631999999993	1
27.879448999999994	2
28.541265999999993	3
29.259231999999994	4
29.907197999999994	1
30.576701999999997	2
31.276206	3
31.965709999999998	4
32.655214	1
33.337844000000004	2
34.000474000000004	3
34.70310400000001	4
35.385734000000014	1
36.067551000000016	2
36.73936800000002	3
37.44704200000002	4
38.154716000000015	1
38.83344800000001	2
39.51218000000001	3
40.190912000000004	4
40.84964400000001	1
41.55112200000001	2
42.22527300000001	3
42.91942400000001	4
43.59357500000001	1
44.28027200000001	2
44.96696900000001	3
45.65268200000001	4
46.36035600000001	1
47.01969700000001	2
47.69158900000001	3
48.38340600000001	4
49.05522300000001	1
49.737347000000014	2
50.419471000000016	3
51.111595000000015	4
51.79371900000002	1
52.479453000000014	2
53.145187000000014	3
53.84092100000001	4
54.51665500000001	1
55.19610900000001	2
55.855563000000004	3
56.565017000000005	4
57.254471	1
57.940549000000004	2
58.626627000000006	3
59.30270500000001	4
59.978783000000014	1
60.660603000000016	2
61.352423000000016	3
62.03424300000002	4
62.70606300000002	1
63.39394000000002	2
64.07181700000002	3
64.74674900000002	4
65.44168100000003	1
66.12820700000003	2
66.81473300000003	3
67.50125900000003	4
68.17778500000003	1
68.85788400000003	2
69.53798300000003	3
70.21808200000002	4
70.89818100000002	1
71.58580000000002	2
72.27341900000002	3
72.95103800000003	4
73.63865700000002	1
74.31875600000002	2
75.00885500000001	3
75.68895400000001	4
76.36905300000001	1
77.05111300000002	2
77.73317300000002	3
78.41523300000003	4
79.09729300000004	1
79.77935300000004	2
80.46141300000005	3
81.14347300000006	4
81.82918600000005	1
82.51196900000005	2
83.19475200000005	3
83.87753500000005	4
84.56031800000005	1
85.24401200000005	2
85.92770600000006	3
86.61140000000006	4
87.28509400000007	1
87.97421300000006	2
88.65333200000006	3
89.33245100000006	4
90.02157000000007	1
90.70690000000006	2
91.39223000000005	3
92.06756000000004	4
92.75289000000004	1
93.43593000000004	2
94.11897000000005	3
94.80201000000005	4
95.48505000000006	1
96.16699200000006	2
96.84893400000007	3
97.53087600000008	4
98.22281800000009	1
98.9043890000001	2
99.5759600000001	3
100.2575310000001	4
100.94910200000011	1
101.6331090000001	2
102.3171160000001	3
102.99112300000009	4
103.67513000000008	1
104.35731100000008	2
105.03949200000008	3
105.73167300000009	4
106.41385400000009	1
107.08635600000008	2
107.76885800000008	3
108.46136000000008	4
109.14386200000008	1
109.81509100000008	2
110.49632000000008	3
111.17754900000008	4
111.86877800000009	1
112.55352200000009	2
113.22826600000008	3
113.91301000000007	4
114.59775400000007	1
115.28083500000007	2
115.96391600000007	3
116.64699700000007	4
117.33007800000007	1
118.01259100000007	2
118.68510400000008	3
119.37761700000007	4
120.06013000000007	1
120.74283300000008	2
121.42553600000008	3
122.10823900000008	4
122.80094200000009	1
123.4815630000001	2
124.1621840000001	3
124.8428050000001	4
125.5234260000001	1
126.2072640000001	2
126.89110200000009	3
127.57494000000008	4
128.2587780000001	1
128.9414810000001	2
129.6241840000001	3
130.2968870000001	4
130.97959000000012	1
131.6628600000001	2
132.3461300000001	3
133.0294000000001	4
133.72267000000008	1
134.39594000000008	2
135.07921000000007	3
135.76248000000007	4
136.44575000000006	1
137.12599200000005	2
137.80623400000005	3
138.48647600000004	4
139.17297500000004	1
139.85808700000004	2
140.54319900000004	3
141.21831100000003	4
141.91342300000005	1
142.59423300000006	2
143.26504300000005	3
143.95585300000008	4
144.63666300000008	1
145.3165260000001	2
145.9963890000001	3
146.67625200000012	4
147.35611500000013	1
148.04730500000014	2
148.73301800000013	3
149.41873100000012	4
150.09288700000013	1
150.78000600000013	2
151.46712500000012	3
152.15424400000012	4
152.83136300000012	1
153.5231800000001	2
154.2049970000001	3
154.8768140000001	4
155.57448800000012	1
156.2354360000001	2
156.9263840000001	3
157.6073320000001	4
158.29828000000012	1
158.98003700000012	2
159.64179400000012	3
160.34355100000013	4
161.02530800000014	1
161.70592900000014	2
162.36655000000013	3
163.06717100000014	4
163.74779200000015	1
164.43087300000013	2
165.11395400000012	3
165.7970350000001	4
166.48011600000012	1
167.17095600000013	2
167.86179600000014	3
168.55263600000015	4
169.23347600000014	1
169.93447500000013	2
170.61547400000012	3
171.2964730000001	4
171.9506290000001	1
172.6395840000001	2
173.3285390000001	3
174.01749400000008	4
174.7164490000001	1
175.38404200000008	2
176.06163500000008	3
176.73922800000008	4
177.41682100000008	1
178.09327900000008	2
178.7797370000001	3
179.44619500000007	4
180.12265300000007	1
180.81592300000008	2
181.49919300000008	3
182.18246300000007	4
182.86573300000006	1
183.54834500000007	2
184.24095700000007	3
184.92356900000007	4
185.60618100000008	1
186.2890500000001	2
186.9719190000001	3
187.6547880000001	4
188.33765700000012	1
189.02112300000013	2
189.70458900000014	3
190.37805500000016	4
191.06152100000017	1
191.74419600000016	2
192.42687100000015	3
193.10954600000014	4
193.80222100000012	1
194.48445200000012	2
195.15668300000013	3
195.83891400000013	4
196.52114500000013	1
197.20420000000013	2
197.88725500000012	3
198.57031000000012	4
199.2633650000001	1
199.9420970000001	2
200.6278100000001	3
201.3096270000001	4
201.99377800000008	1
202.67463700000008	2
203.35549600000007	3
204.03635500000007	4
204.71721400000007	1
205.40317100000007	2
206.08912800000007	3
206.76508500000008	4
207.4510420000001	1
208.13450200000008	2
208.81796200000008	3
209.50142200000008	4
210.18488200000007	1
210.85599400000007	2
211.53710600000008	3
212.2282180000001	4
212.9100350000001	1
213.5947090000001	2
214.2793830000001	3
214.9640570000001	4
215.6387310000001	1
216.3191500000001	2
216.9995690000001	3
217.6899880000001	4
218.3704070000001	1
219.05343500000012	2
219.73646300000013	3
220.41949100000014	4
221.10251900000014	1
221.78423400000014	2
222.46594900000014	3
223.14766400000013	4
223.83937900000012	1
224.52240700000013	2
225.19543500000015	3
225.87846300000015	4
226.56149100000016	1
227.24386300000015	2
227.92623500000013	3
228.60860700000012	4
229.3009790000001	1
229.98216900000008	2
230.66335900000007	3
231.34454900000006	4
232.02816707916674	1
232.70553107916675	2
233.39289507916675	3
234.08025907916675	4
234.75762307916673	1