0.01	1
0.573997	2
1.137994	3
1.711991	4
2.285988	1
2.869985	2
3.4439819999999997	3
4.007979	4
4.581976	1
5.155973	2
5.729970000000001	3
6.303967000000001	4
6.8679640000000015	1
7.407289000000001	2
7.946614000000001	3
8.475939000000002	4
9.025264000000002	1
9.566835000000001	2
10.108406	3
10.639977	4
11.191548	1
11.731644999999999	2
12.271741999999998	3
12.801838999999998	4
13.351935999999997	1
13.890544999999996	2
14.419153999999995	3
14.957762999999995	4
15.496371999999994	1
16.046389999999995	2
16.576407999999994	3
17.116425999999993	4
17.666443999999995	1
18.205245999999995	2
18.744047999999996	3
19.282849999999996	4
19.821651999999997	1
20.361789999999996	2
20.901927999999995	3
21.432065999999992	4
21.982203999999992	1
22.521372999999993	2
23.060541999999995	3
23.589710999999994	4
24.138879999999997	1
24.679670999999995	2
25.220461999999994	3
25.761252999999993	4
26.30204399999999	1
26.841308999999992	2
27.380573999999992	3
27.90983899999999	4
28.459103999999993	1
28.998829999999995	2
29.538555999999996	3
30.068281999999996	4
30.618008	1
31.157107	2
31.696206	3
32.225305	4
32.774404	1
33.315222	2
33.85604	3
34.386858000000004	4
34.937676	1
35.478259	2
36.018842	3
36.549425	4
37.100007999999995	1
37.639438999999996	2
38.178869999999996	3
38.708301	4
39.257732	1
39.797585	2
40.337438	3
40.867291	4
41.417144	1
41.958037	2
42.498929999999994	3
43.02982299999999	4
43.58071599999999	1
44.12156899999999	2
44.662421999999985	3
45.193274999999986	4
45.74412799999998	1
46.29402299999999	2
46.83391799999999	3
47.363812999999986	4
47.90370799999999	1
48.44682599999999	2
48.99994399999999	3
49.54306199999999	4
50.07617999999999	1
50.62942199999999	2
51.162663999999985	3
51.705905999999985	4
52.249147999999984	1
52.81468899999999	2
53.35022999999999	3
53.89577099999999	4
54.44131199999999	1
54.98660799999999	2
55.53190399999999	3
56.067199999999985	4
56.62249599999999	1
57.17093999999999	2
57.70938399999998	3
58.247827999999984	4
58.79627199999999	1
59.337797999999985	2
59.87932399999998	3
60.42084999999998	4
60.96237599999998	1
61.516208999999975	2
62.060041999999974	3
62.603874999999974	4
63.14770799999997	1
63.70365299999998	2
64.23959799999999	3
64.78554299999999	4
65.331488	1
65.87643499999999	2
66.42138199999998	3
66.95632899999997	4
67.50127599999996	1
68.05306999999996	2
68.59486399999996	3
69.13665799999995	4
69.67845199999995	1
70.23255499999995	2
70.77665799999995	3
71.32076099999996	4
71.86486399999997	1
72.41292499999997	2
72.96098599999998	3
73.49904699999999	4
74.047108	1
74.591206	2
75.135304	3
75.67940200000001	4
76.2335	1
76.77624200000001	2
77.31898400000001	3
77.86172600000002	4
78.40446800000002	1
78.94754800000003	2
79.49062800000003	3
80.02370800000004	4
80.56678800000005	1
81.11506600000004	2
81.67334400000003	3
82.21162200000003	4
82.75990000000003	1
83.30684100000003	2
83.85378200000004	3
84.39072300000004	4
84.93766400000004	1
85.48234900000004	2
86.02703400000004	3
86.57171900000004	4
87.11640400000005	1
87.65802000000005	2
88.19963600000005	3
88.74125200000006	4
89.28286800000006	1
89.82517200000007	2
90.36747600000007	3
90.92978000000006	4
91.47208400000007	1
92.01716100000007	2
92.56223800000008	3
93.10731500000009	4
93.65239200000009	1
94.1904020000001	2
94.73841200000011	3
95.27642200000011	4
95.83443200000012	1
96.36555100000011	2
96.9066700000001	3
97.4677890000001	4
98.00890800000009	1
98.5564570000001	2
99.0940060000001	3
99.64155500000011	4
100.18910400000011	1
100.73448600000012	2
101.27986800000012	3
101.81525000000012	4
102.36063200000012	1
102.91207100000013	2
103.45351000000012	3
104.00494900000011	4
104.5463880000001	1
105.0934790000001	2
105.6205700000001	3
106.1676610000001	4
106.71475200000009	1
107.26074600000008	2
107.80674000000008	3
108.36273400000007	4
108.90872800000007	1
109.44843800000007	2
109.98814800000007	3
110.52785800000007	4
111.06756800000007	1
111.61198900000007	2
112.16641000000006	3
112.71083100000006	4
113.24525200000006	1
113.80117100000005	2
114.34709000000005	3
114.88300900000006	4
115.42892800000006	1
115.97467600000006	2
116.52042400000006	3
117.05617200000006	4
117.61192000000007	1
118.16976300000006	2
118.70760600000006	3
119.23544900000005	4
119.77329200000004	1
120.32357500000003	2
120.88385800000003	3
121.42414100000002	4
121.97442400000001	1
122.51745100000001	2
123.060478	3
123.59350500000001	4
124.136532	1
124.69317199999999	2
125.23981199999999	3
125.78645199999998	4
126.33309199999998	1
126.88130799999998	2
127.41952399999998	3
127.95773999999997	4
128.50595599999997	1
129.05028699999997	2
129.59461799999997	3
130.13894899999997	4
130.69327999999996	1
131.23438299999995	2
131.77548599999994	3
132.31658899999994	4
132.85769199999993	1
133.39991299999994	2
133.95213399999997	3
134.49435499999998	4
135.02657599999998	1
135.583018	2
136.12946000000002	3
136.67590200000004	4
137.22234400000005	1
137.77021900000005	2
138.30809400000004	3
138.85596900000004	4
139.40384400000005	1
139.93602000000007	2
140.47819600000008	3
141.03037200000009	4
141.58254800000012	1
142.1236940000001	2
142.6648400000001	3
143.2059860000001	4
143.7371320000001	1
144.2858630000001	2
144.8345940000001	3
145.3833250000001	4
145.9320560000001	1
146.4847580000001	2
147.0274600000001	3
147.5701620000001	4
148.1128640000001	1
148.65717300000009	2
149.20148200000008	3
149.73579100000006	4
150.28010000000006	1
150.83374500000008	2
151.36739000000006	3
151.92103500000007	4
152.46468000000007	1
153.01208300000008	2
153.54948600000006	3
154.10688900000008	4
154.65429200000008	1
155.19720600000008	2
155.74012000000008	3
156.28303400000007	4
156.81594800000005	1
157.37142900000006	2
157.91691000000006	3
158.46239100000005	4
158.99787200000003	1
159.54428300000004	2
160.09069400000004	3
160.63710500000005	4
161.18351600000005	1
161.72761400000005	2
162.27171200000004	3
162.81581000000003	4
163.35990800000002	1
163.90309000000002	2
164.44627200000002	3
164.98945400000002	4
165.54263600000004	1
166.08744600000006	2
166.63225600000007	3
167.16706600000006	4
167.71187600000007	1
168.2583070000001	2
168.81473800000012	3
169.36116900000013	4
169.89760000000012	1
170.43863600000012	2
170.96967200000012	3
171.5107080000001	4
172.0717440000001	1
172.6130040000001	2
173.1642640000001	3
173.68552400000007	4
174.23678400000009	1
174.7776120000001	2
175.3184400000001	3
175.84926800000008	4
176.39009600000009	1
176.93456700000007	2
177.48903800000008	3
178.03350900000007	4
178.56798000000003	1
179.11831800000004	2
179.66865600000006	3
180.20899400000008	4
180.76933200000008	1
181.3105170000001	2
181.8517020000001	3
182.39288700000012	4
182.94407200000015	1
183.48497300000014	2
184.02587400000013	3
184.5567750000001	4
185.0976760000001	1
185.65724900000012	2
186.20682200000013	3
186.74639500000012	4
187.29596800000013	1
187.84868900000015	2
188.39141000000015	3
188.92413100000013	4
189.46685200000013	1
190.02398400000015	2
190.57111600000016	3
191.10824800000015	4
191.65538000000015	1
192.20670000000018	2
192.7480200000002	3
193.2793400000002	4
193.8206600000002	1
194.3655520000002	2
194.92044400000023	3
195.45533600000022	4
196.00022800000022	1
196.5490980000002	2
197.08796800000022	3
197.6368380000002	4
198.1957080000002	1
198.7448160000002	2
199.2839240000002	3
199.8130320000002	4
200.3521400000002	1
200.89743100000018	2
201.4527220000002	3
201.98801300000017	4
202.53330400000016	1
203.07569400000017	2
203.6280840000002	3
204.1604740000002	4
204.7028640000002	1
205.2452910000002	2
205.7977180000002	3
206.3601450000002	4
206.91257200000018	1
207.4742590000002	2
208.0059460000002	3
208.53763300000017	4
209.07932000000017	1
209.63147000000018	2
210.17362000000017	3
210.70577000000014	4
211.24792000000014	1
211.81443300000015	2
212.36094600000015	3
212.89745900000017	4
213.44397200000017	1
213.99206700000016	2
214.53016200000013	3
215.07825700000012	4
215.6263520000001	1
216.17977900000014	2
216.72320600000015	3
217.24663300000014	4
217.80006000000014	1
218.34318900000014	2
218.88631800000013	3
219.42944700000012	4
219.98257600000014	1
220.52404900000013	2
221.06552200000013	3
221.5969950000001	4
222.1384680000001	1
222.69194900000014	2
223.23543000000015	3
223.77891100000016	4
224.32239200000018	1
224.86380600000015	2
225.41522000000015	3
225.96663400000014	4
226.51804800000014	1
227.07396200000017	2
227.60987600000016	3
228.13579000000018	4
228.6917040000002	1
229.2194150000002	2
229.7671260000002	3
230.31483700000018	4
230.85254800000018	1
231.3980470000002	2
231.9435460000002	3
232.4790450000002	4
233.0345440000002	1
233.57225200000022	2
234.11996000000022	3
234.66766800000022	4
235.2253760000002	1
235.7703810000002	2
236.31538600000022	3
236.85039100000023	4
237.39539600000023	1
237.93478400000023	2
238.49417200000025	3
239.02356000000023	4
239.56294800000023	1
240.12264200000024	2
240.67233600000023	3
241.22203000000022	4
241.7717240000002	1
242.30621300000018	2
242.8607020000002	3
243.39519100000018	4
243.93968000000018	1
244.48440800000017	2
245.01913600000017	3
245.55386400000017	4
246.09859200000017	1
246.64329200000017	2
247.19799200000017	3
247.75269200000017	4
248.29739200000017	1
248.84449300000017	2
249.39159400000017	3
249.92869500000018	4
250.48579600000016	1
251.02896000000015	2
251.58212400000016	3
252.11528800000013	4
252.65845200000012	1
253.2009410000001	2
253.75343000000012	3
254.2859190000001	4
254.82840800000008	1
255.3753450000001	2
255.94228200000012	3
256.4792190000001	4
257.01615600000014	1
257.55829900000015	2
258.12044200000014	3
258.64258500000017	4
259.19472800000017	1
259.7425660000002	2
260.3004040000002	3
260.8282420000002	4
261.37608000000023	1
261.91605800000025	2
262.45603600000027	3
262.9960140000003	4
263.5359920000003	1
264.0938990000003	2
264.6418060000003	3
265.1897130000003	4
265.72762000000034	1
266.27081700000036	2
266.8240140000004	3
267.3472110000004	4
267.9104080000004	1
268.4569890000004	2
269.0135700000004	3
269.5501510000004	4
270.08673200000044	1
270.6318170000004	2
271.1769020000004	3
271.7019870000003	4
272.24707200000034	1
272.8084770000004	2
273.37988200000035	3
273.92128700000035	4
274.47269200000034	1
275.00665500000036	2
275.5506180000003	3
276.0645810000003	4
276.60854400000034	1
277.14687700000036	2
277.70521000000036	3
278.2535430000004	4
278.8018760000004	1
279.35758900000036	2
279.89330200000035	3
280.41901500000034	4