0.0	1
0.5714290000000001	2
1.1428580000000002	3
1.7142870000000001	4
2.2857160000000003	1
2.8571450000000005	2
3.4285740000000007	3
4.000003	4
4.571432000000001	1
5.152861000000001	2
5.714290000000001	3
6.255719000000001	4
6.837148000000002	1
7.408577000000002	2
7.980006000000001	3
8.561435000000001	4
9.132864000000001	1
9.714293000000001	2
10.245722000000002	3
10.817151000000003	4
11.428580000000002	1
12.000009000000002	2
12.551438000000003	3
13.102867000000003	4
13.674296000000004	1
14.254637000000004	2
14.824978000000003	3
15.415319000000002	4
15.99566	1
16.556001	2
17.136342	3
17.696682999999997	4
18.247023999999996	1
18.826723999999995	2
19.386423999999995	3
19.926123999999994	4
20.485823999999994	1
21.056570999999995	2
21.637317999999993	3
22.218064999999992	4
22.79881199999999	1
23.38133499999999	2
23.95385799999999	3
24.536380999999988	4
25.128903999999984	1
25.693066999999985	2
26.257229999999982	3
26.83139299999998	4
27.41555599999998	1
27.98971899999998	2
28.553881999999977	3
29.128044999999975	4
29.692207999999976	1
30.203179999999975	2
30.714151999999974	3
31.245123999999972	4
31.75609599999997	1
32.24053999999998	2
32.68498399999998	3
33.11942799999997	4
33.57387199999997	1
34.05540899999997	2
34.51694599999997	3
34.95848299999997	4
35.43001999999997	1
35.91155699999997	2
36.36309399999997	3
36.83463099999997	4
37.27616799999997	1
37.73770499999997	2
38.18924199999997	3
38.65077899999997	4
39.13231599999997	1
39.60743099999997	2
40.07254599999997	3
40.52766099999996	4
40.99277599999996	1
41.47277599999995	2
41.962775999999955	3
42.44277599999995	4
42.88277599999994	1
43.31732099999995	2
43.801865999999954	3
44.24641099999995	4
44.700955999999955	1
45.16571099999995	2
45.63046599999995	3
46.095220999999945	4
46.55997599999994	1
47.041512999999945	2
47.503049999999945	3
47.924586999999946	4
48.386123999999946	1
48.87589299999995	2
49.34566199999995	3
49.785430999999946	4
50.24519999999995	1
50.72295899999995	2
51.17071799999995	3
51.61847699999995	4
52.05623599999995	1
52.51777299999995	2
52.97930999999995	3
53.44084699999995	4
53.90238399999995	1
54.37408099999995	2
54.86577799999995	3
55.29747499999994	4
55.76917199999994	1
56.26975999999994	2
56.74034799999994	3
57.18093599999994	4
57.65152399999994	1
58.099478999999945	2
58.56743399999995	3
59.02538899999995	4
59.46334399999995	1
59.913343999999945	2
60.40334399999995	3
60.87334399999994	4
61.34334400000001	1
62.59334200000001	2
63.843340000000005	3
65.093338	1
66.38827	2
67.65320200000001	3
68.91813400000001	1
70.231999	2
71.495864	3
72.80972899999999	1
74.12655999999998	2
75.40339099999998	3
76.68022200000001	1
77.13879300000002	2
77.57736400000003	3
78.00593500000004	4
78.45450600000004	1
78.88307700000004	2
79.31164800000005	3
79.74021900000005	4
80.16879000000006	1
80.59132500000005	2
81.02386000000006	3
81.43639500000005	4
81.85893000000004	1
82.25750100000005	2
82.68607200000005	3
83.10464300000007	4
83.55321400000007	1
83.97874600000007	2
84.40427800000008	3
84.82981000000008	4
85.25534200000008	1
85.68087400000009	2
86.09640600000009	3
86.52193800000009	4
86.9474700000001	1
87.39300200000011	2
87.83853400000011	3
88.26406600000011	4
88.65959800000012	1
89.08055700000013	2
89.47151600000012	3
89.86247500000013	4
90.27343400000014	1
90.75460900000014	2
91.18578400000014	3
91.61695900000014	4
92.05813400000014	1
92.50291600000014	2
92.93769800000014	3
93.37248000000014	4
93.80726200000014	1
94.24891500000014	2
94.69056800000013	3
95.12222100000012	4
95.55387400000012	1
95.96244500000013	2
96.42101600000014	3
96.84958700000014	4
97.27815800000015	1
97.71933300000015	2
98.15050800000014	3
98.58168300000015	4
98.98285800000015	1
99.44539300000015	2
99.87792800000014	3
100.29046300000014	4
100.71299800000014	1
101.13257700000014	2
101.55215600000014	3
101.96594800000014	4
102.36974000000014	1
102.78831100000014	2
103.21688200000014	3
103.62545300000015	4
104.07402400000004	1
105.38973700000004	2
106.66545000000005	3
107.96116300000004	1
109.23687600000005	2
110.50258900000004	3
111.79830200000005	1
113.10794100000005	2
114.36758000000005	3
115.66721900000005	1
116.97031500000006	2
118.26341100000006	3
119.56650700000003	1
120.00507800000004	2
120.46364900000005	3
120.88222000000005	4
121.30079100000006	1
121.72783600000007	2
122.16488100000007	3
122.58192600000008	4
123.00897100000009	1
123.42601600000009	2
123.8530610000001	3
124.28010600000009	4
124.65510600000009	1
125.05606500000009	2
125.5046360000001	3
125.9232070000001	4
126.35177800000011	1
126.78656000000011	2
127.23134200000011	3
127.66612400000011	4
128.0709060000001	1
128.5520810000001	2
128.9932560000001	3
129.42443100000006	4
129.84560600000006	1
130.28678100000005	2
130.72795600000003	3
131.15174800000003	4
131.55674800000003	1
131.95438400000003	2
132.39202000000003	3
132.82965600000003	4
133.27729200000002	1
133.73492800000002	2
134.17256400000002	3
134.5902	4
135.027836	1
135.45037100000002	2
135.88290600000002	3
136.29544100000004	4
136.72797600000004	1
137.15464200000005	2
137.58130800000004	3
138.00797400000002	4
138.39464	1
138.801306	2
139.217972	3
139.634638	4
140.071304	1
140.50919199999998	2
140.94707999999997	3
141.38496799999996	4
141.82285599999994	1
142.26074399999993	2
142.69863199999992	3
143.12651999999989	4
143.5744079999999	1
144.0107719999999	2
144.4471359999999	3
144.88349999999988	4
145.29986399999987	1
145.72843499999988	2
146.13700599999987	3
146.6055769999999	4
147.03414800000007	1
148.31986100000006	2
149.59557400000003	3
150.90128700000002	1
152.167	2
153.422713	3
154.718426	1
155.985022	2
157.251618	3
158.55821400000002	1
159.83481000000003	2
161.09140600000003	3
162.38800200000006	1
162.83413600000006	2
163.27027000000004	3
163.69640400000003	4
164.11253800000003	1
164.55732000000003	2
164.99210200000005	3
165.42688400000006	4
165.86166600000007	1
166.29644800000008	2
166.7312300000001	3
167.15601200000012	4
167.5807940000001	1
167.96936500000012	2
168.39793600000013	3
168.83650700000013	4
169.27507800000015	1
169.72364900000014	2
170.15222000000014	3
170.58079100000015	4
170.99936200000016	1
171.43793300000016	2
171.86650400000016	3
172.29507500000017	4
172.72364600000017	1
173.16160500000018	2
173.58956400000017	3
174.00752300000013	4
174.40548200000012	1
174.84344100000013	2
175.2714000000001	3
175.7093590000001	4
176.1273180000001	1
176.54548000000008	2
176.9536420000001	3
177.37180400000008	4
177.7799660000001	1
178.2263300000001	2
178.6426940000001	3
179.0690580000001	4
179.49542200000008	1
179.93500100000009	2
180.35458000000008	3
180.7941590000001	4
181.2137380000001	1
181.63695100000007	2
182.07016400000006	3
182.50337700000006	4
182.92659000000006	1
183.34669800000006	2
183.77680600000005	3
184.21691400000003	4
184.63702200000003	1
185.06713000000002	2
185.507238	3
185.937346	4
186.37745399999997	1
186.812986	2
187.22851799999998	3
187.67405	4
188.089582	1
188.505114	2
188.94064600000002	3
189.356178	4
189.78171000000003	1
191.06830600000006	2
192.37272600000006	3
193.69605800000005	1
194.95605600000005	2
196.21986400000006	3
197.53434500000006	1
198.81195000000008	2
200.08364300000008	3
201.38557200000008	1
202.67589600000008	2
203.93932500000008	3
205.23896400000004	1
205.69873300000003	2
206.17850200000004	3
206.63827100000003	4
207.09804000000003	1
207.537809	2
207.997578	3
208.475666	4
208.973754	1
209.431769	2
209.889784	3
210.34779899999998	4
210.80581399999997	1
211.26382899999996	2
211.72184399999995	3
212.1937719999999	4
212.67569999999992	1
213.13814099999993	2
213.62058199999993	3
214.08302299999994	4
214.55546399999994	1
215.04790499999996	2
215.49034599999996	3
215.95278699999994	4
216.42522799999995	1
216.87977299999994	2
217.34431799999996	3
217.79886299999995	4
218.25340799999995	1
218.68197899999996	2
219.11054999999996	3
219.55850499999994	4