0.0	1
0.5	2
1.0	3
1.5	4
2.0	1
2.5	2
3.0	3
3.5	4
4.0	1
4.5	2
5.0	3
5.5	4
6.0	1
6.5	2
7.0	3
7.5	4
8.0	1
8.5	2
9.0	3
9.5	4
10.0	1
10.5	2
11.0	3
11.5	4
12.0	1
12.5	2
13.0	3
13.5	4
14.0	1
14.5	2
15.0	3
15.5	4
16.0	1
16.5	2
17.0	3
17.5	4
18.0	1
18.5	2
19.0	3
19.5	4
20.0	1
20.5	2
21.0	3
21.5	4
22.0	1
22.5	2
23.0	3
23.5	4
24.0	1
24.5	2
25.0	3
25.5	4
26.0	1
26.5	2
27.0	3
27.5	4
28.0	1
28.5	2
29.01	3
29.5	4
30.0	1
30.5	2
31.0	3
31.5	4
32.0	1
32.5	2
33.0	3
33.5	4
34.0	1
34.5	2
35.01	3
35.5	4
36.0	1
36.5	2
37.01	3
37.5	4
38.0	1
38.5	2
39.0	3
39.5	4
40.0	1
40.5	2
41.0	3
41.5	4
42.0	1
42.5	2
43.0	3
43.5	4
44.0	1
44.5	2
45.0	3
45.5	4
46.0	1
46.5	2
47.01	3
47.5	4
48.0	1
48.5	2
49.0	3
49.5	4
50.0	1
50.5	2
51.0	3
51.5	4
52.0	1
52.5	2
53.0	3
53.5	4
54.0	1
54.5	2
55.0	3
55.5	4
56.0	1
56.5	2
57.0	3
57.5	4
58.0	1
58.5	2
59.0	3
59.5	4
60.0	1
60.51	2
61.02	3
61.52	4
62.0	1
62.5	2
63.0	3
63.5	4
64.0	1
64.5	2
65.0	3
65.5	4
66.0	1
66.5	2
67.0	3
67.5	4
68.0	1
68.5	2
69.0	3
69.5	4
70.0	1
70.5	2
71.0	3
71.5	4
72.0	1
72.5	2
73.0	3
73.5	4
74.0	1
74.5	2
75.0	3
75.5	4
76.0	1
76.5	2
77.01	3
77.5	4
78.01	1
78.51	2
79.0	3
79.5	4
80.0	1
80.49	2
80.99	3
81.49	4
82.0	1
82.49	2
82.99	3
83.49	4
84.0	1
84.5	2
85.0	3
85.5	4
86.0	1
86.5	2
87.0	3
87.5	4
88.0	1
88.5	2
89.0	3
89.5	4
90.0	1
90.5	2
91.0	3
91.5	4
92.0	1
92.5	2
93.0	3
93.5	4
94.0	1
94.5	2
95.0	3
95.5	4
96.0	1
96.5	2
97.0	3
97.5	4
98.0	1
98.5	2
99.0	3
99.5	4
100.0	1
100.5	2
101.01	3
101.5	4
102.0	1
102.5	2
103.01	3
103.5	4
104.0	1
104.5	2
105.0	3
105.5	4
106.0	1
106.5	2
107.0	3
107.5	4
108.0	1
108.5	2
109.0	3
109.5	4
110.0	1
110.5	2
111.0	3
111.5	4
112.0	1
112.5	2
113.0	3
113.5	4
114.0	1
114.5	2
115.0	3
115.5	4
116.0	1
116.5	2
117.0	3
117.5	4
118.0	1
118.5	2
119.0	3
119.5	4
120.0	1
120.5	2
121.0	3
121.5	4
122.0	1
122.5	2
123.0	3
123.5	4
124.0	1
124.5	2
125.0	3
125.5	4
126.0	1
126.5	2
127.0	3
127.5	4
128.0	1
128.5	2
129.0	3
129.5	4
130.0	1
130.5	2
131.0	3
131.5	4
132.0	1
132.5	2
133.01	3
133.5	4
134.0	1