0.0	1
0.5	2
1.0	3
1.5	4
2.0	1
2.5	2
3.0	3
3.5	4
3.99	1
4.49	2
4.99	3
5.49	4
5.99	1
6.49	2
6.99	3
7.49	4
7.99	1
8.49	2
8.99	3
9.49	4
9.99	1
10.49	2
10.99	3
11.49	4
12.0	1
12.5	2
13.0	3
13.5	4
14.0	1
14.5	2
14.99	3
15.49	4
15.99	1
16.49	2
16.99	3
17.49	4
18.0	1
18.5	2
19.0	3
19.5	4
20.0	1
20.5	2
21.0	3
21.5	4
22.0	1
22.5	2
23.0	3
23.5	4
24.0	1
24.5	2
25.0	3
25.5	4
26.0	1
26.49	2
27.0	3
27.5	4
28.0	1
28.5	2
29.0	3
29.5	4
30.0	1
30.5	2
31.0	3
31.51	4
32.0	1
32.5	2
33.0	3
33.51	4
34.0	1
34.5	2
35.0	3
35.5	4
36.0	1
36.5	2
37.0	3
37.5	4
38.0	1
38.5	2
39.0	3
39.5	4
40.0	1
40.5	2
41.0	3
41.5	4
42.0	1
42.5	2
43.0	3
43.5	4
44.0	1
44.5	2
45.0	3
45.5	4
46.0	1
46.5	2
47.0	3
47.5	4
48.0	1
48.5	2
49.0	3
49.5	4
50.0	1
50.505868	2
51.001736	3
51.497604	4
52.00347200000001	1
52.50347200000001	2
53.00347200000001	3
53.50347200000001	4
54.00347200000001	1
54.50347200000001	2
55.00347200000001	3
55.50347200000001	4
56.00347200000001	1
56.50347200000001	2
57.00347200000001	3
57.50347200000001	4
58.00347200000001	1
58.50347200000001	2
59.00347200000001	3
59.50347200000001	4
60.00347200000001	1
60.50347200000001	2
61.00347200000001	3
61.50347200000001	4
62.00347200000001	1
62.50347200000001	2
63.00347200000001	3
63.50347200000001	4
64.003472	1
64.503472	2
65.003472	3
65.503472	4
66.003472	1
66.503472	2
67.003472	3
67.503472	4
68.003472	1
68.503472	2
69.003472	3
69.503472	4
70.003472	1
70.503472	2
71.003472	3
71.503472	4
72.003472	1
72.503472	2
73.003472	3
73.503472	4
74.003472	1
74.507673	2
75.001874	3
75.49607499999999	4
76.00027599999999	1
76.50027599999999	2
77.00027599999999	3
77.50027599999999	4
78.00027599999999	1
78.50027599999999	2
79.00027599999999	3
79.50027599999999	4
80.00027599999999	1
80.50027599999999	2
81.00027599999999	3
81.50027599999999	4
82.00027599999999	1
82.50027599999999	2
83.00027599999999	3
83.50027599999999	4
84.00027599999999	1
84.50027599999999	2
85.00027599999999	3
85.50027599999999	4
86.00027599999999	1
86.50027599999999	2
87.00027599999999	3
87.50027599999999	4
88.00027599999999	1
88.50027599999999	2
89.00027599999999	3
89.50027599999999	4
90.00027599999999	1
90.50027599999999	2
91.00027599999999	3
91.50027599999999	4
92.00027599999999	1
92.50027599999999	2
93.00027599999999	3
93.50027599999999	4
94.02027599999998	1
94.52027599999998	2
95.01027599999999	3
95.51027599999999	4
96.01027599999999	1
96.50027599999999	2
97.00027599999999	3
97.50027599999999	4
98.02027599999998	1
98.50027599999999	2
99.01027599999999	3
99.50027599999999	4
100.00027599999999	1
100.50027599999999	2
101.00027599999999	3
101.50027599999999	4
102.00027599999999	1
102.50027599999999	2
103.00027599999999	3
103.50027599999999	4
104.00027599999999	1
104.50027599999999	2
105.00027599999999	3
105.50027599999999	4
106.00027599999999	1
106.50027599999999	2
107.00027599999999	3
107.50027599999999	4
108.00027599999999	1
108.50027599999999	2
109.00027599999999	3
109.50027599999999	4
110.00027599999999	1
110.50027599999999	2
111.00027599999999	3
111.50027599999999	4
112.00027599999999	1
112.50027599999999	2
113.00027599999999	3
113.50027599999999	4
114.00027599999999	1
114.50027599999999	2
115.00027599999999	3
115.50027599999999	4
116.00027599999999	1
116.50027599999999	2
117.00027599999999	3
117.50027599999999	4
118.00027599999999	1
118.50027599999999	2
119.00027599999999	3
119.50027599999999	4
120.00027599999999	1
120.50027599999999	2
121.00027599999999	3
121.50027599999999	4
122.00027599999999	1
122.50027599999999	2
123.00027599999999	3
123.50027599999999	4
124.00027599999999	1
124.50027599999999	2
125.00027599999999	3
125.50027599999999	4
126.00027599999999	1
126.50027599999999	2
127.00027599999999	3
127.50027599999999	4
128.00027599999999	1
128.50027599999999	2
129.00027599999999	3
129.50027599999999	4
130.00027599999999	1
130.50027599999999	2
131.00027599999999	3
131.50027599999999	4
132.00027599999999	1
132.50027599999999	2
133.00027599999999	3
133.50027599999999	4
134.00027599999999	1
134.50027599999999	2
135.00027599999999	3
135.50027599999999	4
136.00027599999999	1
136.50027599999999	2
137.00027599999999	3
137.50027599999999	4
138.00027599999999	1
138.50027599999999	2
139.00027599999999	3
139.50027599999999	4
140.00027599999999	1
140.50027599999999	2
141.00027599999999	3
141.50027599999999	4
142.00027599999999	1
142.50027599999999	2
142.990276	3
143.50027599999999	4
144.00027599999999	1
144.50027599999999	2
145.00027599999999	3
145.50027599999999	4
146.00027599999999	1
146.50027599999999	2
147.00027599999999	3
147.50027599999999	4
148.00027599999999	1
148.50027599999999	2
149.00027599999999	3
149.50027599999999	4
150.00027599999999	1
150.50027599999999	2
150.990276	3
151.50027599999999	4
152.00027599999999	1
152.50027599999999	2
153.00027599999999	3
153.50027599999999	4
154.00027599999999	1
154.50027599999999	2
155.00027599999999	3
155.50027599999999	4
156.01027599999998	1
156.50027599999999	2
157.00027599999999	3
157.50027599999999	4
158.00027599999999	1
158.50027599999999	2
158.990276	3
159.51027599999998	4
160.01027599999998	1
160.51027599999998	2
161.01027599999998	3
161.51027599999998	4
162.00027599999999	1
162.50027599999999	2
163.00027599999999	3
163.50027599999999	4
164.00027599999999	1
164.50027599999999	2
165.00027599999999	3
165.50027599999999	4
166.00027599999999	1
166.50027599999999	2
166.990276	3
167.50027599999999	4
168.00027599999999	1
168.50027599999999	2
169.00027599999999	3
169.50027599999999	4
170.00027599999999	1
170.50027599999999	2
170.990276	3
171.490276	4
171.990276	1
172.490276	2
172.990276	3
173.490276	4
173.990276	1
174.490276	2
174.990276	3
175.490276	4
175.990276	1
176.490276	2
176.990276	3
177.490276	4
178.02844399999998	1
178.61844399999995	2
179.27510999999996	3
179.99099199999995	4