0.01	1
0.459751	2
0.9595020000000001	3
1.4392530000000001	4
1.9190040000000002	1
2.3987550000000004	2
2.8785060000000007	3
3.358257000000001	4
3.838008000000001	1
4.307759000000002	2
4.787510000000002	3
5.277261000000002	4
5.7470120000000025	1
6.226763000000003	2
6.706514000000003	3
7.1762650000000034	4
7.656016000000004	1
8.130517000000003	2
8.605018000000003	3
9.089519000000003	4
9.564020000000003	1
10.038521000000003	2
10.513022000000003	3
10.987523000000003	4
11.472024000000003	1
11.936525000000003	2
12.411026000000003	3
12.885527000000003	4
13.370028000000003	1
13.844529000000003	2
14.319030000000003	3
14.793531000000003	4
15.268032000000003	1
15.747033000000004	2
16.226034000000002	3
16.695035	4
17.174036	1
17.649286	2
18.124536	3
18.599785999999998	4
19.075035999999997	1
19.550285999999996	2
20.025535999999995	3
20.500785999999994	4
20.976035999999993	1
21.451285999999993	2
21.936535999999993	3
22.411785999999992	4
22.88703599999999	1
23.36228599999999	2
23.83753599999999	3
24.32278599999999	4
24.79803599999999	1
25.269286999999988	2
25.750537999999988	3
26.221788999999987	4
26.703039999999987	1
27.180539999999986	2
27.648039999999988	3
28.095539999999986	4
28.603039999999986	1
29.080539999999985	2
29.568039999999982	3
30.02553999999998	4
30.513039999999982	1
30.992040999999983	2
31.471041999999983	3
31.94004299999998	4
32.429043999999976	1
32.899794999999976	2
33.38054599999998	3
33.841296999999976	4
34.32204799999998	1
34.80121799999998	2
35.270387999999976	3
35.74955799999998	4
36.23872799999999	1
36.71264799999999	2
37.17656799999998	3
37.65048799999998	4
38.134407999999986	1
38.60682699999999	2
39.07924599999999	3
39.56166499999999	4
40.03408399999999	1
40.50625399999999	2
40.988423999999995	3
41.46059399999999	4
41.942764	1
42.415934	2
42.89910400000001	3
43.37227400000001	4
43.845444000000015	1
44.32311300000001	2
44.80078200000001	3
45.268451000000006	4
45.746120000000005	1
46.220040000000004	2
46.70396000000001	3
47.17788000000001	4
47.65180000000001	1
48.12722000000001	2
48.60264000000001	3
49.07806000000001	4
49.55348000000001	1
50.03190000000001	2
50.51032000000001	3
50.97874	4
51.45716	1
51.934829	2
52.422498000000004	3
52.900167	4
53.367836	1
53.845504999999996	2
54.323173999999995	3
54.80084299999999	4
55.27851199999999	1
55.750181999999995	2
56.231852	3
56.70352200000001	4
57.17519200000001	1
57.64986200000001	2
58.134532000000014	3
58.60920200000002	4
59.08387200000002	1
59.56229200000002	2
60.04071200000002	3
60.50913200000002	4
60.98755200000002	1
61.46447200000002	2
61.94139200000002	3
62.41831200000002	4
62.885232000000016	1
63.37365200000002	2
63.85207200000002	3
64.33049200000002	4
64.79891200000003	1
65.27133100000003	2
65.74375000000003	3
66.21616900000004	4
66.68858800000004	1
67.16550800000005	2
67.65242800000004	3
68.12934800000005	4
68.60626800000006	1
69.08318800000006	2
69.56010800000007	3
70.02702800000009	4
70.51394800000008	1
70.99311800000008	2
71.47228800000008	3
71.94145800000008	4
72.42062800000008	1
72.90454800000008	2
73.37846800000008	3
73.85238800000009	4
74.3063080000001	1
74.8002280000001	2
75.27414800000011	3
75.74806800000012	4
76.22198800000012	1
76.69815800000012	2
77.18432800000012	3
77.65049800000011	4
78.12666800000011	1
78.6028380000001	2
79.0790080000001	3
79.5551780000001	4
80.0313480000001	1
80.50751800000009	2
80.98368800000009	3
81.45985800000008	4
81.93602800000008	1
82.41594800000009	2
82.8758680000001	3
83.36578800000011	4
83.8457080000001	1
84.31962800000011	2
84.79354800000011	3
85.26746800000012	4
85.75138800000012	1
86.22755800000012	2
86.70372800000011	3
87.17989800000011	4
87.6560680000001	1
88.13298800000011	2
88.60990800000012	3
89.08682800000012	4
89.56374800000013	1
90.04366800000014	2
90.51358800000015	3
90.99350800000016	4
91.47342800000015	1
91.94809800000016	2
92.42276800000016	3
92.89743800000016	4
93.37210800000017	1
93.84677800000017	2
94.32144800000017	3
94.78611800000017	4
95.27078800000018	1
95.73545800000018	2
96.23012800000018	3
96.70479800000018	4
97.17946800000018	1
97.65413800000019	2
98.12880800000019	3
98.6034780000002	4
99.1181480000002	1
99.5443180000002	2
100.0204880000002	3
100.4966580000002	4
100.98282800000018	1
101.45974800000019	2
101.9366680000002	3
102.4135880000002	4
102.8905080000002	1
103.3659280000002	2
103.8413480000002	3
104.3167680000002	4
104.8021880000002	1
105.2791080000002	2
105.75602800000021	3
106.23294800000022	4
106.69986800000021	1
107.18378800000022	2
107.65770800000023	3
108.13162800000023	4
108.59554800000024	1
109.08321700000025	2
109.56088600000025	3
110.03855500000026	4
110.50622400000026	1
110.98314400000027	2
111.46006400000027	3
111.92698400000029	4
112.42390400000029	1
112.8908240000003	2
113.3677440000003	3
113.84466400000031	4
114.33158400000032	1
114.80925300000033	2
115.27692200000033	3
115.75459100000033	4
116.23226000000034	1
116.69843000000034	2
117.19460000000034	3
117.66077000000033	4
118.12694000000033	1
118.61311000000032	2
119.08928000000031	3
119.55545000000032	4
120.03162000000032	1
120.5147900000003	2
120.9879600000003	3
121.4611300000003	4
121.9443000000003	1
122.4112200000003	2
122.8881400000003	3
123.36506000000031	4
123.8419800000003	1
124.3181500000003	2
124.7943200000003	3
125.2704900000003	4
125.74666000000029	1
126.22283000000029	2
126.69900000000028	3
127.17517000000028	4
127.65134000000027	1
128.1282600000003	2
128.6051800000003	3
129.0821000000003	4
129.55902000000032	1
130.0436900000003	2
130.50836000000032	3
130.98303000000033	4
131.45770000000033	1
131.93536900000032	2
132.4130380000003	3
132.8907070000003	4
133.3683760000003	1
133.8445460000003	2
134.30071600000028	3
134.77688600000027	4
135.27305600000028	1
135.7522260000003	2
136.2313960000003	3
136.7005660000003	4
137.1797360000003	1
137.64515600000033	2
138.13057600000033	3
138.60599600000035	4
139.08141600000036	1
139.55833600000037	2
140.03525600000037	3
140.51217600000038	4
140.9890960000004	1
141.4645160000004	2
141.93993600000042	3
142.40535600000044	4
142.89077600000044	1
143.36694600000044	2
143.85311600000045	3
144.32928600000045	4
144.80545600000045	1
145.28237600000045	2
145.75929600000046	3
146.22621600000045	4
146.71313600000047	1
147.18630600000049	2
147.6594760000005	3
148.1326460000005	4
148.60581600000052	1
149.0819860000005	2
149.5481560000005	3
150.02432600000049	4
150.5104960000005	1
150.9896660000005	2
151.46883600000052	3
151.9380060000005	4
152.41717600000052	1
152.89334600000052	2
153.36951600000052	3
153.8456860000005	4
154.3218560000005	1
154.7857760000005	2
155.2696960000005	3
155.7436160000005	4
156.2275360000005	1
156.7022060000005	2
157.1768760000005	3
157.6615460000005	4
158.1362160000005	1
158.6146360000005	2
159.0930560000005	3
159.5614760000005	4
160.0398960000005	1
160.5068160000005	2
160.9837360000005	3
161.4606560000005	4
161.93757600000052	1
162.41299600000053	2
162.87841600000056	3
163.37383600000058	4
163.83925600000055	1
164.32392600000057	2
164.79859600000057	3
165.27326600000058	4
165.74793600000058	1
166.23410600000057	2
166.70027600000057	3
167.17644600000057	4
167.66261600000055	1
168.13103600000056	2
168.59945600000054	3
169.07787600000054	4
169.55629600000054	1
170.03171600000056	2
170.50713600000057	3
170.98255600000059	4
171.47797600000058	1
171.95189600000057	2
172.41581600000058	3
172.88973600000057	4
173.37365600000055	1
173.84057600000057	2
174.31749600000057	3
174.79441600000058	4
175.2713360000006	1
175.7482560000006	2
176.2251760000006	3
176.7020960000006	4
177.17901600000062	1
177.65593600000062	2
178.13285600000063	3
178.61977600000063	4
179.08669600000064	1
179.56361600000065	2
180.04053600000066	3
180.50745600000064	4
180.99437600000067	1
181.46829600000066	2
181.94221600000066	3
182.41613600000065	4
182.89005600000064	1
183.36697600000065	2
183.84389600000065	3
184.32081600000066	4
184.79773600000067	1
185.27240600000067	2
185.74707600000067	3
186.22174600000068	4
186.69641600000068	1
187.18108600000068	2
187.65575600000068	3
188.13042600000068	4
188.60509600000069	1
189.0820160000007	2
189.5589360000007	3
190.0358560000007	4
190.5127760000007	1
190.99194600000072	2
191.46111600000074	3
191.94028600000075	4
192.41945600000074	1
192.89487600000075	2
193.37029600000076	3
193.84571600000078	4
194.3211360000008	1
194.7995560000008	2
195.26797600000077	3
195.74639600000077	4
196.22481600000077	1
196.70248500000076	2
197.18015400000075	3
197.64782300000076	4
198.12549200000075	1
198.61166200000073	2
199.08783200000073	3
199.55400200000074	4
200.04017200000072	1
200.50709200000074	2
200.99401200000074	3
201.46093200000075	4
201.94785200000075	1
202.41952200000074	2
202.89119200000073	3
203.37286200000074	4
203.84453200000073	1
204.31845200000072	2
204.7923720000007	3
205.2762920000007	4
205.7502120000007	1
206.23413200000067	2
206.69805200000067	3
207.18197200000066	4
207.64589200000066	1
208.13356100000064	2
208.61123000000063	3
209.08889900000062	4
209.54656800000063	1
210.02648800000063	2
210.50640800000062	3
210.9863280000006	4
211.45624800000058	1
211.94166800000062	2
212.41708800000063	3
212.89250800000065	4
213.36792800000066	1
213.84559700000065	2
214.32326600000064	3
214.79093500000062	4
215.2686040000006	1
215.7492740000006	2
216.21994400000062	3
216.71061400000062	4
217.19128400000062	1
217.65670400000064	2
218.13212400000066	3
218.59754400000068	4
219.08296400000066	1
219.56405400000065	2
220.03514400000066	3
220.50623400000066	4
220.98732400000068	1
221.4629150000007	2
221.9385060000007	3
222.4140970000007	4
222.8996880000007	1
223.3720280000007	2
223.84436800000069	3
224.3167080000007	4
224.79904800000068	1
225.27313900000067	2
225.74723000000066	3
226.22132100000064	4
226.70541200000062	1
227.18025200000062	2
227.65509200000062	3
228.12993200000062	4
228.61477200000064	1
229.08886300000063	2
229.56295400000062	3
230.0370450000006	4
230.51113600000062	1
230.9804770000006	2
231.4598180000006	3
231.93915900000061	4
232.41850000000062	1
232.89634100000063	2
233.37418200000064	3
233.83202300000067	4
234.31986400000068	1
234.7977050000007	2
235.2755460000007	3
235.7533870000007	4
236.2312280000007	1
236.7045690000007	2
237.16791000000072	3
237.6512510000007	4
238.14459200000073	1
238.6056820000007	2
239.07677200000072	3
239.55786200000074	4
240.02895200000074	1
240.51454300000074	2
240.99013400000075	3
241.45572500000077	4
241.94131600000077	1
242.41840600000077	2
242.89549600000078	3
243.37258600000078	4
243.84967600000078	1
244.3175170000008	2
244.79535800000082	3
245.27319900000083	4
245.7510400000008	1
246.22663100000082	2
246.70222200000083	3
247.17781300000084	4
247.65340400000085	1
248.13049400000085	2
248.60758400000086	3
249.08467400000086	4
249.56176400000086	1
250.03660400000086	2
250.51144400000086	3
250.98628400000086	4
251.46112400000086	1
251.93596400000087	2
252.41080400000087	3