0.0	1
0.9756090000000001	2
1.9512180000000001	3
2.9268270000000003	4
3.9024360000000002	1
4.878045	2
5.853654000000001	3
6.829263000000001	4
7.774872000000001	1
8.751525000000003	2
9.738178000000003	3
10.714831000000004	4
11.701484000000004	1
12.677442000000005	2
13.653400000000005	3
14.629358000000005	4
15.595316000000006	1
16.595792000000007	2
17.576268000000006	3
18.546744000000004	4
19.527220000000003	1
20.502214000000006	2
21.507208000000006	3
22.512202000000006	4
23.447196000000005	1
24.391526000000006	2
25.34585600000001	3
26.300186000000007	4
27.244516000000008	1
28.20675100000001	2
29.158986000000013	3
30.131221000000014	4
31.053456000000015	1
31.985691000000017	2
32.92792600000002	3
33.88016100000002	4
34.832396000000024	1
35.81463100000003	2
36.756866000000024	3
37.709101000000025	4
38.66133600000003	1
39.653571000000035	2
40.59580600000003	3
41.538041000000035	4
42.49027600000004	1
43.47531500000004	2
44.440354000000035	3
45.38539300000003	4
46.34043200000003	1
47.31057500000003	2
48.27071800000003	3
49.220861000000035	4
50.17100400000003	1
51.137383000000035	2
52.10376200000003	3
53.06014100000003	4
54.00652000000003	1
54.99101500000003	2
55.945510000000034	3
56.900005000000036	4
57.85450000000004	1
58.78523100000003	2
59.715962000000026	3
60.656693000000026	4
61.597424000000025	1
62.568741000000024	2
63.52005800000002	3
64.44137500000002	4
65.38269200000002	1
66.32594200000001	2
67.24919200000002	3
68.18244200000002	4
69.10569200000002	1
70.05436700000001	2
70.98304200000001	3
71.91171700000001	4
72.83039200000002	1
73.78417800000001	2
74.707964	3
75.64175	4
76.575536	1
77.53120500000001	2
78.45687400000001	3
79.39254300000002	4
80.32821200000002	1
81.26764600000003	2
82.21708000000004	3
83.16651400000003	4
84.09594800000005	1
85.05103100000004	2
85.96611400000003	3
86.91119700000003	4
87.83628000000003	1
88.79947900000003	2
89.74267800000004	3
90.68587700000005	4
91.62907600000005	1
92.57039300000005	2
93.51171000000005	3
94.45302700000005	4
95.39434400000005	1
96.32436500000004	2
97.24438600000005	3
98.17440700000004	4
99.11442800000003	1
100.10457100000004	2
101.06471400000004	3
102.02485700000004	4
102.96500000000005	1
103.92514300000005	2
104.89528600000006	3
105.84542900000005	4
106.78557200000006	1
107.75571500000005	2
108.73585800000006	3
109.68600100000006	4
110.64614400000006	1
111.61628700000007	2
112.56643000000007	3
113.52657300000007	4
114.48671600000007	1
115.44368100000008	2
116.39064600000009	3
117.32761100000009	4
118.2845760000001	1
119.25205200000009	2
120.20952800000009	3
121.1470040000001	4
122.1044800000001	1
123.1136380000001	2
124.0927960000001	3
125.0719540000001	4
126.04111200000011	1
127.00387900000011	2
127.96664600000011	3
128.9294130000001	4
129.8921800000001	1
130.8518000000001	2
131.82142000000013	3
132.8010400000001	4
133.75066000000012	1
134.7155090000001	2
135.6903580000001	3
136.6352070000001	4
137.60005600000008	1
138.53921700000006	2
139.48837800000007	3
140.43753900000007	4
141.38670000000008	1
142.3545540000001	2
143.3124080000001	3
144.24026200000011	4
145.1781160000001	1
146.12158800000012	2
147.0450600000001	3
147.9785320000001	4
148.91200400000008	1
149.9020040000001	2
150.84200400000012	3
151.7722350000001	4
152.69246600000008	1
153.6499830000001	2
154.58750000000012	3
155.53501700000012	4
156.46253400000015	1
157.41646600000013	2
158.36039800000012	3
159.29433000000012	4
160.22826200000011	1
161.19657300000011	2
162.16488400000011	3
163.11319500000013	4
164.06150600000015	1
165.02720400000015	2
165.98290200000017	3
166.91860000000017	4
167.87429800000018	1
168.8539180000002	2
169.8135380000002	3
170.7731580000002	4
171.7327780000002	1
172.7023980000002	2
173.6620180000002	3
174.6116380000002	4
175.5612580000002	1
176.54610700000018	2
177.51095600000016	3
178.47580500000015	4
179.44065400000014	1
180.40681200000014	2
181.37297000000015	3
182.32912800000017	4
183.28528600000018	1
184.25882800000016	2
185.22237000000015	3
186.17591200000015	4
187.10945400000014	1
188.07600000000014	2
189.02254600000015	3
189.96909200000016	4
190.91563800000017	1
191.90394900000018	2
192.8522600000002	3
193.80057100000022	4
194.75888200000023	1
195.73588700000022	2
196.69289200000023	3
197.62989700000026	4
198.57690200000025	1
199.52344800000026	2
200.46999400000027	3
201.4265400000003	4
202.3730860000003	1
203.36270600000032	2
204.3023260000003	3
205.2419460000003	4
206.1915660000003	1
207.1811860000003	2
208.13080600000032	3
209.0804260000003	4
210.0400460000003	1
211.0244360000003	2
211.9688260000003	3
212.9132160000003	4
213.85760600000026	1
214.80546000000027	2
215.7633140000003	3
216.7211680000003	4
217.6590220000003	1
218.6155680000003	2
219.56211400000032	3
220.49866000000034	4
221.44520600000035	1
222.42351700000034	2
223.37182800000036	3
224.32013900000038	4
225.26845000000037	1
226.23153300000038	2
227.18461600000037	3
228.10769900000037	4
229.05078200000034	1
230.01413800000034	2
230.95749400000034	3
231.92085000000034	4
232.87420600000033	1
233.83466400000032	2
234.7751220000003	3
235.7455800000003	4
236.70603800000032	1
237.7229860000003	2
238.7065920000003	3
239.69019800000032	4
240.6738040000003	1
241.6338040000003	2
242.6038040000003	3
243.56380400000032	4
244.55380400000033	1
245.53741000000034	2
246.52101600000034	3
247.50462200000035	4
248.47822800000034	1
249.48822800000036	2
250.47183400000034	3
251.43421400000034	4
252.43421400000034	1