0.0	1
0.555556	2
1.111112	3
1.676668	4
2.232224	1
2.78778	2
3.3533360000000005	3
3.9088920000000007	4
4.464448	1
5.010002	2
5.525556	3
6.10111	4
6.656664	1
7.209812	2
7.78296	3
8.306108	4
8.869256	1
9.418888	2
9.978520000000001	3
10.528152000000002	4
11.077784000000003	1
11.624173000000003	2
12.180562000000002	3
12.716951000000002	4
13.263340000000001	1
13.809729	2
14.366118	3
14.912507	4
15.448896	1
15.995284999999999	2
16.561674	3
17.108063	4
17.654452000000003	1
18.200841000000004	2
18.757230000000007	3
19.28361900000001	4
19.83000800000001	1
20.36639700000001	2
20.93278600000001	3
21.459175000000013	4
22.005564000000014	1
22.551953000000015	2
23.108342000000018	3
23.644731000000018	4
24.19112000000002	1
24.72750900000002	2
25.27389800000002	3
25.810287000000024	4
26.356676000000025	1
26.913065000000024	2
27.469454000000027	3
27.99584300000003	4
28.54223200000003	1
29.08326500000003	2
29.634298000000026	3
30.165331000000027	4
30.696364000000024	1
31.227397000000025	2
31.788430000000023	3
32.32946300000002	4
32.87049600000002	1
33.413493000000024	2
33.956490000000024	3
34.46948700000002	4
35.01248400000003	1
35.56155000000003	2
36.120616000000034	3
36.649682000000034	4
37.19874800000003	1
37.73245800000003	2
38.286168000000025	3
38.82987800000002	4
39.383588000000024	1
39.92462100000002	2
40.47565400000002	3
41.01668700000002	4
41.54772000000002	1
42.09678600000002	2
42.655852000000024	3
43.20491800000003	4
43.75398400000003	1
44.303050000000034	2
44.85211600000004	3
45.39118200000004	4
45.930248000000034	1
46.493958000000035	2
47.03766800000003	3
47.58137800000003	4
48.11508800000003	1
48.668798000000024	2
49.22250800000002	3
49.75621800000002	4
50.299928000000016	1
50.833638000000015	2
51.37734800000001	3
51.92105800000001	4
52.46476800000001	1
52.998478	2
53.552188	3
54.08589799999999	4
54.62960799999999	1
55.16331799999999	2
55.747027999999986	3
56.280737999999985	4
56.82444799999998	1
57.35815799999998	2
57.90186799999998	3
58.445577999999976	4
58.97928799999997	1
59.53567699999997	2
60.102065999999965	3
60.638454999999965	4
61.18484399999996	1
61.73658899999996	2
62.298333999999954	3
62.85007899999995	4
63.40182399999995	1
63.94356899999995	2
64.49531399999995	3
65.03705899999994	4
65.59880399999994	1
66.14180099999996	2
66.69479799999995	3
67.18779499999994	4
67.72079199999993	1
68.26182499999993	2
68.80285799999993	3
69.35389099999993	4
69.89492399999993	1
70.42595699999993	2
70.97698999999993	3
71.51802299999993	4
72.06905599999993	1
72.59544499999993	2
73.15183399999994	3
73.69822299999994	4
74.24461199999995	1
74.76832199999996	2
75.32203199999995	3
75.85574199999996	4
76.39945199999997	1
76.94316199999997	2
77.49687199999997	3
78.04058199999997	4
78.58429199999998	1
79.11800199999999	2
79.67171199999999	3
80.205422	4
80.759132	1
81.290165	2
81.84119799999999	3
82.38223099999999	4
82.92326399999999	1
83.46429699999999	2
83.98532999999999	3
84.536363	4
85.08739599999998	1
85.60842899999999	2
86.16946199999998	3
86.73049499999999	4
87.28152799999998	1
87.83059399999998	2
88.37965999999997	3
88.91872599999998	4
89.45779199999997	1
90.01953699999997	2
90.57128199999997	3
91.12302699999996	4
91.67477199999996	1
92.21651699999995	2
92.76826199999995	3
93.31000699999994	4
93.85175199999995	1
94.40349699999994	2
94.95524199999994	3
95.50698699999994	4
96.05873199999994	1
96.61512099999993	2
97.17150999999994	3
97.71789899999995	4
98.26428799999995	1
98.81067699999996	2
99.35706599999996	3
99.89345499999996	4
100.44984399999997	1
100.99623299999998	2
101.53262199999998	3
102.04901099999998	4
102.60539999999999	1
103.17178899999999	2
103.738178	3
104.28456700000001	4
104.83095600000001	1
105.368059	2
105.925162	3
106.492265	4
107.049368	1
107.598434	2
108.1475	3
108.68656599999998	4
109.23563199999998	1
109.78398599999998	2
110.34233999999998	3
110.87069399999999	4
111.39904799999998	1
111.93543699999998	2
112.501826	3
113.048215	4
113.594604	1
114.121707	2
114.69881	3
115.235913	4
115.78301599999999	1
116.334049	2
116.88508199999998	3
117.41611499999999	4
117.96714799999998	1
118.50014499999997	2
119.03314199999997	3
119.55613899999997	4
120.08913599999997	1
120.64552499999996	2
121.18191399999998	3
121.75830299999998	4
122.31469199999998	1
122.851081	2
123.40746999999999	3
123.953859	4
124.49024800000001	1
125.037351	2
125.594454	3
126.151557	4
126.69865999999999	1
127.25772599999999	2
127.81679199999999	3
128.35585799999998	4
128.904924	1
129.436669	2
129.99841400000003	3
130.55015900000004	4
131.10190400000005	1
131.65364900000006	2
132.20539400000007	3
132.75713900000008	4
133.3088840000001	1
133.84527300000008	2
134.4016620000001	3
134.9480510000001	4
135.4944400000001	1
136.0401160000001	2
136.5957920000001	3
137.1114680000001	4
137.64714400000008	1
138.1988890000001	2
138.7606340000001	3
139.3123790000001	4
139.86412400000012	1
140.40586900000014	2
140.98761400000015	3
141.51935900000015	4
142.07110400000016	1
142.62088400000016	2
143.18066400000015	3
143.73044400000015	4
144.28022400000012	1
144.83393400000014	2
145.37764400000015	3
145.92135400000015	4
146.45506400000014	1
147.00680900000015	2
147.57855400000017	3
148.13029900000018	4
148.6820440000002	1
149.2437890000002	2
149.7955340000002	3
150.3472790000002	4
150.89902400000022	1
151.45076900000024	2
152.00251400000025	3
152.55425900000026	4
153.09600400000028	1
153.6377490000003	2
154.1794940000003	3
154.7312390000003	4
155.2829840000003	1
155.84472900000034	2
156.40647400000034	3
156.95821900000035	4
157.50996400000037	1
158.07170900000037	2
158.62345400000038	3
159.1751990000004	4
159.73694400000042	1
160.2813680000004	2
160.82579200000043	3
161.38021600000044	4
161.93464000000043	1
162.48102900000043	2
163.02741800000044	3
163.57380700000044	4
164.11019600000046	1
164.66194100000047	2
165.23368600000046	3
165.77543100000048	4
166.3271760000005	1
166.8789210000005	2
167.4406660000005	3
167.97241100000053	4
168.5141560000005	1
169.0344740000005	2
169.6047920000005	3
170.13511000000048	4
170.6654280000005	1
171.21913800000053	2
171.7528480000005	3
172.28655800000053	4
172.83026800000053	1
173.38201300000054	2
173.94375800000054	3
174.48550300000056	4
175.03724800000057	1
175.58899300000058	2
176.1407380000006	3
176.68248300000062	4
177.2342280000006	1
177.77061700000058	2
178.3270060000006	3
178.8733950000006	4
179.40978400000057	1
179.95278100000058	2
180.48577800000058	3
181.01877500000057	4
181.5517720000006	1
182.1061960000006	2
182.6806200000006	3
183.22504400000062	4
183.7594680000006	1
184.3112130000006	2
184.88295800000063	3
185.42470300000065	4
185.9664480000006	1
186.51967700000063	2
187.07290600000061	3
187.6161350000006	4
188.1693640000006	1
188.7125930000006	2
189.2458220000006	3
189.7690510000006	4
190.3022800000006	1