0.0	1
0.714285	2
1.42857	3
2.142855	4
2.85714	1
3.561425	2
4.27571	3
4.989995	4
5.704280000000001	1
6.418565000000001	2
7.132850000000001	3
7.8471350000000015	4
8.571420000000002	1
9.285705000000002	2
9.999990000000002	3
10.714275000000002	4
11.428560000000003	1
12.142845000000003	2
12.857130000000003	3
13.571415000000004	4
14.285700000000004	1
14.979985000000005	2
15.704270000000005	3
16.418555	4
17.152840000000005	1
17.837125000000004	2
18.561410000000002	3
19.265695000000004	4
19.979980000000005	1
20.694265000000005	2
21.408550000000005	3
22.122835000000006	4
22.837120000000006	1
23.551405000000006	2
24.265690000000006	3
24.979975000000007	4
25.694260000000007	1
26.406426000000007	2
27.108592000000005	3
27.820758000000005	4
28.562924000000006	1
29.245090000000005	2
29.957256000000005	3
30.669422000000004	4
31.381588000000004	1
32.103754	2
32.815920000000006	3
33.538086000000014	4
34.250251999999996	1
34.96453699999999	2
35.678822	1
36.39310699999999	2
37.10739199999999	3
37.831676999999985	4
38.54596199999998	1
39.26024699999998	2
39.98453199999997	3
40.68881699999997	4
41.40310199999997	1
42.10738699999997	2
42.821671999999964	3
43.53595699999996	4
44.25024199999996	1
44.964526999999954	2
45.668811999999946	3
46.39309699999995	4
47.107381999999944	1
47.811666999999936	2
48.515951999999935	3
49.23023699999993	4
49.954521999999926	1
50.66457999999993	2
51.37463799999993	3
52.09469599999994	4
52.804753999999946	1
53.51691999999995	2
54.21908599999995	3
54.941251999999956	4
55.65341799999996	1
56.36347599999996	2
57.083533999999965	3
57.76359199999997	4
58.47364999999997	1
59.183707999999974	2
59.89376599999998	3
60.61382399999998	4
61.32388199999998	1
62.04604799999999	2
62.758213999999995	3
63.47038	4
64.18254599999999	1
64.89471199999998	2
65.60687799999998	3
66.31904399999998	4
67.03120999999997	1
67.75337599999997	2
68.45554199999997	3
69.17770799999997	4
69.88987399999996	1
70.59203999999995	2
71.31420599999996	3
72.02637199999995	4
72.73853799999995	1
73.44282299999995	2
74.14710799999996	3
74.87139299999996	4
75.57567799999997	1
76.28996299999997	2
77.00424799999998	3
77.71853299999998	4
78.43281799999998	1
79.15498399999997	2
79.84714999999997	3
80.56931599999997	4
81.29148199999996	1
82.01364799999996	2
82.70581399999996	3
83.40797999999995	4
84.14014599999994	1
84.85231199999994	2
85.56447799999994	3
86.26664399999994	4
86.98880999999993	1
87.70097599999993	2
88.41314199999992	3
89.12530799999992	4
89.82747399999992	1
90.53963999999992	2
91.25180599999992	3
91.96397199999991	4
92.67613799999991	1
93.3783039999999	2
94.0904699999999	3
94.8126359999999	4
95.5248019999999	1
96.23696799999989	2
96.94913399999989	3
97.66129999999988	4
98.37346599999988	1
99.08563199999988	2
99.79779799999987	3
100.50996399999987	4
101.23212999999986	1
101.93641499999987	2
102.65069999999987	3
103.36498499999988	4
104.07926999999988	1
104.78143599999987	2
105.51360199999986	3
106.21576799999987	4
106.91793399999986	1
107.62009999999985	2
108.33226599999985	3
109.04443199999984	4
109.75659799999984	1
110.46665599999984	2
111.17671399999985	3
111.88677199999985	4
112.58682999999986	1
113.30688799999986	2
114.02694599999987	3
114.73700399999987	4
115.44706199999987	1
116.15711999999988	2
116.86717799999988	3
117.57723599999989	4
118.28729399999989	1
118.98735199999989	2
119.7074099999999	3
120.4374679999999	4
121.1275259999999	1
121.84758399999991	2
122.55764199999992	3
123.26769999999992	4
123.96775799999992	1
124.67781599999992	2
125.39787399999993	3
126.11793199999993	4
126.81798999999994	1
127.53804799999993	2
128.24810599999995	3
128.95816399999995	4
129.65822199999994	1
130.36827999999994	2
131.08833799999996	3
131.77839599999996	4
132.48845399999996	1
133.20851199999996	2
133.93856999999997	3
134.63862799999998	4
135.348686	1
136.06085199999998	2
136.77301799999998	3
137.48518399999998	4
138.19734999999997	1
138.90951599999997	2
139.62168199999996	3
140.34384799999995	4
141.04601399999996	1
141.74817999999993	2
142.46034599999993	3
143.18251199999995	4
143.90467799999993	1
144.60684399999994	2
145.30900999999992	3
146.03117599999993	4
146.7333419999999	1
147.4455079999999	2
148.1576739999999	3
148.8698399999999	4
149.5820059999999	1
150.2920639999999	2
150.98212199999992	3
151.7121799999999	4
152.40223799999993	1
153.1322959999999	2
153.84235399999992	3
154.55241199999992	4
155.26246999999992	1
155.97252799999993	2
156.68258599999993	3
157.40264399999995	4
158.11270199999996	1
158.81275999999994	2
159.52281799999994	3
160.23287599999995	4
160.94293399999995	1
161.65299199999995	2
162.36304999999996	3
163.07310799999996	4
163.78316599999997	1
164.49322399999997	2
165.19328199999998	3
165.90334	4
166.62339799999998	1
167.33345599999998	2
168.043514	3
168.753572	4
169.47363	1
170.18368800000002	2
170.89374600000002	3
171.60380400000003	4
172.31386200000003	1
173.02392000000003	2
173.73397800000004	3
174.44403600000004	4
175.15409400000004	1
175.85415200000003	2
176.57421000000005	3
177.29426800000005	4
177.99432600000006	1
178.70438400000006	2
179.41444200000007	3
180.13450000000006	4
180.84455800000006	1
181.55461600000007	2
182.26467400000007	3
182.97473200000007	4
183.6747900000001	1
184.39484800000008	2
185.11490600000008	3
185.82496400000008	4
186.50502200000008	1
187.2350800000001	2
187.9451380000001	3
188.6451960000001	4
189.3452540000001	1
190.06531200000012	2
190.7853700000001	3
191.49542800000012	4
192.19548600000013	1
192.91554400000012	2
193.62560200000013	3
194.33566000000013	4
195.04571800000014	1
195.75577600000014	2
196.45583400000015	3
197.16589200000016	4
197.87595000000016	1
198.59811600000015	2
199.31028200000014	3
200.02244800000014	4
200.73461400000014	1
201.44678000000013	2
202.15894600000013	3
202.87111200000012	4
203.57327800000013	1
204.28544400000013	2
204.9876100000001	3
205.70977600000012	4
206.42194200000012	1
207.1341080000001	2
207.8462740000001	3
208.5584400000001	4
209.2506060000001	1
209.97277200000008	2
210.68493800000007	3
211.39710400000007	4
212.10927000000007	1
212.82143600000006	2
213.55360200000007	3
214.24576800000006	4
214.95793400000005	1
215.67010000000005	2
216.38226600000004	3
217.07443200000006	4
217.78659800000005	1
218.49665600000006	2
219.20671400000006	3
219.91677200000007	4
220.60683000000006	1