0.01	1
0.5317390000000001	2
1.0434780000000001	3
1.565217	4
2.0769560000000005	1
2.5986950000000006	2
3.120434000000001	3
3.642173000000001	4
4.183912	1
4.722545	2
5.231178000000001	3
5.759811000000001	4
6.288444000000001	1
6.819416000000001	2
7.340388000000002	3
7.871360000000002	4
8.412332000000001	1
8.936349000000002	2
9.470366000000002	3
9.994383000000003	4
10.518400000000003	1
11.044715000000004	2
11.554282000000004	3
12.057101000000005	4
12.569920000000005	1
13.102739000000005	2
13.615558000000005	3
14.128377000000006	4
14.641196000000006	1
15.160676000000006	2
15.663495000000006	3
16.176314000000005	4
16.689133000000005	1
17.206374000000004	2
17.719193000000004	3
18.242012000000006	4
18.754831000000006	1
19.274311000000008	2
19.79379100000001	3
20.30327100000001	4
20.81174600000001	1
21.330221000000012	2
21.83746200000001	3
22.354703000000008	4
22.855424000000006	1
23.37962500000001	2
23.892444000000012	3
24.39526300000001	4
24.90808200000001	1
25.42532300000001	2
25.942564000000008	3
26.45103900000001	4
26.97389700000001	1
27.49113800000001	2
28.00287700000001	3
28.51569600000001	4
29.032975000000008	1
29.554714000000008	2
30.054748500000006	3
30.550616500000007	4
31.069420000000008	1
31.591159000000008	2
32.112898	3
32.618005000000004	4
33.143112	1
33.664851	2
34.173325999999996	3
34.686184	4
35.203424999999996	1
35.715163999999994	2
36.23690299999999	3
36.74972199999999	4
37.25605099999999	1
37.79176399999999	2
38.315780999999994	3
38.83302199999999	4
39.34722299999999	1
39.87819499999999	2
40.39916699999999	3
40.93013899999999	4
41.445364999999995	1
41.964845	2
42.50581699999999	3
43.01755599999999	4
43.54929499999999	1
44.057769999999984	2
44.56624499999998	3
45.07471999999998	4
45.57892099999998	1
46.11463399999998	2
46.623108999999985	3
47.151583999999986	4
47.65009552499998	1
48.16733652499998	2
48.68457752499998	3
49.20181852499998	4
49.70905952499998	1
50.240798524999974	2
50.76253752499997	3
51.28427652499997	4
51.796015524999966	1
52.31775452499996	2
52.83949352499996	3
53.361232524999956	4
53.874051524999956	1
54.386870524999956	2
54.89968952499996	3
55.409689524999955	4
55.919429524999956	1
56.43890952499996	2
56.951814024999955	3
57.458143024999956	4
57.965384024999956	1
58.482625024999955	2
58.98265952499996	3
59.48852752499996	4
59.99576852499996	1
60.51300952499996	2
61.03025052499996	3
61.53749152499996	4
62.047491524999955	1
62.57473252499995	2
63.08197352499995	3
63.58197352499995	4
64.06780152499995	1
64.59877352499994	2
65.11849702499994	3
65.63131602499993	4
66.13551702499993	1
66.66275802499993	2
67.17999902499993	3
67.68847402499993	4
68.20358102499993	1
68.72532002499993	2
69.23705902499992	3
69.75879802499992	4
70.26727302499992	1
70.80358802499993	2
71.31990302499992	3
71.83714402499992	4
72.35134502499992	1
72.8823170249999	2
73.41328902499991	3
73.94426102499992	4
74.45150202499991	1
74.98013502499991	2
75.50876802499991	3
76.0305070249999	4
76.5522460249999	1
77.0694870249999	2
77.56872452499991	3
78.0915435249999	4
78.60436252499998	1
79.39577302499998	2
80.16511752499999	1
80.97592902499999	2
81.73860152499999	1
82.00408752499999	2
82.26495702499999	3
82.51582652499998	4
82.77669602499998	5
83.03756552499998	6
83.29843502499997	7
83.55930452499999	1
84.299951525	2
85.070213275	1
85.862940275	2
86.61156077499999	1
86.870181275	2
87.128801775	3
87.387422275	4
87.64604277500001	5
87.90466327500002	6
88.16328377500002	7
88.41190427499998	1
89.194616775	2
89.930657275	1
90.716370275	2
91.46637027499999	1
91.72611027499998	2
91.98585027499998	3
92.24559027499997	4
92.50533027499996	5
92.76507027499996	6
93.03055627499995	7
93.29604227499999	1
94.10685377499999	2
94.90805277499999	1
95.70451077499999	2
96.50096877499999	1
97.29742677499999	2
98.118238275	1
98.90714177499999	2
99.70009127499999	1
100.493040775	2
101.28661027499999	1
102.07921877499999	2
102.86182727499998	1
103.65828527499998	2
104.44089377499998	3
105.21270877499997	1
105.98531727499996	2
106.75802977499997	1
107.53461227499997	2
108.32722077499996	1
109.12211727499997	2
109.92158977499997	1
110.73977077499997	2
111.54334027499996	1
112.34690977499996	2
113.15047927499995	1
113.95129077499995	2
114.74774877499995	1
115.55657727499995	2
116.36988777499995	1
117.16849927499995	2
117.95797177499995	1
118.77154127499995	2
119.55511077499993	1
120.35924027499993	2
121.14871277499994	1
121.95588827499994	2
122.75467027499994	1
123.54112827499993	2
124.34959927499993	1
125.16807027499993	2
125.92775727499993	1
126.74390877499994	2
127.54338127499994	1
128.34695077499993	2
129.13690127499993	1
129.95051677499993	2
130.76413227499992	1
131.55770177499994	2
132.36239727499995	1
133.16596677499996	2
133.96013827499996	1
134.78994527499995	2
135.60708927499996	1
136.42677477499996	2
137.24869227499997	1
138.06196027499996	2
138.88268877499996	1
139.69256777499996	2
140.50103877499996	1
141.30749677499998	2
142.12636277499996	1
142.93717427499996	2
143.73557177499998	1
144.539141275	2
145.37482827499997	1
146.20051527499996	2
147.00882977499995	1
147.81002877499995	2
148.60648677499992	1
149.10981977499992	2
149.64315277499992	3
150.16648577499993	4
150.7498187749999	1
151.30795877499992	2
151.86609877499993	3
152.43218677499993	4
153.00361577499993	1
153.55455927499995	2
154.10501727499994	3
154.67057327499992	4
155.24395327499994	1
155.80410377499993	2
156.37102477499994	3
156.93221227499993	4
157.50776827499993	1
158.06332427499993	2
158.5988802749999	3
159.15441845833323	4
159.69987245833323	1
160.2531030749999	2
160.8164830749999	3
161.3798630749999	4
161.9632430749999	1
162.51662307499987	2
163.08000307499987	3
163.6305687583332	4
164.18486775833318	1
164.7430077583332	2
165.2809527583332	3
165.8416997583332	4
166.39964475833318	1
166.9539907583332	2
167.5247377583332	3
168.07548475833318	4
168.64964775833317	1
169.23501375833317	2
169.79056975833316	3
170.34612575833316	4
170.90168175833315	1
171.44224989583316	2
171.98770389583316	3
172.54315789583316	4
173.10390489583315	1
173.65436289583315	2
174.19981689583315	3
174.74537289583316	4
175.30092889583315	1
175.85648489583315	2
176.41204089583314	3
176.97759689583313	4
177.53315289583318	1
177.8240613958332	2
178.1549698958332	3
178.56587839583324	4
178.90678689583325	5
179.24769539583326	6
179.59860389583326	7
179.9395123958332	1
180.62916739583318	2
181.33113739583317	3
182.04542239583316	4
182.72970739583315	1
183.42334939583316	2
184.11699139583317	3
184.81063339583318	4
185.51427539583318	1
186.1979173958332	2
186.8875948958332	3
187.57330789583318	4
188.2400563958332	1
188.9259713958332	2
189.61562639583317	3
190.29744339583317	4
190.97926039583317	1
191.66891539583315	2
192.35272589583315	3
193.04069189583313	4
193.72034689583313	1
194.40605989583312	2
195.0940258958331	3
195.76199189583312	4
196.43995789583312	1
197.1160427083331	2
197.79019870833312	3
198.47435470833312	4
199.13851070833314	1
199.82080675208314	2
200.47119575208316	3
201.14158475208316	4
201.82197375208315	1
202.54372775208316	2
203.21548175208315	3
203.88963775208316	4
204.54211925208315	1
205.21878525208314	2
205.89919625208313	3
206.57335225208314	4
207.24516925208314	1
207.92127225208316	2
208.60308925208315	3
209.26429075208316	4
209.92923725208317	1
210.61339325208317	2
211.24831425208316	3
211.87323525208316	4
212.54739125208317	1
213.26167625208316	2
213.9412547416665	3
214.58641474166652	4
215.25607274166651	1
215.91648374166653	2
216.58314974166652	3
217.22830974166652	4
217.90246574166653	1
218.58662174166653	2
219.26077774166654	3
219.93043574166657	4
220.59692724166655	1
221.27341874166655	2
222.00523574166655	3
222.68705274166655	4
223.34472674166656	1
223.98770874166655	2
224.65069074166655	3
225.29185224166653	4
225.96410274166655	1
226.60926274166656	2
227.23447049166654	3
227.84452999166652	4
228.4828269916665	1
229.1646439916665	2
229.8168179916665	3
230.4689919916665	4
231.13116599166653	1
231.77333999166652	2
232.40849999166653	3
233.03074299166653	4
233.6526534916665	1
234.36554449166653	2
235.00384149166652	3
235.6521384916665	4
236.31147949166652	1
236.97082049166653	2
237.59020074166654	3
238.19626074166655	4
238.81481774166656	1
239.50263774166655	2
240.15481174166655	3
240.77981174166655	4
241.43818074166654	1
242.08172824166655	2
242.70028524166656	3
243.32871224166655	4
243.94698324166657	1
244.57525424166658	2
245.17348724166658	3
245.74765024166658	4
246.33017324166659	1
246.89092024166658	2
247.4439142416666	3
247.9868822979166	4
248.53742329791658	1
249.07085129791656	2
249.60182329791655	3
250.13279529791654	4
250.65372947916654	1
251.16654847916655	2
251.68085666458322	3
252.16672466458323	4
252.67259266458322	1
253.18545066458321	2
253.70269166458323	3
254.19049466458324	4
254.68432066458325	1
255.17814666458327	2
255.67401466458327	3
256.16988266458327	4
256.66383672708326	1
257.1456397270833	2
257.6314677270833	3
258.1272957270833	4
258.61312372708335	1
259.11492672708334	2
259.59672972708336	3
260.08853272708336	4
260.5703357270834	1
261.0621387270834	2
261.5490042270834	3
262.0409322270834	4
262.52873522708336	1
263.02053822708336	2
263.51234122708337	3
264.00820922708334	4
264.49403722708337	1
264.98990522708334	2
265.4857732270833	3
265.9916412270833	4
266.47750922708326	1
266.9817102270833	2
267.4759112270833	3
267.9849247270833	4
268.4747197270833	1
268.9910487270833	2
269.47421322708334	3
269.9700812270833	4
270.45395222708333	1
270.94782322708335	2
271.43962622708335	3
271.92142922708337	4
272.42229934375	1
272.92209434375	2
273.39592034375005	3
273.88974634375006	4
274.3795413437501	1
274.8793363437501	2
275.3691313437501	3
275.8489263437501	4
276.33279734375014	1
276.84279734375014	2
277.33869884375014	3
277.8425343437501	4
278.3184023437501	1
278.8142703437501	2
279.3060733437501	3
279.7860733437501	4
280.2585143437501	1
280.7485143437501	2
281.2443823437501	3
281.74025034375006	4
282.2160783437501	1
282.7019063437501	2
283.1801143437501	3
283.65070234375014	4
284.12989784375014	1
284.63782184375015	2
285.12962484375015	3
285.62142784375015	4
286.10923084375014	1
286.5970338437501	2
287.0848368437501	3
287.5726398437501	4
288.0504428437501	1
288.54824584375007	2
289.02604884375006	3
289.53385184375	4
290.00565484375005	1
290.49745784375006	2
290.98926084375006	3
291.4770978437501	4
291.9524653437501	1
292.46528434375006	2
292.96115234375003	3
293.45094734375004	4
293.94074234375006	1
294.4305373437501	2
294.92132379375005	3
295.3971517937501	4
295.8929797937501	1
296.3827747937501	2
296.8576722937501	3
297.33767229375013	4
297.8238622937501	1
298.30005229375007	2
298.77624229375004	3
299.26243229375	4
299.74436029375	1
300.25160129375	2
300.74583879375	3
301.23764179375	4
301.73764179375	1
302.25626229375	2
302.77350329375	3
303.28197829375	4
303.78045329375	1
304.28045329375	2
304.78045329375	3
305.28045329375	4
305.76825629374997	1
306.26605929374995	2
306.75786229374995	3
307.24966529374996	4
307.74146829374996	1
308.26010129375	2
308.75243379374996	3
309.2386237937499	4
309.73654779374993	1
310.23447179374995	2
310.73239579374996	3
311.23031979374997	4
311.72212279375	1
312.22226179374996	2
312.72073679374995	3
313.2166047937499	4
313.7124727937499	1
314.20834079374987	2
314.70017629374985	3
315.18797929374983	4
315.6799072937498	1
316.1893872937498	2
316.6771902937498	3
317.1591410437498	4
317.6719600437498	1
318.17828904374977	2
318.6582890437498	3
319.1600920437498	4
319.6518950437498	1
320.16037004374977	2
320.6401650437498	3
321.13603304374976	4
321.6258280437498	1
322.1279200437498	2
322.61572304374977	3
323.11352604374974	4
323.59132904374974	1
324.1012019916664	2
324.6140209916664	3
325.1140166666664	4
325.5968801666664	1
326.09468316666636	2
326.59468316666636	3
327.09468316666636	4
327.58468316666637	1
328.09468316666636	2
328.58261716666635	3
329.0784851666663	4
329.57028816666633	1
330.0720911666663	2
330.5679591666663	3
331.06799366666627	4
331.5479936666663	1
332.06646866666625	2
332.5546076666663	3
333.0424106666663	4
333.5362366666663	1
334.06347766666624	2
334.5476786666663	3
335.0356126666663	4
335.5156126666663	1
336.04192766666625	2
336.5257986666663	3
337.0380046666662	4
337.55009666666626	1
338.05218866666627	2
338.5511686666663	3
339.0410381666663	4
339.53193566666624	1
340.0447546666662	2
340.5475736666662	3
341.0703926666662	4
341.54871366666623	1
342.0365166666662	2
342.5365166666662	3
343.05071766666623	4
343.5591926666662	1
344.0576676666662	2
344.5597596666662	3
345.0618516666662	4
345.5739436666662	1
346.08458166666617	2
346.59521966666614	3
347.09150266666614	4
347.60466016666606	1
348.07466016666615	2
348.5288176666662	3
349.01103966666614	4
349.49686766666616	1
349.9957578333328	2
350.47785833333285	3
350.95785833333287	4
351.4478583333329	1
351.9397582166662	2
352.41168621666617	3
352.89361421666615	4
353.36554221666614	1
353.8409024062495	2
354.3060174062495	3
354.77113240624954	4
355.23624740624956	1
355.74780015833284	2
356.24989215833284	3
356.74198415833285	4
357.25407615833285	1
357.7361681583329	2
358.2382601583329	3
358.7403521583329	4
359.2524441583329	1
359.7645361583329	2
360.2566281583329	3
360.7487201583329	4
361.2508121583329	1
361.7529041583329	2
362.2549961583329	3
362.7570881583329	4
363.2591801583329	1
363.76338115833295	2
364.24725215833297	3
364.741123158333	4
365.24234365833297	1
365.75298165833294	2
366.24478465833295	3
366.73687665833296	4
367.235856658333	1
367.73172465833295	2
368.2275926583329	3
368.71738765833294	4
369.2132556583329	1
369.7260746583329	2
370.2302756583329	3
370.7444766583329	4
371.2324106583329	1
371.7452296583329	2
372.2580486583329	3
372.7586956583329	4
373.2671706583329	1
373.77998965833285	2
374.28631865833285	3
374.78841065833285	4
375.29050265833285	1
375.7957861583329	2
376.31860515833284	3
376.8314241583328	4
377.33562515833285	1
377.82772565833284	2
378.32772565833284	3
378.82772565833284	4
379.33620065833327	1
380.1089131583333	2
380.8616256583333	1
381.6343381583333	2
382.3870506583333	1
382.6370506583333	2
382.8870506583333	3
383.1270506583333	4
383.3970506583333	5
383.6470506583333	6
383.91705065833327	7
384.16705065833327	1
384.66705065833327	2
385.1570506583333	3
385.6470506583333	4
386.1570506583333	1
386.66705065833327	2
387.16705065833327	3
387.6270506583333	4
388.18703358125	1
388.62883658124997	2
389.15063958124995	3
389.62244258124997	4
390.09424558125	1
390.59604858125	2
391.08785158125	3
391.54966305	4
392.08553104999993	1
392.5813990499999	2
393.02726704999986	3
393.57313504999985	4
394.11900304999983	1
394.6248710499998	2