0.0	1
0.6896550000000001	2
1.3693100000000002	3
2.0589650000000006	4
2.7486200000000007	1
3.438275000000001	2
4.127930000000001	3
4.817585000000001	4
5.517240000000001	1
6.206895000000001	2
6.8926310000000015	3
7.556872500000002	4
8.233538500000002	1
8.903927500000002	2
9.551622000000002	3
10.215778000000002	4
10.850778000000002	1
11.540433000000002	2
12.185593000000003	3
12.830753000000003	4
13.475913000000004	1
14.128087000000004	2
14.755063500000004	3
15.429219500000004	4
16.088560500000003	1
16.737207500000004	2
17.406548500000007	3
18.065889500000008	4
18.71453650000001	1
19.37387750000001	2
20.02254450000001	3
20.674718500000008	4
21.306428500000006	1
21.958602500000005	2
22.607249500000005	3
23.255896500000006	4
23.894193500000007	1
24.546367500000006	2
25.198541500000005	3
25.850715500000003	4
26.499362500000004	1
27.148009500000004	2
27.807350500000005	3
28.463087500000004	4
29.118824500000002	1
29.7854905	2
30.413761500000003	3
31.052058500000005	4
31.693768500000004	1
32.34950550000001	2
33.00524250000001	3
33.64695250000001	4
34.29559950000001	1
34.9542465	2
35.6135875	3
36.2629285	4
36.9115755	1
37.5398645	2
38.1581355	3
38.7914195	4
39.4465795	1
40.091739499999996	2
40.72331749999999	3
41.36996149999999	4
42.00167149999999	1
42.65031849999999	2
43.30379049999999	3
43.95243749999999	4
44.59108449999999	1
45.239731499999984	2
45.88837849999998	3
46.52667549999998	4
47.18243299999998	1
47.84177399999998	2
48.48014299999998	3
49.13587999999998	4
49.75126499999998	1
50.41793099999998	2
51.066577999999986	3
51.71173799999998	4
52.350034999999984	1
53.00937599999998	2
53.66604199999998	3
54.321201999999985	4
54.983375999999986	1
55.64271699999998	2
56.28845399999999	3
56.933613999999984	4
57.56935099999998	1
58.23451099999998	2
58.872807999999985	3
59.539473999999984	4
60.19463399999998	1
60.85397499999998	2
61.49971199999998	3
62.15544899999998	4
62.793745999999985	1
63.432042999999986	2
64.05059999999999	3
64.67559999999999	4
65.33808149999999	1
65.96637849999998	2
66.60467549999997	3
67.22625349999997	4
67.86783149999998	1
68.49940949999998	2
69.11769849999997	3
69.74994149999999	4
70.37214999999999	1
71.024324	2
71.63288099999998	3
72.26143799999998	4
72.87368099999999	1
73.495443	2
74.107686	3
74.7581345	4
75.37231299999999	1
75.99731299999999	2
76.632313	3
77.24731299999999	4
77.87231299999999	1
78.504075	2
79.10946	3
79.73507	4
80.354207	1
80.969207	2
81.57145	3
82.19683500000001	4
82.81222000000001	1
83.42446300000002	2
84.03670600000002	3
84.66995550000003	4
85.30487650000003	1
85.93645450000004	2
86.56803250000004	3
87.19961050000005	4
87.82137250000005	1
88.44964350000005	2
89.08635900000004	3
89.73151900000005	4
90.36667900000005	1
91.02885300000005	2
91.66715000000005	3
92.30544700000004	4
92.94374400000004	1
93.58545400000004	2
94.24410100000004	3
94.88274800000003	4
95.52445800000004	1
96.17310500000004	2
96.79123600000004	3
97.44746250000004	4
98.06937300000004	1
98.72154700000004	2
99.36325700000005	3
100.01543100000005	4
100.66059100000005	1
101.30575100000006	2
101.96148800000006	3
102.59664800000006	4
103.24706850000005	1
103.90222850000006	2
104.52722850000006	3
105.18238850000007	4
105.82103550000006	1
106.47276400000007	2
107.11449250000007	3
107.75883550000006	4
108.37713250000006	1
109.02542950000004	2
109.65398650000004	3
110.27254350000004	4
110.90774800000004	1
111.52951000000004	2
112.15127200000005	3
112.76665700000005	4
113.38204200000006	1
113.98810200000005	2
114.58810200000005	3
115.19221850000005	4
115.78561350000004	1
116.39785650000005	2
116.99191550000005	3
117.59803700000005	4
118.18918300000004	1
118.79524300000004	2
119.39524300000004	3
119.99353400000004	4
120.56627800000004	1
121.17852100000003	2
121.77852100000003	3
122.37852100000002	4
122.96553600000001	1
123.56559550000001	2
124.17965450000003	3
124.76879500000003	4
125.34455200000002	1
125.93884350000002	2
126.54038100000002	3
127.13739600000002	4
127.72311050000002	1
128.31614050000002	2
128.92220050000003	3
129.50625950000003	4
130.12539650000002	1
130.76369350000002	2
131.39196450000003	3
132.00110150000003	4
132.61023850000004	1
133.25181650000002	2
133.8833945	3
134.52497250000002	4
135.1365505	1
135.7817105	2
136.411671	3
137.046592	4
137.681513	1
138.316434	2
138.941434	3
139.566434	4
140.184991	1
140.794128	2
141.403265	3
142.034843	4
142.650228	1
143.295388	2
143.907631	3
144.566972	4
145.195243	1
145.84354	2
146.471837	3
147.11341499999997	4
147.74171199999998	1
148.38342199999997	2
149.02006599999996	3
149.65164399999995	4
150.27020099999996	1
150.91536099999996	2
151.55363199999996	3
152.18190299999998	4
152.774146	1
153.396389	2
154.0167465	3
154.6321465	4
155.251756	1
155.86921650000002	2
156.48303800000002	3
157.111309	4
157.71669400000002	1
158.326694	2
158.936694	3
159.5652795	4
160.1775225	1
160.807456	2
161.426013	3
162.03927800000002	4
162.645338	1
163.25939700000004	2
163.87769400000002	3
164.46683450000003	4
165.09353450000003	1
165.74235350000004	2
166.36091050000005	3
166.97315350000005	4
167.59815350000005	1
168.21039650000006	2
168.83539650000006	3
169.47369350000005	4
170.09869350000005	1
170.68692650000006	2
171.32253650000004	3
171.93511650000005	4
172.56367350000002	1
173.19883350000003	2
173.81133350000005	3
174.43633350000005	4
175.03456650000004	1
175.62279950000004	2