0.01	1
0.5	2
1.0	3
1.52	4
2.0	1
2.5	2
3.0	3
3.5	4
3.98	1
4.48	2
5.0	3
5.53	4
6.02	1
6.506498	2
7.012996	3
7.499494	4
7.985992	1
8.503022	2
9.000052	3
9.507082	4
9.994112000000001	1
10.485942000000001	2
10.987772000000001	3
11.489602000000001	4
11.971432000000002	1
12.480217000000001	2
12.979002000000001	3
13.467787000000001	4
13.956572000000001	1
14.471411000000002	2
14.966250000000002	3
15.461089000000003	4
15.955928000000004	1
16.462307000000006	2
16.948686000000006	3
17.435065000000005	4
17.931444000000006	1
18.419574000000008	2
18.90770400000001	3
19.39583400000001	4
19.893964000000015	1
20.399594000000015	2
20.87522400000001	3
21.38085400000001	4
21.866484000000007	1
22.36536400000001	2
22.864244000000014	3
23.353124000000015	4
23.822004000000014	1
24.33238400000002	2
24.82276400000002	3
25.32314400000002	4
25.803524000000024	1
26.297653000000025	2
26.791782000000026	3
27.275911000000026	4
27.760040000000025	1
28.27042000000003	2
28.76080000000003	3
29.251180000000033	4
29.731560000000034	1
30.222690000000032	2
30.71382000000003	3
31.20495000000003	4
31.696080000000027	1
32.19421000000003	2
32.682340000000025	3
33.17047000000002	4
33.64860000000002	1
34.14723000000002	2
34.63586000000002	3
35.13449000000002	4
35.623120000000014	1
36.12350000000002	2
36.61388000000002	3
37.11426000000002	4
37.604640000000025	1
38.085770000000025	2
38.57690000000002	3
39.06803000000002	4
39.55916000000002	1
40.03979000000002	2
40.530420000000014	3
41.02105000000001	4
41.50168000000001	1
41.99129500000001	2
42.48091000000001	3
42.98052500000001	4
43.47014	1
43.979656000000006	2
44.46917200000001	3
44.95868800000001	4
45.43820400000001	1
45.926091000000014	2
46.42397800000001	3
46.92186500000001	4
47.399752000000014	1
47.89689000000001	2
48.384028000000015	3
48.87116600000002	4
49.34830400000002	1
49.850692000000016	2
50.343080000000015	3
50.83546800000001	4
51.32785600000001	1
51.83519000000002	2
52.33252400000002	3
52.82985800000002	4
53.30719200000002	1
53.80777600000002	2
54.29836000000002	3
54.788944000000015	4
55.25952800000002	1
55.76561200000001	2
56.261696000000015	3
56.74778000000001	4
57.23386400000001	1
57.73419700000001	2
58.23453000000001	3
58.734863000000004	4
59.205196	1
59.71953	2
60.213864	3
60.708198	4
61.19253200000001	1
61.690758	2
62.178984	3
62.66721	4
63.145436	1
63.652912	2
64.14038799999999	3
64.62786399999999	4
65.10534	1
65.60406499999999	2
66.09278999999998	3
66.59151499999997	4
67.08023999999996	1
67.57546599999996	2
68.06069199999996	3
68.54591799999996	4
69.03114399999995	1
69.51665799999995	2
70.01217199999995	3
70.49768599999994	4
70.98319999999994	1
71.47546499999994	2
71.96772999999995	3
72.45999499999995	4
72.95225999999995	1
73.43789999999994	2
73.93353999999994	3
74.41917999999993	4
74.91481999999992	1
75.43424899999992	2
75.92367799999992	3
76.41310699999993	4
76.89253599999994	1
77.37746499999993	2
77.86239399999992	3
78.33732299999991	4
78.8222519999999	1
79.31343099999991	2
79.8046099999999	3
80.2857889999999	4
80.7569679999999	1
81.26139699999989	2
81.74582599999988	3
82.25025499999988	4
82.75468399999988	1
83.2471009999999	2
83.7495179999999	3
84.2319349999999	4
84.7043519999999	1
85.1994069999999	2
85.69446199999989	3
86.17951699999988	4
86.65457199999987	1
87.14312699999986	2
87.63168199999987	3
88.12023699999988	4
88.59879199999988	1
89.09186199999986	2
89.58493199999987	3
90.07800199999987	4
90.56107199999987	1
91.05889299999987	2
91.54671399999987	3
92.03453499999986	4
92.51235599999985	1
92.99567699999986	2
93.47899799999986	3
93.97231899999987	4
94.44563999999987	1
94.94346099999987	2
95.42128199999986	3
95.90910299999986	4
96.37692399999986	1
96.88099399999986	2
97.36506399999986	3
97.84913399999986	4
98.33320399999987	1
98.82627399999987	2
99.31934399999987	3
99.81241399999988	4
100.30548399999988	1
100.79805499999989	2
101.27062599999988	3
101.77319699999987	4
102.25576799999986	1
102.74283899999986	2
103.22990999999986	3
103.72698099999987	4
104.21405199999987	1
104.70687299999986	2
105.20969399999986	3
105.71251499999985	4
106.19533599999986	1
106.69915699999986	2
107.19297799999985	3
107.67679899999985	4
108.17061999999984	1
108.65994099999985	2
109.14926199999985	3
109.63858299999985	4
110.11790399999985	1
110.60572499999985	2
111.09354599999985	3
111.59136699999985	4
112.06918799999984	1
112.55439799999984	2
113.04960799999984	3
113.54481799999984	4
114.02002799999983	1
114.52648799999983	2
115.02294799999983	3
115.49940799999982	4
115.98586799999983	1
116.47207799999983	2
116.95828799999983	3
117.44449799999983	4
117.92070799999982	1
118.41594299999981	2
118.91117799999981	3
119.3964129999998	4
119.89164799999979	1
120.3748829999998	2
120.85811799999979	3
121.35135299999979	4
121.83458799999978	1
122.32757199999978	2
122.82055599999978	3
123.31353999999979	4
123.78652399999979	1
124.2857589999998	2
124.7749939999998	3
125.27422899999979	4
125.75346399999978	1
126.25269899999978	2
126.75193399999976	3
127.24116899999976	4
127.71040399999976	1
128.20005699999976	2
128.68970999999976	3
129.17936299999977	4
129.65901599999978	1
130.17241899999976	2
130.66582199999976	3
131.14922499999977	4
131.64262799999977	1
132.13406499999977	2
132.61550199999976	3
133.08693899999977	4
133.56837599999977	1