0.02	1
0.502079	2
0.9841580000000001	3
1.466237	4
1.9483160000000002	1
2.4303950000000003	2
2.9124740000000005	3
3.3945530000000006	4
3.8666320000000005	1
4.338712000000001	2
4.820792000000001	3
5.302872000000001	4
5.7849520000000005	1
6.257032000000001	2
6.739112	3
7.221192	4
7.703272	1
8.181455	2
8.669637999999999	3
9.187820999999998	4
9.666003999999997	1
10.135656999999998	2
10.60531	3
11.104963	4
11.594616	1
12.061562	2
12.548508	3
13.035454	4
13.5224	1
13.990229	2
14.468058	3
14.975886999999998	4
15.453715999999998	1
15.942487999999999	2
16.41126	3
16.920032000000003	4
17.388804	1
17.868457	2
18.34811	3
18.827762999999997	4
19.307415999999996	1
19.798011999999996	2
20.288607999999996	3
20.779203999999996	4
21.2598	1
21.743098999999997	2
22.226397999999996	3
22.709696999999995	4
23.192995999999994	1
23.678118999999995	2
24.153241999999995	3
24.638364999999997	4
25.133488	1
25.618611	2
26.113734	3
26.598857000000002	4
27.083980000000004	1
27.552752000000005	2
28.031524000000008	3
28.54029600000001	4
29.02906800000001	1
29.48784000000001	2
29.97661200000001	3
30.475384000000012	4
30.964156000000013	1
31.44468900000001	2
31.91522200000001	3
32.40575500000001	4
32.87628800000002	1
33.364117000000014	2
33.831946000000016	3
34.319775000000014	4
34.797604000000014	1
35.278050000000015	2
35.76849600000001	3
36.25894200000001	4
36.74938800000001	1
37.24195500000001	2
37.72452200000001	3
38.20708900000001	4
38.679656000000016	1
39.155662000000014	2
39.63166800000001	3
40.10767400000001	4
40.61368	1
41.102452	2
41.591224	3
42.069995999999996	4
42.55876799999999	1
43.04753999999999	2
43.52631199999999	3
44.01508399999999	4
44.51385599999998	1
44.99533199999998	2
45.476807999999984	3
45.958283999999985	4
46.42975999999999	1
46.91305899999999	2
47.386357999999994	3
47.879656999999995	4
48.362956	1
48.842608999999996	2
49.33226199999999	3
49.81191499999999	4
50.29156799999999	1
50.78763399999999	2
51.28369999999999	3
51.77976599999999	4
52.26583199999999	1
52.74095499999999	2
53.23607799999999	3
53.73120099999999	4
54.22632399999999	1
54.719623	2
55.182922	3
55.666221	4
56.14952	1
56.639173	2
57.128826000000004	3
57.568479	4
58.058132	1
58.551431	2
59.03473	3
59.518029000000006	4
60.011328000000006	1
60.47915700000001	2
60.966986000000006	3
61.444815000000006	4
61.94264400000001	1
62.42047300000001	2
62.89830200000001	3
63.386131000000006	4
63.863960000000006	1
64.325436	2
64.806912	3
65.288388	4
65.769864	1
66.244046	2
66.718228	3
67.20241	4
67.666592	1
68.13895	2
68.611308	3
69.093666	4
69.556024	1
70.028382	2
70.50074	3
70.983098	4
71.445456	1
71.924165	2
72.392874	3
72.87158300000002	4
73.34029200000002	1
73.81447400000002	2
74.27865600000001	3
74.76283800000002	4
75.22702000000001	1
75.70120200000001	2
76.165384	3
76.65956600000001	4
77.123748	1
77.596106	2
78.058464	3
78.540822	4
79.01318	1
79.475538	2
79.947896	3
80.430254	4
80.902612	1
81.36588	2
81.83914800000001	3
82.31241600000001	4
82.78568400000002	1
83.25895200000002	2
83.73222000000003	3
84.19548800000004	4
84.67875600000004	1
85.15020100000004	2
85.62164600000004	3
86.10309100000005	4
86.57453600000005	1
87.03598100000005	2
87.50742600000005	3
87.98887100000006	4
88.46031600000006	1
88.93267400000006	2
89.39503200000006	3
89.87739000000006	4
90.34974800000006	1
90.82210600000006	2
91.29446400000006	3
91.77682200000007	4
92.23918000000006	1
92.71153800000006	2
93.18389600000006	3
93.66625400000007	4
94.13861200000007	1
94.60097000000006	2
95.07332800000006	3
95.54568600000006	4
96.01804400000006	1
96.49131200000006	2
96.96458000000007	3
97.43784800000007	4
97.91111600000008	1
98.38438400000008	2
98.84765200000008	3
99.33092000000009	4
99.8041880000001	1
100.2756330000001	2
100.7370780000001	3
101.2185230000001	4
101.6899680000001	1
102.16141300000011	2
102.63285800000011	3
103.10430300000012	4
103.57574800000012	1
104.05810600000012	2
104.52046400000012	3
105.00282200000012	4
105.46518000000012	1
105.94753800000012	2
106.40989600000012	3
106.90225400000011	4
107.36461200000012	1
107.83514500000013	2
108.28567800000012	3
108.77621100000013	4
109.22674400000012	1
109.70727700000013	2
110.16781000000013	3
110.62834300000014	4
111.09887600000015	1
111.56029000000015	2
112.02170400000016	3
112.49311800000015	4
112.95453200000016	1
113.40594600000017	2
113.86736000000018	3
114.32877400000018	4
114.79018800000017	1
115.24613200000017	2
115.70207600000018	3
116.17802000000017	4
116.63396400000018	1
117.07990800000017	2
117.53585200000018	3
118.01179600000019	4
118.45774000000019	1
118.9264190000002	2
119.3750980000002	3
119.8437770000002	4
120.3024560000002	1
120.76113500000021	2
121.21981400000021	3
121.67849300000022	4
122.13717200000022	1
122.59858600000022	2
123.06000000000023	3
123.52141400000023	4
123.98282800000024	1
124.44424200000024	2
124.89565600000024	3
125.35707000000025	4
125.81848400000025	1
126.29081000000026	2
126.74313600000026	3
127.20546200000027	4
127.66778800000027	1
128.12011400000029	2
128.58244000000028	3
129.03476600000025	4
129.49709200000024	1
129.96485900000025	2
130.42262600000024	3
130.88039300000023	4
131.33816000000022	1
131.7959270000002	2
132.2536940000002	3
132.71146100000018	4
133.16922800000017	1
133.64790700000015	2
134.08658600000015	3
134.54526500000014	4
135.0239440000001	1
135.4726230000001	2
135.9313020000001	3
136.3899810000001	4
136.84866000000008	1
137.30916200000007	2
137.76966400000006	3
138.23016600000005	4
138.70066800000004	1
139.15117000000004	2
139.61167200000003	3
140.09217400000003	4
140.532676	1
140.987708	2
141.44274	3
141.89777199999997	4
142.35280399999996	1
142.80783599999995	2
143.26286799999994	3
143.70789999999994	4
144.16293199999993	1
144.61796399999992	2
145.0729959999999	3
145.53802799999988	4
145.99305999999987	1
146.43809199999987	2
146.89312399999986	3
147.34815599999985	4
147.80318799999984	1
148.25730699999983	2
148.71142599999982	3
149.1655449999998	4
149.6196639999998	1
150.0737829999998	2
150.52790199999978	3
150.99202099999977	4
151.44613999999976	1
151.90025899999975	2
152.35437799999974	3
152.80849699999973	4
153.26261599999972	1
153.71673499999972	2
154.1708539999997	3
154.6249729999997	4
155.0790919999997	1
155.5336669999997	2
155.9882419999997	3
156.4528169999997	4
156.8973919999997	1
157.35196699999972	2
157.80654199999972	3
158.26111699999973	4
158.71569199999973	1
159.17026699999974	2
159.62484199999975	3
160.09941699999976	4
160.53399199999976	1
160.99856699999975	2
161.44314199999977	3
161.89771699999977	4
162.35229199999978	1
162.81686699999977	2
163.2614419999998	3
163.7160169999998	4
164.1705919999998	1
164.61516699999981	2
165.0797419999998	3
165.53431699999982	4
165.98889199999982	1
166.44346699999983	2
166.89804199999983	3
167.35261699999984	4
167.80719199999984	1
168.27176699999984	2
168.70634199999986	3
169.17091699999986	4
169.61549199999988	1
170.09143599999985	2
170.52737999999985	3
171.00332399999982	4
171.43926799999983	1
171.8861229999998	2
172.3529779999998	3
172.8098329999998	4
173.25668799999977	1
173.72354299999978	2
174.18039799999977	3
174.63725299999976	4
175.10410799999974	1
175.56916999999973	2
176.03423199999972	3
176.48929399999972	4
176.9643559999997	1
177.4276239999997	2
177.9008919999997	3
178.36415999999966	4
178.85742799999966	1
179.33069599999965	2
179.80396399999964	3
180.26723199999964	4
180.74049999999963	1
181.21376799999962	2
181.6870359999996	3
182.1703039999996	4
182.64357199999958	1
183.11683999999957	2
183.59010799999956	3
184.06337599999955	4
184.52664399999955	1
184.99900199999956	2
185.47135999999958	3
185.9437179999996	4
186.37607599999959	1
186.85843399999962	2
187.36079199999963	3
187.83314999999965	4
188.30550799999966	1
188.80786599999968	2
189.2502239999997	3
189.71258199999968	4
190.17494000000002	1
191.62113400000004	2
193.04732800000002	1
193.52962300000002	2
193.971918	3
194.42421299999998	4
194.87650799999997	1
195.33223099999998	2
195.78795399999998	3
196.243677	4
196.6994	1
197.153739	2
197.608078	3
198.07241700000003	4
198.52675600000003	1
198.974523	2
199.42229	3
199.89005699999998	4
200.33782399999998	1
200.79559099999997	2
201.24335799999997	3
201.70112499999996	4
202.15889199999995	1
202.61118699999994	2
203.06348199999994	3
203.51577699999993	4
203.96807199999992	1
204.4285439999999	2
204.8790159999999	3
205.32948799999988	4
205.78995999999987	1
206.24407899999986	2
206.69819799999985	3
207.15231699999984	4
207.60643599999983	1
208.05660999999984	2
208.50678399999984	3
208.97695799999983	4
209.43713199999982	1
209.87572499999982	2
210.33431799999983	3
210.79291099999983	4
211.25150399999984	1
211.71150999999983	2
212.15151599999984	3
212.62152199999983	4
213.07152799999983	1
213.51835199999982	2
213.96517599999981	3
214.4419999999998	4
214.87882399999978	1
215.36294299999977	2
215.78706199999976	3
216.25118099999978	4
216.70529999999977	1
217.14941899999974	2
217.61353799999975	3
218.07765699999973	4
218.5117759999997	1
218.9841339999997	2
219.41649199999972	3
219.88884999999974	4
220.38120799999976	1
220.86903699999974	2
221.42686599999976	3
221.87469499999978	4
222.34252399999997	1
222.81108199999997	2
223.28963999999996	3
223.76819799999996	4
224.24675599999995	5
224.72531399999997	1
225.207733	2
225.670152	3
226.162571	4
226.70499	1
227.18288000000004	2
227.68077000000005	3
228.14866000000006	4
228.65655000000007	1
229.16638800000007	2
229.70622600000007	3
230.26606400000009	4