0.0	1
0.590059	2
1.190118	3
1.7901770000000001	4
2.3902360000000002	1
2.990295	2
3.590354	3
4.190413	4
4.7804720000000005	1
5.380531	2
5.98059	3
6.580649	4
7.180708	1
7.790767	2
8.390826	3
8.990885	4
9.590944	1
10.191003	2
10.791062	3
11.391121	4
11.98118	1
12.591239	2
13.191298	3
13.791357	4
14.391416	1
14.991475	2
15.591534	3
16.191592999999997	4
16.781652	1
17.391711	2
17.991770000000002	3
18.591829000000004	4
19.191888000000006	1
19.791947000000008	2
20.39200600000001	3
20.99206500000001	4
21.592124000000013	1
22.182183000000016	2
22.782242000000018	3
23.38230100000002	4
23.98236000000002	1
24.582419000000023	2
25.192478000000023	3
25.782537000000026	4
26.382596000000028	1
26.98265500000003	2
27.58271400000003	3
28.182773000000033	4
28.792832000000033	1
29.392891000000034	2
29.992950000000036	3
30.593009000000038	4
31.19306800000004	1
31.79312700000004	2
32.38318600000004	3
32.98324500000004	4
33.58330400000004	1
34.18336300000004	2
34.783422000000044	3
35.383481000000046	4
35.98354000000005	1
36.58359900000005	2
37.18365800000005	3
37.78371700000005	4
38.39377600000006	1
38.99383500000006	2
39.59389400000006	3
40.193953000000064	4
40.794012000000066	1
41.39407100000007	2
41.99413000000007	3
42.59418900000007	4
43.19424800000007	1
43.794307000000074	2
44.394366000000076	3
44.99442500000008	4
45.59448400000008	1
46.19454300000008	2
46.79460200000008	3
47.394661000000085	4
47.994720000000086	1
48.59477900000009	2
49.19483800000009	3
49.79489700000009	4
50.40495600000009	1
50.995015000000095	2
51.595074000000096	3
52.18513300000009	4
52.785192000000094	1
53.385251000000096	2
53.9853100000001	3
54.5853690000001	4
55.1854280000001	1
55.7854870000001	2
56.385546000000105	3
56.985605000000106	4
57.58566400000011	1
58.18572300000011	2
58.78578200000011	3
59.38584100000011	4
59.985900000000115	1
60.585959000000116	2
61.18601800000012	3
61.78607700000012	4
62.38613600000012	1
62.98619500000012	2
63.586254000000125	3
64.18631300000013	4
64.78637200000013	1
65.38643100000013	2
65.98649000000013	3
66.58654900000013	4
67.19660800000013	1
67.79666700000013	2
68.39672600000013	3
68.99678500000013	4
69.59684400000013	1
70.19690300000013	2
70.79696200000014	3
71.39702100000014	4
71.98708000000015	1
72.58713900000015	2
73.18719800000015	3
73.78725700000015	4
74.38731600000015	1
74.98737500000016	2
75.58743400000016	3
76.18749300000016	4
76.78755200000016	1
77.38761100000016	2
77.98767000000016	3
78.58772900000017	4
79.18778800000017	1
79.78784700000017	2
80.38790600000017	3
80.98796500000017	4
81.58802400000017	1
82.18808300000018	2
82.78814200000018	3
83.38820100000018	4
83.98826000000018	1
84.58831900000018	2
85.18837800000018	3
85.78843700000019	4
86.39849600000018	1
86.99855500000018	2
87.62861400000018	3
88.19867300000018	4
88.79873200000019	1
89.39879100000019	2
89.99885000000019	3
90.59890900000019	4
91.1889680000002	1
91.7890270000002	2
92.3890860000002	3
92.9891450000002	4
93.58920400000021	1
94.18926300000021	2
94.7993220000002	3
95.38938100000021	4
95.98944000000022	1
96.58949900000022	2
97.19955800000021	3
97.79961700000021	4
98.39967600000021	1
98.99973500000021	2
99.59979400000022	3
100.19985300000022	4
100.79991200000022	1
101.39997100000022	2
102.00003000000022	3
102.60008900000022	4
103.20014800000023	1
103.80020700000023	2
104.37026600000023	3
104.99032500000024	4
105.61038400000024	1
106.21044300000024	2
106.80050200000024	3
107.40056100000024	4
107.99062000000025	1
108.61067900000025	2
109.21073800000025	3
109.80079700000024	4
110.40085600000025	1
111.00091500000025	2
111.60097400000025	3
112.20103300000025	4
112.80109200000025	1
113.40115100000025	2
114.00121000000026	3
114.60126900000026	4
115.20132800000026	1
115.80138700000026	2
116.40144600000026	3
117.00150500000026	4
117.61156400000027	1
118.21162300000027	2
118.81168200000027	3
119.41174100000028	4
120.01180000000028	1
120.60185900000027	2
121.20191800000028	3
121.80197700000028	4
122.41203600000028	1
123.01209500000029	2
123.61215400000029	3
124.21221300000029	4
124.81227200000029	1
125.4123310000003	2
126.0123900000003	3
126.6124490000003	4
127.2125080000003	1
127.8125670000003	2
128.4126260000003	3
129.0126850000003	4
129.60274400000029	1
130.20280300000027	2
130.80286200000026	3
131.40292100000025	4
132.00298000000024	1
132.60303900000022	2
133.2030980000002	3
133.8031570000002	4
134.40321600000019	1
135.00327500000017	2
135.61333400000015	3
136.21339300000014	4
136.81345200000013	1
137.4135110000001	2
138.0135700000001	3
138.6136290000001	4
139.21368800000008	1
139.81374700000006	2
140.41380600000005	3
141.01386500000004	4
141.61392400000003	1
142.213983	2
142.814042	3
143.414101	4
144.01415999999998	1
144.61421899999996	2
145.21427799999995	3
145.81433699999994	4
146.41439599999993	1
147.0144549999999	2
147.6245139999999	3
148.2145729999999	4
148.80463199999988	1
149.40469099999987	2
150.00474999999986	3
150.60480899999985	4
151.20486799999983	1
151.80492699999982	2
152.4049859999998	3
153.0050449999998	4
153.60510399999978	1
154.20516299999977	2
154.80522199999976	3
155.40528099999975	4
156.00533999999973	1
156.60539899999972	2
157.2054579999997	3
157.8055169999997	4
158.40557599999968	1
159.00563499999967	2
159.60569399999966	3
160.20575299999965	4
160.80581199999963	1
161.40587099999962	2
162.0059299999996	3
162.6059889999996	4
163.20604799999958	1
163.80610699999957	2
164.41616599999955	3
165.01622499999954	4
165.61628399999952	1
166.2163429999995	2
166.8164019999995	3
167.4164609999995	4
168.00651999999948	1
168.60657899999947	2
169.20663799999946	3
169.80669699999945	4
170.40675599999943	1
171.00681499999942	2
171.5968739999994	3
172.2069329999994	4
172.81699199999937	1
173.41705099999936	2
174.01710999999935	3
174.61716899999934	4
175.21722799999932	1
175.8172869999993	2
176.4173459999993	3
177.0074049999993	4
177.60746399999928	1
178.20752299999927	2
178.80758199999926	3
179.40764099999924	4
180.00769999999923	1
180.60775899999922	2
181.2078179999992	3
181.8078769999992	4
182.40793599999918	1
183.00799499999917	2
183.60805399999916	3
184.20811299999914	4
184.81817199999912	1
185.4182309999991	2
186.0182899999991	3
186.61834899999909	4
187.21840799999907	1
187.81846699999906	2
188.41852599999905	3
189.00858499999904	4
189.60864399999903	1
190.20870299999902	2
190.808761999999	3
191.408820999999	4
192.01887999999897	1
192.61893899999896	2
193.21899799999895	3
193.81905699999893	4
194.41911599999892	1
195.0191749999989	2
195.6192339999989	3
196.21929299999888	4
196.81935199999887	1
197.41941099999886	2
198.01946999999885	3
198.61952899999883	4
199.21958799999882	1
199.8196469999988	2
200.4197059999988	3
201.01976499999878	4
201.61982399999877	1
202.21988299999876	2
202.81994199999875	3
203.42000099999873	4
204.02005999999872	1
204.6201189999987	2
205.2201779999987	3
205.82023699999868	4
206.42029599999867	1
207.02035499999866	2
207.62041399999865	3
208.21047299999864	4
208.81053199999863	1
209.41059099999862	2
210.0106499999986	3
210.6107089999986	4
211.22076799999857	1
211.82082699999856	2
212.42088599999855	3
213.02094499999853	4
213.62100399999852	1
214.2210629999985	2
214.8211219999985	3
215.42118099999848	4
216.02123999999847	1
216.62129899999846	2
217.22135799999845	3
217.82141699999843	4
218.42147599999842	1
219.0215349999984	2
219.6215939999984	3
220.22165299999838	4
220.82171199999837	1
221.42177099999836	2
222.02182999999835	3
222.62188899999833	4
223.22194799999832	1
223.8220069999983	2
224.4320659999983	3
225.02212499999828	4
225.62218399999827	1
226.22224299999826	2
226.83230199999824	3
227.42236099999823	4
228.02241999999822	1
228.6224789999982	2
229.2125379999982	3
229.82259699999818	4