0.0	1
0.39473499999999995	2
0.7894699999999999	3
1.184205	4
1.5989399999999998	1
2.0544195187499996	2
2.5331815187499997	3
2.99194351875	4
3.46070551875	1
3.9394675187500003	2
4.4182295187500005	3
4.89699151875	4
5.37575351875	1
5.864515518749999	2
6.343277518749999	3
6.822039518749999	4
7.300801518749998	1
7.778814518749998	2
8.256827518749999	3
8.73484051875	4
9.20285351875	1
9.680116518750001	2
10.157379518750002	3
10.634642518750002	4
11.111905518750003	1
11.589168518750004	2
12.066431518750004	3
12.543694518750005	4
13.020957518750006	1
13.486720518750007	2
13.962483518750007	3
14.438246518750008	4
14.914009518750008	1
15.389772518750009	2
15.86553551875001	3
16.351298518750006	4
16.827061518750007	1
17.304324518750008	2
17.78158751875001	3
18.24885051875001	4
18.72611351875001	1
19.21086251875001	2
19.685611518750008	3
20.160360518750007	4
20.635109518750006	1
21.112109518750007	2
21.589109518750007	3
22.066109518750007	4
22.543109518750008	1
23.018608518750007	2
23.494107518750006	3
23.969606518750005	4
24.445105518750005	1
24.921355518750005	2
25.397605518750005	3
25.873855518750005	4
26.350105518750006	1
26.826355518750006	2
27.302605518750006	3
27.778855518750007	4
28.255105518750007	1
28.730604518750006	2
29.196103518750007	3
29.681602518750005	4
30.157101518750004	1
30.633351518750004	2
31.109601518750004	3
31.585851518750005	4
32.062101518750005	1
32.53910151875	2
33.01610151875	3
33.493101518749995	4
33.97010151874999	1
34.44710151874999	2
34.924101518749985	3
35.40110151874998	4
35.868101518749974	1
36.35285051874998	2
36.827599518749984	3
37.30234851874999	4
37.77709751874999	1
38.25334751874999	2
38.72959751874999	3
39.20584751874999	4
39.68209751874999	1
40.15834751874999	2
40.63459751874999	3
41.11084751874999	4
41.58709751874999	1
42.06259651874999	2
42.53809551874999	3
43.01359451874999	4
43.48909351874999	1
43.96534351874999	2
44.44159351874999	3
44.91784351874999	4
45.39409351874999	1
45.87109351874999	2
46.348093518749984	3
46.82509351874998	4
47.30209351874998	1
47.77759251874998	2
48.253091518749976	3
48.728590518749975	4
49.204089518749974	1
49.679700518749975	2
50.155311518749976	3
50.630922518749976	4
51.10653351874998	1
51.582894518749974	2
52.05925551874997	3
52.53561651874997	4
53.011977518749966	1
53.489088518749966	2
53.96619951874997	3
54.44331051874997	4
54.92042151874997	1
55.39603251874997	2
55.87164351874997	3
56.34725451874997	4
56.82286551874997	1
57.29922651874997	2
57.775587518749965	3
58.25194851874996	4
58.72830951874996	1
59.20467051874996	2
59.681031518749954	3
60.15739251874995	4
60.63375351874995	1
61.110114518749945	2
61.58647551874994	3
62.06283651874994	4
62.53919751874994	1
63.01480851874994	2
63.49041951874994	3
63.96603051874994	4
64.44164151874993	1
64.91875251874993	2
65.39586351874992	3
65.87297451874991	4
66.3500855187499	1
66.82569651874991	2
67.30130751874991	3
67.77691851874991	4
68.25252951874991	1
68.72814051874991	2
69.22375151874992	3
69.68936251874992	4
70.16497351874992	1
70.64133451874991	2
71.11769551874991	3
71.59405651874991	4
72.0604175187499	1
72.5352785187499	2
73.02013951874991	3
73.48500051874991	4
73.96986151874992	1
74.44622251874992	2
74.92258351874992	3
75.39894451874991	4
75.87530551874991	1
76.35166651874991	2
76.8280275187499	3
77.3043885187499	4
77.7807495187499	1
78.2563605187499	2
78.7319715187499	3
79.2075825187499	4
79.6831935187499	1
80.1595545187499	2
80.6359155187499	3
81.1122765187499	4
81.58863751874989	1
82.06574851874988	2
82.54285951874988	3
83.01997051874987	4
83.48708151874986	1
83.97194251874987	2
84.44680351874987	3
84.92166451874988	4
85.39652551874988	1
85.87363651874988	2
86.35074751874987	3
86.82785851874986	4
87.30496951874986	1
87.77983051874986	2
88.26469151874987	3
88.72955251874987	4
89.20441351874987	1
89.68302451874987	2
90.16163551874988	3
90.64024651874988	4
91.10885751874987	1
91.59146851874988	2
92.06407951874988	3
92.53669051874988	4
93.00930151874988	1
93.48716251874988	2
93.96502351874989	3
94.44288451874989	4
94.9207455187499	1
95.3986065187499	2
95.8764675187499	3
96.35432851874991	4
96.83218951874991	1
97.30480051874991	2
97.77741151874991	3
98.25002251874992	4
98.73263351874992	1
99.20974451874991	2
99.68685551874991	3
100.1639665187499	4
100.63107751874989	1
101.1089385187499	2
101.5867995187499	3
102.0646605187499	4
102.54252151874991	1
103.01738251874991	2
103.49224351874992	3
103.96710451874992	4
104.44196551874992	1
104.91832651874992	2
105.39468751874992	3
105.87104851874992	4
106.34740951874991	1
106.82302051874991	2
107.29863151874991	3
107.77424251874992	4
108.24985351874992	1
108.72696451874991	2
109.2040755187499	3
109.6811865187499	4
110.15829751874989	1
110.63465851874989	2
111.11101951874988	3
111.58738051874988	4
112.06374151874988	1
112.54085251874987	2
113.01796351874987	3
113.49507451874986	4
113.97218551874985	1
114.44779651874985	2
114.92340751874985	3
115.39901851874986	4
115.87462951874986	1
116.35099051874985	2
116.82735151874985	3
117.30371251874985	4
117.78007351874984	1
118.25643451874984	2
118.73279551874984	3
119.20915651874984	4
119.68551751874983	1
120.16262851874983	2
120.63973951874982	3
121.10685051874981	4
121.5839615187498	1
122.0603225187498	2
122.5366835187498	3
123.0130445187498	4
123.48940551874979	1
123.9735165187498	2
124.4476275187498	3
124.92173851874979	4
125.39584951874978	1
125.87296051874978	2
126.35007151874977	3
126.82718251874977	4
127.30429351874976	1
127.78065451874976	2
128.25701551874977	3
128.73337651874976	4
129.20973751874976	1
129.68384851874976	2
130.16795951874974	3
130.64207051874973	4
131.10618151874974	1
131.59404251874972	2
132.0719035187497	3
132.5397645187497	4
133.0176255187497	1
133.4917365187497	2
133.97584751874967	3
134.44995851874967	4
134.92406951874966	1
135.40193051874965	2
135.86979151874965	3
136.34765251874964	4
136.82551351874963	1
137.30112451874965	2
137.77673551874963	3
138.25234651874962	4
138.7279575187496	1
139.2043185187496	2
139.6806795187496	3
140.1570405187496	4
140.6334015187496	1
141.1082625187496	2
141.5931235187496	3
142.0679845187496	4
142.5428455187496	1
143.0216145187496	2
143.4903835187496	3
143.9691525187496	4
144.4479215187496	1
144.9351905187496	2
145.4124595187496	3
145.88972851874962	4
146.34699751874965	1
146.81576651874963	2
147.30453551874965	3
147.79330451874964	4
148.26207351874965	1
148.72559151874964	2
149.19910951874965	3
149.68262751874968	4
150.1561455187497	1
150.63191351874968	2
151.10768151874967	3
151.59344951874965	4
152.06921751874964	1
152.53573651874964	2
153.01225551874964	3
153.47877451874962	4
153.9552935187496	1
154.4318125187496	2
154.9083315187496	3
155.39485051874962	4
155.8813695187496	1
156.3571375187496	2
156.83290551874958	3
157.29867351874958	4
157.77444151874957	1
158.24470951874954	2
158.72497751874954	3
159.20524551874954	4
159.68551351874953	1
160.16241951874954	2
160.63932551874956	3
161.11623151874957	4
161.5831375187496	1
162.0600435187496	2
162.53694951874962	3
163.03385551874965	4
163.50076151874964	1
163.97238851874968	2
164.44401551874967	3
164.90564251874966	4
165.38726951874966	1
165.87663451874963	2
166.3459995187496	3
166.8153645187496	4
167.3147295187496	1
167.78825251874963	2
168.26177551874963	3
168.7252985187496	4
169.1988215187496	1
169.6761935187496	2
170.15356551874962	3
170.61093751874964	4
171.09830951874963	1
171.58343151874962	2
172.05855351874962	3
172.54367551874964	4
173.01879751874964	1
173.50166851874963	2
173.97453951874962	3
174.43741051874963	4
174.91028151874963	1
175.38915251874963	2
175.86802351874962	3
176.34689451874962	4
176.82576551874962	1
177.29863651874962	2
177.7815075187496	3
178.2543785187496	4
178.7272495187496	1
179.2061205187496	2
179.6849915187496	3
180.1638625187496	4
180.6427335187496	1
181.1093555187496	2
181.5859775187496	3
182.06259951874958	4
182.53922151874957	1
183.01434351874957	2
183.48946551874957	3
183.97458751874956	4
184.44970951874956	1
184.92483151874956	2
185.39995351874956	3
185.87507551874955	4
186.35019751874955	1
186.82831951874954	2
187.29644151874956	3
187.77456351874957	4
188.2526855187496	1
188.7263075187496	2
189.1999295187496	3
189.6835515187496	4
190.1571735187496	1
190.6352955187496	2
191.1234175187496	3
191.5915395187496	4
192.05966151874964	1
192.53553351874965	2
193.01140551874965	3
193.48727751874966	4
193.97314951874966	1
194.44977151874966	2
194.92639351874965	3
195.40301551874964	4
195.86963751874964	1
196.34700951874964	2
196.82438151874965	3
197.30175351874965	4
197.77912551874965	1
198.26199651874964	2
198.73486751874964	3
199.20773851874964	4
199.68060951874963	1
200.15798151874964	2
200.63535351874964	3
201.11272551874964	4
201.59009751874964	1
202.06596951874965	2
202.55184151874965	3
203.01771351874967	4
203.49358551874968	1
203.9694575187497	2
204.4453295187497	3
204.9212015187497	4