0.0	1
0.59	2
1.19	3
1.7899999999999998	4
2.39	1
2.99	2
3.5900000000000003	3
4.19	4
4.8	1
5.3999999999999995	2
5.9799999999999995	3
6.599999999999999	4
7.199999999999998	1
7.809999999999998	2
8.399999999999999	3
8.999999999999998	4
9.599999999999998	1
10.199999999999998	2
10.759999999999998	3
11.399999999999997	4
11.999999999999996	1
12.599999999999996	2
13.199999999999996	3
13.799999999999995	4
14.399999999999995	1
14.999999999999995	2
15.599999999999994	3
16.199999999999996	4
16.799999999999997	1
17.4	2
18.0	3
18.6	4
19.200000000000003	1
19.800000000000004	2
20.400000000000006	3
21.000000000000007	4
21.60000000000001	1
22.20000000000001	2
22.80000000000001	3
23.400000000000013	4
24.000000000000014	1
24.600000000000016	2
25.200000000000017	3
25.80000000000002	4
26.40000000000002	1
27.00000000000002	2
27.600000000000023	3
28.200000000000024	4
28.800000000000026	1
29.400000000000027	2
30.00000000000003	3
30.60000000000003	4
31.20000000000003	1
31.800000000000033	2
32.400000000000034	3
33.000000000000036	4
33.60000000000004	1
34.20000000000004	2
34.80000000000004	3
35.40000000000004	4
36.00000000000004	1
36.600000000000044	2
37.200000000000045	3
37.80000000000005	4
38.40000000000005	1
39.00000000000005	2
39.60000000000005	3
40.20000000000005	4
40.800000000000054	1
41.400000000000055	2
42.00000000000006	3
42.60000000000006	4
43.20000000000006	1
43.80000000000006	2
44.40000000000006	3
45.000000000000064	4
45.600000000000065	1
46.20000000000007	2
46.80000000000007	3
47.40000000000007	4
48.00000000000007	1
48.60000000000007	2
49.200000000000074	3
49.800000000000075	4
50.40000000000008	1
51.00000000000008	2
51.60000000000008	3
52.20000000000008	4
52.80000000000008	1
53.400000000000084	2
54.000000000000085	3
54.60000000000009	4
55.20000000000009	1
55.80000000000009	2
56.40000000000009	3
57.00000000000009	4
57.600000000000094	1
58.200000000000095	2
58.8000000000001	3
59.4000000000001	4
60.0000000000001	1
60.6000000000001	2
61.2000000000001	3
61.800000000000104	4
62.400000000000105	1
63.00000000000011	2
63.60000000000011	3
64.2000000000001	4
64.8000000000001	1
65.40000000000009	2
66.00000000000009	3
66.60000000000008	4
67.20000000000007	1
67.80000000000007	2
68.40000000000006	3
69.00000000000006	4
69.61000000000006	1
70.25000000000004	2
70.78000000000004	3
71.38000000000004	4
71.99000000000002	1
72.64000000000003	2
73.26000000000002	3
73.84000000000002	4
74.4	1
74.97	2
75.6	3
76.19999999999999	4
76.79999999999998	1
77.40999999999998	2
78.00999999999998	3
78.60999999999997	4
79.20999999999997	1
79.80999999999996	2
80.40999999999995	3
81.00999999999995	4
81.60999999999994	1
82.20999999999994	2
82.80999999999993	3
83.40999999999993	4
84.00999999999992	1
84.60999999999991	2
85.20999999999991	3
85.8099999999999	4
86.4099999999999	1
87.00999999999989	2
87.60999999999989	3
88.20999999999988	4
88.80999999999987	1
89.40999999999987	2
90.00999999999986	3
90.60999999999986	4
91.20999999999985	1
91.80999999999985	2
92.40999999999984	3
93.00999999999983	4
93.60999999999983	1
94.20999999999982	2
94.80999999999982	3
95.40999999999981	4
96.0099999999998	1
96.6099999999998	2
97.2099999999998	3
97.80999999999979	4
98.40999999999978	1
99.00999999999978	2
99.60999999999977	3
100.20999999999977	4
100.80999999999976	1
101.41999999999975	2
102.01999999999974	3
102.59999999999974	4
103.19999999999973	1
103.79999999999973	2
104.39999999999972	3
104.99999999999972	4
105.59999999999971	1
106.1999999999997	2
106.7999999999997	3
107.3999999999997	4
107.99999999999969	1
108.60999999999969	2
109.20999999999968	3
109.80999999999968	4
110.40999999999967	1
111.00999999999966	2
111.60999999999966	3
112.20999999999965	4
112.80999999999965	1
113.40999999999964	2
114.00999999999964	3
114.60999999999963	4
115.21999999999962	1
115.81999999999961	2
116.37999999999961	3
116.9799999999996	4
117.5699999999996	1
118.16999999999959	2
118.81999999999958	3
119.43999999999959	4
120.31090099999938	1
120.91152787708292	2
121.51152787708291	3
122.1115278770829	4
122.7115278770829	1
123.3115278770829	2
123.91152787708289	3
124.51152787708288	4
125.11152787708288	1
125.71152787708287	2
126.31152787708287	3
126.91152787708286	4
127.51152787708286	1
128.11152787708284	2
128.71152787708283	3
129.31152787708282	4
129.91152787708282	1
130.52152787708283	2
131.12152787708283	3
131.72152787708282	4
132.3115278770828	1
132.9015278770828	2
133.51152787708278	3
134.11152787708278	4
134.71152787708277	1
135.31152787708277	2
135.96152787708277	3
136.53152787708277	4
137.10152787708276	1
137.75152787708276	2
138.37152787708274	3
138.90152787708274	4
139.50152787708274	1
140.10152787708273	2
140.67152787708272	3
141.36152787708272	4
141.9115278770827	1
142.4715278770827	2
142.65236121041644	3
142.87236121041644	4
143.11236121041642	1
143.66281921041602	2
144.26250957291597	3
144.86250957291597	4
145.46250957291596	1
146.06250957291596	2
146.66250957291595	3
147.26250957291595	4
147.86250957291594	1
148.46250957291593	2
149.06250957291593	3
149.66250957291592	4
150.26250957291592	1
150.8625095729159	2
151.4625095729159	3
152.0625095729159	4