0.02	1
0.4226829999999999	2
0.8253659999999998	3
1.2280489999999997	4
1.6307319999999996	1
2.0334149999999993	2
2.436097999999999	3
2.8387809999999987	4
3.2414639999999997	1
3.644147	2
4.046829999999999	3
4.439512999999999	4
4.842195999999999	5
5.244878999999998	1
5.637430724999998	2
6.029587724999998	3
6.421744724999998	4
6.813901724999998	5
7.206058724999998	1
7.598215724999998	2
7.9903727249999985	3
8.382529724999998	4
8.774686724999997	5
9.166843725	1
9.780646225	2
10.378818785416666	3
10.933149712499999	1
11.3602457125	2
11.747341712499999	3
12.124437712499997	4
12.481533712499997	5
12.858629712499997	1
13.285725712499996	2
13.672821712499996	3
14.039917712499996	4
14.427013712499996	5
14.804109712499995	1
15.231205712499996	2
15.618301712499996	3
15.985397712499994	4
16.372493712499995	5
16.759589712500002	1
17.3502337125	2
17.9008777125	3
18.461521712499998	1
18.8536857125	2
19.2358497125	3
19.618013712499998	4
20.000177712499998	5
20.362341712499997	1
20.764505712499997	2
21.156669712499998	3
21.524037724999996	4
21.891395724999995	5
22.258753725	1
22.656111725	2
23.053469725	3
23.4304237125	4
23.8175197125	5
24.2146157125	1
24.7533952125	2
25.312174712499996	3
25.860954212499998	1
26.270563212499997	2
26.680172212499997	3
27.0397812125	4
27.439390212499998	5
27.7989992125	1
28.1870272125	2
28.585055212499995	3
28.973083212499994	4
29.351111212499994	5
29.71913921249999	1
30.107167212499988	2
30.505195212499988	3
30.870466629166653	4
31.255466629166655	5
31.620466629166664	1
32.02756262916667	2
32.41465862916667	3
32.801754629166666	1
33.188850629166666	2
33.58594662916667	3
33.97304262916667	1
34.33013862916667	2
34.71723462916667	1
35.124330629166664	2
35.53142662916667	3
35.888522629166665	4
36.28561862916666	5
36.67271462916666	1
37.037328629166666	2
37.44194262916666	3
37.81655662916666	4
38.21117062916666	5
38.57578462916666	1
38.96774762916666	2
39.34971062916666	3
39.741673629166655	4
40.123636629166654	5
40.49559962916667	1
40.87776362916667	2
41.24992762916668	3
41.65209162916668	1
42.03425562916668	2
42.41641962916668	3
42.788583629166666	1
43.175679629166666	2
43.572775629166664	1
43.98531062916667	2
44.41725688541667	3
44.79942088541667	4
45.181584885416676	5
45.56374888541668	1
45.96079288541668	2
46.38783688541668	3
46.76488088541669	4
47.15192488541668	5
47.538968885416686	1
47.95112588541669	2
48.35328288541668	3
48.72543988541668	4
49.117596885416674	5
49.509753885416664	1
50.106674885416666	2
50.67359588541667	3
51.23051688541667	1
51.64525188541667	2
52.049986885416665	3
52.44472188541666	4
52.79945688541666	5
53.19419188541666	1
53.60892688541665	2
54.00300194583332	3
54.36336994583332	4
54.75373794583332	5
55.09410594583332	1
55.55274781249998	2
55.93274781249998	3
56.31274781249998	4
56.71274781249998	5
57.12274781250001	1
57.6759938125	2
58.2492398125	3
58.81248581250001	1
59.2324858125	2
59.642485812500006	3
60.007484062500005	4
60.4022190625	5
60.7669540625	1
61.17168906249999	2
61.586424062499994	3
61.97662041666666	4
62.36622941666666	5
62.725838416666676	1
63.125447416666674	2
63.55505641666667	3
63.939909760416676	1
64.32452376041668	2
64.68914293125	3
65.08623893125001	1
65.46333493125	2
65.85043093125	3
66.24752693125001	1
66.66462293125001	2
67.04171893125	1
67.40881493125	2
67.78594907083334	3
68.21135207083336	4
68.62675507083335	5
68.99946398750002	1
69.40162098750002	2
69.79375967500002	3
70.14712667500002	4
70.56049367500003	5
70.93386067500003	1
71.31722767500004	2
71.70059467500005	3
72.10396167500005	4
72.46732867500006	5
72.87069567500001	1
73.25406267500001	2
73.62743744375003	3
74.00453344375002	1
74.40162944375002	2
74.78872544375002	3
75.16582144375	1
75.56765158750001	2
75.95981940833335	1
76.11849490833333	2
76.35717040833333	3
76.54584590833332	4
76.74451595833332	5
76.96188345833332	6
77.15925095833332	7
77.36661845833332	8
77.55398595833331	9
77.72135345833331	10
77.92872095833332	11
78.13608845833335	1
78.34345595833334	2
78.53082345833334	3
78.72819095833334	4
78.8955530875	5
79.1116315875	6
79.3077100875	7
79.5337885875	8
79.71986708749999	9
79.9059455875	10
80.10202408750001	1
80.29810258750001	2
80.5041810875	3
80.6802595875	4
80.8763380875	5
81.0924165875	6
81.2884950875	7
81.5045735875	8
81.6806520875	9
81.8667305875	10
82.07294975833332	11
82.28162525833334	1
82.48030075833333	2
82.66897625833332	3
82.86765175833331	4
83.04631643749998	5
83.28239493749999	6
83.46847343749998	7
83.68455193749998	8
83.86063043749998	9
84.03670893749998	10
84.2427874375	1
84.4388659375	2
84.6349444375	3
84.8110229375	4
85.00709089375	5
85.22063889375	6
85.41418689375001	7
85.60773489375002	8
85.80128289375003	9
85.99483089375003	10
86.17837889375005	11
86.39192689375001	1
86.57547489375001	2
86.77902289375002	3
86.97257089375003	4
87.14614025833338	5
87.35481575833336	6
87.55349125833335	7
87.76216675833335	8
87.95084225833334	9
88.14951775833333	10
88.32819325833334	1
88.54686875833333	2
88.74554425833333	3
88.94421975833332	4
89.14287389374998	5
89.34642189374999	6
89.52996989374999	7
89.72351789375	8
89.91706589375	9
90.10061389375002	10
90.28416189375002	11
90.47770989375002	1
90.68125789375003	2
90.87480589375004	3
91.06835389375004	4
91.26191243750004	5
91.45799093750004	6
91.66406943750003	7
91.86014793750003	8
92.04622643750004	9
92.24230493750004	10
92.43838343750002	1
92.63446193750002	2
92.83054043750002	3
93.02661893750002	4
93.22268689375002	5
93.41623489375003	6
93.60978289375004	7
93.82333089375004	8
93.99687889375005	9
94.18042689375005	10
94.38397489375006	11
94.58752289375002	1
94.78107089375003	2
94.97461889375003	3
95.16816689375004	4
95.35173625833339	5
95.56041175833337	6
95.75908725833337	7
95.96776275833336	8
96.15643825833335	9
96.35511375833335	10
96.56378925833336	1
96.75246475833335	2
96.96114025833334	3
97.14981575833333	4
97.31846989374999	5
97.53201789375001	6
97.71556589375001	7
97.93911389375002	8
98.13266189375003	9
98.29620989375003	10
98.49975789375004	11
98.69330589375004	1
98.88685389375004	2
99.08040189375005	3
99.28394989375005	4
99.4675192583334	5
99.67619475833338	6
99.87487025833337	7
100.07354575833337	8
100.27222125833336	9
100.45089675833336	10
100.66957225833336	1
101.06692325833336	2
101.45425289375004	3
101.85134889375003	4
102.23844489375003	1
102.61554089375004	2
103.04794247708337	3
103.46173447708337	4
103.86552647708336	1
104.27931847708336	2
104.6730654041667	3
105.0852224041667	4
105.4773794041667	5
105.8695364041667	1
106.2416934041667	2
106.6338504041667	3
107.05651147500002	4
107.45833923750003	5
107.85049623750002	1
108.24265323750002	2
108.62481023750003	3
109.01696723750003	4
109.42912423750002	5
109.82128123750002	1
110.20343823750001	2
110.5655952375	3
110.98281638750001	4
111.38014574583335	5
111.77230274583334	1
112.16445974583334	2
112.53661674583333	3
112.93877374583333	4
113.34093074583333	5
113.73308774583333	1
114.10524474583332	2
114.49740174583332	3
114.89955874583332	4
115.30171574583332	5
115.69387274583332	1
116.07602974583331	2
116.46818674583331	3
116.87034374583331	4
117.2725007458333	5
117.6646577458333	1
118.0368147458333	2
118.41897174583329	3
118.82112874583329	4
119.2232857458333	5
119.59544274583337	1
119.99759974583337	2
120.39062893958337	3
121.20143893958337	4
121.96144868958338	1
122.76066868958337	2
123.51989596666671	3
124.3226089666667	4
125.0953219666667	1
125.89803496666671	2
126.67076205000004	3
127.48023505000003	4
128.23970805000005	1
129.03918105000002	2
129.80865405	3
130.61793603750002	4
131.39212803750004	1
132.55341603750006	2
133.76139832500004	3
134.94114970000007	1
136.09997970000006	2
137.25880970000009	3
138.4376397000001	1
139.6064697000001	2
140.79529970000013	3
141.96412970000006	1
142.36373970000005	2
142.72334970000006	3
143.14295970000006	4
143.49265865416675	5
143.89361765416672	1
144.6921211291667	2
145.43419668125006	1
145.79874218125005	2
146.34328768125005	3
146.77831672500005	4
147.20288969583336	5
147.58750469583336	1
147.99211969583337	2
148.36673469583337	3
148.75134969583337	4
149.12596469583335	5
149.51057969583334	1
150.26980969583335	2
151.0390194125	3
151.7985134125	4
152.5580074125	1
153.33689864583332	2
154.11611864583332	3
154.94688024166663	4
155.75773079166666	1
156.55695079166668	2
157.33621408333335	3
158.12621408333334	4
158.91621408333336	5
159.71621408333334	1
160.51621408333335	2
161.27026311666668	3
162.11218111666668	4
162.9340991166667	1
163.73478405416668	2
164.52489665833335	3
165.33570665833335	4
166.14651665833335	1
166.9466067416667	2
167.7266067416667	3
168.5566067416667	4
169.35660674166672	1
170.14660674166674	2
170.94660674166676	3
171.76660674166678	4
172.5366067416668	1
173.3366067416668	2
174.1366403291668	3
174.97276232916678	4
175.7688843291668	1
176.58500632916682	2
177.41111440833348	3
178.23055440833346	4
179.02999440833347	1
179.84943440833345	2
180.64890484583347	3
181.48295484583346	4
182.29700484583347	1
183.12105484583347	2
183.95517790208348	3
184.8242949020835	4
185.7620547020835	1
186.81296370208352	2
187.95286313958346	3
188.55350613958345	4
189.15414913958344	1
189.73479213958345	2
190.29542643333343	3
190.90189043333345	4
191.50835443333344	1
192.08481843333345	2
192.64127820416678	3
193.24571220416678	4
193.83014620416677	1
194.41458020416675	2
194.98900811041673	3
195.59051711041676	4
196.17202611041677	1
196.7435351104168	2
197.30506846666677	3
197.91826846666677	4
198.52146846666676	1
199.10466846666677	2
199.67786846666675	3
200.30106846666675	4
200.89426846666674	1
201.47746846666675	2
202.05066846666674	3
202.67386846666673	4
203.26706846666673	1
203.85026846666673	2
204.4334684666667	3
205.0266684666667	4
205.6198684666667	1
206.22306846666672	2
206.7962623791667	3
207.3965403791667	4
207.98681837916672	1
208.57709637916673	2
209.15736220416673	3
209.74179620416672	4
210.3262302041667	1
210.92066420416668	2
211.4851103791667	3
212.0953883791667	4
212.68566637916672	1
213.27594437916673	2
213.85622237916675	3
214.46650037916677	4
215.0567783791668	1
215.6470563791668	2
216.20736481458346	3
216.85225181458344	4
217.44713881458344	1
218.05202581458343	2
218.62686411041676	3
219.22837311041675	4
219.80988211041677	1
220.4013911104168	2
220.97294881458345	3
221.59783581458345	4
222.19272281458345	1
222.79760981458344	2
223.39247246666676	3
224.01567246666676	4
224.59887246666676	1
225.19207246666676	2
225.76527855416674	3
226.39140055416675	4
226.98752255416676	1
227.57364455416678	2
228.1597604666668	3
228.77296046666677	4
229.36616046666677	1
229.94936046666677	2
230.51264042083343	3
231.14421842083343	4
231.7089916625001	1
232.35399166250008	2
232.9166483312501	3
233.49807733125007	4
234.06950633125004	1
234.64093533125003	2
235.2124238541667	1
235.8124238541667	2
236.36406643125005	3
236.97229943125004	4
237.56053243125004	1
238.14876543125004	2
238.7169797208334	3
239.30623172083338	4
239.88548372083338	1
240.47473572083337	2
241.04403094583338	3
241.67403094583338	4
242.24403094583337	1
242.87403094583337	2
243.45398286458337	3
244.02090386458337	4
244.59782486458337	1
245.17474586458337	2
245.76166686458336	1
246.33858786458336	2
246.91555694583337	3
247.5255569458334	4
248.08555694583336	1
248.70555694583337	2
249.29550747708336	3
249.90176247708337	4
250.46801747708335	1
251.07427247708335	2
251.62055243125002	3
252.21878543125004	4
252.77701843125004	1
253.39525143125005	2
253.98348443125005	3
254.57171743125005	4
255.1398823541667	1
255.9732163541667	2
256.6506702791667	3
257.26067027916673	4
257.86067027916675	1
258.4606702791668	2
259.0606702791668	3
259.65067027916683	4
260.25067027916685	1
260.8506702791669	2
261.46653747708353	3
262.08531997708354	4
262.70410247708355	1
263.2928849770836	2
263.9116674770836	3
264.5204499770836	4
265.11886148958337	1
265.31493998958337	2
265.4910184895834	3
265.6870969895834	4
265.8931808604167	5
266.1305483604167	6
266.29791586041665	7
266.5052833604166	8
266.68265086041663	9
266.8800183604166	10
267.0873858604166	11
267.3147533604167	1
267.49212086041666	2
267.68948836041665	3
267.88685586041663	4
268.07425716041666	5
268.29973666041667	6
268.4852161604167	7
268.7106956604167	8
268.90617516041675	9
269.1116546604168	10
269.3071341604167	1
269.4880017479167	2
269.7080017479167	3
269.90800174791667	4
270.0879907791667	5
270.3153582791667	6
270.50272577916667	7
270.72009327916663	8
270.9074607791666	9
271.08482827916663	10
271.2921957791666	11
271.5195632791667	1
272.09166577916665	2
272.66611336458334	3
273.28517244791664	4
273.9011839625	1
274.447478575	2
275.0350306583333	3
275.62503065833334	1
276.22444010833334	2
276.81435580208336	3
277.4143558020834	4
278.0343558020834	1
278.76029371458344	2
279.49999793125005	3
280.22469043125005	4
280.94938293124994	1
281.43917793124996	2
281.90903948125	3
282.45077848125	1
282.97251748125	2
283.49427571666666	3
284.0152477166667	4
284.5462197166667	1
285.05799718750006	2
285.5803290625001	3
286.1457830625001	4
286.6712370625001	1
287.21667059166674	2
287.75721159166676	3
288.31775259166676	4
288.86829359166677	1
289.3888345916668	2
289.9570460916668	3
290.5180601416668	4
291.0688071416668	1
291.6295541416668	2
292.1803011416668	3
292.7410481416668	4
293.3017951416668	1
293.87254214166677	2
294.42357573750013	3
295.0196137375001	4
295.5856517375001	1
296.1516897375001	2
296.7077277375001	3
297.30376573750004	4
297.84980373750005	1
298.39584173750006	2
298.9418797375001	3
299.51791773750006	4
300.09395573750004	1
300.64099545625004	2
301.15670845625004	3
301.6878187354167	4
302.2187907354167	1
302.7497627354167	2
303.28088084375	1
303.87691884375	2
304.41291316875004	3
304.97836393958335	4
305.51381793958336	5
306.07927193958335	1
306.61472593958337	2
307.16022203125004	3
307.71577803125007	4
308.2713340312501	1
308.8368900312501	2
309.3923863020834	3
309.9436073020834	4
310.47482830208344	1
311.02604930208344	2
311.54665994375006	3
311.97139494375006	4
312.3661299437501	1
312.7508649437501	2
313.13559994375015	3
313.5303349437502	4
313.9009567666668	1
314.2813247666668	2
314.6416927666668	3
315.04561553333343	4
315.43035053333347	1
315.81422212708344	2
316.19922212708343	3
316.57422212708343	4
316.95589360208345	1
317.34805760208343	2
317.7303702354168	3
318.13037023541676	4
318.52037023541675	1
318.9203702354167	2
319.2903458229168	3
319.72448682291673	4
320.1186278229167	1
320.5127688229167	2
320.8868700479167	3
321.2814650479167	4
321.6560600479167	1
322.06065504791667	2
322.43525004791667	3
322.82984504791665	4
323.21444004791664	1
323.59903504791663	2
323.98364046874997	3
324.38073646874994	1
324.78783246874997	2
325.1649284687499	3
325.56202446875	1
325.93912046874993	2
326.30621646874994	3
326.7033124687499	4
327.1004084687499	1
327.4875044687499	2
327.87460046874986	3
328.25169646874986	4
328.60861166874986	1
328.99361166874985	2
329.34861166874987	3
329.7333818874999	4
330.09632288749987	1
330.43926388749986	2
330.79278749166656	3
331.16642249166654	4
331.53811349166654	1
331.9489899395832	2
332.3170869395832	3
333.0960288645831	4
333.84524886458314	1
334.63432317708316	2
335.39355317708316	3
336.19278317708313	4
336.9518574895831	1
337.73107748958313	2
338.50029748958315	3
339.28951748958315	4
340.0489556145832	1
340.82818561458316	2
341.5674156145831	3
342.37664561458314	4
343.12587561458326	1
343.92003660208326	2
344.69419758958327	3
345.46342758958326	1
346.2035878395833	2
346.96138378333325	3
347.35873478333326	4
347.76608578333327	5
348.14343815833325	1
348.52053415833325	2
348.88763015833325	3
349.2847261583332	4
349.6918221583332	5
350.0689181583332	1
350.4560141583332	2
350.8231101583332	3
351.22020615833316	4
351.6273021583331	5
352.00252895833324	1
352.55502895833325	2
353.1547377333332	3
353.70798373333326	1
354.10014773333324	2
354.47240665208324	3
354.87975765208324	4
355.27710865208326	5
355.67442718958324	1
356.05658418958325	2
356.43874118958325	3
356.82900527291656	4
357.22875227291655	5
357.59849927291657	1
357.9782462729166	2
358.3382118479166	3
358.74294684791664	4
359.13763913124995	5
359.5172481312499	1
360.1016616312499	2
360.6785835999999	3
361.2418295999999	1
361.6207527916666	2
361.9680820041666	3
362.3551780041666	4
362.78227400416654	5
363.13937000416655	1
363.52646600416654	2
363.90356200416653	3
364.2906580041665	4
364.6977540041665	5
365.0748500041665	1
365.46194600416646	2
365.83904200416646	3
366.22613800416644	4
366.6432340041664	5
367.01033000416663	1
367.3974260041666	2
367.7845536354166	3
368.1767106354166	1
368.5888676354166	2
368.9710246354166	3
369.38318163541663	1
369.76533863541664	2
370.12738840416665	1
370.49238840416666	2
370.8975280979166	3
371.29487909791663	4
371.70214289791664	5
372.0668778979167	1
372.4716128979167	2
372.86615692291673	3
373.2532529229167	4
373.6603489229167	5
374.0174449229167	1
374.42454092291666	2
374.80163692291666	3
375.19873292291663	4
375.5760397979166	5
375.97819679791667	1
376.38035379791665	2
376.78286600625	3
377.20831688125	4
377.6815366375	1
378.16121611250003	2
378.61275311250006	3
379.15011555416675	4
379.90524355416676	1
380.58751302916676	2
381.2697560291668	3
381.9861854291668	4
382.7763683041668	1
383.4955983041668	2
384.2343704291668	3
384.9486554291668	4
385.6743580791668	1
386.4120320791668	2
387.0597060791668	3
387.7576569291668	4
388.5760003645835	1
389.3172726020835	2
390.09035282083346	3
390.81487265833346	4
391.62591009791686	1
392.37984646250015	2
393.13907646250016	3
393.94830646250017	4
394.72753646250015	1
395.4767664625001	2
396.2459964625001	3
397.0152264625001	4
397.7544564625001	1
398.49461671250015	2
399.22461671250016	3
399.94461671250014	4
400.7046167125001	1
401.4646167125001	2
402.25461671250014	3
403.00461671250014	4
403.75461671250014	1
404.50461671250014	2
405.25461671250014	3