0.0	1
0.5	2
1.0	3
1.5	4
2.0	1
2.5	2
3.0	3
3.5	4
4.05	1
4.317209	1
4.8945170000000005	2
5.471825000000001	3
6.049133000000001	4
6.626441000000002	1
7.203749000000002	2
7.781057000000002	3
8.358365000000003	4
8.945673000000003	1
9.462981000000003	2
10.080289000000004	3
10.667597000000004	4
11.244905000000005	1
11.822213000000005	2
12.399521000000005	3
12.966829000000006	4
13.564137000000006	1
14.121445000000007	2
14.708753000000007	3
15.296061000000007	4
15.853369000000008	1
16.42067700000001	2
17.007985000000005	3
17.585293000000004	4
18.182601000000002	1
18.759909	2
19.337217	3
19.924525	4
20.491832999999996	1
21.049140999999995	2
21.626448999999994	3
22.203756999999992	4
22.791064999999993	1
23.36837299999999	2
23.96568099999999	3
24.542988999999988	4
25.110296999999985	1
25.687604999999984	2
26.264912999999982	3
26.84222099999998	4
27.41952899999998	1
27.98683699999998	2
28.56414499999998	3
29.151452999999975	4
29.728760999999974	1
30.306068999999972	2
30.88337699999997	3
31.46068499999997	4
32.03799299999997	1
32.59530099999997	2
33.17260899999997	3
33.76991699999998	4
34.32722499999998	1
34.92453299999998	2
35.49184099999998	3
36.06914899999998	4
36.66645699999999	1
37.24376499999999	2
37.80107299999999	3
38.37838099999999	4
38.95568899999999	1
39.542997	2
40.110305	3
40.697613000000004	4
41.264921	1
41.842229	2
42.42953700000001	3
42.99684500000001	4
43.584153000000015	1
44.16146100000002	2
44.728769000000014	3
45.306077000000016	4
45.88338500000002	1
46.46069300000002	2
47.028001000000025	3
47.60530900000003	4
48.19261700000003	1
48.78992500000003	2
49.34060850000003	3
49.907916500000034	4
50.48522450000004	1
51.09253250000004	2
51.66984050000004	3
52.25714850000004	4
52.824456500000046	1
53.41176450000005	2
53.97907250000005	3
54.55638050000005	4
55.133688500000055	1
55.71099650000006	2
56.27830450000006	3
56.84561250000006	4
57.42292050000006	1
58.01022850000007	2
58.577536500000065	3
59.15484450000007	4
59.72215250000007	1
60.319460500000076	2
60.89676850000008	3
61.464076500000075	4
62.05138450000008	1
62.628692500000085	2
63.19600050000008	3
63.773308500000084	4
64.38061650000009	1
64.96792450000008	2
65.51523250000008	3
66.08254050000009	4
66.64984850000009	1
67.21715650000009	2
67.79446450000009	3
68.37177250000009	4
68.9990805000001	1
69.5563885000001	2
70.1336965000001	3
70.70100450000011	4
71.27831250000011	1
71.8656205000001	2
72.44292850000011	3
73.03023650000011	4
73.59754450000011	1
74.18485250000012	2
74.76371600000012	3
75.34102400000012	4
75.91833200000012	1
76.49564000000012	2
77.06294800000013	3
77.64025600000014	4
78.23756400000013	1
78.81487200000014	2
79.37218000000014	3
79.96948800000014	4
80.54679600000014	1
81.12410400000014	2
81.69141200000014	3
82.26872000000014	4
82.83602800000016	1
83.42333600000015	2
84.00064400000015	3
84.57795200000015	4
85.14526000000016	1
85.72256800000017	2
86.30987600000016	3
86.87718400000017	4
87.43449200000016	1
88.03180000000017	2
88.58910800000017	3
89.16641600000017	4
89.75372400000018	1
90.33103200000018	2
90.89834000000018	3
91.49564800000019	4
92.08295600000018	1
92.66026400000018	2
93.23757200000018	3
93.81488000000019	4
94.3821880000002	1
94.9594960000002	2
95.51680400000019	3
96.1141120000002	4
96.6914200000002	1
97.26872800000021	2
97.84603600000021	3
98.4333440000002	4
98.99065200000021	1
99.57796000000022	2
100.15526800000022	3
100.74257600000021	4
101.30988400000022	1
101.88719200000023	2
102.47450000000022	3
103.06180800000023	4
103.61911600000023	1
104.20642400000023	2
104.78373200000023	3
105.37104000000024	4
105.92834800000024	1
106.51565600000023	2
107.09296400000024	3
107.67027200000024	4
108.24758000000024	1
108.82488800000024	2
109.39219600000025	3
109.97950400000025	4
110.54681200000026	1
111.13412000000025	2
111.71142800000025	3
112.28873600000026	4
112.84604400000026	1
113.44335200000026	2
114.01066000000027	3
114.56796800000026	4
115.16527600000028	1
115.76258400000027	2
116.29989200000027	3
116.87720000000027	4
117.46450800000028	1
118.04181600000028	2
118.62912400000029	3
119.20643200000029	4
119.79374000000028	1
120.37104800000029	2
120.9383560000003	3
121.5156640000003	4
122.10297200000029	1
122.6802800000003	2
123.2475880000003	3
123.8048960000003	4
124.3922040000003	1
124.97951200000031	2
125.5668200000003	3
126.14412800000031	4
126.71143600000032	1
127.28874400000032	2
127.86605200000032	3
128.4433600000003	4
129.02066800000028	1
129.59797600000027	2
130.17528400000026	3
130.76259200000027	4
131.33990000000026	1
131.92720800000023	2
132.5145160000002	3
133.0918240000002	4
133.6591320000002	1
134.2364400000002	2
134.81374800000017	3
135.38105600000017	4
135.95836400000016	1
136.53567200000015	2
137.12298000000013	3
137.7002880000001	4
138.2775960000001	1
138.8549040000001	2
139.4222120000001	3
139.99952000000008	4
140.57682800000006	1
141.15413600000005	2
141.72144400000002	3
142.298752	4
142.88606000000001	1
143.463368	2
144.02067599999998	3
144.59798399999997	4
145.17529199999996	1
145.78259999999995	2
146.35990799999993	3
146.92721599999993	4
147.4945239999999	1
148.0718319999999	2
148.64913999999987	3
149.22644799999986	4
149.81375599999987	1
150.39106399999986	2
150.96837199999985	3
151.53567999999981	4
152.1129879999998	1
152.6902959999998	2
153.26760399999978	3
153.85491199999979	4
154.43221999999977	1
155.00952799999976	2
155.58683599999975	3
156.17414399999973	4
156.74145199999973	1
157.3087599999997	2
157.88606799999968	3
158.4733759999997	4
159.04068399999966	1
159.62799199999967	2
160.20529999999965	3
160.78260799999964	4
161.37849599999961	1
161.95580399999963	2
162.52311199999963	3
163.0904199999996	4
163.66772799999958	1
164.23503599999958	2
164.81234399999957	3
165.39965199999955	4
165.97695999999954	1
166.55426799999952	2
167.14157599999953	3
167.71888399999952	4
168.2861919999995	1
168.86349999999948	2
169.43080799999947	3
169.99811599999947	4
170.57542399999946	1
171.17273199999943	2
171.75003999999942	3
172.3273479999994	4
172.8946559999994	1
173.48196399999938	2
174.05927199999937	3
174.63657999999936	4
175.21388799999934	1
175.80119599999935	2
176.37850399999934	3
176.95581199999933	4
177.53311999999931	1
178.10042799999928	2
178.67773599999927	3
179.25504399999926	4
179.83235199999925	1
180.40965999999923	2
180.98696799999922	3
181.57427599999923	4
182.1415839999992	1
182.7188919999992	2
183.29619999999917	3
183.87350799999916	4
184.45081599999915	1
185.02812399999914	2
185.59543199999914	3
186.19273999999913	4
186.77004799999912	1
187.3473559999991	2
187.9346639999991	3
188.50197199999909	4
189.06927999999905	1
189.65658799999906	2
190.24389599999904	3
190.82120399999903	4
191.38851199999903	1
191.955819999999	2
192.543127999999	3
193.120435999999	4
193.69774399999898	1
194.27505199999896	2
194.85235999999895	3
195.41966799999892	4
196.00697599999893	1
196.58428399999892	2
197.1615919999989	3
197.7388999999989	4
198.30620799999886	1
198.89351599999887	2
199.47082399999886	3
200.04813199999884	4
200.62543999999883	1
201.20274799999882	2
201.7800559999988	3
202.3573639999988	4
202.9292624999987	1
203.5265704999988	2
204.10387849999879	3
204.67118649999875	4
205.24849449999874	1
205.82580249999873	2
206.40311049999872	3
206.9804184999987	4
207.5677264999987	1
208.13503449999868	2
208.7223424999987	3
209.29965049999868	4
209.87695849999866	1
210.46426649999864	2
211.03157449999864	3
211.5988824999986	4
212.1761904999986	1
212.75349849999859	2
213.32080649999858	3
213.89811449999857	4
214.48542249999855	1
215.07273049999856	2
215.63003849999853	3
216.2173464999985	4
216.80465449999852	1
217.3819624999985	2
217.9592704999985	3
218.53657849999848	4
219.11388649999847	1
219.68119449999844	2
220.25850249999843	3
220.80581049999842	4
221.4131184999984	1
221.9704264999984	2
222.5577344999984	3
223.13504249999838	4
223.71235049999837	1
224.28965849999835	2
224.86696649999834	3
225.44427449999833	4
226.02158249999832	1
226.5888904999983	2
227.1661984999983	3
227.76350649999827	4
228.34081449999826	1
228.91812249999825	2
229.49543049999824	3
230.05273849999824	4
230.63004649999823	1
231.2273544999982	2
231.8146624999982	3
232.38197049999818	4
232.95927849999816	1
233.53658649999815	2
234.10389449999815	3
234.70120249999815	4
235.28851049999813	1
235.85581849999812	2
236.4031264999981	3
236.9804344999981	4
237.55774249999808	1
238.13505049999807	2
238.74235849999806	3
239.32966649999804	4
239.90697449999803	1
240.464282499998	2
241.021590499998	3
241.598898499998	4
242.176206499998	1
242.78351449999798	2
243.35082249999795	3
243.92813049999793	4
244.49543849999793	1
245.0827464999979	2
245.6600544999979	3
246.2373624999979	4
246.81467049999787	1
247.39197849999786	2
247.94928649999787	3
248.54659449999784	4
249.12390249999783	1
249.7012104999978	2
250.2685184999978	3
250.8458264999978	4
251.4131344999978	1
251.99044249999778	2
252.54775049999776	3
253.17505849999776	4
253.75236649999775	1
254.28967449999772	2
254.8669824999977	3
255.4542904999977	4
256.0315984999977	1
256.61890649999776	2
257.18621449999773	3
257.7735224999978	4
258.3708304999978	1
258.9681384999978	2
259.51544649999784	3
260.11275449999783	4
260.68006249999786	1
261.2573704999979	2
261.8346784999979	3
262.4219864999979	4
262.9892944999979	1
263.56660249999794	2
264.14391049999796	3
264.721218499998	4
265.298526499998	1
265.875834499998	2
266.453142499998	3
267.04045049999803	4
267.60775849999806	1
268.19506649999806	2
268.7723744999981	3
269.3696824999981	4
269.9269904999981	1
270.50429849999813	2
271.0516064999982	3
271.6389144999982	4
272.2162224999982	1
272.7935304999982	2
273.37083849999823	3
273.94814649999824	4
274.54545449999824	1
275.12276249999826	2
275.71007049999827	3
276.2573784999983	4
276.82468649999834	1
277.42199449999833	2
277.98930249999836	3
278.57661049999837	4
279.1539184999984	1
279.7312264999984	2
280.2985344999984	3
280.87584249999844	4
281.46315049999845	1
282.04045849999846	2
282.6077664999985	3
283.1850744999985	4
283.7623824999985	1
284.33969049999854	2
284.8969984999985	3
285.50430649999856	4
286.0816144999986	1
286.6489224999986	2
287.21623049999863	3
287.80353849999864	4
288.38084649999865	1
288.95815449999867	2
289.51546249999865	3
290.1127704999987	4
290.7100784999987	1