0.0	1
0.5287000000000001	2
1.0574000000000001	3
1.5861	4
2.1148000000000002	1
2.6435000000000004	2
3.1722000000000006	3
3.7009000000000007	4
4.2296000000000005	1
4.7583	2
5.267	3
5.8157	4
6.2943999999999996	1
6.875102999999999	2
7.415805999999999	3
7.946508999999999	4
8.507211999999999	1
9.055921	2
9.60463	3
10.163339	4
10.702048000000001	1
11.241979	2
11.78191	3
12.321841	4
12.861771999999998	1
13.401702999999998	2
13.941633999999997	3
14.481564999999996	4
15.021495999999996	1
15.557036999999996	2
16.092577999999996	3
16.628118999999995	4
17.173659999999995	1
17.717979999999994	2
18.25229999999999	3
18.78661999999999	4
19.34093999999999	1
19.88087099999999	2
20.410801999999986	3
20.950732999999985	4
21.500663999999986	1
22.05169199999999	2
22.59271999999999	3
23.13374799999999	4
23.67477599999999	1
24.20580399999999	2
24.74683199999999	3
25.27785999999999	4
25.828887999999992	1
26.369915999999993	2
26.910943999999994	3
27.451971999999994	4
27.992999999999995	1
28.542930999999996	2
29.082861999999995	3
29.612792999999993	4
30.152723999999992	1
30.67716699999999	2
31.22160999999999	3
31.766052999999992	4
32.30049599999999	1
32.84481599999999	2
33.37913599999999	3
33.92345599999999	4
34.467775999999986	1
35.01990099999998	2
35.56202599999998	3
36.09415099999998	4
36.63627599999998	1
37.18401199999998	2
37.721747999999984	3
38.24948399999999	4
38.78721999999999	1
39.34263899999999	2
39.888057999999994	3
40.433476999999996	4
40.968896	1
41.518950000000004	2
42.049004000000004	3
42.569058	4
43.079112	1
43.645627	2
44.212142	3
44.748657	4
45.27517200000001	1
45.82169000000001	2
46.34820800000001	3
46.90472600000001	1
47.4363	2
47.987874000000005	3
48.529448	4
49.07102200000001	1
49.610953000000016	2
50.15088400000002	3
50.690815000000015	1
51.22855100000002	2
51.76628700000002	3
52.30402300000002	4
52.851759000000015	1
53.39169000000002	2
53.92162100000002	3
54.47155200000002	1
55.01148300000002	2
55.56141400000002	3
56.10134500000002	4
56.62127600000003	1
57.16230400000003	2
57.71333200000002	3
58.25436000000002	4
58.78538800000002	1
59.32629400000001	2
59.89720000000002	1
60.452741000000024	2
60.97828200000002	3
61.51382300000002	4
62.03936400000003	1
62.593684000000025	2
63.13800400000002	3
63.68232400000002	4
64.21664400000003	1
64.76218500000003	2
65.29772600000003	3
65.83326700000002	4
66.36880800000002	1
66.90434900000001	2
67.44989	3
67.98543099999999	4
68.510972	1
69.05419499999999	2
69.59741799999999	3
70.14064099999999	4
70.67386399999998	1
71.21708699999998	2
71.77030999999998	3
72.31353299999998	4
72.84675599999997	1
73.38888099999997	2
73.93100599999997	3
74.47313099999997	4
75.00525599999996	1
75.54738099999996	2
76.09950599999996	3
76.65163099999997	4
77.18375599999996	1
77.72588099999996	2
78.26800599999996	3
78.81013099999996	4
79.35225599999995	1
79.90108899999996	2
80.43992199999995	3
80.96875499999994	4
81.50758799999994	1
82.05642099999994	2
82.59525399999994	3
83.13408699999994	4
83.67291999999993	1
84.21175299999993	2
84.75058599999993	3
85.28941899999992	4
85.81825199999992	1
86.37147499999992	2
86.91469799999992	3
87.44792099999991	4
87.9911439999999	1
88.5343669999999	2
89.0675899999999	3
89.6208129999999	4
90.1640359999999	1
90.7028689999999	2
91.24170199999989	3
91.77053499999988	4
92.31936799999988	1
92.86039599999988	2
93.40142399999988	3
93.94245199999988	4
94.48347999999987	1
95.02792299999987	2
95.57236599999986	3
96.09680899999987	4
96.62125199999986	1
97.17105899999986	2
97.72086599999986	3
98.27067299999986	4
98.82047999999986	1
99.35492299999987	2
99.88936599999987	3
100.43380899999987	4
100.95825199999986	1
101.50147499999986	2
102.04469799999985	3
102.57792099999985	4
103.13114399999985	1
103.68326899999985	2
104.21539399999985	3
104.74751899999984	4
105.28964400000001	1
105.825185	2
106.370726	3
106.89626700000001	1
107.44839300000001	2
107.990519	3
108.532645	4
109.08477100000002	1
109.61031000000001	2
110.14584900000001	3
110.68138800000001	1
111.22899900000002	2
111.77661000000002	3
112.32422100000002	4
112.87183200000001	1
113.39152100000001	2
113.93121000000002	3
114.46089900000001	1
115.00851000000002	2
115.55612100000002	3
116.10373200000002	4
116.65134300000003	1
117.17249300000002	2
117.73364300000001	3
118.27479300000002	4
118.77594300000001	1
119.33026300000002	2
119.87458300000002	3
120.41890300000001	4
120.943223	1
121.50425100000001	2
122.055279	3
122.576307	4
123.117335	1
123.658363	2
124.209391	3
124.74041899999999	4
125.28144700000001	1
125.82247500000001	2
126.36350300000001	3
126.904531	1
127.435559	2
127.986587	3
128.527615	4
129.068643	1
129.607751	2
130.16685900000002	3
130.685967	4
131.215075	1
131.784183	2
132.313291	3
132.852399	4
133.391507	1
133.930615	2
134.479723	3
135.018831	4
135.537939	1
136.065	2
136.63206100000002	3
137.17912200000004	4
137.72618300000005	1
138.26501600000006	2
138.80384900000007	3
139.34268200000008	4
139.8715150000001	1
140.4247380000001	2
140.96796100000012	3
141.50118400000014	4
142.04440700000015	1
142.60214300000013	2
143.12987900000013	3
143.65761500000013	4
144.19535100000013	1
144.73637900000014	2
145.27740700000015	3
145.82843500000016	4
146.36946300000017	1
146.91049100000018	2
147.4515190000002	3
147.9925470000002	4
148.5335750000002	1
149.07460300000022	2
149.61563100000023	3
150.14665900000026	4
150.68768700000027	1
151.23432500000027	2
151.78096300000027	3
152.31760100000028	4
152.8542390000003	1
153.3985590000003	2
153.9428790000003	3
154.4671990000003	4
155.0115190000003	1
155.5570600000003	2
156.0926010000003	3
156.62814200000028	4
157.17368300000027	1
157.71690600000028	2
158.2701290000003	3
158.8033520000003	4
159.3365750000003	1
159.8832130000003	2
160.42985100000033	3
160.96648900000034	4
161.48312700000028	1
161.93428900000026	2
162.36545100000026	3
162.80661300000025	4
163.24777500000025	1
163.67028100000024	2
164.08278700000025	3
164.50529300000025	4
164.92779900000025	1
165.36140400000025	2
165.78500900000026	3
166.21861400000026	4
166.6522190000003	1
167.0835050000003	2
167.50479100000027	3
167.91607700000029	4
168.34736300000029	1
168.77864900000029	2
169.20993500000029	3
169.6412210000003	4
170.0725070000003	1
170.4972070000003	2
170.9219070000003	3
171.35660700000028	4
171.78130700000028	1
172.20820400000028	2
172.63510100000028	3
173.06199800000027	4
173.49889500000026	1
173.92688800000025	2
174.35488100000023	3
174.78287400000022	4
175.21086700000023	1
175.64325100000025	2
176.06563500000027	3
176.49801900000028	4
176.93040299999998	1
177.34839599999998	2
177.78638899999999	1
178.23877	2
178.64115099999998	3
179.07353199999997	4
179.49591299999994	1
179.92951799999997	2
180.35312299999998	3
180.776728	4
181.210333	1
181.643938	2
182.04754300000002	3
182.48114800000002	4
182.90475300000003	1
183.344939	2
183.765125	3
184.195311	4
184.625497	1
185.055683	2
185.475869	3
185.91605499999997	4
186.34624099999996	1
186.77972399999996	2
187.20320699999996	3
187.62668999999994	4
188.06017299999993	1
188.48048499999993	2
188.90079699999993	3
189.32110899999992	4
189.75142099999994	1
190.19612099999992	2
190.62082099999992	3
191.04552099999992	4
191.47022099999992	1
191.91479999999993	2
192.32937899999993	3
192.76395799999995	4
193.18853699999997	1
193.63311599999997	2
194.057695	3
194.492274	4
194.92685300000002	1
195.35594500000002	2
195.78503700000002	3
196.224129	4
196.653221	1
197.077921	2
197.502621	3
197.927321	4
198.362021	1
198.79001399999999	2
199.20800699999998	3
199.63599999999997	4
200.07399299999994	1
200.49759799999995	2
200.92120299999996	3
201.34480799999997	4
201.76841299999998	1
202.19969899999998	2
202.620985	3
203.052271	4
203.483557	1
203.91154999999998	2
204.33954299999996	3
204.75753599999996	4
205.20552899999993	1
205.6335219999999	2
206.0615149999999	3
206.4895079999999	4
206.90750099999988	1
207.35549399999988	2
207.78348699999987	3
208.20147999999983	4
208.62947299999982	1
209.05514799999983	2
209.50082299999983	3
209.92649799999984	4
210.36217299999984	1
210.79126499999984	2
211.22035699999984	3
211.63944899999984	4
212.06854099999984	1
212.48763299999982	2
212.91672499999981	3
213.3458169999998	4
213.78490899999983	1
214.20960899999983	2
214.64430899999982	3
215.05900899999983	4
215.48370899999983	1
215.91280099999983	2
216.35189299999982	3
216.78098499999982	4
217.210077	1
217.42454400000003	2
217.63901100000004	3
217.85347800000005	4
218.06794500000007	5
218.28241200000008	6
218.4968790000001	7
218.70134600000003	1
219.120438	2
219.54953	3
219.998622	4
220.427714	1
220.625316	2
220.872918	3
221.10052000000002	4
221.308122	5
221.515724	6
221.733326	7
221.950928	1
222.37002	2
222.799112	3
223.228204	4
223.657296	1
224.07638799999998	2
224.50547999999998	3
224.944572	4
225.38366399999998	1
225.79275599999997	2
226.22184799999997	3
226.66093999999998	4
227.090032	1
227.30198950000002	2
227.51394700000003	3
227.71590450000002	4
227.93786200000005	5
228.14981950000006	6
228.37177700000007	7
228.5837345	1
229.0128265	2
229.44191849999999	3
229.87101049999998	4
230.30010249999998	1
230.7237055	2
231.13730850000002	3
231.57091150000002	4
231.99451450000004	1
232.51663950000003	2
233.05876450000002	3
233.59088950000003	4
234.16301450000003	1
234.67846850000004	2
235.21392250000005	3
235.74937650000004	4
236.32483050000005	1
236.83472550000005	2
237.37462050000005	3
237.95451550000007	4
238.50441050000006	1
239.03995150000006	2
239.57549250000005	3
240.12103350000004	4
240.63657450000005	1
241.18650550000004	2
241.72643650000003	3
242.26636750000003	4
242.80629850000003	1
243.34622950000002	2
243.88616050000002	3
244.4360915	4
244.96602249999998	1
245.50741749999997	2
246.04881249999997	3
246.5902075	1
247.14013949999998	2
247.6900715	3
248.22000349999996	4
248.74993549999996	1
249.28986749999996	2
249.82979949999995	3
250.36973149999994	4
250.90966349999994	1
251.44630049999995	2
251.99293749999995	3
252.52957449999997	4
253.0562115	1
253.6071175	2
254.15802349999998	3
254.70892949999998	4
255.23983549999997	1
255.77427849999998	2
256.3087215	3
256.8631645	4
257.3876075	1
257.9575385	2
258.4974695	3
259.03740050000005	4
259.5573315000001	1
260.1116515000001	2
260.65597150000013	3
261.20029150000016	4
261.7446115000002	1
262.2767365000002	2
262.8188615000002	3
263.3609865000002	4
263.9031115000002	1
264.4419445000002	2
264.9707775000002	3
265.5196105000002	4
266.05844350000024	1
266.59727650000025	2
267.13610950000026	3
267.67494250000027	4
268.2237755000003	1
268.7559005000003	2
269.2980255000003	3
269.8401505000003	4
270.3822755000003	1
270.92001150000027	2
271.46774750000026	3
272.00548350000025	4
272.53321950000026	1
273.07205250000027	2
273.5908855000003	3
274.1197185000003	4
274.6885515000003	1
275.2628715000003	2
275.79719150000034	3
276.3315115000004	4
276.8558315000004	1
277.4145405000004	2
277.9432495000004	3
278.49195850000035	4
279.0406675000003	1
279.5907215000003	2
280.1207755000003	3
280.6508295000003	4
281.18088350000033	1
281.7008145000004	2
282.28074550000036	3
282.8106765000004	4
283.3506075000004	1
283.89492750000045	2
284.4392475000005	3
284.9835675000005	4
285.5078875000005	1
286.0678185000005	2
286.6077495000005	3
287.13768050000056	4
287.6776115000006	1
288.2540035000006	2
288.8003955000006	3
289.34678750000063	4
289.90317950000065	1
290.4673765000006	2
291.0415735000006	3
291.5657705000006	4
292.1199675000006	1
292.6842552625006	2
293.2229742625006	3
293.8117970916673	4
294.4303540916674	1
295.15357977916744	2
295.90432077916745	3
296.62608324791745	4
297.60800351041723	1