0.0	1
0.5	2
1.0	3
1.5	4
2.0	1
2.51	2
3.03	3
3.484545	4
3.9390899999999998	1
4.393635000000001	2
4.848180000000001	3
5.3027250000000015	4
5.757270000000002	1
6.211815000000002	2
6.666360000000003	3
7.120905000000003	4
7.575450000000004	1
8.029995000000003	2
8.484540000000003	3
8.939085000000002	4
9.393630000000002	1
9.848175000000001	2
10.30272	3
10.757265	4
11.21181	1
11.666355	2
12.120899999999999	3
12.575444999999998	4
13.029989999999998	1
13.484534999999997	2
13.939079999999997	3
14.393624999999997	4
14.848169999999996	1
15.302714999999996	2
15.757259999999995	3
16.211805	4
16.666349999999998	1
17.120894999999997	2
17.575439999999997	3
18.029984999999996	4
18.484529999999996	1
18.939074999999995	2
19.393619999999995	3
19.848164999999995	4
20.302709999999994	1
20.757254999999994	2
21.211799999999993	3
21.666344999999993	4
22.120889999999992	1
22.57543499999999	2
23.02997999999999	3
23.48452499999999	4
23.93906999999999	1
24.39361499999999	2
24.84815999999999	3
25.30270499999999	4
25.75724999999999	1
26.211794999999988	2
26.666339999999987	3
27.120884999999987	4
27.575429999999987	1
28.029974999999986	2
28.484519999999986	3
28.939064999999985	4
29.393609999999985	1
29.848154999999984	2
30.302699999999984	3
30.757244999999983	4
31.211789999999983	1
31.666334999999982	2
32.120879999999985	3
32.57542499999999	4
33.02996999999999	1
33.484514999999995	2
33.93906	3
34.393605	4
34.848150000000004	1
35.30269500000001	2
35.75724000000001	3
36.21178500000001	4
36.666330000000016	1
37.12087500000002	2
37.57542000000002	3
38.029965000000026	4
38.48451000000003	1
38.93905500000003	2
39.393600000000035	3
39.83814500000004	4
40.30269000000004	1
40.757235000000044	2
41.21178000000005	3
41.65632500000005	4
42.12087000000005	1
42.575415000000056	2
43.02996000000006	3
43.48450500000006	4
43.949050000000064	1
44.39359500000007	2
44.838140000000074	3
45.302685000000075	4
45.75723000000008	1
46.21177500000008	2
46.666320000000084	3
47.12086500000009	4
47.57541000000009	1
48.019955000000095	2
48.4745000000001	3
48.9290450000001	4
49.3935900000001	1
49.848135000000106	2
50.30268000000011	3
50.75722500000011	4
51.211770000000115	1
51.66631500000012	2
52.12086000000012	3
52.575405000000124	4
53.02995000000013	1
53.48449500000013	2
53.93904000000013	3
54.39358500000014	4
54.84813000000014	1
55.30267500000014	2
55.757220000000146	3
56.21176500000015	4
56.66631000000015	1
57.120855000000155	2
57.57540000000016	3
58.02994500000016	4
58.49449000000016	1
58.93903500000017	2
59.39358000000017	3
59.848125000000174	4
60.30267000000018	1
60.75721500000018	2
61.21176000000018	3
61.666305000000186	4
62.12085000000019	1
62.57539500000019	2
63.029940000000195	3
63.4844850000002	4
63.9390300000002	1
64.3935750000002	2
64.8481200000002	3
65.30266500000019	4
65.75721000000019	1
66.21175500000018	2
66.66630000000018	3
67.12084500000017	4
67.57539000000017	1
68.02993500000017	2
68.48448000000016	3
68.93902500000016	4
69.39357000000015	1
69.84811500000015	2
70.30266000000015	3
70.75720500000014	4
71.21175000000014	1
71.66629500000013	2
72.12084000000013	3
72.57538500000013	4
73.02993000000012	1
73.48447500000012	2
73.93902000000011	3
74.39356500000011	4
74.8481100000001	1
75.3026550000001	2
75.7572000000001	3
76.21174500000009	4
76.66629000000009	1
77.12083500000008	2
77.57538000000008	3
78.02992500000008	4
78.48447000000007	1
78.93901500000007	2
79.39356000000006	3
79.84810500000006	4
80.30265000000006	1
80.75719500000005	2
81.21174000000005	3
81.66628500000004	4
82.12083000000004	1
82.56537500000003	2
83.02992000000003	3
83.48446500000003	4
83.93901000000002	1
84.39355500000002	2
84.84810000000002	3
85.30264500000001	4
85.75719000000001	1
86.201735	2
86.66628	3
87.120825	4
87.57536999999999	1
88.02991499999999	2
88.49445999999999	3
88.93900499999998	4
89.39354999999998	1
89.84809499999997	2
90.31263999999997	3
90.75718499999996	4
91.21172999999996	1
91.66627499999996	2
92.12081999999995	3
92.57536499999995	4
93.02990999999994	1
93.48445499999994	2
93.93899999999994	3
94.39354499999993	4
94.84808999999993	1
95.30263499999992	2
95.75717999999992	3
96.21172499999992	4
96.66626999999991	1
97.12081499999991	2
97.5753599999999	3
98.0299049999999	4
98.4844499999999	1
98.92899499999989	2
99.39353999999989	3
99.84808499999988	4
100.30262999999988	1
100.75717499999988	2
101.22171999999988	3
101.66626499999987	4
102.12080999999986	1
102.57535499999986	2
103.02989999999986	3
103.48444499999985	4
103.93898999999985	1
104.39353499999984	2
104.84807999999984	3
105.30262499999984	4
105.75716999999983	1
106.21171499999983	2
106.66625999999982	3
107.12080499999982	4
107.57534999999982	1
108.02989499999981	2
108.49443999999981	3
108.9389849999998	4
109.3935299999998	1
109.8480749999998	2
110.30261999999979	3
110.75716499999979	4
111.21170999999978	1
111.66625499999978	2
112.12079999999978	3
112.57534499999977	4
113.02988999999977	1
113.48443499999976	2
113.93897999999976	3
114.39352499999976	4
114.84806999999975	1
115.30261499999975	2
115.75715999999974	3
116.21170499999974	4
116.66624999999974	1
117.12079499999973	2
117.57533999999973	3
118.02988499999972	4
118.48442999999972	1
118.93897499999972	2
119.39351999999971	3
119.8480649999997	4
120.3026099999997	1
120.7571549999997	2
121.2116999999997	3
121.66624499999969	4
122.12078999999969	1
122.57533499999968	2
123.02987999999968	3
123.48442499999967	4
123.93896999999967	1
124.39351499999967	2
124.84805999999966	3
125.30260499999966	4
125.75714999999965	1
126.21169499999965	2
126.66623999999965	3
127.12078499999964	4
127.57532999999964	1
128.02987499999963	2
128.48441999999963	3
128.93896499999963	4
129.39350999999962	1
129.84805499999962	2
130.30259999999961	3
130.7571449999996	4
131.2116899999996	1
131.6662349999996	2
132.1207799999996	3
132.5753249999996	4
133.0298699999996	1
133.4844149999996	2
133.93895999999958	3
134.39350499999958	4
134.84804999999957	1
135.30259499999957	2
135.75713999999957	3
136.20168499999957	4
136.65622999999957	1
137.11077499999956	2
137.56531999999956	3
138.02986499999955	4
138.48440999999954	1
138.92895499999955	2
139.39349999999953	3
139.83804499999954	4
140.30258999999953	1
140.75713499999952	2
141.21167999999952	3
141.6662249999995	4
142.1207699999995	1
142.56531499999952	2
143.0298599999995	3
143.4844049999995	4
143.9389499999995	1
144.3934949999995	2
144.8480399999995	3
145.30258499999948	4
145.7471299999995	1
146.20167499999948	2
146.66621999999947	3
147.12076499999947	4
147.57530999999946	1
148.02985499999946	2
148.48439999999945	3
148.92894499999946	4
149.39348999999945	1
149.84803499999944	2
150.30257999999944	3
150.74712499999944	4
151.21166999999943	1
151.65621499999943	2
152.11075999999943	3
152.56530499999943	4
153.0298499999994	1
153.4843949999994	2
153.9389399999994	3
154.3934849999994	4
154.8480299999994	1
155.3025749999994	2
155.7571199999994	3
156.21166499999939	4
156.66620999999938	1
157.12075499999938	2
157.57529999999937	3
158.02984499999937	4
158.48438999999937	1
158.93893499999936	2
159.39347999999936	3
159.84802499999935	4
160.30256999999935	1
160.75711499999935	2
161.21165999999934	3
161.66620499999934	4
162.12074999999933	1
162.57529499999933	2
163.02983999999933	3
163.48438499999932	4
163.93892999999932	1
164.3934749999993	2
164.8480199999993	3
165.3025649999993	4
165.7571099999993	1
166.2116549999993	2
166.6661999999993	3
167.1207449999993	4
167.57528999999928	1
168.02983499999928	2
168.48437999999928	3
168.93892499999927	4
169.39346999999927	1
169.84801499999926	2
170.30255999999926	3
170.75710499999926	4
171.21164999999925	1
171.66619499999925	2
172.12073999999924	3
172.57528499999924	4
173.02982999999924	1
173.48437499999923	2
173.93891999999923	3
174.39346499999922	4
174.84800999999922	1
175.30255499999922	2
175.7570999999992	3
176.2116449999992	4
176.6661899999992	1
177.1207349999992	2
177.5752799999992	3
178.0298249999992	4
178.4843699999992	1
178.93891499999918	2
179.39345999999918	3
179.84800499999918	4
180.30254999999917	1
180.75709499999917	2
181.21163999999916	3
181.66618499999916	4
182.12072999999916	1
182.57527499999915	2
183.02981999999915	3
183.48436499999914	4
183.93890999999914	1
184.39345499999914	2
184.84799999999913	3
185.30254499999913	4
185.75708999999912	1
186.21163499999912	2
186.66617999999912	3
187.1207249999991	4
187.5752699999991	1
188.0298149999991	2
188.4843599999991	3
188.9389049999991	4
189.3934499999991	1
189.8479949999991	2
190.30253999999908	3
190.75708499999908	4
191.21162999999908	1
191.66617499999907	2
192.12071999999907	3
192.57526499999906	4
193.02980999999906	1
193.48435499999906	2
193.93889999999905	3
194.39344499999905	4
194.84798999999904	1
195.30253499999904	2
195.75707999999904	3
196.21162499999903	4
196.66616999999903	1
197.12071499999902	2
197.57525999999902	3
198.02980499999902	4
198.484349999999	1
198.938894999999	2
199.393439999999	3
199.847984999999	4
200.302529999999	1
200.757074999999	2
201.211619999999	3
201.66616499999898	4
202.12070999999898	1
202.57525499999898	2
203.02979999999897	3
203.48434499999897	4
203.93888999999896	1
204.39343499999896	2
204.84797999999896	3
205.30252499999895	4
205.75706999999895	1
206.21161499999894	2
206.66615999999894	3
207.12070499999894	4
207.57524999999893	1
208.02979499999893	2
208.48433999999892	3
208.93888499999892	4
209.39342999999892	1
209.8479749999989	2
210.3025199999989	3
210.7570649999989	4
211.2116099999989	1
211.6661549999989	2
212.1206999999989	3
212.5752449999989	4
213.02978999999888	1
213.48433499999888	2
213.93887999999887	3
214.39342499999887	4
214.84796999999887	1
215.30251499999886	2
215.75705999999886	3
216.21160499999885	4
216.66614999999885	1
217.12069499999885	2
217.57523999999884	3
218.02978499999884	4
218.48432999999883	1
218.93887499999883	2
219.39341999999883	3
219.84796499999882	4
220.30250999999882	1
220.74705499999882	2
221.2115999999988	3
221.6661449999988	4
222.1206899999988	1
222.5752349999988	2
223.0297799999988	3
223.4843249999988	4
223.9388699999988	1
224.39341499999878	2
224.84795999999878	3
225.30250499999877	4
225.75704999999877	1
226.21159499999877	2
226.66613999999876	3
227.12068499999876	4
227.57522999999875	1
228.02977499999875	2
228.48431999999875	3
228.93886499999874	4
229.39340999999874	1
229.84795499999873	2
230.30249999999873	3
230.75704499999873	4
231.21158999999872	1
231.66613499999872	2
232.1206799999987	3
232.5752249999987	4
233.0297699999987	1
233.4843149999987	2
233.9388599999987	3
234.3934049999987	4
234.8479499999987	1
235.3024949999987	2
235.75703999999868	3
236.21158499999868	4
236.66612999999867	1
237.12067499999867	2
237.57521999999867	3
237.99976499999866	4
238.48430999999866	1
238.93885499999865	2
239.39339999999865	3
239.84794499999865	4
240.30248999999864	1
240.74703499999865	2
241.19157999999862	3
241.66612499999863	4
242.12066999999863	1
242.57521499999862	2
243.02975999999862	3
243.4843049999986	4
243.9388499999986	1
244.38339499999861	2
244.8479399999986	3
245.3024849999986	4
245.7570299999986	1
246.2115749999986	2
246.66611999999859	3
247.12066499999858	4
247.57520999999858	1
248.02975499999857	2
248.48429999999857	3
248.93884499999857	4
249.39338999999856	1
249.84793499999856	2
250.30247999999855	3
250.75702499999855	4
251.21156999999855	1
251.66611499999854	2
252.12065999999854	3
252.57520499999853	4
253.02974999999853	1
253.48429499999853	2
253.93883999999852	3
254.39338499999852	4
254.8479299999985	1
255.3024749999985	2
255.7570199999985	3
256.2115649999985	4
256.66610999999847	1
257.12065499999846	2
257.57519999999846	3
258.02974499999846	4
258.48428999999845	1
258.93883499999845	2
259.39337999999844	3
259.84792499999844	4
260.30246999999844	1
260.75701499999843	2
261.2115599999984	3
261.6661049999984	4
262.1206499999984	1
262.5751949999984	2
263.0297399999984	3
263.4842849999984	4
263.9388299999984	1
264.3933749999984	2
264.8279199999984	3
265.2824649999984	4
265.7470099999984	1
266.2015549999984	2
266.6560999999984	3
267.1206449999984	4
267.5751899999984	1
268.02973499999837	2
268.48427999999836	3
268.92882499999837	4
269.39336999999836	1
269.84791499999835	2
270.30245999999835	3
270.73700499999836	4
271.21154999999834	1
271.65609499999834	2
272.1306399999984	3
272.56518499999834	4
273.01972999999833	1
273.47427499999833	2
273.9388199999983	3
274.3833649999983	4
274.8379099999983	1
275.2924549999983	2
275.7469999999983	3
276.2115449999983	4
276.6660899999983	1
277.1206349999983	2
277.5751799999983	3
278.0297249999983	4
278.4842699999983	1
278.93881499999827	2
279.39335999999827	3
279.8379049999983	4
280.29244999999827	1
280.74699499999826	2
281.20153999999826	3
281.65608499999826	4
282.11062999999825	1
282.56517499999825	2
283.01971999999824	3
283.48426499999823	4
283.9388099999982	1
284.3933549999982	2
284.8478999999982	3
285.28244499999823	4
285.7569899999982	1
286.22153499999825	2
286.6660799999982	3