0.0	1
0.47619000000000006	2
0.9423800000000001	3
1.41857	4
1.8947600000000002	1
2.3709500000000006	2
2.8471400000000004	3
3.3233300000000003	4
3.80952	1
4.28571	2
4.7619	3
5.23809	4
5.71428	1
6.1904699999999995	2
6.666659999999999	3
7.142849999999999	4
7.619039999999999	1
8.095229999999999	2
8.57142	3
9.04761	4
9.523800000000001	1
9.999990000000002	2
10.476180000000003	3
10.952370000000004	4
11.428560000000004	1
11.904750000000005	2
12.380940000000006	3
12.857130000000007	4
13.333320000000008	1
13.809510000000008	2
14.28570000000001	3
14.76189000000001	4
15.23808000000001	1
15.714270000000012	2
16.190460000000012	3
16.66665000000001	4
17.14284000000001	1
17.61903000000001	2
18.085220000000007	3
18.571410000000007	4
19.047600000000006	1
19.523790000000005	2
19.999980000000004	3
20.476170000000003	4
20.952360000000002	1
21.42855	2
21.90474	3
22.38093	4
22.85712	1
23.333309999999997	2
23.809499999999996	3
24.285689999999995	4
24.761879999999994	1
25.238069999999993	2
25.714259999999992	3
26.19044999999999	4
26.66663999999999	1
27.15282999999999	2
27.61901999999999	3
28.095209999999987	4
28.571399999999986	1
29.047589999999985	2
29.533779999999986	3
30.009969999999985	4
30.476159999999982	1
30.962349999999983	2
31.438539999999982	3
31.91472999999998	4
32.39091999999998	1
32.857109999999984	2
33.343299999999985	3
33.80948999999999	4
34.28567999999999	1
34.761869999999995	2
35.23806	3
35.71425	4
36.19044	1
36.666630000000005	2
37.14282000000001	3
37.61901000000001	4
38.09520000000001	1
38.571390000000015	2
39.04758000000002	3
39.52377000000002	4
39.99996000000002	1
40.476150000000025	2
40.95234000000003	3
41.42853000000003	4
41.90472000000003	1
42.380910000000036	2
42.85710000000004	3
43.33329000000004	4
43.80948000000004	1
44.285670000000046	2
44.76186000000005	3
45.23805000000005	4
45.71424000000005	1
46.190430000000056	2
46.66662000000006	3
47.14281000000006	4
47.619000000000064	1
48.095190000000066	2
48.57138000000007	3
49.04757000000007	4
49.523760000000074	1
49.99995000000008	2
50.47614000000008	3
50.95233000000008	4
51.428520000000084	1
51.90471000000009	2
52.38090000000009	3
52.85709000000009	4
53.333280000000094	1
53.8094700000001	2
54.2856600000001	3
54.7618500000001	4
55.238040000000105	1
55.71423000000011	2
56.19042000000011	3
56.66661000000011	4
57.142800000000115	1
57.61899000000012	2
58.09518000000012	3
58.57137000000012	4
59.047560000000125	1
59.52375000000013	2
59.99994000000013	3
60.47613000000013	4
60.952320000000135	1
61.42851000000014	2
61.90470000000014	3
62.38089000000014	4
62.857080000000146	1
63.33327000000015	2
63.80946000000015	3
64.28565000000015	4
64.76184000000015	1
65.23803000000015	2
65.71422000000015	3
66.19041000000016	4
66.66660000000016	1
67.14279000000016	2
67.61898000000016	3
68.09517000000017	4
68.57136000000017	1
69.04755000000017	2
69.52374000000017	3
69.99993000000018	4
70.47612000000018	1
70.95231000000018	2
71.42850000000018	3
71.90469000000019	4
72.38088000000019	1
72.85707000000019	2
73.3332600000002	3
73.8094500000002	4
74.2856400000002	1
74.7618300000002	2
75.2380200000002	3
75.71421000000021	4
76.19040000000021	1
76.66659000000021	2
77.14278000000022	3
77.61897000000022	4
78.09516000000022	1
78.57135000000022	2
79.04754000000023	3
79.52373000000023	4
79.99992000000023	1
80.47611000000023	2
80.95230000000024	3
81.42849000000024	4
81.90468000000024	1
82.38087000000024	2
82.85706000000025	3
83.33325000000025	4
83.80944000000025	1
84.28563000000025	2
84.76182000000026	3
85.23801000000026	4
85.71420000000026	1
86.19039000000026	2
86.66658000000027	3
87.14277000000027	4
87.61896000000027	1
88.09515000000027	2
88.57134000000028	3
89.04753000000028	4
89.52372000000028	1
89.99991000000028	2
90.47610000000029	3
90.95229000000029	4
91.42848000000029	1
91.9046700000003	2
92.3808600000003	3
92.8570500000003	4
93.3332400000003	1
93.8094300000003	2
94.2856200000003	3
94.76181000000031	4
95.23800000000031	1
95.71419000000031	2
96.19038000000032	3
96.66657000000032	4
97.14276000000032	1
97.61895000000032	2
98.09514000000033	3
98.57133000000033	4
99.04752000000033	1
99.53371000000034	2
99.99990000000034	3
100.47609000000034	4
100.95228000000034	1
101.42847000000035	2
101.90466000000035	3
102.38085000000035	4
102.85704000000035	1
103.34323000000036	2
103.80942000000036	3
104.28561000000036	4
104.76180000000036	1
105.23799000000037	2
105.71418000000037	3
106.19037000000037	4
106.66656000000037	1
107.15275000000038	2
107.61894000000038	3
108.09513000000038	4
108.57132000000038	1
109.04751000000039	2
109.52370000000039	3
109.99989000000039	4
110.4760800000004	1
110.9622700000004	2
111.4284600000004	3
111.9046500000004	4
112.3808400000004	1
112.8570300000004	2
113.33322000000041	3
113.80941000000041	4
114.28560000000041	1
114.76179000000042	2
115.23798000000042	3
115.71417000000042	4
116.19036000000042	1
116.66655000000043	2
117.14274000000043	3
117.61893000000043	4
118.09512000000043	1
118.57131000000044	2
119.04750000000044	3
119.52369000000044	4
119.99988000000045	1
120.47607000000045	2
120.95226000000045	3
121.42845000000045	4
121.90464000000046	1
122.38083000000046	2
122.85702000000046	3
123.34321000000047	4
123.80940000000047	1
124.28559000000047	2
124.76178000000047	3
125.23797000000047	4
125.72416000000048	1
126.19035000000048	2
126.66654000000048	3
127.14273000000048	4
127.61892000000049	1
128.0951100000005	2
128.5713000000005	3
129.0474900000005	4
129.5236800000005	1
129.9998700000005	2
130.4760600000005	3
130.9522500000005	4
131.4284400000005	1
131.9046300000005	2
132.3808200000005	3
132.8570100000005	4
133.33320000000052	1
133.80939000000052	2
134.28558000000052	3
134.76177000000052	4
135.23796000000053	1
135.71415000000053	2
136.19034000000053	3
136.66653000000053	4
137.14272000000054	1
137.61891000000054	2
138.09510000000054	3
138.57129000000054	4
139.04748000000055	1
139.52367000000055	2
139.99986000000055	3
140.47605000000055	4
140.95224000000056	1
141.42843000000056	2
141.90462000000056	3
142.38081000000057	4
142.85700000000057	1
143.33319000000057	2
143.80938000000057	3
144.28557000000058	4
144.76176000000058	1
145.23795000000058	2
145.71414000000058	3
146.19033000000059	4
146.6665200000006	1
147.1427100000006	2
147.6189000000006	3
148.0950900000006	4
148.5712800000006	1
149.0474700000006	2
149.5236600000006	3
149.9998500000006	4
150.4760400000006	1
150.9522300000006	2
151.4284200000006	3
151.90461000000062	4
152.38080000000062	1
152.85699000000062	2
153.33318000000062	3
153.80937000000063	4
154.28556000000063	1
154.76175000000063	2
155.23794000000063	3
155.71413000000064	4
156.19032000000064	1