0.0	1
0.545454	2
1.100908	3
1.646362	4
2.201816	1
2.74727	2
3.2927239999999998	3
3.8381779999999996	4
4.3836319999999995	1
4.929086	2
5.47454	3
5.999994000000001	4
6.545448000000001	1
7.087791000000001	2
7.630134000000001	3
8.172477	4
8.714820000000001	1
9.257314000000001	2
9.799808	3
10.342302	4
10.884796	1
11.42729	2
11.959783999999999	3
12.512277999999998	4
13.054771999999998	1
13.597265999999998	2
14.139759999999997	3
14.682253999999997	4
15.224747999999996	1
15.757241999999996	2
16.299735999999996	3
16.85223	4
17.394724	1
17.937218	2
18.479712000000003	3
19.022206000000004	4
19.564700000000006	1
20.107194000000007	2
20.64968800000001	3
21.19218200000001	4
21.73467600000001	1
22.26717000000001	2
22.819664000000014	3
23.362158000000015	4
23.904652000000016	1
24.437146000000016	2
24.979640000000018	3
25.53213400000002	4
26.074628000000022	1
26.617122000000023	2
27.159616000000025	3
27.702110000000026	4
28.244604000000027	1
28.777098000000027	2
29.31959200000003	3
29.87208600000003	4
30.414580000000033	1
30.957074000000034	2
31.499568000000036	3
32.04206200000004	4
32.584556000000035	1
33.12705000000003	2
33.66954400000003	3
34.21203800000003	4
34.754532000000026	1
35.297026000000024	2
35.83952000000002	3
36.38201400000002	4
36.92450800000002	1
37.467002000000015	2
37.999496000000015	3
38.55199000000001	4
39.09448400000001	1
39.636978000000006	2
40.179472000000004	3
40.721966	4
41.26446	1
41.796954	2
42.339448	3
42.89194199999999	4
43.43443599999999	1
43.97692999999999	2
44.51942399999999	3
45.061917999999984	4
45.60441199999998	1
46.14690599999998	2
46.67939999999998	3
47.231893999999976	4
47.77438799999997	1
48.31688199999997	2
48.85937599999997	3
49.40186999999997	4
49.944363999999965	1
50.48685799999996	2
51.01935199999996	3
51.57184599999996	4
52.114339999999956	1
52.656833999999954	2
53.19932799999995	3
53.74182199999995	4
54.28431599999995	1
54.826809999999945	2
55.359303999999945	3
55.91179799999994	4
56.45429199999994	1
56.996785999999936	2
57.539279999999934	3
58.08177399999993	4
58.62426799999993	1
59.16676199999993	2
59.709255999999925	3
60.25174999999992	4
60.79424399999992	1
61.33673799999992	2
61.87923199999992	3
62.421725999999914	4
62.96421999999991	1
63.50671399999991	2
64.04920799999991	3
64.59170199999991	4
65.13419599999992	1
65.67668999999992	2
66.21918399999993	3
66.76167799999993	4
67.29417199999993	1
67.84666599999994	2
68.38915999999995	3
68.93165399999995	4
69.47414799999996	1
70.01664199999996	2
70.55913599999997	3
71.10162999999997	4
71.64412399999998	1
72.17661799999998	2
72.71911199999998	3
73.27160599999999	4
73.8141	1
74.346594	2
74.889088	3
75.431582	4
75.97407600000001	1
76.51657000000002	2
77.05906400000002	3
77.61155800000003	4
78.15405200000004	1
78.69654600000004	2
79.22904000000004	3
79.78153400000005	4
80.32402800000006	1
80.85652200000006	2
81.39901600000006	3
81.94151000000006	4
82.48400400000007	1
83.02649800000007	2
83.56899200000008	3
84.12148600000009	4
84.6639800000001	1
85.2064740000001	2
85.7489680000001	3
86.29146200000011	4
86.83395600000011	1
87.36645000000011	2
87.90894400000012	3
88.45143800000012	4
89.00393200000013	1
89.53642600000013	2
90.07892000000014	3
90.63141400000015	4
91.17390800000015	1
91.70640200000015	2
92.24889600000016	3
92.79139000000016	4
93.34388400000017	1
93.87637800000017	2
94.41887200000018	3
94.96136600000018	4
95.50386000000019	1
96.04635400000019	2
96.5888480000002	3
97.1313420000002	4
97.67383600000021	1
98.21633000000021	2
98.74882400000023	3
99.30131800000022	4
99.84381200000023	1
100.38630600000023	2
100.92880000000024	3
101.47129400000024	4
102.01378800000025	1
102.55628200000025	2
103.09877600000026	3
103.64127000000026	4
104.18376400000027	1
104.72625800000027	2
105.26875200000028	3
105.81124600000028	4
106.35374000000029	1
106.89623400000029	2
107.4387280000003	3
107.9812220000003	4
108.5237160000003	1
109.06621000000031	2
109.60870400000032	3
110.15119800000032	4
110.69369200000033	1
111.23618600000033	2
111.76868000000034	3
112.32117400000034	4
112.86366800000035	1
113.40616200000035	2
113.94865600000035	3
114.49115000000036	4
115.03364400000036	1
115.56613800000038	2
116.10863200000038	3
116.66112600000038	4
117.20362000000038	1
117.7361140000004	2
118.2886080000004	3
118.8311020000004	4
119.38359600000041	1
119.91609000000041	2
120.46858400000042	3
121.01107800000042	4
121.55357200000043	1
122.08606600000043	2
122.62856000000043	3
123.17105400000044	4
123.72354800000045	1
124.25604200000045	2
124.78853600000046	3
125.35103000000046	4
125.89352400000047	1
126.42601800000047	2
126.97851200000048	3
127.52100600000048	4
128.0635000000005	1
128.5959940000005	2
129.1384880000005	3
129.6909820000005	4
130.2334760000005	1
130.76597000000052	2
131.30846400000053	3
131.86095800000052	4
132.40345200000053	1
132.93594600000054	2
133.46844000000053	3
134.02093400000055	4
134.56342800000056	1
135.10592200000056	2
135.64841600000057	3
136.20091000000056	4
136.74340400000057	1
137.28589800000057	2
137.81839200000059	3
138.37088600000058	4
138.9133800000006	1
139.4458740000006	2
139.9983680000006	3
140.5408620000006	4
141.0833560000006	1
141.61585000000062	2
142.15834400000062	3
142.71083800000062	4
143.25333200000063	1
143.79582600000063	2
144.33832000000064	3
144.88081400000064	4
145.42330800000065	1
145.95580200000066	2
146.49829600000066	3
147.05079000000066	4
147.59328400000066	1
148.13577800000067	2
148.67827200000067	3
149.22076600000068	4
149.76326000000068	1
150.3057540000007	2
150.82824800000068	3
151.3907420000007	4
151.9332360000007	1
152.46573000000072	2
153.0182240000007	3
153.56071800000072	4
154.10321200000072	1
154.63570600000074	2
155.17820000000074	3
155.73069400000074	4
156.27318800000074	1
156.81568200000075	2
157.35817600000075	3
157.90067000000076	4
158.44316400000076	1
158.98565800000077	2
159.51815200000078	3
160.07064600000078	4
160.61314000000078	1
161.1556340000008	2
161.6981280000008	3
162.2506220000008	4
162.7931160000008	1
163.3256100000008	2
163.8681040000008	3
164.41059800000082	4
164.95309200000082	1
165.49558600000083	2
166.03808000000083	3
166.58057400000084	4
167.13306800000083	1
167.66556200000085	2
168.20805600000085	3
168.76055000000085	4
169.29304400000086	1
169.83553800000087	2
170.37803200000087	3
170.93052600000087	4
171.47302000000087	1
172.01551400000088	2
172.55800800000088	3
173.1005020000009	4
173.6429960000009	1
174.1854900000009	2
174.7279840000009	3
175.2704780000009	4
175.8129720000009	1
176.3568691500009	2
176.91084015000092	3
177.4448111500009	4
177.9887821500009	1
178.5313130750009	2
179.0738070750009	3
179.6063010750009	4
180.14879507500092	1
180.70128907500091	2
181.23378307500093	3
181.77627707500093	4
182.31877107500094	1
182.86126507500094	2
183.40375907500095	3
183.94625307500095	4
184.48874707500096	1
185.04124107500095	2
185.57373507500097	3
186.11622907500097	4
186.66872307500097	1
187.20121707500098	2
187.743711075001	3
188.29620507500098	4
188.838699075001	1
189.38401740833433	2
189.92947140833434	3
190.47492540833434	4
191.01037940833436	1
191.55298440833434	2
192.09547840833434	3
192.63797240833435	4
193.18046640833435	1
193.72296040833436	2
194.26545440833436	3
194.80794840833437	4
195.35044240833437	1
195.89293640833438	2
196.43543040833438	3
196.9779244083344	4
197.5204184083344	1
198.0629124083344	2
198.5954064083344	3
199.1479004083344	4
199.6903944083344	1
200.23288840833442	2
200.77538240833442	3
201.31787640833443	4
201.86037040833443	1
202.40286440833444	2
202.94535840833444	3
203.48785240833445	4
204.03034640833445	1
204.57284040833446	2
205.11533440833446	3
205.66782840833446	4
206.21032240833446	1
206.75281640833447	2
207.29531040833447	3
207.83780440833448	4
208.3702984083345	1
208.9127924083345	2
209.4552864083345	3
210.0077804083345	4
210.5502744083345	1
211.0927684083345	2
211.62526240833452	3
212.17775640833452	4
212.72025040833452	1
213.26703445208454	2
213.81382745208455	3
214.35062045208457	4
214.89741345208458	1
215.44001520208457	2
215.98260820208458	3
216.5252012020846	4
217.0677942020846	1
217.6103872020846	2
218.15298020208462	3
218.69557320208463	4
219.23816620208464	1
219.78075920208465	2
220.30335220208465	3
220.86594520208467	4
221.40853820208469	1
221.9411312020847	2
222.4937242020847	3
223.03631720208472	4
223.57891020208473	1
224.12150320208474	2
224.66409620208475	3
225.20668920208476	4
225.74928220208477	1
226.29187520208478	2
226.8344682020848	3
227.3770612020848	4
227.9296542020848	1
228.47224720208482	2
229.01484020208483	3
229.54743320208485	4
230.09002620208486	1
230.63261920208487	2
231.17521220208488	3
231.7178052020849	4
232.2703982020849	1
232.8129912020849	2
233.3555842020849	3
233.89817720208492	4
234.44077020208493	1
234.98336320208494	2
235.52595620208496	3
236.06854920208497	4
236.61114220208498	1
237.153735202085	2
237.686328202085	3
238.238921202085	4
238.78151420208502	1
239.32410720208503	2
239.85670020208505	3
240.37929320208505	4
240.95188620208506	1