0.01	1
0.604059	2
1.188118	3
1.782177	4
2.376236	1
2.970295	2
3.5643540000000002	3
4.158413	4
4.752472	1
5.376531	2
5.97059	3
6.584648999999999	4
7.158707999999999	1
7.752766999999999	2
8.336825999999999	3
8.920884999999998	4
9.524943999999998	1
10.123148999999998	2
10.721353999999998	3
11.319558999999998	4
11.917763999999998	1
12.505968999999999	2
13.104173999999999	3
13.702378999999999	4
14.290583999999999	1
14.894642999999999	2
15.478701999999998	3
16.072761	4
16.66682	1
17.260879000000003	2
17.854938000000004	3
18.448997000000006	4
19.043056	1
19.637115	2
20.231174000000003	3
20.825233000000004	4
21.419292000000006	5
22.013351	1
22.59741	2
23.201469000000003	3
23.785528000000003	4
24.379587000000004	1
24.973646000000006	2
25.567705000000007	3
26.15176400000001	4
26.75582300000001	1
27.359882000000013	2
27.953941000000015	3
28.548000000000016	4
29.15205900000002	1
29.73611800000002	2
30.33017700000002	3
30.91423600000002	4
31.50829500000002	1
32.10235400000003	2
32.69641300000003	3
33.29047200000003	4
33.88453100000003	1
34.47859000000003	2
35.08264900000003	3
35.65670800000003	4
36.270767000000035	1
36.864826000000036	2
37.45888500000004	3
38.05294400000004	4
38.64700300000004	1
39.231062000000044	2
39.825121000000046	3
40.40918000000004	4
41.01323900000005	1
41.60729800000005	2
42.20135700000005	3
42.79541600000005	4
43.389475000000054	1
43.983534000000056	2
44.57759300000006	3
45.18165200000006	4
45.77571100000006	1
46.36977000000006	2
46.96382900000006	3
47.55788800000006	4
48.151947000000064	1
48.746006000000065	2
49.34006500000007	3
49.93412400000007	4
50.52818300000007	1
51.13224200000007	2
51.71630100000007	3
52.32036000000007	4
52.91441900000007	1
53.49847800000008	2
54.09253700000008	3
54.68659600000008	4
55.28065500000008	1
55.88471400000008	2
56.468773000000084	3
57.062832000000085	4
57.64689100000009	1
58.24095000000009	2
58.83500900000009	3
59.42906800000009	4
60.023127000000095	1
60.617186000000096	2
61.221245000000096	3
61.8053040000001	4
62.4093630000001	1
63.0034220000001	2
63.5974810000001	3
64.1915400000001	4
64.7755990000001	1
65.3796580000001	2
65.98371700000011	3
66.57777600000011	4
67.16183500000011	1
67.75589400000011	2
68.34995300000011	3
68.94401200000011	4
69.53807100000012	1
70.13213000000012	2
70.71618900000011	3
71.32024800000012	4
71.91430700000012	1
72.50836600000012	2
73.10242500000012	3
73.68648400000012	4
74.28054300000012	1
74.87460200000012	2
75.46866100000013	3
76.06272000000013	4
76.65677900000013	1
77.26083800000013	2
77.85489700000014	3
78.44895600000014	4
79.04301500000014	1
79.63707400000014	2
80.23113300000014	3
80.82519200000014	4
81.41925100000014	1
82.01331000000015	2
82.60736900000015	3
83.20142800000015	4
83.78548700000015	1
84.37954600000015	2
84.97360500000015	3
85.56766400000015	4
86.17172300000016	1
86.75578200000015	2
87.34984100000015	3
87.95390000000016	4
88.54795900000016	1
89.14201800000016	2
89.73607700000017	3
90.33013600000017	4
90.92419500000017	1
91.51825400000017	2
92.11231300000017	3
92.70637200000017	4
93.30043100000017	1
93.89449000000018	2
94.48854900000018	3
95.07260800000017	4
95.66666700000017	1
96.26072600000018	2
96.86478500000018	3
97.44884400000018	4
98.04290300000018	1
98.64696200000019	2
99.24102100000019	3
99.83508000000019	4
100.42913900000019	1
101.0331980000002	2
101.6172570000002	3
102.2113160000002	4
102.8053750000002	1
103.3994340000002	2
103.9934930000002	3
104.5775520000002	4
105.1716110000002	1
105.7656700000002	2
106.3697290000002	3
106.9637880000002	4
107.55784700000021	1
108.16190600000022	2
108.74596500000021	3
109.34002400000021	4
109.93408300000021	1
110.51814200000021	2
111.12220100000022	3
111.71626000000022	4
112.30031900000021	1
112.90437800000022	2
113.49843700000022	3
114.09249600000022	4
114.68655500000023	1
115.28061400000023	2
115.87467300000023	3
116.46873200000023	4
117.06279100000023	1
117.66685000000024	2
118.26090900000024	3
118.85496800000024	4
119.44902700000024	1
120.04308600000024	2
120.62714500000024	3
121.22120400000024	4
121.80526300000024	1
122.40932200000024	2
123.00338100000025	3
123.59744000000025	4
124.18149900000024	1
124.77555800000025	2
125.37961700000025	3
125.97367600000025	4
126.55773500000025	1
127.16179400000026	2
127.75585300000026	3
128.34991200000024	4
128.93397100000024	1
129.52803000000023	2
130.1320890000002	3
130.7161480000002	4
131.3102070000002	1
131.91426600000017	2
132.50832500000016	3
133.11238400000013	4
133.67644300000012	1
134.29050200000012	2
134.8845610000001	3
135.4686200000001	4
136.04267900000008	1
136.64673800000006	2
137.25079700000006	3
137.83485600000003	4
138.40891500000004	1
139.012974	2
139.607033	3
140.201092	4
140.79515099999998	1
141.40920999999997	2
142.01326899999995	3
142.59732799999995	4
143.15138699999991	1
143.7754459999999	2
144.3795049999999	3
144.99356399999988	4
145.58762299999987	1
146.17168199999986	2
146.76574099999985	3
147.35979999999984	4
147.94385899999983	1
148.53791799999982	2
149.1319769999998	3
149.71603599999978	4
150.32009499999978	1
150.92415399999976	2
151.51821299999975	3
152.11227199999973	4
152.69633099999973	1
153.29038999999972	2
153.8944489999997	3
154.49850799999967	4
155.09256699999966	1
155.67662599999966	2
156.27068499999965	3
156.87474399999962	4
157.44880299999963	1
158.0528619999996	2
158.6469209999996	3
159.25097999999957	4
159.83503899999957	1
160.42909799999956	2
161.02315699999954	3
161.61721599999953	4
162.21127499999952	1
162.7953339999995	2
163.3993929999995	3
164.00345199999947	4
164.58751099999947	1
165.18156999999945	2
165.77562899999944	3
166.36968799999943	4
166.96374699999942	1
167.5578059999994	2
168.16186499999938	3
168.75592399999937	4
169.33998299999936	1
169.93404199999935	2
170.52810099999934	3
171.12215999999933	4
171.70621899999932	1
172.3002779999993	2
172.9043369999993	3
173.49839599999927	4
174.08245499999927	1
174.67651399999926	2
175.28057299999924	3
175.88463199999921	4
176.4686909999992	1
177.0827499999992	2
177.66680899999918	3
178.27086799999918	4
178.85492699999915	1
179.44898599999914	2
180.04304499999913	3
180.62710399999912	4
181.21116299999912	1
181.8052219999991	2
182.40928099999908	3
183.00333999999907	4
183.58739899999907	1
184.19145799999905	2
184.78551699999903	3
185.37957599999902	4
185.973634999999	1
186.567693999999	2
187.16175299999898	3
187.75581199999897	4
188.33987099999896	1
188.94392999999894	2
189.53798899999893	3
190.1420479999989	4
190.7161069999989	1
191.3201659999989	2
191.91422499999888	3
192.50828399999887	4
193.10234299999885	1
193.69640199999884	2
194.29046099999883	3
194.8945199999988	4
195.4685789999988	1
196.0726379999988	2
196.66669699999878	3
197.26075599999876	4
197.85481499999875	1