0.0	1
0.691643	2
1.383286	3
2.074929	4
2.7565720000000002	1
3.4482150000000003	2
4.139858	3
4.831501	4
5.5131440000000005	1
6.194787	2
6.87643	3
7.578073	4
8.269716	1
8.961359	2
9.663001999999999	3
10.374644999999997	4
11.066287999999997	1
11.757930999999996	2
12.449573999999995	3
13.141216999999994	4
13.832859999999993	1
14.541752999999993	2
15.230645999999993	3
15.929538999999993	4
16.61843199999999	1
17.337732999999993	2
18.03703399999999	3
18.73633499999999	4
19.425635999999987	1
20.124936999999985	2
20.814237999999982	3
21.51353899999998	4
22.21283999999998	1
22.91728299999998	2
23.601725999999978	3
24.296168999999978	4
25.00061199999998	1
25.70666699999998	2
26.402721999999983	3
27.108776999999982	4
27.804831999999983	1
28.512505999999984	2
29.200179999999982	3
29.887853999999983	4
30.585527999999982	1
31.29320199999998	2
31.99087599999998	3
32.688549999999985	4
33.36622399999998	1
34.083897999999984	2
34.78157199999998	3
35.46924599999998	4
36.166919999999976	1
36.866220999999975	2
37.555521999999975	3
38.25482299999997	4
38.95412399999997	1
39.68342499999997	2
40.37272599999997	3
41.062026999999965	4
41.751327999999965	1
42.46062899999996	2
43.15992999999996	3
43.84923099999996	4
44.53853199999996	1
45.24297499999996	2
45.93741799999996	3
46.641860999999956	4
47.32630399999996	1
48.033977999999955	2
48.721651999999956	3
49.42932599999995	4
50.12699999999995	1
50.83957499999996	2
51.53214999999996	3
52.23472499999996	4
52.92729999999997	1
53.627416999999966	2
54.31753399999997	3
55.017650999999965	4
55.717767999999964	1
56.41301699999996	2
57.10826599999996	3
57.803514999999955	4
58.49876399999995	1
59.19562799999995	2
59.89249199999995	3
60.589355999999945	4
61.29621999999994	1
61.99308399999994	2
62.68994799999994	3
63.386811999999935	4
64.09367599999995	1
64.79053999999995	2
65.48740399999996	3
66.18426799999996	4
66.88113199999997	1
67.56799599999997	2
68.26485999999997	3
68.96172399999998	4
69.64858799999998	1
70.34545199999998	2
71.04231599999999	3
71.73917999999999	4
72.436044	1
73.162908	2
73.84977200000002	3
74.54663600000002	4
75.23350000000002	1
75.94036400000003	2
76.63722800000004	3
77.34409200000003	4
78.04095600000004	1
78.73782000000004	2
79.43468400000005	3
80.13154800000005	4
80.79841200000006	1
81.51771300000007	2
82.21701400000008	3
82.90631500000008	4
83.60561600000008	1
84.3149170000001	2
85.0142180000001	3
85.7135190000001	4
86.41282000000011	1
87.11212100000012	2
87.81142200000012	3
88.51072300000013	4
89.20002400000013	1
89.89607900000013	2
90.58213400000012	3
91.28818900000013	4
91.96424400000014	1
92.69029900000014	2
93.36635400000013	3
94.07240900000014	4
94.76846400000014	1
95.47613800000015	2
96.17381200000015	3
96.87148600000016	4
97.55916000000016	1
98.25764500000017	2
98.93613000000018	3
99.65461500000018	4
100.35310000000018	1
101.06158500000019	2
101.7600700000002	3
102.4585550000002	4
103.1470400000002	1
103.84552500000021	2
104.54401000000021	3
105.24249500000022	4
105.93098000000022	1
106.63946500000023	2
107.32795000000023	3
108.02643500000023	4
108.71492000000025	1
109.42340500000024	2
110.11189000000026	3
110.83037500000026	4
111.51886000000026	1
112.21734500000026	2
112.91583000000027	3
113.62431500000028	4
114.32280000000029	1
115.02128500000029	2
115.70977000000029	3
116.4082550000003	4
117.1067400000003	1
117.8052250000003	2
118.50371000000031	3
119.20219500000032	4
119.88068000000032	1
120.58673500000033	2
121.28279000000033	3
121.98884500000032	4
122.68490000000033	1
123.38095500000033	2
124.07701000000033	3
124.78306500000033	4
125.46912000000033	1
126.17517500000034	2
126.87123000000034	3
127.56728500000034	4
128.26334000000034	1
128.95939500000034	2
129.65545000000034	3
130.36150500000034	4
131.03756000000035	1
131.75361500000034	2
132.44967000000034	3
133.13572500000035	4
133.84178000000034	1
134.54783500000036	2
135.24389000000036	3
135.92994500000034	4
136.60600000000036	1
137.33205500000037	2
138.02811000000037	3
138.72416500000037	4
139.42022000000037	1
140.12627500000036	2
140.79233000000036	3
141.50838500000037	4
142.19444000000036	1
142.92455700000036	2
143.6046740000004	3
144.3047910000004	4
145.0049080000004	1
145.69502500000038	2
146.3751420000004	3
147.0952590000004	4
147.7853760000004	1
148.4954930000004	2
149.17561000000043	3
149.87572700000044	4
150.56584400000042	1
151.28270800000044	2
151.96957200000045	3
152.67643600000045	4
153.37330000000046	1
154.07016400000046	2
154.75702800000047	3
155.47389200000046	4
156.15075600000048	1
156.85762000000048	2
157.55448400000049	3
158.2513480000005	4
158.9382120000005	1
159.6550760000005	2
160.3419400000005	3
161.0388040000005	4
161.72566800000052	1
162.4425320000005	2
163.12939600000053	3
163.83626000000052	4
164.53312400000053	1
165.24998800000054	2
165.92685200000054	3
166.62371600000054	4
167.31058000000056	1
168.02744400000057	2
168.72430800000058	3
169.42117200000058	4
170.09803600000058	1
170.8247490000006	2
171.52146200000058	3
172.2181750000006	4
172.9148880000006	1
173.6085300000006	2
174.3021720000006	3
174.9858140000006	4
175.69945600000062	1
176.38632000000064	2
177.10318400000062	3
177.79004800000064	4
178.48691200000064	1
179.18377600000065	2
179.88064000000065	3
180.56750400000067	4
181.25436800000065	1
181.97123200000067	2
182.67809600000066	3
183.37496000000067	4
184.07182400000067	1
184.76868800000068	2
185.46555200000068	3
186.1624160000007	4
186.8492800000007	1
187.5461440000007	2
188.2530080000007	3
188.9498720000007	4
189.63673600000072	1
190.35360000000074	2
191.05046400000074	3
191.74732800000075	4
192.43419200000073	1
193.15105600000075	2
193.83792000000076	3
194.53478400000077	4
195.22164800000076	1
195.93013300000078	2
196.62861800000078	3
197.31710300000077	4
197.9955880000008	1
198.71407300000078	2
199.4125580000008	3
200.1110430000008	4
200.78952800000081	1
201.5080130000008	2
202.2064980000008	3
202.9049830000008	4
203.57346800000082	1
204.28195300000084	2
205.00043800000083	3
205.69892300000083	4
206.39740800000084	1
207.09589300000084	2
207.79437800000085	3
208.48286300000086	4
209.17134800000088	1
209.88983300000086	2
210.57831800000088	3
211.2668030000009	4
211.95528800000088	1
212.6721520000009	2
213.3590160000009	3
214.0558800000009	4
214.75274400000092	1
215.4596080000009	2
216.1364720000009	3
216.84333600000093	4
217.54020000000094	1
218.24706400000093	2
218.94392800000094	3
219.64079200000094	4
220.32765600000096	1
221.04695700000093	2
221.72625800000094	3
222.42555900000093	4
223.1348600000009	1
223.83172400000092	2
224.51858800000093	3
225.22545200000093	4
225.90231600000092	1
226.62918000000093	2
227.31604400000094	3
228.01290800000095	4
228.70977200000095	1
229.40663600000096	2
230.11350000000095	3
230.81036400000096	4
231.46722800000097	1
232.20409200000097	2
232.90095600000097	3
233.607820000001	4
234.304684000001	1