0.0	1
0.43000000000000005	2
0.8600000000000001	3
1.29	4
1.7100000000000002	1
2.1400000000000006	2
2.5700000000000007	3
3.000000000000001	4
3.430000000000001	1
3.860000000000001	2
4.280000000000001	3
4.720000000000001	4
5.15	1
5.6	2
6.0	3
6.43	4
6.859999999999999	1
7.269999999999999	2
7.699999999999998	3
8.119999999999997	4
8.589999999999998	1
9.019999999999998	2
9.439999999999998	3
9.859999999999998	4
10.299999999999997	1
10.739999999999997	2
11.169999999999996	3
11.599999999999996	4
12.030000000000001	1
13.320000000000002	2
14.610000000000001	1
15.049998	2
15.469996	3
15.909994	4
16.343970499999998	5
16.781925499999996	6
17.219880499999995	7
17.667639499999996	1
18.1136375	2
18.529635499999998	3
18.9756335	4
19.411631500000002	5
19.847629500000004	6
20.289508000000005	7
20.737267000000006	1
21.169265000000006	2
21.591263000000005	3
22.029218000000004	4
22.467173000000003	5
22.915128000000003	6
23.353083	7
23.791038	1
24.238993	2
24.646948	3
25.114902999999998	4
25.552857999999997	5
25.970812999999993	6
26.40876799999999	7
26.84672299999999	1
27.293722999999993	2
27.70072299999999	3
28.13772299999999	4
28.57472299999999	5
28.99172299999999	6
29.41872299999999	7
29.84572299999999	1
30.279720999999988	2
30.713718999999987	3
31.184844999999985	4
31.615970999999984	5
32.057096999999985	6
32.500050999999985	7
32.910989999999984	1
33.35264299999998	2
33.794295999999974	3
34.208264999999976	4
34.626529499999975	5
35.08042549999998	6
35.47709149999998	7
35.885253499999976	1
36.33637949999997	2
36.78750549999997	3
37.21915849999998	4
37.650811499999975	5
38.09525549999997	6
38.53969949999997	7
38.97369749999997	1
39.407695499999974	2
39.84565049999998	3
40.29360549999998	4
40.72156049999998	5
41.166027499999984	6
41.62378649999998	7
42.040165499999986	1
42.47873649999998	2
42.91730749999998	3
43.33587849999998	4
43.75444949999998	5
44.17849349999998	6
44.58102849999998	7
45.033563499999985	1
45.48510049999999	2
45.93954449999998	3
46.377499499999985	4
46.81545449999999	5
47.25340949999999	6
47.69136449999999	7
48.12213099999999	1
48.56112899999999	2
49.000126999999985	3
49.43912499999998	4
49.87812299999998	5
50.33266799999998	6
50.78721299999998	7
51.21019199999998	1
51.64814699999997	2
52.086101999999975	3
52.55405699999998	4
52.97201199999998	5
53.40977099999998	6
53.857529999999976	7
54.28306199999998	1
54.72423699999998	2
55.14541199999998	3
55.61658699999998	4
56.03776199999999	5
56.498936999999984	6
56.93011199999999	7
57.353110999999984	1
57.79106599999999	2
58.22902099999999	3
58.64799849999999	4
59.063824999999994	5
59.49547799999999	6
59.912645999999995	7
60.33137849999999	1
60.76913749999999	2
61.21689649999999	3
61.69134049999999	4
62.11578449999998	5
62.553739499999985	6
62.99169449999999	7
63.423347499999984	1
63.85500049999998	2
64.30612649999998	3
64.76090849999997	4
65.17569049999997	5
65.62681649999998	6
66.07794249999998	7
66.50347449999998	1
66.95123349999999	2
67.39899249999999	3
67.8437745	4
68.26855649999999	5
68.70973149999999	6
69.15090649999999	7
69.60203249999999	1
70.02681449999999	2
70.47159649999999	3
70.93277149999999	4
71.35394649999999	5
71.77994449999998	6
72.22594249999999	7
72.66194049999999	1
73.09793849999998	2
73.54393649999999	3
73.99169549999999	4
74.42945449999999	5
74.86645449999999	6
75.30345449999999	7
75.7546295	1
76.17580449999998	2
76.62697949999999	3
77.08493449999999	4
77.5128895	5
77.9508445	6
78.3787995	7
78.8101905	1
79.2449725	2
79.6797545	3
80.13832550000001	4
80.5268965	5
80.95546750000001	6
81.39403850000002	7
81.81657350000002	1
82.24135550000001	2
82.67613750000001	3
83.11058150000002	4
83.57502550000002	5
84.00359650000003	6
84.44216750000004	7
84.86073850000004	1
85.30239150000004	2
85.73096250000005	3
86.14953350000005	4
86.57810450000005	5
87.00993150000005	6
87.42368366250004	7
87.82636666250005	1
88.28081066250006	2
88.71525466250006	3
89.16320966250007	4
89.58116466250006	5
90.01911966250006	6
90.46707466250007	7
90.90502966250007	1
91.34298466250007	2
91.79093966250008	3
92.22889466250008	4
92.65684966250008	5
93.13129366250008	6
93.54573766250009	7
93.97773916250009	1
94.4072981625001	2
94.85685716250009	3
95.3154281625001	4
95.7239991625001	5
96.16508166250011	6
96.6095256625001	7
97.0161916625001	1
97.45784466250011	2
97.8894976625001	3
98.32745266250011	4
98.76540766250011	5
99.21336266250012	6
99.65131766250012	7
100.07156266250011	1
100.50409766250012	2
100.91663266250012	3
101.35780766250012	4
101.79898266250012	5
102.24342666250013	6
102.68787066250012	7
103.10952366250011	1
103.55117666250011	2
103.98282966250011	3
104.4144826625001	4
104.8461356625001	5
105.2812826625001	6
105.72904166250011	7
106.1587476625001	1
106.5967026625001	2
107.04465766250011	3
107.48631066250012	4
107.90796366250011	5
108.35356916250012	6
108.7981141625001	7
109.2090731625001	1
109.6438551625001	2
110.0786371625001	3
110.5430811625001	4
110.96752516250011	5
111.41196916250011	6
111.8564131625001	7
112.2854131625001	1
112.71441316250011	2
113.14341316250011	3
113.5681951625001	4
114.02297716250011	5
114.45775916250011	6
114.89254116250011	7
115.3173231625001	1
115.7521051625001	2
116.1868871625001	3
116.6416691625001	4
117.04645116250009	5
117.51123316250009	6
117.91695716250008	7
118.3223601625	1
118.7379851625	2
119.1736101625	3
119.5792351625	4
120.01486016249999	1
120.44048516249998	2
120.86611016249998	3
121.30728516249998	4
121.75846016249999	1
122.19011316249998	2
122.62176616249998	3
123.03341916249998	4
123.45507216249997	1
123.88672516249997	2
124.31837816249997	3
124.72003116249996	4
125.1454341625	1
125.4300214125	2
125.86092941250001	1
126.30868841250002	2
126.75644741250002	3
127.20420641250003	1
127.59431441250003	2
128.05442241250003	3
128.48453041250002	1
128.9257054125	2
129.3668804125	3
129.80805541249998	1
130.24923041249997	2
130.68113316249998	3
131.10970416249998	1
131.55414816249998	2
131.9985921625	3
132.4430361625	1
132.8515361625	2
133.2700361625	3
133.69853616249998	1
134.09710716249998	2
134.5256781625	3
134.99424916249998	1
135.40091516249998	2
135.81758116249998	3
136.22493216250004	1
136.65046416250004	2
137.06599616250006	3
137.48549416250006	4
137.91499216250006	1
138.33664516250008	2
138.7682981625001	3
139.19209016250008	4
139.5958821625001	1
140.0096741625001	2
140.45084916250008	3
140.87638116250008	4
141.32433616250006	1
141.76229116250005	2
142.16325016250005	3
142.59430316250004	4
143.00535616250005	1
143.43789116250005	2
143.87042616250008	3
144.28296116250007	1
144.69254016250008	2
145.11211916250008	3
145.53169816250008	1
145.96423316250008	2
146.3867681625001	3
146.8093031625001	1
147.22183816250012	2
147.64820216250013	3
148.09456616250012	1
148.5490101625001	2
148.99345416250011	3
149.42789816250013	1
149.84556316250013	2
150.27413416250013	3
150.70270516250014	1
151.13127616250014	2
151.55984716250015	3
151.98841816250015	1
152.39558316250017	2
152.82274816250018	3
153.2299131625002	1
153.6570781625002	2
154.0796131625002	3
154.51214816250018	1
154.9203101625002	2
155.3184721625002	3
155.7501251625002	1
156.21177816250022	2
156.6134311625002	3
157.0317641625002	1
157.4542991625002	2
157.86683416250023	3
158.29936916250023	1
158.72339716250022	2
159.1474251625002	3
159.5714531625002	1
159.99211816250022	2
160.4269001625002	3
160.8295831625002	1
161.2675381625002	2
161.70549316250018	3
162.11089616250018	1
162.5425491625002	2
162.9650841625002	3
163.38761916250021	1
163.80619016250023	2
164.24476116250023	3
164.68920516250023	1
165.10016416250022	2
165.5111231625002	3
165.9220821625002	1
166.3331351625002	2
166.7441881625002	3
167.1752411625002	1
167.59824016250022	2
168.0412391625002	3
168.4642381625002	1
168.8874511625002	2
169.34066416250022	3
169.7538771625002	1
170.16454216250023	2
170.58520716250024	3
171.01587216250024	1
171.48382716250023	2
171.89178216250022	3
172.31128216250022	1
172.73078216250022	2
173.15028216250022	3
173.56978216250022	1
173.98928216250022	2
174.4404571625002	3
174.88163216250018	1
175.29646516250017	2
175.72129816250018	3
176.11613116250015	1
176.54096416250013	2
176.95579716250012	3
177.36063016250012	1
177.7992011625001	2
178.21777216250013	3
178.64634316250013	1
179.08300916250013	2
179.4896751625001	3
179.90443882916676	1
180.29984182916678	2
180.72841282916679	3
181.1569838291668	1
181.5755548291668	2
182.0241258291668	3
182.4426968291668	1
182.8638068291668	2
183.2638068291668	3
183.67540082916682	1
184.11994582916682	2
184.5844908291668	3
185.0131558291668	1
185.4298218291668	2
185.85648782916678	3
186.26315382916678	1
186.70110882916677	2
187.13906382916676	3
187.57081149583342	1
188.00246449583344	2
188.43411749583345	3
188.85078349583344	1
189.30935449583345	2
189.70792549583345	3
190.13649649583346	1
190.55903149583347	2
190.98156649583348	3
191.40114549583348	1
191.82072449583347	2
192.24030349583347	3
192.65988249583347	1
193.0772144958335	2
193.4910064958335	3
193.91479849583348	1
194.3395804958335	2
194.7943624958335	3
195.21914449583352	1
195.66467649583353	2
196.09020849583354	3
196.49574049583353	1
196.95691549583353	2
197.3780904958335	3
197.8192654958335	1
198.26044049583348	2
198.69161549583347	3
199.10540749583348	1
199.55074049583345	2
199.96607349583346	3
200.38565249583345	1
200.80523149583345	2
201.23380249583346	3
201.66237349583346	1
202.11402649583349	2
202.5256794958335	3
202.9573324958335	1
203.3751644958335	2
203.8129964958335	3
204.25417149583348	1
204.69534649583346	2
205.13652149583345	3
205.57447649583344	1
205.99612949583346	2
206.42778249583347	3
206.85157449583346	1
207.27410949583347	2
207.69664449583348	3
208.1191794958335	1
208.5547114958335	2
208.9702434958335	3
209.4018964958335	1
209.85354949583353	2
210.26520249583353	3
210.68685549583356	1
211.11163749583355	2
211.53641949583357	3
212.00120149583358	1
212.47273849583357	2
212.93427549583356	3
213.36882049583357	1
213.79135549583359	2
214.2238904958336	3
214.6364254958336	1
215.0849964958336	2
215.5135674958336	3
215.9452204958336	1
216.35687349583364	2
216.79852649583364	3
217.22566782916698	1
217.65378582916696	2
218.07190382916696	3
218.50306882916695	1
218.89847182916697	2
219.34291582916697	3
219.78735982916697	1
220.23180382916698	2
220.666247829167	3
221.096092829167	1
221.55271016250032	2
221.9674921625003	3
222.3870711625003	1
222.8531671625003	2
223.2792631625003	3
223.7253591625003	1
224.1401411625003	2
224.59492316250032	3
225.02970516250033	1
225.46448716250035	2
225.88926916250034	3
226.32536349583367	1
226.75857649583367	2
227.19178949583366	3
227.62500249583366	1
228.04050149583364	2
228.43600049583364	3
228.84979249583364	1
229.26358449583364	2
229.66737649583365	3
230.08116849583365	1
230.48550149583366	2
230.90646049583364	3
231.31883149583365	1
231.73120249583366	2
232.14357349583366	3
232.54594449583368	1
232.95690349583367	2
233.35786249583364	3
233.77054549583366	1
234.18322849583365	2
234.57591149583365	3
234.97859449583365	1
235.39675649583364	2
235.80491849583365	3
236.21308049583365	1
236.62124249583366	2
237.02392549583365	3
237.42660849583365	1
237.84040049583365	2
238.25419249583365	3
238.66235449583365	1
239.07051649583366	2
239.47867849583366	3
239.88684049583367	1
240.29500249583367	2
240.70316449583368	3
241.11216349583367	1
241.52116249583366	2
241.91983249583367	3
242.31850249583368	1
242.7410374958337	2
243.1477034958337	3
243.5714954958337	1
243.9782744958337	2
244.3850534958337	3
244.79183249583372	1
245.2162764958337	2
245.69072049583372	3
246.11987349583373	1
246.56844449583375	2
246.97701549583374	3
247.40558649583375	1
247.85003049583375	2
248.30447449583374	3
248.73891849583376	1
249.16528249583376	2
249.61164649583375	3
250.04801049583375	1
250.45756949583375	2
250.92712849583376	3
251.36668749583376	1
251.79071549583375	2
252.21474349583374	3
252.63877149583377	1
253.04157449583377	2
253.53437749583375	3
253.96718049583376	1
254.38384649583378	2
254.82829049583378	3
255.28273449583375	1
255.71139949583375	2
256.15006449583376	3
256.5587294958338	1
256.95739449583385	2
257.39508030833383	3
257.81658030833387	1
258.2535793083339	2
258.72057830833387	3
259.1429703083339	1
259.4963036416672	2
259.9311946416673	3
260.3756386416673	1
260.8501836416673	2
261.2947286416673	3
261.7159036416673	1
262.15990364166726	2
262.56390364166725	3
262.9535126416673	1
263.3886461416673	2
263.81346064166735	3
264.23511364166734	1
264.6698956416673	2
265.1146776416673	3
265.54945964166734	1
266.00400464166734	2
266.44854964166734	3
266.9030946416673	1
267.33166564166726	2
267.7602366416673	3
268.1945696416673	1
268.63622264166725	2
269.06787564166723	3
269.5116293083339	1
269.9295843083339	2
270.3675393083339	3
270.80871430833395	1
271.26672930833394	2
271.72474430833387	3
272.14727930833385	1
272.57107130833384	2
273.0108169750005	3
273.4424699750005	1
273.8641229750005	2
274.2657759750005	3
274.6895679750005	1
275.12813897500047	2
275.54670997500045	3
275.96528097500044	1
276.3938519750004	2
276.8334397125004	3
277.2778837125004	1
277.7004187125004	2
278.13295371250035	3
278.5354887125004	1
278.9799327125004	2
279.43437671250035	3
279.8725167125003	1
280.2980487125003	2
280.73358071250027	3
281.1491127125003	1
281.5770677125003	2
282.0150227125003	3
282.47297771250027	1
282.88850971250025	2
283.3140417125002	3
283.7395737125002	1
284.1651057125002	2
284.58764071250016	3
285.02017571250013	1
285.43684171250015	2
285.8535077125002	3
286.2601737125002	1
286.6990057125002	2
287.1278377125002	3
287.5566697125002	1
287.9733357125002	2
288.39000171250024	3
288.7866677125003	1
289.2167757125003	2
289.6668837125003	3
290.0869917125003	1
290.51709971250034	2
290.94720771250036	3
291.3673157125004	1
291.7969902958337	2
292.23115429583373	3
292.65531829583375	1
293.07948229583377	2
293.5036462958338	3
293.9278102958338	1
294.3625922958338	2
294.7973742958338	3
295.23215629583376	1
295.64693829583376	2
296.09172029583374	3
296.5072522958337	1
296.9427842958337	2
297.37831629583366	3
297.80384829583363	1
298.2193802958336	2
298.6549122958336	3
299.08656529583357	1
299.51821829583355	2
299.9598712958335	3
300.3915242958335	1
300.8140592958335	2
301.24217729583347	3
301.6502952958335	1
302.07825029583347	2
302.51620529583346	3
302.9625796291668	1
303.3757926291668	2
303.80900562916685	3
304.24100562916686	1
304.67653762916683	2
305.1020696291668	3
305.5346046291668	1
305.9371396291668	2
306.35967462916676	3
306.7570256291668	1
307.18867862916676	2
307.62033162916674	3
308.0619846291667	1
308.4845196291667	2
308.8970546291667	3
309.3318366291667	1
309.761385075	2
310.173218075	3
310.605051075	1
311.042715075	2
311.450379075	3
311.888043075	1
312.31969607499997	2
312.75134907499995	3
313.1930020749999	1
313.6067940749999	2
314.0205860749999	3
314.4453680749999	1
314.8801500749999	2
315.3249320749999	3
315.7497140749999	1
316.17449607499987	2
316.60927807499985	3
317.03181307499983	1
317.4543480749998	2
317.8868830749998	3
318.31545407499976	1
318.74402507499974	2
319.1725960749997	3
319.6142490749997	1
320.0459020749997	2
320.47755507499966	3
320.9153140749996	1
321.3262730749997	2
321.77245740833297	3
322.172457408333	1
322.60041240833294	2
323.03836740833293	3
323.4763224083329	1
323.8979754083329	2
324.3296284083329	3
324.7627934083329	1
325.1959584083329	2
325.6191234083329	3
326.05228840833286	1
326.45545340833286	2
326.89023540833284	3
327.2849704083329	1
327.7135414083329	2
328.1421124083329	3
328.57068340833285	1
328.99925440833283	2
329.4178254083328	3
329.8563964083328	1
330.2860604083328	2
330.6860604083328	3
331.1346314083328	1
331.55320240833277	2
331.97177340833275	3
332.4003444083327	1
332.8515194083327	2
333.2826944083327	3
333.71379740833277	1
334.12475640833276	2
334.53571540833275	3
334.9902604083327	1
335.4398394083327	2
335.83941840833273	3
336.2610714083327	1
336.6927244083327	2
337.1043774083327	3
337.56393640833267	1
338.01349540833263	2
338.4430544083326	3
338.86858640833265	1
339.2917994083326	2
339.73501240833264	3
340.15867740833266	1
340.5596364083327	2
340.9705954083327	3
341.414427741666	1
341.82907440833264	2
342.26385640833263	3
342.6886384083326	1
343.12185140833265	2
343.55506440833267	3
343.9782774083327	1
344.38639540833276	2
344.82451340833273	3
345.2426314083327	1
345.6681634083327	2
346.0936954083327	3
346.51922740833265	1
346.93176240833265	2
347.3642974083326	3
347.7564544083327	1
348.1775074083326	2
348.58856040833257	3
349.01961340833253	1
349.4406664083325	2
349.8617194083325	3
350.28513187499914	1
350.6960908749992	2
351.11862587499917	3
351.55306987499915	1
351.9751905416659	2
352.39614954166586	3
352.81371104166584	1
353.2614700416658	2
353.7092290416658	3
354.15698804166584	1
354.5736540416659	2
354.99032004166594	3
355.43476404166586	1
355.87920804166583	2
356.3236520416658	3
356.7403180416659	1
357.1569840416659	2
357.5736500416659	3
357.99031604166595	1
358.4203140416659	2
358.8503120416659	3
359.2803100416659	1
359.72030804166593	2
360.14030604166595	3
360.57030404166596	1
361.0280630416659	2
361.47582204166594	3
361.91358104166596	1
362.31658004166604	2
362.75957904166603	3
363.15957904166606	1
363.579158041666	2
363.998737041666	3
364.418316041666	1
364.844982041666	2
365.26164804166604	3
365.6583140416661	1
366.09626904166606	2
366.54422404166604	3
366.96412470833275	1
367.36791670833276	2
367.80170870833274	3
368.24160937499937	1
368.67956437499936	2
369.11751937499935	3
369.54547437499934	1
369.9610063749994	2
370.38653837499936	3
370.81207037499934	1
371.2376023749993	2
371.6631343749993	3
372.0827133749993	1
372.5022923749993	2
372.92325137499927	3
373.33421037499926	1
373.7389923749992	2
374.21377437499916	3
374.63855637499915	1
375.07973137499914	2
375.52090637499913	3
375.90825737499927	1
376.35682837499917	2
376.7553993749992	3
377.2139703749991	1
377.6487523749991	2
378.0735343749991	3
378.5083163749991	1
378.95276037499906	2
379.39720437499903	3
379.8188573749991	1
380.25051037499907	2
380.69216337499904	3
381.123816374999	1
381.536619374999	2
381.97942237499905	3
382.43546937499906	1
382.86800437499903	2
383.295679374999	3
383.743634374999	1
384.19158937499896	2
384.60954437499896	3
385.037208374999	1
385.484872374999	2
385.902536374999	3
386.330200374999	1
386.76498237499897	2
387.18976437499896	3
387.62454637499894	1
388.05159137499896	2
388.468636374999	3
388.91341837499897	1
389.34820037499895	2
389.7929823749989	3
390.2277643749989	1
390.6665963749989	2
391.0854283749989	3
391.5042603749989	1
391.9390423749989	2
392.39382437499887	3
392.8180833749989	1
393.2512963749989	2
393.6845093749989	3
394.10684237499896	1
394.539175374999	2
394.971508374999	3
395.41384137499904	1
395.84617437499907	2
396.2785073749991	3
396.7133343749991	1
397.1445093749991	2
397.5809233749991	3
398.01257637499907	1
398.44422937499905	2
398.86588237499905	3
399.317535374999	1
399.761979374999	2
400.196423374999	3
400.6219553750002	1
401.0567373750002	2
401.49151937500017	3
401.91109837500017	4
402.3120573750002	1
402.8654373750002	2
403.4415717083335	3
403.98712770833356	4
404.54616720833354	5
405.14308820833355	6
405.7201405604169	7
406.3341725604169	1
406.90823662708357	2
407.48136294375024	3
408.04210779375023	4
408.6046265437502	1
409.1576205437502	2
409.7127332104169	3
410.2581872104169	4
410.81651846041694	1
410.95869821041697	2
411.100877960417	3
411.243057710417	4
411.39523746041704	5
411.51198871041703	6
411.64835221041704	7
411.7957241645837	8
411.9373491645837	9
412.0801242645837	10
412.2229815145837	11
412.3558387645837	12
412.49869601458374	13
412.68155326458356	1
413.2584742645836	2
413.8204100979169	3
414.36596609791695	4
414.92658839791693	1
415.52332801458357	2
416.0683643312503	3
416.64069633125024	4
417.2013030812502	1
417.7620500812502	2
418.3227970812502	3
418.8835440812502	4
419.45688019791686	1
420.02026019791685	2
420.59018501458354	3
421.16710601458357	4
421.7567213645836	1
422.3080050645836	2
422.8484630645836	3
423.3989210645836	4
423.8893790645837	1
424.5049350645837	2
425.0804910645837	3
425.6160470645837	1
426.0577000645837	2
426.4793530645837	3
426.9179532520837	4
427.35670125208367	1
427.78544925208365	2
428.218322022917	3
428.65085702291697	4
429.06339202291696	1
429.49938962708364	2
429.918219522917	3
430.356790522917	4
430.77536152291697	1
431.22001412708363	2
431.667502772917	3
432.125261772917	4
432.54725031458366	1
432.97687569375034	2
433.44087288125036	3
433.8700797562504	4
434.2926147562504	1
434.74314511041706	2
435.1692103187504	3
435.5997196104171	4
436.0311019229171	1
436.46993550625047	2
436.8880970687505	3
437.32254106875047	4
437.76063125625046	1
438.1781860062505	2
438.6159450062505	3
439.1037040062505	4
439.5326747562505	1
439.96678806875053	2
440.37844467291717	3
440.80356502708383	4
441.22023102708386	1
441.66715181875054	2
442.1115958187505	3
442.5313524020838	4
442.9451444020838	1
443.3764252979172	2
443.82807829791716	3
444.23973129791716	4
444.6724562562505	1
445.0792445270838	2
445.5330003812505	3
445.9744539229171	4
446.4253726104171	1
446.8692426729171	2
447.3104176729171	3
447.7333410062504	4
448.1501292770837	1
448.584533860417	2
449.0015772770837	3
449.450331547917	4
449.917875172917	1
450.329050172917	2
450.76791990208363	3
451.20428390208366	4
451.6406479020837	1
452.0670119020837	2
452.5333759020837	3
452.95973990208375	4
453.38401556875044	1
453.8284595687504	2
454.30290356875037	3
454.73734756875035	4
455.1718912145837	1
455.5789252770837	2
455.99559127708375	3
456.42225727708376	4
456.8566618604171	1
457.27915152708374	2
457.70914952708375	3
458.12894558958374	4
458.55852458958356	1
459.02306958958354	2
459.4451995062502	3
459.8768525062502	1
460.3310300270835	2
460.7669560270835	3
461.1724880270835	1
461.6165380270835	2
462.06098202708347	3
462.44675263125026	1
462.9045116312503	2
463.3364330645836	3
463.7680860645836	4
464.1997390645836	1
464.63665853125025	2
465.06392923125026	3
465.4962622312503	4
465.9285952312503	1
466.3372289312503	2
466.7557999312503	3
467.19437093125026	4
467.6206138812503	1
468.0950578812502	2
468.5395018812502	3
468.9839458812502	4
469.43496051458357	1
469.8529155145836	2
470.29087051458356	3
470.7588255145835	1
471.1967805145835	2
471.63110284583354	3
472.07554684583357	1
472.52411784583353	2
472.9526888458335	3
473.3812598458335	4
473.79983084583347	1
474.21840184583345	2
474.63697284583344	3
475.05706807083345	4
475.46802707083344	1
475.90929205833345	2
476.3349388270835	3
476.76047082708345	4
477.1860028270834	1
477.6115348270834	2
478.0312254458334	3
478.4508044458334	4
478.8703834458334	1
479.3048803895834	2
479.7177971958334	3
480.1530848270834	4
480.56861682708336	1
480.99713084583334	2
481.4157018458333	3
481.8434094270833	4
482.24727095208334	1
482.66106295208334	2
483.06872049583336	3
483.48412349583333	4
483.89873805208333	1
484.31382499583333	2
484.7260501958333	3
485.1456291958333	4
485.5652081958333	1
485.9876877708333	2
486.4202227708333	3
486.84275777083326	4
487.25529277083325	1
487.6878277708332	2
488.1047918208332	3
488.5057508208332	4
488.92230981458323	1
489.33897581458325	2
489.75564181458327	3
490.18882617708323	4
490.60020782083325	1
491.01818007708323	2
491.4437120770832	3
491.8549443208332	4
492.27007656458323	1
492.7307722333332	2
493.1629855583332	3
493.58863232708325	4
494.0141643270832	1
494.4650262333332	2
494.89433317708324	3
495.31283317708323	4
495.7412153458332	1
496.1952733333332	2
496.62134932708324	3
497.0381815645832	4
497.45484756458325	1
497.89240339583324	2
498.33035839583323	3
498.74806806458326	4
499.1636822458333	1
499.5858960208333	2
500.0026720645833	3
500.43711438958326	4
500.8403992458333	1
501.2330822458333	2
501.64576524583333	3
502.03844824583337	4
502.45507305833337	1
502.89672605833334	2
503.3441830708333	3
503.76096924583334	4
504.1663722458333	1
504.6003239770833	2
505.05476797708326	3
505.4671206083333	4
505.8576983458333	1
506.29626934583325	2
506.7464474770832	3
507.17186324583326	4
507.58726624583323	1
508.0141526395832	2
508.4389346395832	3
508.8506838833332	4
509.26007831458315	1
509.7072543208331	2
510.1650133208331	3
510.60277232083314	4
511.0377976395832	1
511.4635030770832	2
511.8890350770832	3
512.3075538208332	4
512.7185128208332	1
513.1528481395832	2
513.5876301395832	3
514.0089405583332	4
514.4299935583332	1
514.8510465583332	2
515.2720995583333	3
515.6975475770832	4
516.1330795770832	1
516.5486115770832	2
516.9697485583332	3
517.3883698020832	4
517.8143698020832	1
518.2303698020833	2
518.6587050958333	3
519.0772760958333	4
519.5058470958334	1
519.9155946958334	2
520.3451736958334	3
520.7547526958334	4
521.1843316958334	1
521.6039106958334	2
522.0234896958334	3
522.4430686958334	4
522.8626476958334	1
523.2722266958334	2
523.6918056958334	3
524.1092545645835	4
524.5259205645834	1
524.9525865645834	2
525.3692525645833	3
525.7859185645833	4
526.2046958083333	1
526.6257488083334	2
527.0625436770833	3
527.5014680583333	4
527.9231210583333	1
528.3213770520833	2
528.7384039520833	3
529.1421959520833	4
529.5659879520832	1
529.9797799520832	2
530.4092218270831	3
530.8447538270831	4
531.2602858270831	1
531.685817827083	2
532.031349827083	3
532.4525286958329	4
532.952107695833	1
533.380678695833	2
533.809249695833	3
534.2078206958331	4
534.6525251291664	1
535.0795950979164	2
535.5033193729164	3
535.9270663729164	4
536.348996129167	1
536.6798771291669	2
536.980202516667	3
537.319580841667	1
537.6358204041669	2
537.9485034041669	3
538.2512306458336	1
538.6828836458336	2
539.0898618750003	3
539.5193801875004	4
539.9389591875004	1
540.361390666667	2
540.776922666667	3
541.1996021875003	4
541.6191811875003	1
541.9118641875003	2
542.2045471875003	3
542.5122932250003	1
542.8474892250003	2
543.1585157750003	3
543.5446135208336	1
543.9854680583337	2
544.4031599479171	3
544.819825947917	4
545.236491947917	1
545.653157947917	2
546.0598239479169	3
546.4555319875003	4
546.8609349875004	1
547.1852579875004	2
547.4920236416671	3
547.808144641667	1
548.124265641667	2
548.4303866416669	3
548.8375591562504	1
549.2761301562505	2
549.6904147895838	3
550.1042067895837	4
550.5021058229171	1
550.9073430229171	2
551.322486022917	3
551.7234869562503	4
552.144071622917	1
552.5499119562503	2
552.9754439562503	3
553.4009759562502	4
553.8265079562502	1
554.2334694895836	2
554.6701354895836	3
555.0868014895835	4
555.5134674895835	1
555.9416416562501	2
556.3602126562502	3
556.7887836562502	4
557.2173546562502	1
557.6232175229169	2
557.9979525229169	3
558.4026875229168	4
558.7874225229168	1
559.2061733895835	2
559.5968260229168	3
560.0068260229168	4
560.4301582895835	1
560.8345542895835	2
561.2583462895834	3
561.6621382895834	4
562.0625980229167	1
562.4609750895834	2
562.9027930229166	3
563.2949635229166	4
563.66934270625	1
564.0851917395833	2
564.5318577395832	3
564.9123686395832	4
565.2919776395831	1
565.7183805229164	2
566.1183805229164	3
566.5147204562497	4
566.8968774562497	1
567.3101493562497	2
567.7241493562497	3
568.1268844562496	4
568.5810485562496	1
568.985862289583	2
569.4181058562497	3
569.8306408562497	4
570.2034244604165	1
570.643923127083	2
571.056458127083	3
571.4878071937496	4
571.8507139604171	1
572.1980649604171	2
572.7154159604171	3
573.042766960417	1
573.378465429167	2
573.857571210417	3
574.2953302104171	1
574.6953302104171	2
575.005330210417	3
575.4253302104171	4
575.885330210417	1
576.292775029167	2
576.6754917000004	3
577.0424026791671	4
577.427137679167	1
577.831581679167	2
578.3360256791669	3
578.7804696791669	4
579.168031804167	5
579.578970804167	1
580.0335158041671	2
580.4657887958338	3
580.8822893083337	4
581.2696403083337	1
581.687509510417	2
582.085671510417	3
582.482730585417	4
582.879480585417	1
583.314233072917	2
583.7343113979169	3
584.1171797625003	4
584.4486247625003	1
584.8616205458337	2
585.3048335458337	3
585.6937042854171	4
586.061062285417	1
586.4766636937504	2
586.8781717687505	3
587.2527857687505	4
587.6373997687506	1
588.0420137687506	2
588.4166277687507	3
588.8112417687507	4
589.1958557687508	1
589.6223661166675	2
590.0803211166675	3
590.5182761166675	4
590.9362311166675	1
591.3241861166675	2
591.7621411166675	3
592.2600961166675	4
592.7080511166674	1
593.1555445916674	2
593.6033035916674	3
594.0210625916675	4
594.4888215916675	1
594.9765805916675	2
595.3543395916676	3
595.8220985916676	4
596.2698575916676	1
596.7130968979175	2
596.9850968979175	3
597.3870968979176	4
597.8955735083342	1
598.3211269833342	2
598.6965299833342	3
599.1319329833342	4
599.5173359833342	1
599.9365310500009	2
600.2461100500009	3
600.6856890500009	4
601.1652680500009	1
601.5719455645842	2
601.9779855645842	3
602.3840255645841	4
602.7800655645841	1
603.2077555166675	2
603.6214687166674	3
604.0282477166675	4
604.4350267166675	1
604.8388587520842	2
605.2478202583342	3
605.6587792583342	4
606.0697382583343	1
606.3853851333342	2
606.7908841333342	3
607.3063831333342	4
607.6918821333342	1
608.0273811333342	2
608.5128801333341	3
608.908379133334	4
609.313878133334	1
609.699377133334	2
610.1387980312506	3
610.5525900312506	4
610.9563820312505	1
611.3538092104172	2
611.7841530312505	3
612.1879450312505	4
612.6017370312504	1
613.0046991937504	2
613.4097744791671	3
613.8019314791671	4
614.1940884791671	1
614.5862454791671	2
614.9886434000005	3
615.3913264000005	4
615.8003759812505	1
616.1980377666672	2
616.6074001479172	3
617.0294001479173	4
617.4314001479173	1
617.852116508334	2
618.2541837291674	3
618.648089064584	4
619.038089064584	1
619.443439133334	2
619.848938133334	3
620.2585468083339	4
620.6458978083339	1
621.0560692937505	2
621.4163192937506	3
621.8425824083339	4
622.2373174083339	1
622.6605520562505	2
622.9929389437505	3
623.4038563687504	4
623.8847343687505	1
624.2179057812505	2
624.6316977812504	3
625.0306669791671	4
625.4973710187505	1
625.8548952604173	2
626.2343122812505	3
626.6481042812504	4
627.1408399937504	1
627.5560559833337	2
627.8614589833337	3
628.3668619833337	4
628.7722649833337	1
629.191166591667	2
629.590165591667	3
629.999164591667	4
630.3969278895836	1
630.8106778895835	2
631.1135919520835	3
631.5140377854169	4
631.978223672917	1
632.3924726208337	2
632.7878756208337	3
633.2032786208337	4
633.5986816208336	1
634.0141780208336	2
634.4119542562503	3
634.8231682958336	4
635.2105866562503	1