0.0	1
0.47619000000000006	2
0.9523800000000001	3
1.4285700000000001	4
1.9047600000000002	1
2.3809500000000003	2
2.8471400000000004	3
3.33333	4
3.80952	1
4.28571	2
4.7719	3
5.2480899999999995	4
5.724279999999999	1
6.200469999999999	2
6.676659999999999	3
7.152849999999999	4
7.629039999999999	1
8.105229999999999	2
8.58142	3
9.05761	4
9.533800000000001	1
10.009990000000002	2
10.486180000000003	3
10.962370000000004	4
11.438560000000004	1
11.924750000000005	2
12.400940000000006	3
12.867130000000007	4
13.343320000000007	1
13.819510000000008	2
14.295700000000009	3
14.77189000000001	4
15.23808000000001	1
15.724270000000011	2
16.200460000000014	3
16.676650000000013	4
17.152840000000012	1
17.62903000000001	2
18.10522000000001	3
18.58141000000001	4
19.057600000000008	1
19.533790000000007	2
20.009980000000006	3
20.486170000000005	4
20.962360000000004	1
21.438550000000003	2
21.914740000000002	3
22.39093	4
22.86712	1
23.34331	2
23.819499999999998	3
24.305689999999995	4
24.781879999999994	1
25.248069999999995	2
25.724259999999994	3
26.200449999999993	4
26.676639999999992	1
27.15282999999999	2
27.61901999999999	3
28.10520999999999	4
28.581399999999988	1
29.057589999999987	2
29.533779999999986	3
30.009969999999985	4
30.476159999999982	1
30.95234999999998	2
31.42853999999998	3
31.91472999999998	4
32.39091999999998	1
32.86710999999998	2
33.343299999999985	3
33.81948999999999	4
34.29567999999999	1
34.77186999999999	2
35.248059999999995	3
35.73425	4
36.210440000000006	1
36.67663	2
37.16282000000001	3
37.63901000000001	4
38.10520000000001	1
38.58139000000001	2
39.04758000000002	3
39.53377000000002	4
39.99996000000002	1
40.476150000000025	2
40.962340000000026	3
41.448530000000034	4
41.924720000000036	1
42.390910000000034	2
42.85710000000004	3
43.34329000000004	4
43.80948000000004	1
44.285670000000046	2
44.76186000000005	3
45.23805000000005	4
45.71424000000005	1
46.200430000000054	2
46.66662000000006	3
47.14281000000006	4
47.619000000000064	1
48.095190000000066	2
48.58138000000007	3
49.05757000000007	4
49.53376000000007	1
50.009950000000075	2
50.47614000000008	3
50.95233000000008	4
51.428520000000084	1
51.90471000000009	2
52.38090000000009	3
52.86709000000009	4
53.34328000000009	1
53.819470000000095	2
54.2956600000001	3
54.7718500000001	4
55.238040000000105	1
55.71423000000011	2
56.19042000000011	3
56.67661000000011	4
57.172800000000116	1
57.61899000000012	2
58.09518000000012	3
58.58137000000012	4
59.05756000000012	1
59.533750000000126	2
60.00994000000013	3
60.48613000000013	4
60.96232000000013	1
61.438510000000136	2
61.91470000000014	3
62.39089000000014	4
62.857080000000146	1
63.33327000000015	2
63.80946000000015	3
64.30565000000014	4
64.79184000000015	1
65.24803000000016	2
65.72422000000016	3
66.19041000000016	4
66.66660000000016	1
67.14279000000016	2
67.61898000000016	3
68.09517000000017	4
68.57136000000017	1
69.04755000000017	2
69.53374000000018	3
69.99993000000018	4
70.47612000000018	1
70.95231000000018	2
71.42850000000018	3
71.90469000000019	4
72.38088000000019	1
72.85707000000019	2
73.3432600000002	3
73.8094500000002	4
74.2856400000002	1
74.7618300000002	2
75.2380200000002	3
75.71421000000021	4
76.19040000000021	1
76.66659000000021	2
77.14278000000022	3
77.61897000000022	4
78.09516000000022	1
78.57135000000022	2
79.04754000000023	3
79.52373000000023	4
79.99992000000023	1
80.47611000000023	2
80.95230000000024	3
81.42849000000024	4
81.91468000000025	1
82.38087000000024	2
82.85706000000025	3
83.33325000000025	4
83.80944000000025	1
84.28563000000025	2
84.76182000000026	3
85.23801000000026	4
85.72420000000027	1
86.19039000000026	2
86.66658000000027	3
87.14277000000027	4
87.61896000000027	1
88.09515000000027	2
88.57134000000028	3
89.04753000000028	4
89.53372000000029	1
89.99991000000028	2
90.47610000000029	3
90.95229000000029	4
91.42848000000029	1
91.9146700000003	2
92.3808600000003	3
92.8570500000003	4
93.3432400000003	1
93.8094300000003	2
94.2856200000003	3
94.76181000000031	4
95.23800000000031	1
95.72419000000032	2
96.19038000000032	3
96.66657000000032	4
97.14276000000032	1
97.61895000000032	2
98.09514000000033	3
98.57133000000033	4
99.05752000000034	1
99.53371000000034	2
100.00990000000034	3
100.48609000000035	4
100.96228000000035	1
101.43847000000035	2
101.91466000000035	3
102.39085000000036	4
102.86704000000036	1
103.34323000000036	2
103.81942000000036	3
104.28561000000036	4
104.77180000000037	1
105.24799000000037	2
105.72418000000037	3
106.20037000000038	4
106.67656000000038	1
107.15275000000038	2
107.62894000000038	3
108.10513000000039	4
108.58132000000039	1
109.05751000000039	2
109.5337000000004	3
110.0098900000004	4
110.4760800000004	1
110.9622700000004	2
111.4384600000004	3
111.9146500000004	4
112.39084000000041	1
112.86703000000041	2
113.34322000000041	3
113.81941000000042	4
114.29560000000042	1
114.77179000000042	2
115.24798000000042	3
115.72417000000043	4
116.20036000000043	1
116.67655000000043	2
117.15274000000043	3
117.61893000000043	4
118.09512000000043	1
118.58131000000044	2
119.05750000000045	3
119.53369000000045	4
120.00988000000045	1
120.47607000000045	2
120.96226000000046	3
121.43845000000046	4
121.91464000000046	1
122.39083000000046	2
122.86702000000047	3
123.34321000000047	4
123.80940000000047	1
124.28559000000047	2
124.77178000000048	3
125.24797000000048	4
125.72416000000048	1
126.20035000000048	2
126.67654000000049	3
127.15273000000049	4
127.61892000000049	1
128.0951100000005	2
128.58130000000048	3
129.05749000000048	4
129.5336800000005	1
130.0098700000005	2
130.4760600000005	3
130.9622500000005	4
131.4384400000005	1
131.9146300000005	2
132.3908200000005	3
132.8670100000005	4
133.3432000000005	1
133.80939000000052	2
134.28558000000052	3
134.76177000000052	4
135.23796000000053	1
135.72415000000052	2
136.20034000000052	3
136.66653000000053	4
137.14272000000054	1
137.59891000000053	2
138.07510000000053	3
138.55129000000053	4
139.03748000000056	1
139.51367000000056	2
139.98986000000056	3
140.46605000000056	4
140.94224000000057	1
141.41843000000057	2
141.90462000000056	3
142.37081000000057	4
142.84700000000058	1
143.33319000000057	2
143.79938000000058	3
144.27557000000058	4
144.74176000000057	1
145.21795000000057	2
145.69414000000057	3
146.17033000000058	4
146.64652000000058	1
147.12271000000058	2
147.6189000000006	3
148.0950900000006	4
148.5712800000006	1
149.0474700000006	2
149.5136600000006	3
149.98985000000062	4
150.4760400000006	1
150.9522300000006	2
151.4384200000006	3
151.9146100000006	4
152.38080000000062	1
152.85699000000062	2
153.34318000000061	3
153.80937000000063	4
154.28556000000063	1
154.76175000000063	2
155.23794000000063	3
155.72413000000063	4
156.20032000000063	1
156.66651000000064	2
157.14270000000064	3
157.61889000000065	4
158.09508000000065	1
158.57127000000065	2
159.04746000000065	3
159.52365000000066	4
159.99984000000066	1
160.47603000000066	2
160.95222000000066	3
161.42841000000067	4
161.90460000000067	1
162.38079000000067	2
162.85698000000068	3
163.34317000000067	4
163.81936000000067	1
164.28555000000068	2
164.76174000000069	3
165.2379300000007	4
165.7141200000007	1
166.1903100000007	2
166.6665000000007	3
167.1426900000007	4
167.6188800000007	1
168.0950700000007	2
168.5712600000007	3
169.0474500000007	4
169.5236400000007	1
169.9998300000007	2
170.47602000000072	3
170.95221000000072	4
171.42840000000072	1
171.90459000000072	2
172.38078000000073	3
172.85697000000073	4
173.33316000000073	1
173.80935000000073	2
174.28554000000074	3
174.76173000000074	4
175.23792000000074	1
175.71411000000074	2
176.19030000000075	3
176.66649000000075	4
177.14268000000075	1
177.61887000000075	2
178.09506000000076	3
178.57125000000076	4
179.04744000000076	1
179.52363000000076	2
179.99982000000077	3
180.47601000000077	4
180.95220000000077	1
181.42839000000077	2
181.90458000000078	3
182.38077000000078	4
182.85696000000078	1
183.33315000000078	2
183.8093400000008	3
184.2855300000008	4
184.7617200000008	1
185.2379100000008	2
185.7141000000008	3
186.1902900000008	4
186.6664800000008	1
187.1426700000008	2
187.6188600000008	3
188.0950500000008	4
188.5712400000008	1
189.04743000000082	2
189.52362000000082	3
189.99981000000082	4
190.47600000000082	1
190.95219000000083	2
191.42838000000083	3
191.91457000000082	4
192.38076000000083	1
192.85695000000084	2
193.33314000000084	3
193.80933000000084	4
194.28552000000084	1
194.76171000000085	2
195.23790000000085	3
195.71409000000085	4
196.19028000000085	1
196.66647000000086	2
197.14266000000086	3
197.61885000000086	4
198.09504000000086	1
198.57123000000087	2
199.04742000000087	3
199.52361000000087	4
199.99980000000087	1
200.47599000000088	2
200.95218000000088	3
201.42837000000088	4
201.90456000000088	1
202.3807500000009	2
202.8569400000009	3
203.3331300000009	4
203.8093200000009	1
204.2855100000009	2
204.7617000000009	3
205.2378900000009	4
205.7140800000009	1
206.1902700000009	2
206.6664600000009	3
207.1426500000009	4
207.61884000000092	1
208.09503000000092	2
208.57122000000092	3
209.04741000000092	4
209.52360000000093	1
209.99979000000093	2
210.47598000000093	3
210.95217000000093	4
211.42836000000094	1
211.90455000000094	2
212.38074000000094	3
212.82693000000094	4