0.0	1
0.681817	2
1.363634	3
2.045451	4
2.7172680000000002	1
3.3990850000000004	2
4.080902	3
4.7727189999999995	4
5.454535999999999	1
6.126536	2
6.808536	3
7.4905360000000005	4
8.202536	1
8.914242000000002	2
9.645948000000002	3
10.350448000000002	4
11.040103	1
13.180435	2
15.272090000000002	1
16.05131	2
16.80167075	3
17.557949250000004	4
18.317485750000003	1
19.06695875	2
19.856275108333335	3
20.580560108333337	4
21.330560108333337	1
22.080560108333337	2
22.840175108333337	3
23.580916108333337	4
24.321657108333337	1
25.121657108333338	2
25.870494108333336	3
26.619724108333337	4
27.353176108333336	1
28.162406108333336	2
28.962406108333337	3
29.758322608333334	4
30.541655608333336	1
31.331655608333335	2
32.09165560833333	3
32.87065560833334	4
33.709655608333335	1
34.459655608333335	2
35.23965560833334	3
36.039128608333336	4
36.83860160833334	1
37.60783160833334	2
38.37706160833334	3
39.16653460833334	4
39.96653460833334	1
40.669425608333334	2
41.39231660833333	3
42.12681560833333	4
42.838632608333334	1
43.56463260833333	2
44.30386260833333	3
45.073356608333334	4
45.87285060833333	1
46.67285060833333	2
47.42285060833333	3
48.18285060833333	4
48.92635060833333	1
49.68067960833333	2
50.43500860833333	3
51.17671460833333	4
51.90842060833333	1
52.691920608333334	2
53.42542060833333	3
54.20342060833334	4
54.961420608333334	1
55.77089360833334	2
56.56036660833334	3
57.33983960833334	4
58.16314760833334	1
58.942620608333335	2
59.74209360833334	3
60.59259360833334	4
61.363093608333344	1
62.20159260833335	2
63.02009160833335	3
63.81479360833335	4
64.60949560833335	1
65.40599560833336	2
66.24249560833336	3
67.07299560833336	4
67.86349560833335	1
68.65899560833336	2
69.45449560833336	3
70.25399560833335	4
71.04349560833334	1
71.89430560833335	2
72.67511560833336	3
73.51061460833336	4
74.33008760833334	1
74.74453160833335	2
75.12926660833334	3
75.52400160833334	4
75.92940460833334	1
76.36735960833335	2
76.80531460833335	3
77.23071760833335	4
77.63612060833336	1
78.05729560833336	2
78.45729560833337	3
78.83997860833337	4
79.24204260833336	1
79.64870860833337	2
80.06537460833336	3
80.46537460833336	4
80.83288910833338	1
81.22713810833338	2
81.62253810833337	3
82.02794110833338	4
82.44334410833339	1
82.8513441083334	2
83.2293441083334	3
83.6303031083334	4
84.0380896083334	1
84.44270360833339	2
84.85649560833339	3
85.2646576083334	4
85.6562386083334	1
86.0729046083334	2
86.4895706083334	3
86.89497360833339	4
87.28713060833338	1
87.67991085000006	2
88.06700685000006	3
88.46410285000006	4
88.83632985000006	1
89.24728885000006	2
89.67585985000007	3
90.0990143083334	4
90.50901430833339	1
90.9325143083334	2
91.35451430833339	3
91.76359764166672	4
92.17559764166671	1
92.57828064166671	2
92.98644264166671	3
93.39117764166672	4
93.77591264166671	1
94.17326364166671	2
94.57061464166671	3
94.9627716416667	4
95.3549286416667	1
95.7382382541667	2
96.1438292541667	3
96.5284432541667	4
96.93384625416671	1
97.3953832541667	2
97.82238325416671	3
98.20938325416671	4
98.62638325416671	1
99.02952867083337	2
99.44802667083337	3
99.85019067083338	4
100.22235467083338	1
100.61331367083339	2
101.0542726708334	3
101.4352316708334	4
101.84619067083341	1
102.2479626333334	2
102.7082126333334	3
103.1184626333334	4
103.55871263333339	1
103.95867825833339	2
104.3856782583334	3
104.8026782583334	4
105.1896782583334	1
105.63063725833341	2
106.04159625833341	3
106.45699925833341	4
106.84240225833342	1
107.27065225833343	2
107.70890225833344	3
108.12715225833344	4
108.54540225833343	1
108.96539925833342	2
109.39539625833342	3
109.82396725833343	4
110.25253825833342	1
110.64349725833343	2
111.05445625833343	3
111.46541525833344	4
111.89637425833344	1
112.33754925833344	2
112.77872425833344	3
113.21989925833344	4
113.66107425833346	1
114.16407425833346	2
114.63187725833345	3
115.11968025833345	4
115.61968025833345	1
116.11968025833345	2
116.64768025833344	3
117.17492125833344	4
117.7203752583334	1
118.09445325833342	2
118.43853125833341	3
118.8026092583334	4
119.1435172583334	1
119.49156925833341	2
119.8467652583334	3
120.1819612583334	4
120.50715725833341	1
120.8423532583334	2
121.1675492583334	3
121.50274525833339	4
121.84158225833339	1
122.18645475833338	2
122.53736275833339	3
122.88255875833339	4
123.20775475833338	1
123.55295075833338	2
123.88908825833339	3
124.22616725833339	4
124.5663922583334	1
124.9066172583334	2
125.2468422583334	3
125.5770672583334	4
125.92729225833341	1
126.2541132583334	2
126.5932697583334	3
126.9247617583334	4
127.2562537583334	1
127.6035982583334	2
127.94679525833341	3
128.2901282583334	4
128.6234612583334	1
128.96436925833342	2
129.28527725833345	3
129.63618525833346	4
129.97709325833347	1
130.31608675833346	2
130.64316575833345	3
131.00024475833342	4
131.31732375833343	1
131.65440275833342	2
131.98758115833343	3
132.3252041583334	4
132.66282715833339	1
132.9961301583334	2
133.3251131583334	3
133.6740961583334	4
134.01501565833343	1
134.33787165833346	2
134.67588215833345	3
135.00904715833346	4
135.34221215833347	1
135.67620793333347	2
136.01170493333348	3
136.34720193333348	4
136.69269893333347	1
137.00644793333348	2
137.3401969333335	3
137.6939459333335	4
138.0234909333335	1
138.3460709333335	2
138.66865093333348	3
138.9613339333335	4
139.2928259333335	1
139.6161589333335	2
139.9594919333335	3
140.29282493333352	4
140.61615793333354	1
140.94989193333353	2
141.26402693333353	3
141.57816193333352	4
141.89229693333354	1
142.22712493333356	2
142.55826793333355	3
142.88613593333355	4
143.22400393333353	1
143.53187193333352	2
143.8408059333335	3
144.14841893333352	4
144.46228726666686	1
144.80319526666688	2
145.1341032666669	3
145.4501877666669	4
145.7950157666669	1
146.12398926666688	2
146.43603976666688	3
146.77017476666688	4
147.0743097666669	1
147.4091377666669	2
147.75396576666688	3
148.05654576666686	4
148.39912576666688	1
148.74041576666684	2
149.06456226666685	3
149.39064926666686	4
149.69932326666685	1
150.02081526666686	2
150.36230726666685	3
150.69488726666683	4
151.00746726666682	1
151.33087626666682	2
151.64511426666684	3
151.9735187666668	4
152.28608976666683	1
152.60129476666683	2
152.94649976666685	3
153.26983276666684	4
153.59316576666686	1
153.90546276666683	2
154.22672376666685	3
154.54587076666684	4
154.86501776666685	1
155.20795876666685	2
155.54400276666684	3
155.84920676666684	4
156.16825476666685	1
156.48083926666683	2
156.78696026666682	3
157.1030812666668	4
157.4188702666668	1
157.7603622666668	2
158.0918542666668	3
158.41972226666678	4
158.7275902666668	1
159.0520102666668	2
159.3729822666668	3
159.6981072666668	4
160.0073852666668	1
160.33484326666678	2
160.65230126666677	3
160.95643626666677	4
161.27057126666676	1
161.57804626666677	2
161.89552126666678	3
162.23299626666676	4
162.54047126666677	1
162.86833926666677	2
163.19620726666676	3
163.51954026666678	4
163.84287326666677	1
164.17063976666677	2
164.47810276666678	3
164.80389176666677	4
165.11968076666676	1
165.46487676666675	2
165.79007276666675	3
166.12526876666675	4
166.45009676666675	1
166.76251076666674	2
167.08251076666676	3
167.40033676666675	4
167.70645776666677	1
168.03794976666677	2
168.36944176666677	3
168.71093376666676	4
169.03242576666676	1
169.36102176666677	2
169.67931226666676	3
169.99475276666675	4
170.29475276666676	1
170.62994876666676	2
170.96514476666675	3
171.29034076666676	4
171.59160176666674	1
171.89964626666676	2
172.23335026666675	3
172.54593026666672	4
172.8885102666667	1
173.21000226666672	2
173.52726276666672	3
173.84029176666672	4
174.1577497666667	1
174.47410443333337	2
174.78338243333337	3
175.10160810000002	4
175.39772910000002	1
175.7506701	2
176.0667141	3
176.39586110000002	4
176.7337291	1
177.0615971	2
177.37116160000002	3
177.6588441	4
177.98237210000002	1
178.31386410000002	2
178.64535610000001	3
178.96281410000003	4
179.27027210000003	1
179.58773010000002	2
179.9051881	3
180.2185561	4
180.5278341	1
180.85698109999998	2
181.17612809999997	3
181.49191709999997	4
181.80770609999996	1
182.11833259999997	2
182.43957909999997	3
182.75478309999997	4
183.03604409999997	1
183.36937709999995	2
183.70271009999996	3
184.02359109999995	4
184.33447209999994	1
184.64509509999993	2
184.96087709999995	3
185.26207609999994	4
185.56327509999994	1
185.90476709999993	2
186.22625909999994	3
186.54039409999993	4
186.8645290999999	1
187.16543809999993	2
187.48491009999995	3
187.77617109999994	4
188.08544909999995	1
188.42064509999994	2
188.75584109999994	3
189.08192809999994	4
189.40801509999994	1
189.72410209999995	2
190.02137659999994	3
190.32983859999996	4
190.65241859999995	1
190.97499859999994	2
191.30185009999994	3
191.63297309999993	4
191.96264309999992	1
192.2723130999999	2
192.57253209999996	3
192.90040009999993	4
193.21826809999993	1
193.54209909999994	2
193.86593009999996	3
194.18976109999997	4
194.51359209999998	1
194.82555709999997	2
195.15024559999998	3
195.4579451	4
195.77406609999997	1
196.09439909999998	2
196.41473209999998	3
196.73506509999999	4
197.06286409999998	1
197.3806631	2
197.7084621	3
198.0319351	4
198.36108209999998	1
199.00458209999988	2
199.63808209999988	3
200.29158209999986	4
200.89508209999985	1
201.55858209999982	2
202.22558159999983	3
202.90608059999983	4
203.5618303499998	1
204.2469903499998	2
204.8056953499998	3
205.45794534999982	4
206.1437828499998	1
206.7930328499998	2
207.4558703499998	3
208.1163028499998	4
208.77146284999984	1
209.39662284999983	2
210.03745284999982	3
210.66532784999984	4
211.27757084999985	1
211.9672258499998	2
212.6193998499998	3
213.2715738499998	4
213.91673384999982	1
214.5759838499998	2
215.2352338499998	3
215.8769838499998	4
216.52873384999978	1
217.1919828499998	2
217.8652318499998	3
218.4969818499998	4
219.1592220999998	1
219.81495909999978	2
220.4742921708331	3
221.06494542083314	4
221.7206824208331	1
222.3764194208331	2
223.02928016249976	3
223.65977991249977	4
224.2660299124998	1
224.95568491249975	2
225.60398191249976	3
226.25332291249975	4
226.85848291249977	1
227.53364291249977	2
228.1652209124998	3
228.80679891249977	4
229.43729791249976	1
230.10779691249977	2
230.73609043541643	3
231.37527793541645	4
232.01021543541646	1
232.66846543541644	2
233.3082758520831	3
233.95352585208312	4
234.59052585208312	1
235.24277585208313	2
235.88153760208314	3
236.50983460208312	4
237.15311860208314	1
237.79900410208313	2
238.45474110208312	3
239.09443835208313	4
239.72601635208312	1
240.3782663520831	2
241.0198443520831	3
241.6614223520831	4
242.29300035208308	1
242.94175035208306	2
243.59050035208307	3
244.2027433520831	4
244.8379033520831	1
245.47620035208308	2
246.0947573520831	3
246.7233143520831	4
247.37839735208306	1
247.68852235208328	2
247.9886473520833	3
248.2987723520833	4
248.6033413520833	1
248.8979103520833	2
249.21247935208328	3
249.51704835208326	4
249.82161735208325	1
250.14249835208324	2
250.45337935208323	3
250.76426035208323	4
251.04728935208325	1
251.35031835208326	2
251.66334735208326	3
251.94637635208326	4
252.26940535208328	1
252.5786833520833	2
252.8879613520833	3
253.1972393520833	4
253.5042683520833	1
253.8012973520833	2
254.08832635208333	3
254.38535535208334	4
254.68238435208335	1
254.97695335208334	2
255.31152235208333	3
255.5960913520833	4
255.9006603520833	1
256.1858198520833	2
256.4475098520833	3
256.7627388520833	4
257.05798785208333	1
257.71372485208315	2
258.36237185208313	3
259.0067516020831	4
259.6383296020831	1
259.96332660208327	2
260.645143602083	3
261.31448460208304	4
261.96292460208304	1
262.618661602083	2
263.243661602083	3
263.888821602083	4
264.541071602083	1
265.19332160208296	2
265.843028602083	3
266.484067102083	4
267.13151560208297	1
267.769812602083	2
268.42011585416634	3
269.06711485416633	4
269.7054248541664	1
270.31766785416636	2
270.62866785416657	3
271.2996678541663	4
271.9506678541663	1
272.5858278541663	2
273.22768635416634	3
273.87862385416634	4
274.52037385416634	1
275.15958085416634	2
275.8114948541663	3
276.4502566041663	4
277.08855360416635	1
277.72169735416634	2
278.3632753541663	3
279.0529303541663	4
279.6912273541663	1
280.3295243541663	2
280.9940233541663	3
281.6585223541663	4
282.33352185416624	1
282.9954203541663	2
283.66340585416623	3
284.0104848541665	4
284.34756385416654	1
284.68464285416655	2
285.16644585416645	3
285.9599448541662	4
286.6417618541663	1
287.2939358541663	2
287.9361098541663	3
288.55786510416635	4
289.2443598541663	1
289.8795198541663	2
290.5384143541663	3
291.1699923541663	4
291.8187423541663	1
292.4674923541663	2
293.1177079791663	3
293.7277704791663	4
294.38127047916635	1
295.04905340416633	2
295.6707849041663	3
296.3311739041663	4
296.9978399041663	1
297.64299990416635	2
298.27815990416633	3
298.90040290416636	4
299.5734064041663	1
300.2400724041663	2
300.90582840416636	3
301.4998874041664	4
302.15655340416635	1
302.79485040416637	2
303.4331474041664	3
304.0714444041664	4
304.7407854041664	1
305.4001264041664	2
306.06428240416636	3
306.74609940416633	4
307.41407965416636	1
308.0785416541663	2
308.73788265416636	3
309.41203865416634	4
310.04860665416635	1
310.73835665416635	2
311.3819591541664	3
312.04711915416635	4
312.69227915416633	1
313.3374391541663	2
314.0019381541663	3
314.65643715416627	4
315.31861115416626	1
315.98078515416626	2
316.6235635624996	3
317.2628135624996	4
317.9120635624996	1
318.56706356249964	2
319.2105635624996	3
319.8540635624996	4
320.5134045624996	1
321.17090456249963	2
321.79814206249966	3
322.4643920624996	4
323.12032956249965	1
323.77257956249963	2
324.39955981249966	3
325.03763731249967	4
325.69697831249965	1
326.35631931249964	2
326.9756995624997	3
327.6076995624997	4
328.2395103124997	1
328.94617631249963	2
329.61284231249965	3
330.2295083124997	4
330.8717190624997	1
331.49640539583305	2
332.12369439583307	3
332.8293347291663	4
333.1472027291666	1
333.8312177291664	2
334.4772777291664	3
335.11527797916636	4
335.7464024791664	1
336.3914699791664	2
336.98936447916645	3
337.63848647916643	4
338.27066047916645	1
338.94283447916644	2
339.54283447916646	3
340.1560029791665	4
340.80429997916644	1
341.46387422916644	2
342.0671824791665	3
342.7293564791664	4
343.17860647916655	1
343.62785647916655	2
344.08710647916655	3
344.53635647916656	4
344.98560647916656	1
345.43485647916657	2
345.8634274791666	3
346.2982094791666	4
346.72990814583324	1
347.1554401458332	2
347.59713881249985	3
348.0148441458332	4
348.4560401458332	1
348.91723614583316	2
349.35843214583315	3
349.76493627708317	4
350.0406492770833	1
350.4486972770832	2
350.9067452770832	3
351.34479327708317	4
351.78284127708315	1
352.1573633479166	2