0.01	1
0.6222340000000001	2
1.2344680000000001	3
1.8467020000000003	4
2.458936	1
3.07117	2
3.683404	3
4.2856380000000005	4
4.8978720000000004	1
5.499523979166668	2
6.111143979166668	3
6.722763979166668	4
7.3343839791666685	1
7.946003979166669	2
8.557623979166669	3
9.16924397916667	4
9.78086397916667	1
10.39248397916667	2
11.00410397916667	3
11.61572397916667	4
12.22734397916667	1
12.838963979166671	2
13.450583979166671	3
14.062203979166672	4
14.673823979166672	1
15.285443979166672	2
15.897063979166672	3
16.50868397916667	4
17.120303979166668	1
17.731923979166666	2
18.343543979166665	3
18.955163979166663	4
19.56678397916666	1
20.17840397916666	2
20.79002397916666	3
21.41164397916666	4
22.023263979166657	1
22.634883979166656	2
23.236503979166653	3
23.84812397916665	4
24.45974397916665	1
25.071363979166648	2
25.692983979166648	3
26.304603979166647	4
26.906223979166644	1
27.527843979166644	2
28.139463979166642	3
28.75108397916664	4
29.36270397916664	1
29.974323979166638	2
30.575943979166635	3
31.197563979166635	4
31.809183979166633	1
32.420803979166635	2
33.03242397916664	3
33.64404397916664	4
34.25566397916664	1
34.86728397916664	2
35.46890397916665	3
36.08052397916665	4
36.70214397916665	1
37.31376397916665	2
37.925383979166654	3
38.537003979166656	4
39.14862397916666	1
39.76024397916666	2
40.37186397916666	3
40.983483979166664	4
41.595103979166666	1
42.20672397916667	2
42.81834397916667	3
43.42996397916667	4
44.05158397916667	1
44.663203979166674	2
45.274823979166676	3
45.86644397916668	4
46.48806397916668	1
47.099683979166684	2
47.711303979166686	3
48.33292397916669	4
48.94454397916669	1
49.54616397916669	2
50.157783979166695	3
50.779403979166695	4
51.3910239791667	1
52.0026439791667	2
52.6142639791667	3
53.2258839791667	4
53.837503979166705	1
54.44912397916671	2
55.06074397916671	3
55.67236397916671	4
56.28398397916671	1
56.895603979166715	2
57.50722397916672	3
58.11884397916672	4
58.73046397916672	1
59.34208397916672	2
59.953703979166725	3
60.56532397916673	4
61.17694397916673	1
61.78856397916673	2
62.400183979166734	3
63.011803979166736	4
63.61342397916674	1
64.23504397916675	2
64.84666397916675	3
65.45828397916675	4
66.06990397916675	1
66.69152397916675	2
67.30314397916675	3
67.91476397916675	4
68.51638397916676	1
69.12800397916676	2
69.73962397916677	3
70.35124397916677	4
70.97286397916676	1
71.57448397916677	2
72.18610397916677	3
72.78772397916677	4
73.41934397916677	1
74.03096397916677	2
74.64258397916677	3
75.25420397916677	4
75.85582397916679	1
76.46744397916679	2
77.07906397916679	3
77.70068397916678	4
78.31230397916678	1
78.93392397916679	2
79.5255439791668	3
80.11716397916679	4
80.7587839791668	1
81.3704039791668	2
81.9820239791668	3
82.5936439791668	4
83.2052639791668	1
83.8168839791668	2
84.4285039791668	3
85.04012397916681	4
85.65174397916681	1
86.27336397916682	2
86.87498397916681	3
87.48660397916682	4
88.09822397916682	1
88.70984397916682	2
89.32146397916682	3
89.94308397916683	4
90.55470397916683	1
91.15632397916683	2
91.76795566041683	3
92.39019866041684	4
93.00244166041685	1
93.61468466041686	2
94.21692766041686	3
94.82917066041686	4
95.44141366041687	1
96.06365666041688	2
96.66589966041688	3
97.27814266041689	4
97.9003856604169	1
98.5026286604169	2
99.09487166041691	3
99.71711466041693	4
100.33935766041692	1
100.95160066041693	2
101.56384366041694	3
102.17608666041694	4
102.78832966041695	1
103.40057266041696	2
104.01281566041696	3
104.62505866041697	4
105.23730166041697	1
105.84954466041698	2
106.46178766041699	3
107.074030660417	4
107.67627366041701	1
108.28851666041702	2
108.90075966041702	3
109.51300266041703	4
110.12524566041704	1
110.73748866041704	2
111.34973166041705	3
111.96197466041706	4
112.57421766041706	1
113.18646066041707	2
113.79870366041708	3
114.40094666041708	4
115.02318966041709	1
115.6354326604171	2
116.2476756604171	3
116.85991866041711	4
117.47216166041711	1
118.08440466041712	2
118.67664766041712	3
119.28889066041712	4
119.92113366041714	1
120.53337666041715	2
121.13561966041715	3
121.75786266041716	4
122.37010566041717	1
122.98234866041717	2
123.59459166041718	3
124.19683466041718	4
124.80907766041719	1
125.4313206604172	2
126.0435636604172	3
126.65580666041721	4
127.25804966041721	1
127.87029266041722	2
128.49253566041722	3
129.09477866041723	4
129.70702166041724	1
130.32926466041724	2
130.94150766041724	3
131.55375066041725	4
132.15599366041727	1
132.76823666041727	2
133.39047966041727	3
134.00272266041728	4
134.6049656604173	1
135.1972086604173	2
135.8294516604173	3
136.4416946604173	4
137.05393766041732	1
137.66618066041733	2
138.27842366041733	3
138.89066666041734	4
139.50290966041734	1
140.11515266041735	2
140.72736061666734	3
141.33898061666733	4
141.95060061666732	1
142.5622206166673	2
143.1738406166673	3
143.78546061666728	4
144.38708061666728	1
144.99870061666726	2
145.61032061666725	3
146.22194061666724	4
146.84356061666722	1
147.4551806166672	2
148.04680061666718	3
148.67842061666718	4
149.29004061666717	1
149.91166061666715	2
150.51328061666715	3
151.12490061666713	4
151.73652061666712	1
152.30814061666712	2
152.9397606166671	3
153.58138061666708	4
154.17300061666708	1
154.80462061666705	2
155.40624061666705	3
156.01786061666704	4
156.62948061666702	1
157.251100616667	2
157.862720616667	3
158.484340616667	4
159.07596061666698	1
159.69758061666695	2
160.30920061666694	3
160.89082061666693	4
161.53244061666692	1
162.1440606166669	2
162.7456806166669	3
163.3573006166669	4
163.97892061666687	1
164.59054061666686	2
165.20216061666684	3
165.81378061666683	4
166.41540061666683	1
167.01702061666683	2
167.6486406166668	3
168.26026061666678	4
168.87188061666677	1
169.48350061666676	2
170.09512061666675	3
170.70674061666674	4
171.31836061666672	1
171.9299806166667	2
172.5416006166667	3
173.1532206166667	4
173.76484061666667	1
174.37646061666666	2
174.97808061666666	3
175.56970061666664	4
176.22132061666665	1
176.83294061666663	2
177.4345606166666	3
178.0461806166666	4
178.65780061666658	1
179.27942061666658	2
179.89104061666657	3
180.50266061666656	4
181.10428061666653	1
181.71590061666652	2
182.3275206166665	3
182.9491406166665	4
183.5607606166665	1
184.1723806166665	2
184.78400061666648	3
185.38562061666644	4
186.00724061666645	1
186.61886061666644	2
187.2204806166664	3
187.84210061666641	4
188.4537206166664	1
189.05534061666637	2
189.66696061666636	3
190.28858061666637	4
190.90020061666635	1
191.51182061666634	2
192.1134406166663	3
192.73506061666632	4
193.3466806166663	1
193.9583006166663	2
194.56992061666628	3
195.16154061666626	4
195.79316061666626	1
196.41478061666623	2
197.0064006166662	3
197.62802061666622	4
198.2396406166662	1
198.8612606166662	2
199.4728832166662	3
200.0848152166662	4
200.6867472166662	1
201.28867921666617	2
201.91061121666618	3
202.52254321666618	4
203.13447521666617	1
203.74640721666617	2
204.35833921666617	3
204.97027121666616	4
205.58220321666616	1
206.19413521666615	2
206.79606721666613	3
207.42799921666614	4
208.02993121666614	1
208.66186321666612	2
209.25379521666613	3
209.86572721666613	4
210.4676592166661	1
211.0795912166661	2
211.70152321666612	3
212.3134552166661	4
212.9153872166661	1
213.5373192166661	2
214.1492512166661	3
214.75118321666608	4
215.3731152166661	1
215.97504721666607	2
216.58697921666607	3
217.20891121666608	4
217.82084321666608	1
218.44277521666606	2
219.04470721666607	3
219.65663921666606	4
220.26857121666606	1
220.88050321666606	2
221.49243521666605	3
222.12436721666603	4
222.70629921666603	1
223.31823121666602	2
223.93016321666602	3
224.55209521666603	4
225.16402721666603	1
225.765959216666	2
226.377891216666	3
226.99982321666602	4
227.611755216666	1
228.223687216666	2
228.82561921666598	3
229.427551216666	4
230.04948321666598	1
230.66141521666597	2
231.283347216666	3
231.89527921666598	4
232.49721121666596	1
233.10914321666596	2
233.73107521666597	3
234.34300721666597	4
234.95493921666596	1
235.55687121666594	2
236.16880321666594	3
236.79073521666595	4
237.40266721666595	1
238.02459921666593	2
238.61653121666592	3
239.22846321666592	4
239.85039521666593	1
240.46232721666593	2
241.07425921666592	3
241.68619121666592	4
242.2981232166659	1
242.9100552166659	2
243.5219872166659	3
244.1439192166659	4
244.73585121666588	1
245.36778321666588	2
245.9697152166659	3
246.58164721666589	4
247.19357921666588	1
247.80551121666588	2
248.40744321666585	3
249.01937521666585	4
249.64130721666587	1
250.25323921666586	2
250.85517121666584	3
251.47710321666585	4
252.08903521666585	1
252.70096721666584	2
253.31289921666584	3
253.91483121666582	4
254.5267632166658	1
255.1386952166658	2
255.7506272166658	3
256.36255921666583	4
256.98449121666584	1
257.5864232166659	2
258.1983552166659	3
258.8102872166659	4
259.43221921666594	1
260.04415121666597	2
260.646083216666	3
261.278015216666	4
261.87994721666604	1
262.49187921666606	2
263.1038112166661	3
263.7157432166661	4
264.32767521666614	1
264.9596072166662	2
265.5515392166662	3
266.1734712166662	4
266.76540321666624	1
267.38733521666626	2
267.9992672166663	3
268.6111992166663	4
269.22313121666633	1
269.82506321666636	2
270.4369952166664	3
271.0589272166664	4
271.67085921666643	1
272.28279121666645	2
272.8947232166665	3
273.5066552166665	4
274.1185872166665	1
274.73051921666655	2
275.3424512166666	3
275.9443832166666	4
276.55631521666663	1
277.16824721666666	2
277.7901792166667	3
278.4021112166667	4
279.0140432166667	1
279.61597521666675	2
280.2279072166668	3
280.8498392166668	4
281.4617712166668	1
282.06370321666685	2
282.6756352166669	3
283.2875672166669	4
283.8994992166669	1
284.51143121666695	2
285.13336321666696	3
285.735295216667	4
286.347227216667	1
286.95915921666705	2
287.58109121666706	3
288.1930232166671	4
288.8049552166671	1
289.40688721666714	2
290.01881921666717	3
290.6407512166672	4
291.2526832166672	1
291.86461521666723	2
292.46654721666727	3
293.0784792166673	4
293.7004112166673	1
294.30234321666734	2
294.92427521666735	3
295.5262072166674	4
296.1481392166674	1
296.7600712166674	2
297.37200321666745	3
297.9739352166675	4
298.5858672166675	1
299.2077992166675	2
299.81973121666755	3
300.4216632166676	4
301.0435952166676	1
301.64552721666763	2
302.25745921666766	3
302.8693912166677	4
303.4913232166677	1
304.1032552166677	2
304.70518721666775	3
305.3071192166678	4
305.9390512166678	1
306.5509832166678	2
307.16291521666784	3
307.77484721666787	4
308.3867792166679	1
308.9987112166679	2
309.61064321666794	3
310.22257521666796	4
310.834507216668	1
311.456439216668	2
312.05837121666804	3
312.66030321666807	4
313.2722352166681	1
313.8841672166681	2
314.49609921666814	3
315.10803121666817	4
315.7199632166682	1
316.3318952166682	2
316.94382721666824	3
317.55575921666826	4
318.1776912166683	1
318.7896232166683	2
319.39155521666834	3
320.02348721666834	4
320.6254192166684	1
321.2373512166684	2
321.8492832166684	3
322.46121521666845	4
323.0731472166685	1
323.6650792166685	2
324.28701121666853	3
324.90894321666855	4
325.52087521666857	1
326.1228072166686	2
326.73473921666863	3
327.34667121666865	4
327.9586032166687	1
328.5705352166687	2
329.1924672166687	3
329.80439921666874	4
330.3963312166688	1
331.0282632166688	2
331.6501952166688	3
332.24212721666885	4
332.8540592166689	1
333.4659912166689	2
334.0779232166689	3
334.69985521666894	4
335.31178721666896	1
335.923719216669	2
336.535651216669	3
337.12758321666905	4
337.7395152166691	1
338.3614472166691	2
338.9733792166691	3
339.58531121666914	4
340.1872432166692	1
340.7991752166692	2
341.4311072166692	3
342.04303921666923	4
342.64497121666926	1
343.2569032166693	2
343.83883521666934	3
344.47076721666934	4
345.08269921666937	1
345.7146312166694	2
346.3265632166694	3
346.9384952166694	4
347.55042721666945	1
348.1623592166695	2
348.7842912166695	3
349.37622321666953	4
349.98815521666955	1
350.6000872166696	2
351.2220192166696	3
351.8239512166696	4
352.43588321666965	1
353.05781521666967	2
353.6797472166697	3
354.2716792166697	4
354.88361121666975	1
355.4955432166698	2
356.1274752166698	3
356.7294072166698	4
357.32133921666986	1
357.9332712166699	2
358.5452032166699	3
359.1671352166699	4
359.78906721666993	1
360.40099921666996	2
361.01293121667	3
361.62486321667	4
362.23679521667003	1
362.84872721667006	2
363.4706592166701	3
364.0825912166701	4
364.70452321667017	1
365.30645521667014	2
365.91838721667017	3
366.5103192166702	4
367.1422512166702	1
367.75418321667024	2
368.3561152166703	3
368.9680472166703	4
369.5799792166703	1
370.19191121667035	2
370.81384321667036	3
371.4157752166704	4
372.0277072166704	1
372.63963921667045	2
373.26157121667046	3
373.8735032166705	4
374.4854352166705	1
375.08736721667054	2
375.69929921667057	3
376.3112312166706	4
376.9231632166706	1
377.52509521667065	2
378.1070272166707	3
378.7389592166707	4
379.3708912166707	1
379.98282321667074	2
380.60475521667075	3
381.1966872166708	4
381.8286192166708	1
382.43055121667084	2
383.05248321667085	3
383.6544152166709	4
384.2663472166709	1
384.87827921667093	2
385.49021121667096	3
386.102143216671	4
386.724075216671	1
387.31600721667104	2
387.93793921667105	3
388.5498712166711	4
389.1618032166711	1
389.7737352166711	2
390.38566721667115	3
390.9875992166712	4
391.5995312166712	1
392.21146321667123	2
392.82339521667126	3
393.4353272166713	4
394.0572592166713	1
394.6691912166713	2
395.28112321667135	3
395.89305521667137	4
396.4949872166714	1
397.09691921667144	2
397.72885121667144	3
398.34078321667147	4
398.9527152166715	1
399.5646472166715	2
400.17657921667154	3
400.78851121667157	4
401.4104432166716	1
402.0123752166716	2
402.61430721667165	3
403.2262392166717	4
403.8381712166717	1
404.4601032166717	2
405.0820352166717	3
405.67396721667177	4
406.2858992166718	1
406.8978312166718	2
407.48976321667186	3
408.14169521667185	4
408.7536272166719	1
409.3555592166719	2
409.96749121667193	3
410.57942321667196	4
411.191355216672	1
411.803287216672	2
412.415219216672	3
413.02715121667205	4
413.6390832166721	1
414.2510152166721	2
414.8629472166721	3
415.47487921667215	4
416.0868112166722	1
416.6887432166722	2
417.30067521667223	3
417.92260721667225	4
418.5345392166723	1
419.1464712166723	2
419.7584032166723	3
420.37033521667234	4
420.98226721667237	1
421.5941992166724	2
422.2061312166724	3
422.81806321667244	4
423.43999521667246	1
424.0519272166725	2
424.6638592166725	3
425.25579121667255	4
425.87772321667256	1
426.4896552166726	2
427.1115872166726	3
427.7335192166727	4
428.3454512166727	1
428.9373832166727	2
429.5493152166727	3
430.16124721667273	4
430.77317921667276	1
431.3851112166728	2
431.9970432166728	3
432.60897521667283	4
433.21090721667287	1
433.84283921667287	2
434.4447712166729	3
435.04670321667294	4
435.65863521667296	1
436.280567216673	2
436.892499216673	3
437.504431216673	4
438.09636321667307	1
438.7282952166731	2
439.3502272166731	3
439.94215921667313	4
440.5340912166732	1
441.1660232166732	2
441.7779552166732	3
442.3998872166732	4
443.01181921667325	1
443.63375121667326	2
444.2456832166733	3
444.8476152166733	4
445.46954721667333	1
446.08147921667336	2
446.6834112166734	3
447.2953432166734	4
447.88727521667346	1
448.51920721667346	2
449.1311392166735	3
449.7530712166735	4
450.36500321667353	1
450.95693521667357	2
451.5688672166736	3
452.1807992166736	4
452.8127312166736	1
453.42466321667365	2
454.0265952166737	3
454.6385272166737	4
455.2604592166737	1
455.86239121667376	2
456.4843232166738	3
457.0862552166738	4
457.68818721667384	1
458.30011921667386	2
458.93205121667387	3
459.5439832166739	4
460.1459152166739	1
460.76784721667394	2
461.37977921667397	3
461.991711216674	4
462.603643216674	1
463.19557521667406	2
463.8075072166741	3
464.4194392166741	4
465.0413712166741	1
465.65330321667415	2
466.26523521667417	3
466.8771672166742	4
467.47909921667423	1
468.09103121667425	2
468.7029632166743	3
469.3348952166743	4
469.9368272166743	1
470.55875921667433	2
471.17069121667436	3
471.7826232166744	4
472.3945552166744	1
472.99648721667444	2
473.60841921667446	3
474.2103512166745	4
474.8322832166745	1
475.44421521667454	2
476.04614721667457	3
476.6580792166746	4
477.2800112166746	1
477.89194321667463	2
478.50387521667466	3
479.1158072166747	4
479.7277392166747	1
480.33967121667473	2
480.95160321667476	3
481.5635352166748	4
482.1754672166748	1
482.77739921667484	2
483.39933121667485	3
484.0112632166749	4
484.6231952166749	1
485.2351272166749	2
485.84705921667495	3
486.458991216675	4
487.09092321667504	1
487.692855216675	2
488.3147872166751	3
488.90671921667507	4
489.5086512166751	1