0.01	1
0.498337	2
0.996674	3
1.4950109999999999	4
1.993348	1
2.491685	2
2.9900219999999997	3
3.4883589999999995	4
4.006695999999999	1
4.505032999999999	2
5.01337	3
5.511707	4
6.010044000000001	1
6.508381000000001	2
7.006718000000001	3
7.505055000000001	4
8.003392000000002	1
8.501729000000001	2
9.000066	3
9.498403	4
9.996739999999999	1
10.495076999999998	2
10.993413999999998	3
11.491750999999997	4
11.990087999999997	1
12.488424999999996	2
12.986761999999995	3
13.485098999999995	4
13.983435999999994	1
14.481772999999993	2
14.980109999999993	3
15.478446999999992	4
15.966783999999992	1
16.465120999999993	2
16.973457999999994	3
17.471794999999993	4
17.970131999999992	1
18.468468999999992	2
18.96680599999999	3
19.46514299999999	4
19.96347999999999	1
20.46181699999999	2
20.96015399999999	3
21.458490999999988	4
21.956827999999987	1
22.455164999999987	2
22.953501999999986	3
23.451838999999985	4
23.950175999999985	1
24.448512999999984	2
24.946849999999984	3
25.445186999999983	4
25.943523999999982	1
26.44186099999998	2
26.94019799999998	3
27.43853499999998	4
27.93687199999998	1
28.43520899999998	2
28.93354599999998	3
29.431882999999978	4
29.930219999999977	1
30.428556999999977	2
30.926893999999976	3
31.425230999999975	4
31.923567999999975	1
32.421904999999974	2
32.92024199999997	3
33.41857899999997	4
33.91691599999997	1
34.41525299999997	2
34.91358999999997	3
35.41192699999997	4
35.91026399999997	1
36.40860099999997	2
36.90693799999997	3
37.40527499999997	4
37.90361199999997	1
38.401948999999966	2
38.900285999999966	3
39.398622999999965	4
39.896959999999964	1
40.395296999999964	2
40.89363399999996	3
41.39197099999996	4
41.89030799999996	1
42.38864499999996	2
42.88698199999996	3
43.38531899999996	4
43.88365599999996	1
44.38199299999996	2
44.88032999999996	3
45.388666999999955	4
45.87700399999996	1
46.375340999999956	2
46.873677999999956	3
47.372014999999955	4
47.870351999999954	1
48.368688999999954	2
48.86702599999995	3
49.37536299999995	4
49.87369999999995	1
50.37203699999995	2
50.87037399999995	3
51.35871099999995	4
51.85704799999995	1
52.35538499999995	2
52.85372199999995	3
53.362058999999945	4
53.85039599999995	1
54.358732999999944	2
54.847069999999945	3
55.345406999999945	4
55.843743999999944	1
56.34208099999994	2
56.84041799999994	3
57.34875499999994	4
57.84709199999994	1
58.34542899999994	2
58.84376599999994	3
59.34210299999994	4
59.83043999999994	1
60.32877699999994	2
60.82711399999994	3
61.335450999999935	4
61.833787999999934	1
62.332124999999934	2
62.820461999999935	3
63.318798999999935	4
63.817135999999934	1
64.31547299999994	2
64.81380999999995	3
65.32214699999996	4
65.82048399999996	1
66.30882099999997	2
66.80715799999997	3
67.30549499999998	4
67.81383199999999	1
68.312169	2
68.800506	3
69.30884300000001	4
69.79718000000001	1
70.29551700000002	2
70.79385400000002	3
71.29219100000003	4
71.79052800000004	1
72.28886500000004	2
72.78720200000005	3
73.29553900000006	4
73.79387600000007	1
74.29221300000007	2
74.78055000000008	3
75.27888700000008	4
75.77722400000009	1
76.26556100000009	2
76.7738980000001	3
77.28223500000011	4
77.78057200000012	1
78.26890900000012	2
78.76724600000013	3
79.26558300000013	4
79.77392000000015	1
80.26225700000015	2
80.76059400000015	3
81.26893100000017	4
81.75726800000017	1
82.25560500000017	2
82.76394200000018	3
83.25227900000019	4
83.75061600000019	1
84.2389530000002	2
84.7372900000002	3
85.2356270000002	4
85.74396400000022	1
86.24230100000023	2
86.73063800000023	3
87.22897500000023	4
87.72731200000024	1
88.22564900000025	2
88.73398600000026	3
89.22232300000026	4
89.72066000000027	1
90.21899700000027	2
90.71733400000028	3
91.21567100000028	4
91.7240080000003	1
92.2223450000003	2
92.72068200000031	3
93.20901900000031	4
93.70735600000032	1
94.20569300000032	2
94.71403000000034	3
95.21236700000034	4
95.71070400000035	1
96.19904100000035	2
96.69737800000036	3
97.19571500000036	4
97.70405200000037	1
98.20238900000038	2
98.69072600000038	3
99.18906300000039	4
99.6874000000004	1
100.1857370000004	2
100.69407400000041	3
101.19241100000042	4
101.69074800000043	1
102.17908500000043	2
102.67742200000043	3
103.17575900000044	4
103.68409600000045	1
104.18243300000046	2
104.68077000000046	3
105.16910700000047	4
105.66744400000047	1
106.16578100000048	2
106.67411800000049	3
107.1724550000005	4
107.6707920000005	1
108.1591290000005	2
108.65746600000051	3
109.15580300000052	4
109.65414000000052	1
110.15247700000053	2
110.65081400000054	3
111.14915100000054	4
111.64748800000055	1
112.14582500000056	2
112.65416200000057	3
113.15249900000057	4
113.64083600000058	1
114.13917300000058	2
114.63751000000059	3
115.1358470000006	4
115.6441840000006	1
116.14252100000061	2
116.64085800000062	3
117.12919500000062	4
117.62753200000063	1
118.12586900000063	2
118.63420600000065	3
119.13254300000065	4
119.63088000000066	1
120.11921700000066	2
120.61755400000067	3
121.11589100000067	4
121.61422800000068	1
122.11256500000069	2
122.61090200000069	3
123.1092390000007	4
123.6075760000007	1
124.10591300000071	2
124.61425000000072	3
125.10258700000072	4
125.60092400000073	1
126.09926100000074	2
126.59759800000074	3
127.09593500000075	4
127.59427200000076	1
128.09260900000078	2
128.59094600000077	3
129.08928300000076	4
129.58762000000075	1
130.08595700000075	2
130.58429400000074	3
131.08263100000073	4
131.58096800000072	1
132.07930500000072	2
132.5776420000007	3
133.0759790000007	4
133.5743160000007	1
134.07265300000068	2
134.57099000000068	3
135.06932700000067	4
135.56766400000066	1
136.06600100000065	2
136.56433800000065	3
137.06267500000064	4
137.56101200000063	1
138.05934900000062	2
138.55768600000061	3
139.0560230000006	4
139.5543600000006	1
140.0526970000006	2
140.55103400000058	3
141.04937100000058	4
141.54770800000057	1
142.04604500000056	2
142.54438200000055	3
143.04271900000055	4
143.54105600000054	1
144.03939300000053	2
144.53773000000052	3
145.03606700000051	4
145.5344040000005	1
146.0327410000005	2
146.5310780000005	3
147.02941500000048	4
147.52775200000048	1
148.02608900000047	2
148.52442600000046	3
149.02276300000045	4
149.52110000000044	1
150.01943700000044	2
150.51777400000043	3
151.01611100000042	4
151.5144480000004	1
152.0127850000004	2
152.5111220000004	3
153.0094590000004	4
153.50779600000038	1
154.00613300000037	2
154.50447000000037	3
155.00280700000036	4
155.50114400000035	1
155.99948100000034	2
156.49781800000034	3
156.99615500000033	4
157.49449200000032	1
157.9928290000003	2
158.4911660000003	3
158.9895030000003	4
159.4878400000003	1
159.98617700000028	2
160.48451400000027	3
160.98285100000027	4
161.48118800000026	1
161.97952500000025	2
162.47786200000024	3
162.97619900000024	4
163.47453600000023	1
163.97287300000022	2
164.4712100000002	3
164.9695470000002	4
165.4678840000002	1
165.9662210000002	2
166.46455800000018	3
166.96289500000017	4
167.46123200000017	1
167.95956900000016	2
168.45790600000015	3
168.95624300000014	4
169.45458000000013	1
169.95291700000013	2
170.45125400000012	3
170.9495910000001	4
171.4479280000001	1
171.9462650000001	2
172.4446020000001	3
172.94293900000008	4
173.44127600000007	1
173.93961300000007	2
174.43795000000006	3
174.93628700000005	4
175.43462400000004	1
175.93296100000003	2
176.43129800000003	3
176.92963500000002	4
177.427972	1
177.926309	2
178.424646	3
178.922983	4
179.42131999999998	1
179.91965699999997	2
180.41799399999996	3
180.91633099999996	4
181.41466799999995	1
181.91300499999994	2
182.41134199999993	3
182.90967899999993	4
183.40801599999992	1
183.9063529999999	2
184.4046899999999	3
184.9030269999999	4
185.4013639999999	1
185.89970099999988	2
186.39803799999987	3
186.89637499999986	4
187.39471199999986	1
187.89304899999985	2
188.39138599999984	3
188.88972299999983	4
189.38805999999983	1
189.88639699999982	2
190.3847339999998	3
190.8830709999998	4
191.3814079999998	1
191.8797449999998	2
192.37808199999978	3
192.87641899999977	4
193.37475599999976	1
193.87309299999976	2
194.37142999999975	3
194.86976699999974	4
195.36810399999973	1
195.86644099999972	2
196.36477799999972	3
196.8631149999997	4
197.3614519999997	1
197.8597889999997	2
198.3581259999997	3
198.85646299999968	4
199.35479999999967	1
199.85313699999966	2
200.35147399999966	3
200.84981099999965	4
201.34814799999964	1
201.84648499999963	2
202.34482199999962	3
202.84315899999962	4
203.3414959999996	1
203.8398329999996	2
204.3381699999996	3
204.83650699999959	4
205.33484399999958	1
205.83318099999957	2
206.33151799999956	3
206.82985499999955	4
207.32819199999955	1
207.82652899999954	2
208.32486599999953	3
208.82320299999952	4
209.32153999999952	1
209.8198769999995	2
210.3182139999995	3
210.8165509999995	4
211.31488799999948	1
211.81322499999948	2
212.31156199999947	3
212.80989899999946	4
213.30823599999945	1
213.80657299999945	2
214.30490999999944	3
214.80324699999943	4
215.30158399999942	1
215.79992099999942	2
216.2982579999994	3
216.78659499999938	4
217.2649319999994	1
217.76326899999938	2
218.29160599999938	3
218.78994299999937	4
219.28827999999936	1
219.78661699999935	2
220.28495399999935	3
220.77329099999932	4
221.2716279999993	1
221.7699649999993	2
222.27830199999931	3
222.7766389999993	4
223.26497599999928	1