0.01	1
0.355	2
0.6809989999999999	3
1.0269979999999999	4
1.3719979999999998	1
1.7179969999999998	2
2.063996	3
2.4089959999999997	4
2.7649949999999994	1
3.1109939999999994	2
3.4569929999999993	3
3.801992999999999	4
4.1479919999999995	1
4.488992	2
4.838991999999999	3
5.176991999999999	4
5.5149919999999995	1
5.859991999999999	2
6.204991999999999	3
6.549991999999999	4
6.889991999999999	1
7.233990999999999	2
7.567989999999999	3
7.915989999999999	4
8.26399	1
8.59599	2
8.937990000000001	3
9.299990000000001	4
9.63099	1
9.969990000000001	2
10.307990000000002	3
10.661990000000001	4
11.00899	1
11.353990000000001	2
11.699989000000002	3
12.035988000000001	4
12.372988000000001	1
12.714988000000002	2
13.056988000000002	3
13.411988000000003	4
13.742988000000002	1
14.087988000000003	2
14.433987000000004	3
14.779986000000003	4
15.118986000000003	1
15.456986000000002	2
15.795986000000003	3
16.154986000000005	4
16.512986000000005	1
16.851986000000004	2
17.189986000000005	3
17.528986000000003	4
17.868986000000003	1
18.199986000000003	2
18.539986000000003	3
18.878986	4
19.220986	1
19.574985	2
19.918984000000002	3
20.262983000000002	4
20.599983	1
20.937983000000003	2
21.274983000000002	3
21.621983000000004	4
21.969983000000003	1
22.307983	2
22.646983	3
22.984983	4
23.332983000000002	1
23.669983000000002	2
23.996983	3
24.333983	4
24.693983000000003	1
25.046983000000004	2
25.400983000000004	3
25.743983000000004	4
26.096983	1
26.430983	2
26.762983000000002	3
27.109983000000003	4
27.452983000000003	1
27.787983000000004	2
28.121983000000004	3
28.462983	4
28.823983000000002	1
29.156983	2
29.496983	3
29.855983	4
30.202982999999996	1
30.564982999999998	2
30.903982999999997	3
31.242982999999995	4
31.579982999999995	1
31.906982999999997	2
32.248982999999996	3
32.586983	4
32.916982999999995	1
33.26598299999999	2
33.61498299999999	3
33.96498299999999	4
34.31598299999999	1
34.65798299999999	2
35.002982999999986	3
35.33698299999998	4
35.707982999999984	1
36.04998299999998	2
36.38898299999998	3
36.72398299999998	4
37.061982999999984	1
37.399982999999985	2
37.746982999999986	3
38.08398299999999	4
38.43198299999999	1
38.79098299999999	2
39.140981999999994	3
39.477982	4
39.821980999999994	1
40.16098099999999	2
40.49998099999999	3
40.83897999999999	4
41.16897999999999	1
41.52597999999999	2
41.88297999999999	3
42.21397999999999	4
42.54597999999999	1
42.90197899999999	2
43.24697899999999	3
43.58497899999999	4
43.92197899999999	1
44.261979	2
44.591979	3
44.938979	4
45.28197900000001	1
45.627978000000006	2
45.972978000000005	3
46.316977	4
46.666977	1
47.009977000000006	2
47.35297700000001	3
47.69097700000001	4
48.02897700000001	1
48.371977000000015	2
48.72497700000002	3
49.05997700000002	4
49.414977000000015	1
49.764977000000016	2
50.11397700000001	3
50.44797600000001	4
50.79097600000001	1
51.11897600000001	2
51.46697600000001	3
51.80597600000001	4
52.16597600000001	1
52.50297600000001	2
52.83897600000001	3
53.17897600000001	4
53.50797600000001	1
53.848976000000015	2
54.199976000000014	3
54.54397500000001	4
54.886975000000014	1
55.23897500000001	2
55.581975000000014	3
55.92397500000001	4
56.24697500000002	1
56.58897500000002	2
56.940975000000016	3
57.27197500000002	4
57.61297500000002	1
57.96397500000002	2
58.31497500000002	3
58.647975000000024	4
58.997975000000025	1
59.348975000000024	2
59.710975000000026	3
60.05397500000002	4
60.37697500000002	1
60.73197500000003	2
61.083975000000024	3
61.424975000000025	4
61.74997500000002	1
62.10497500000002	2
62.448974000000014	3
62.80397400000002	4
63.14497400000002	1
63.49197400000002	2
63.83297400000002	3
64.16997400000002	4
64.52297400000003	1
64.85897400000003	2
65.19097300000003	3
65.50297200000004	4
65.83697100000003	1
66.19297100000003	2
66.54897100000002	3
66.91197100000002	4
67.24797100000002	1
67.58997100000002	2
67.92197100000001	3
68.23397100000001	4
68.586971	1
68.93597100000001	2
69.29497100000002	3
69.63397100000002	4
69.97297100000002	1
70.31097100000001	2
70.65997100000001	3
70.99897100000001	4
71.33897100000002	1
71.67797100000001	2
72.01397100000001	3
72.360971	4
72.707971	1
73.04497099999999	2
73.408971	3
73.75296999999999	4
74.10597	1
74.44897	2
74.79197	3
75.11897	4
75.46497000000001	1
75.80797000000001	2
76.13997	3
76.483969	4
76.823969	1
77.164969	2
77.501969	3
77.84796800000001	4
78.19396700000001	1
78.52996600000002	2
78.88596500000003	3
79.22796500000003	4
79.56996500000002	1
79.91296500000003	2
80.25496500000003	3
80.58696500000002	4
80.92196500000001	1
81.25796500000001	2
81.61296500000002	3
81.95696400000001	4
82.30196400000001	1
82.636964	2
82.993964	3
83.31896400000001	4
83.682963	1
84.029963	2
84.37696299999999	3
84.72396299999998	4
85.07096299999998	1
85.40896299999997	2
85.74796299999997	3
86.08596299999996	4
86.42396299999996	1
86.76396299999996	2
87.12396299999996	3
87.46396299999996	4
87.78496299999996	1
88.12496299999997	2
88.46696299999996	3
88.80696299999997	4
89.13696299999995	1
89.51596299999996	2
89.86396299999996	3
90.20196299999996	4
90.55996299999995	1
90.90996299999996	2
91.25096299999996	3
91.59596299999995	4
91.94196199999996	1
92.28096199999996	2
92.61996199999996	3
92.95796199999995	4
93.29596199999995	1
93.63596199999995	2
93.98596199999996	3
94.32396199999995	4
94.66296199999995	1
95.00496199999995	2
95.34596199999994	3
95.68996199999994	4
96.05296199999994	1
96.39096199999993	2
96.73796199999992	3
97.07096199999992	4
97.41396199999993	1
97.75396199999992	2
98.10296199999992	3
98.43596199999992	4
98.77796199999992	1
99.12096199999992	2
99.47396199999993	3
99.80896199999992	4
100.14396199999992	1
100.49696199999991	2
100.8499619999999	3
101.18796199999991	4
101.52696199999991	1
101.87196199999991	2
102.21696199999991	3
102.5549619999999	4
102.9029619999999	1
103.24896099999991	2
103.59396099999991	3
103.9209609999999	4
104.25796099999991	1
104.59796099999991	2
104.9589609999999	3
105.2899609999999	4
105.6309609999999	1
105.97996099999989	2
106.33896099999988	3
106.68696099999988	4
107.04396099999988	1
107.37196099999989	2
107.70896099999989	3
108.03996099999989	4
108.38196099999989	1
108.72096099999989	2
109.07096099999988	3
109.39996099999989	4
109.72896099999988	1
110.08096099999989	2
110.43196099999989	3
110.77996099999989	4
111.09796099999988	1
111.44596099999988	2
111.79396099999988	3
112.14396099999989	4
112.50296099999989	1
112.85196099999989	2
113.19096099999989	3
113.52896099999988	4
113.85796099999988	1
114.19896099999987	2
114.53996099999986	3
114.88096099999986	4
115.22196099999985	1
115.55396099999986	2
115.88596099999985	3
116.23696099999985	4
116.58796099999985	1
116.93896099999985	2
117.28996099999985	3
117.62896099999985	4
117.96796099999985	1
118.32395999999984	2
118.66995899999985	3
119.01495899999985	4
119.35095799999985	1
119.69695699999986	2
120.03095699999986	3
120.37495699999987	4
120.70895699999987	1
121.05195699999987	2
121.40395699999986	3
121.73695699999988	4
122.05895699999986	1
122.40195699999987	2
122.74495699999987	3
123.08695699999987	4
123.43895699999987	1
123.78095699999987	2
124.12295699999987	3
124.46495699999987	4
124.80695699999987	1
125.14995699999987	2
125.50095699999987	3
125.84195699999987	4
126.18395699999986	1
126.52695699999987	2
126.87095599999986	3
127.21395599999987	4
127.54795499999986	1
127.89995499999986	2
128.25195499999987	3
128.60395499999987	4
128.95595499999988	1
129.30495499999986	2
129.65295499999988	3
129.99195499999988	4
130.31995499999985	1
130.64795499999985	2
130.99095499999984	3
131.32995399999984	4
131.64895299999986	1
131.99995299999986	2
132.34995299999986	3
132.68095299999985	4
133.01095299999986	1
133.36495299999987	2
133.71195299999988	3
134.0599529999999	4
134.4169529999999	1
134.7649529999999	2
135.1219529999999	3
135.4649529999999	4
135.8109519999999	1
136.1469519999999	2
136.4949519999999	3
136.8339519999999	4
137.1719519999999	1
137.5119519999999	2
137.8709519999999	3
138.2049519999999	4
138.53995199999991	1
138.8949519999999	2
139.2499519999999	3
139.5779519999999	4
139.91895199999988	1
140.26695199999986	2
140.61395199999987	3
140.96495099999987	4
141.3079509999999	1
141.6439509999999	2
141.9889509999999	3
142.3329499999999	4
142.6659499999999	1
143.0109499999999	2
143.36494899999988	3
143.69194899999988	4
144.0339489999999	1
144.3789489999999	2
144.7239489999999	3
145.0639489999999	4
145.4139489999999	1
145.75994899999992	2
146.0969489999999	3
146.43294899999992	4
146.74894899999993	1
147.09694899999994	2
147.45494899999994	3
147.80294899999996	4
148.15194899999995	1
148.48594799999995	2
148.84094799999994	3
149.17294799999996	4
149.51394799999997	1
149.85294799999997	2
150.21094799999997	3
150.54994799999997	4
150.90894799999995	1
151.24594799999994	2
151.60194799999996	3
151.93894799999995	4
152.25594799999993	1
152.60594799999993	2
152.95694799999993	3
153.28694799999994	4
153.61594699999995	1
153.96594699999994	2
154.32494699999992	3
154.64594699999995	4
154.98694699999996	1
155.33294599999996	2
155.67794599999996	3
156.02394499999997	4
156.37994399999997	1
156.71894399999996	2
157.06794399999995	3
157.40594399999995	4
157.74494399999995	1
158.09494399999994	2
158.43594399999995	3
158.76994399999995	4
159.11394399999995	1
159.46294399999994	2
159.80294399999994	3
160.12894299999994	4
160.48394299999995	1
160.82994199999996	2
161.19094199999995	3
161.52694099999997	4
161.87293999999997	1
162.21293999999997	2
162.56293999999997	3
162.89593999999997	4
163.22993999999997	1
163.57093999999998	2
163.91194	3
164.24294	4
164.58394	1
164.92894	2
165.27493900000002	3
165.62493800000001	4
165.975938	1
166.323938	2
166.656938	3
166.997938	4
167.338938	1
167.75093800000002	2
168.15193800000003	3
168.57293800000002	4
169.00393800000003	1
169.40793800000003	2
169.83193800000004	3
170.25693700000005	4
170.68093700000006	1
171.10493700000006	2
171.52893700000007	3
171.95293700000008	4
172.37693700000008	1
172.81093700000008	2
173.2349370000001	3
173.6589370000001	4
174.0829370000001	1
174.5069370000001	2
174.94093700000013	3