0.0	1
0.5454530000000001	2
1.0909060000000002	3
1.6363590000000001	4
2.1818120000000003	1
2.7272650000000005	2
3.2727180000000007	3
3.818171000000001	4
4.363624000000001	1
4.909077000000001	2
5.454530000000001	3
5.989983000000001	4
6.545436000000001	1
7.0908890000000016	2
7.616342000000002	3
8.171795000000001	4
8.717248000000001	1
9.262701000000002	2
9.808154000000002	3
10.353607000000002	4
10.889060000000002	1
11.434513000000003	2
11.989966000000003	3
12.535419000000003	4
13.090872000000003	1
13.626325000000003	2
14.171778000000003	3
14.707231000000004	4
15.252684000000004	1
15.798137000000004	2
16.35359	3
16.899043	4
17.444495999999997	1
17.989948999999996	2
18.535401999999994	3
19.090854999999994	4
19.636307999999993	1
20.18176099999999	2
20.72721399999999	3
21.272666999999988	4
21.818119999999986	1
22.363572999999985	2
22.909025999999983	3
23.464478999999983	4
24.00993199999998	1
24.55538499999998	2
25.100837999999978	3
25.646290999999977	4
26.191743999999975	1
26.727196999999972	2
27.27264999999997	3
27.81810299999997	4
28.37355599999997	1
28.909008999999966	2
29.464461999999966	3
30.009914999999964	4
30.54536799999996	1
31.09082099999996	2
31.636273999999958	3
32.18172699999996	4
32.72717999999996	1
33.28263299999996	2
33.818085999999965	3
34.373538999999965	4
34.91899199999997	1
35.46444499999997	2
36.00989799999997	3
36.545350999999975	4
37.100803999999975	1
37.64625699999998	2
38.19170999999998	3
38.72716299999998	4
39.272615999999985	1
39.81806899999999	2
40.37352199999999	3
40.91897499999999	4
41.474427999999996	1
42.019881	2
42.545334	3
43.100787	4
43.64624	1
44.191693	2
44.737146	3
45.282599000000005	4
45.82805200000001	1
46.37350500000001	2
46.90895800000001	3
47.46441100000001	4
48.009864000000015	1
48.55531700000002	2
49.10077000000002	3
49.63622300000002	4
50.181676000000024	1
50.727129000000026	2
51.27258200000003	3
51.81803500000003	4
52.37348800000003	1
52.91894100000003	2
53.464394000000034	3
54.009847000000036	4
54.54530000000004	1
55.09075300000004	2
55.636206000000044	3
56.181659000000046	4
56.72711200000005	1
57.28256500000005	2
57.82801800000005	3
58.37347100000005	4
58.918924000000054	1
59.464377000000056	2
60.00983000000006	3
60.55528300000006	4
61.10073600000006	1
61.646189000000064	2
62.191642000000066	3
62.72709500000007	4
63.28254800000007	1
63.81800100000007	2
64.37345400000008	3
64.91890700000008	4
65.46436000000007	1
66.02981300000006	2
66.55526600000006	3
67.09071900000005	4
67.63617200000004	1
68.18162500000004	2
68.72707800000003	3
69.27253100000003	4
69.82798400000003	1
70.37343700000002	2
70.91889000000002	3
71.46434300000001	4
72.00979600000001	1
72.545249	2
73.100702	3
73.62615499999998	4
74.18160799999998	1
74.72706099999998	2
75.27251399999997	3
75.81796699999997	4
76.37341999999997	1
76.91887299999996	2
77.46432599999996	3
78.00977899999995	4
78.54523199999994	1
79.09068499999994	2
79.63613799999993	3
80.19159099999993	4
80.72704399999992	1
81.27249699999992	2
81.81794999999991	3
82.3634029999999	4
82.9188559999999	1
83.4643089999999	2
84.0097619999999	3
84.54521499999989	4
85.10066799999989	1
85.63612099999987	2
86.18157399999987	3
86.72702699999986	4
87.28247999999986	1
87.82793299999986	2
88.37338599999985	3
88.91883899999985	4
89.46429199999984	1
90.00974499999984	2
90.55519799999983	3
91.10065099999983	4
91.64610399999982	1
92.19155699999982	2
92.73700999999981	3
93.28246299999981	4
93.8279159999998	1
94.3733689999998	2
94.90882199999979	3
95.46427499999979	4
96.00972799999978	1
96.54518099999977	2
97.09063399999977	3
97.63608699999976	4
98.19153999999976	1
98.72699299999975	2
99.27244599999975	3
99.81789899999974	4
100.37335199999974	1
100.91880499999974	2
101.46425799999973	3
102.00971099999973	4
102.55516399999972	1
103.09061699999971	2
103.6360699999997	3
104.1815229999997	4
104.7369759999997	1
105.2824289999997	2
105.82788199999969	3
106.37333499999968	4
106.91878799999968	1
107.46424099999967	2
108.00969399999967	3
108.55514699999966	4
109.11059999999965	1
109.63605299999965	2
110.19150599999965	3
110.73695899999964	4
111.30241199999963	1
111.82786499999963	2
112.37331799999963	3
112.90877099999962	4
113.46422399999962	1
113.99967699999961	2
114.5451299999996	3
115.0905829999996	4
115.63603599999959	1
116.18148899999959	2
116.72694199999958	3
117.27239499999958	4
117.81784799999957	1
118.37330099999957	2
118.90875399999956	3
119.46420699999956	4
120.00965999999956	1
120.54511299999955	2
121.10056599999955	3
121.66601899999954	4
122.19147199999954	1
122.73692499999953	2
123.28237799999953	3
123.82783099999952	4
124.37328399999952	1
124.9087369999995	2
125.4641899999995	3
126.01964299999949	4
126.54509599999949	1
127.11054899999948	2
127.65600199999948	3
128.19145499999948	4
128.7369079999995	1
129.2823609999995	2
129.8278139999995	3
130.37326699999952	4
130.91871999999952	1
131.47417299999955	2
132.00962599999954	3
132.53507899999957	4
133.10053199999956	1
133.64598499999957	2
134.1814379999996	3
134.7268909999996	4
135.2823439999996	1
135.8277969999996	2
136.37324999999962	3
136.91870299999962	4
137.46415599999963	1
138.00960899999964	2
138.54506199999966	3
139.09051499999967	4
139.63596799999968	1
140.19142099999968	2
140.7368739999997	3
141.2823269999997	4
141.8277799999997	1
142.37323299999971	2
142.91868599999972	3
143.46413899999973	4
144.00959199999974	1
144.54504499999976	2
145.09049799999977	3
145.63595099999978	4
146.19140399999978	1
146.7368569999998	2
147.2823099999998	3
147.8277629999998	4
148.37321599999981	1
148.90866899999983	2
149.46412199999983	3
150.00957499999984	4
150.54502799999986	1
151.09048099999987	2
151.63593399999988	3
152.19138699999988	4
152.7468399999999	1
153.2822929999999	2
153.8277459999999	3
154.37319899999991	4
154.91865199999992	1
155.46410499999993	2
156.00955799999994	3
156.55501099999995	4
157.10046399999996	1
157.64591699999997	2
158.19136999999998	3
158.726823	4
159.272276	1
159.817729	2
160.36318200000002	3
160.91863500000002	4
161.46408800000003	1
162.00954100000004	2
162.55499400000005	3
163.10044700000006	4
163.63590000000008	1
164.1813530000001	2
164.7268060000001	3
165.2822590000001	4
165.8277120000001	1
166.3731650000001	2
166.91861800000012	3
167.46407100000013	4
168.00952400000014	1
168.55497700000015	2
169.09043000000017	3
169.63588300000018	4
170.2013360000002	1
170.7367890000002	2
171.2822420000002	3
171.8176950000002	4
172.3731480000002	1
172.90860100000023	2
173.46405400000023	3
174.00950700000024	4
174.57496000000026	1
175.09041300000027	2
175.63586600000028	3
176.1813190000003	4
176.7367720000003	1
177.2822250000003	2
177.80767800000032	3
178.3731310000003	4
178.90858400000033	1
179.45403700000034	2
179.99949000000035	3
180.54494300000036	4
181.10039600000036	1
181.63584900000038	2
182.1813020000004	3
182.7267550000004	4
183.2722080000004	1
183.8176610000004	2
184.36311400000042	3
184.90856700000043	4
185.46402000000043	1
185.99947300000045	2
186.54492600000046	3
187.09037900000047	4
187.63583200000048	1
188.18128500000049	2
188.7267380000005	3
189.2821910000005	4
189.8276440000005	1
190.36309700000052	2
190.90855000000053	3
191.46400300000053	4
191.99945600000055	1
192.55490900000055	2
193.10036200000056	3
193.63581500000058	4
194.19126800000058	1
194.7267210000006	2
195.2821740000006	3
195.8276270000006	4
196.3730800000006	1
196.90853300000063	2
197.46398600000063	3
198.00943900000064	4
198.55489200000065	1
199.10034500000066	2
199.63579800000068	3
200.18125100000069	4
200.7267040000007	1
201.2721570000007	2
201.8176100000007	3
202.3730630000007	4
202.91851600000072	1
203.46396900000073	2
204.00942200000074	3
204.55487500000075	4
205.10032800000076	1
205.63578100000078	2
206.18123400000079	3
206.7266870000008	4
207.2821400000008	1
207.8175930000008	2
208.36304600000082	3
208.90849900000083	4
209.46395200000083	1
210.00940500000084	2
210.55485800000085	3
211.10031100000086	4
211.64576400000087	1
212.19121700000088	2
212.7266700000009	3
213.2821230000009	4
213.8275760000009	1
214.3730290000009	2
214.91848200000092	3
215.46393500000093	4
216.00938800000094	1
216.56484100000097	2
217.10029400000096	3
217.64574700000097	4
218.19120000000098	1
218.73665300000098	2
219.282106000001	3
219.827559000001	4
220.373012000001	1
220.91846500000102	2
221.46391800000103	3
222.00937100000104	4
222.55482400000105	1
223.10027700000106	2
223.64573000000107	3
224.19118300000108	4
224.7266360000011	1
225.2820890000011	2
225.8275420000011	3
226.3729950000011	4
226.91844800000112	1
227.46390100000113	2
228.00935400000114	3
228.55480700000115	4
229.10026000000116	1
229.63571300000118	2
230.19116600000118	3
230.73661900000118	4
231.2820720000012	1
231.8175250000012	2
232.36297800000122	3
232.90843100000123	4
233.46388400000123	1
233.99933700000125	2
234.55479000000125	3
235.10024300000126	4
235.63569600000127	1
236.18114900000128	2
236.7266020000013	3
237.2720550000013	4
237.8175080000013	1
238.3729610000013	2
238.91841400000132	3
239.46386700000133	4
240.00932000000134	1
240.55477300000135	2
241.10022600000136	3
241.63567900000137	4
242.18113200000138	1
242.7265850000014	2
243.2720380000014	3
243.8174910000014	4
244.3729440000014	1
244.91839700000142	2
245.46385000000143	3
246.00930300000144	4
246.55475600000145	1
247.09020900000147	2
247.63566200000147	3
248.19111500000147	4
248.73656800000148	1
249.2820210000015	2
249.8174740000015	3
250.3729270000015	4
250.91838000000152	1
251.46383300000153	2
251.99928600000155	3
252.55473900000155	4
253.10019200000156	1
253.63564500000157	2
254.18109800000158	3
254.7265510000016	4
255.2720040000016	1
255.8174570000016	2
256.3729100000016	3
256.9183630000016	4
257.4638160000016	1
258.0092690000016	2
258.5547220000016	3
259.1001750000016	4
259.64562800000164	1
260.19108100000165	2
260.73653400000165	3
261.28198700000166	4
261.8274400000017	1
262.3728930000017	2
262.9183460000017	3
263.4637990000017	4
264.0092520000017	1
264.5547050000017	2
265.1001580000017	3
265.63561100000175	4
266.19106400000175	1
266.73651700000175	2
267.28197000000176	3
267.8274230000018	4
268.3728760000018	1
268.9083290000018	2
269.4637820000018	3
270.0092350000018	4
270.5546880000018	1
271.1001410000018	2
271.63559400000184	3
272.18104700000185	4
272.72650000000186	1
273.2719530000019	2
273.8174060000019	3
274.3728590000019	4
274.9183120000019	1
275.4637650000019	2
276.0092180000019	3
276.5546710000019	4
277.09012400000194	1
277.63557700000194	2
278.18103000000195	3
278.72648300000196	4
279.28193600000196	1
279.827389000002	2
280.372842000002	3
280.908295000002	4
281.463748000002	1
281.999201000002	2
282.554654000002	3
283.100107000002	4