0.0	1
0.49061	2
0.97122	3
1.47183	4
1.95244	1
2.4430500000000004	2
2.9336600000000006	3
3.4342700000000006	4
3.924880000000001	1
4.405490000000001	2
4.8961000000000015	3
5.3967100000000015	4
5.887320000000002	1
6.377631000000002	2
6.867942000000002	3
7.358253000000002	4
7.8385640000000025	1
8.315578000000002	2
8.812592000000002	3
9.299606000000002	4
9.796620000000003	1
10.282134000000003	2
10.767648000000003	3
11.253162000000003	4
11.738676000000003	1
12.218686000000003	2
12.718696000000003	3
13.208706000000003	4
13.698716000000003	1
14.194230000000003	2
14.679744000000003	3
15.165258000000003	4
15.650772000000003	1
16.153779000000004	2
16.646786000000002	3
17.129793000000003	4
17.6128	1
18.099814	2
18.576827999999995	3
19.073841999999996	4
19.560855999999994	1
20.050865999999996	2
20.540875999999997	3
21.040886	4
21.530896000000002	1
22.023903	2
22.506909999999998	3
22.999916999999996	4
23.492923999999995	1
23.981435999999995	2
24.469947999999995	3
24.958459999999995	4
25.446971999999995	1
25.939978999999994	2
26.442985999999994	3
26.92599299999999	4
27.41899999999999	1
27.90900999999999	2
28.399019999999993	3
28.889029999999995	4
29.379039999999996	1
29.869049999999998	2
30.35906	3
30.84907	4
31.339080000000003	1
31.824594	2
32.310108	3
32.795622	4
33.291136	1
33.772154	2
34.253172	3
34.73419	4
35.205208	1
35.69372	2
36.182232	3
36.670744	4
37.159256	1
37.655260999999996	2
38.15126599999999	3
38.64727099999999	4
39.143275999999986	1
39.62628299999999	2
40.12928999999998	3
40.62229699999998	4
41.11530399999998	1
41.60980999999998	2
42.10431599999998	3
42.598821999999984	4
43.093327999999985	1
43.586334999999984	2
44.07934199999998	3
44.57234899999998	4
45.06535599999998	1
45.55686599999998	2
46.048375999999976	3
46.539885999999974	4
47.03139599999997	1
47.52440299999997	2
48.01740999999997	3
48.51041699999997	4
49.00342399999997	1
49.50343399999996	2
49.99344399999996	3
50.48345399999996	4
50.97346399999996	1
51.470965999999954	2
51.96846799999995	3
52.46596999999995	4
52.963471999999946	1
53.44797799999995	2
53.962483999999954	3
54.44698999999995	4
54.93149599999995	1
55.42899799999995	2
55.92649999999995	3
56.424001999999945	4
56.92150399999994	1
57.41451099999994	2
57.90751799999994	3
58.40052499999994	4
58.903531999999934	1
59.398037999999936	2
59.89254399999994	3
60.38704999999994	4
60.87155599999994	1
61.36756099999994	2
61.863565999999935	3
62.35957099999993	4
62.85557599999993	1
63.36307799999992	2
63.86057999999992	3
64.34808199999992	4
64.84558399999992	1
65.34008999999992	2
65.83459599999992	3
66.32910199999992	4
66.82360799999992	1
67.31661499999993	2
67.80962199999993	3
68.30262899999994	4
68.79563599999994	1
69.29014199999995	2
69.78464799999995	3
70.27915399999995	4
70.77365999999995	1
71.26217199999995	2
71.75068399999995	3
72.23919599999995	4
72.72770799999995	1
73.20771799999994	2
73.69772799999994	3
74.18773799999994	4
74.68774799999994	1
75.17775799999994	2
75.66776799999994	3
76.15777799999994	4
76.64778799999993	1
77.15678999999994	2
77.65579199999995	3
78.15479399999995	4
78.65379599999996	1
79.13230799999995	2
79.61081999999995	3
80.10933199999995	4
80.59784399999995	1
81.09234999999995	2
81.58685599999995	3
82.08136199999996	4
82.57586799999996	1
83.07187299999995	2
83.56787799999995	3
84.06388299999995	4
84.55988799999994	1
85.05139799999995	2
85.54290799999995	3
86.03441799999996	4
86.51592799999996	1
87.00593799999996	2
87.49594799999996	3
87.99595799999996	4
88.48596799999996	1
88.97897499999996	2
89.47198199999997	3
89.96498899999997	4
90.45799599999998	1
90.95250199999998	2
91.44700799999998	3
91.94151399999998	4
92.43601999999998	1
92.92902699999999	2
93.422034	3
93.905041	4
94.40804800000001	1
94.89506200000001	2
95.38207600000001	3
95.86909000000001	4
96.35610400000002	1
96.84061000000001	2
97.33511600000001	3
97.83962200000002	4
98.33412800000002	1
98.82863400000002	2
99.32314000000002	3
99.82764600000003	4
100.32215200000003	1
100.80515900000003	2
101.30816600000004	3
101.80117300000005	4
102.29418000000005	1
102.78018500000005	2
103.27619000000004	3
103.77219500000004	4
104.26820000000004	1
104.76120700000004	2
105.26421400000005	3
105.75722100000006	4
106.25022800000006	1
106.73623300000006	2
107.23223800000005	3
107.72824300000005	4
108.22424800000005	1
108.72175000000004	2
109.21925200000004	3
109.71675400000004	4
110.21425600000003	1
110.70726300000004	2
111.20027000000005	3
111.69327700000005	4
112.18628400000006	1
112.68079000000006	2
113.17529600000006	3
113.66980200000006	4
114.16430800000006	1
114.65581800000007	2
115.15732800000008	3
115.64883800000008	4
116.14034800000009	1
116.65384500000008	2
117.14734200000008	3
117.64083900000007	4
118.14433600000007	1
118.63734300000007	2
119.13035000000008	3
119.62335700000008	4
120.1263640000001	1
120.6193710000001	2
121.1123780000001	3
121.5953850000001	4
122.08839200000011	1
122.58289800000011	2
123.07740400000012	3
123.57191000000012	4
124.06641600000012	1
124.57541800000013	2
125.08442000000012	3
125.58342200000013	4
126.07242400000014	1
126.56842900000014	2
127.06443400000013	3
127.55043900000013	4
128.04644400000012	1
128.54394600000012	2
129.04144800000012	3
129.5389500000001	4
130.0364520000001	1
130.51496400000013	2
131.01347600000014	3
131.50198800000015	4
131.99050000000017	1
132.47901200000018	2
132.9675240000002	3
133.4560360000002	4
133.94454800000022	1
134.41605800000022	2
134.92756800000024	3
135.41907800000024	4
135.91058800000025	1
136.40509400000025	2
136.90960000000024	3
137.40410600000024	4
137.89861200000024	1
138.41060900000025	2
138.91260600000024	3
139.4046030000002	4
139.8966000000002	1
140.39361400000018	2
140.88062800000017	3
141.36764200000016	4
141.85465600000015	1
142.34616600000015	2
142.83767600000016	3
143.32918600000016	4
143.82069600000017	1
144.30171400000017	2
144.78273200000018	3
145.2637500000002	4
145.7447680000002	1
146.2202820000002	2
146.7057960000002	3
147.1913100000002	4
147.67682400000018	1
148.1653360000002	2
148.6538480000002	3
149.14236000000022	4
149.6308720000002	1
150.1163860000002	2
150.6019000000002	3
151.0874140000002	4
151.5729280000002	1
152.06844200000018	2
152.55395600000017	3
153.03947000000016	4
153.52498400000016	1
154.00199800000016	2
154.47901200000015	3
154.96602600000014	4
155.46304000000015	1
155.96204200000014	2
156.46104400000013	3
156.96004600000012	4
157.4590480000001	1
157.9460620000001	2
158.44307600000008	3
158.93009000000006	4
159.41710400000005	1
159.91910100000004	2
160.43109800000005	3
160.93309500000004	4
161.41509200000002	1
161.911097	2
162.407102	3
162.903107	4
163.399112	1
163.893618	2
164.388124	3
164.88263	4
165.36713600000002	1
165.85864600000002	2
166.36015600000002	3
166.85166600000002	4
167.34317600000003	1
167.83768200000003	2
168.33218800000003	3
168.82669400000003	4
169.32120000000003	1
169.81271000000004	2
170.30422000000004	3
170.79573000000005	4
171.28724000000005	1
171.78024700000006	2
172.27325400000007	3
172.76626100000007	4
173.25926800000008	1
173.7407780000001	2
174.2422880000001	3
174.7337980000001	4
175.2253080000001	1
175.7198140000001	2
176.2243200000001	3
176.7188260000001	4
177.2133320000001	1
177.7033420000001	2
178.20335200000014	3
178.69336200000015	4
179.18337200000016	1
179.66787800000014	2
180.16238400000015	3
180.65689000000015	4
181.15139600000015	1
181.64140600000016	2
182.13141600000017	3
182.62142600000018	4
183.1114360000002	1
183.6104380000002	2
184.0994400000002	3
184.58844200000019	4
185.09744400000017	1
185.59445800000015	2
186.09147200000015	3
186.56848600000012	4
187.05550000000014	1
187.55300200000013	2
188.05050400000013	3
188.53800600000014	4
189.03550800000014	1
189.52701800000014	2
190.02852800000014	3
190.52003800000014	4
191.01154800000015	1
191.49305800000016	2
191.99456800000016	3
192.47607800000017	4
192.96758800000018	1
193.47059500000017	2
193.96360200000018	3
194.45660900000019	4
194.9396160000002	1
195.42262300000021	2
195.91563000000022	3
196.40863700000023	4
196.90164400000023	1
197.4001560000002	2
197.88866800000022	3
198.37718000000024	4
198.86569200000025	1
199.34720200000027	2
199.83871200000027	3
200.34022200000027	4
200.83173200000027	1
201.32174200000028	2
201.8217520000003	3
202.3117620000003	4
202.8017720000003	1
203.28028400000034	2
203.76879600000035	3
204.25730800000036	4
204.74582000000035	1
205.23283400000034	2
205.71984800000033	3
206.2068620000003	4
206.7038760000003	1
207.1808900000003	2
207.66790400000028	3
208.15491800000027	4
208.64193200000025	1
209.13194200000027	2
209.62195200000028	3
210.1119620000003	4
210.60197200000027	1
211.07598800000028	2
211.57000400000027	3
212.05402000000026	4
212.53803600000026	1
213.02355000000026	2
213.50906400000025	3
213.99457800000025	4
214.48009200000024	1
214.94560600000023	2
215.44112000000024	3
215.92663400000023	4
216.42214800000022	1
216.90766200000022	2
217.4031760000002	3
217.8886900000002	4
218.3742040000002	1
218.84271600000022	2
219.33122800000024	3
219.81974000000025	4
220.30825200000024	1
220.78927000000024	2
221.28028800000024	3
221.76130600000025	4
222.24232400000025	1
222.71783800000026	2
223.21335200000024	3
223.69886600000024	4
224.19438000000022	1
224.67589000000024	2
225.16740000000024	3
225.65891000000025	4
226.14042000000026	1
226.62743400000025	2
227.13444800000022	3
227.61146200000022	4
228.0984760000002	1
228.5809950000002	2
229.0735140000002	3
229.5460330000002	4
230.0285520000002	1