0.0	1
0.4	2
0.8	3
1.2000000000000002	4
1.6	1
2.0	2
2.4	3
2.8	4
3.1999999999999997	1
3.5999999999999996	2
3.9999999999999996	3
4.3999999999999995	4
4.800000000000001	1
5.200000000000001	2
5.600000000000001	3
6.000000000000002	1
6.400000000000002	2
6.8000000000000025	3
7.200000000000003	1
7.600000000000003	2
8.000000000000004	3
8.400000000000004	1
8.800000000000004	2
9.200000000000005	3
9.600000000000005	1
10.000000000000005	2
10.400000000000006	3
10.800000000000006	1
11.190000000000007	2
11.590000000000007	3
12.000000000000007	1
12.400000000000007	2
12.800000000000008	3
13.200000000000008	1
13.600000000000009	2
14.000000000000009	3
14.40000000000001	1
14.80000000000001	2
15.20000000000001	3
15.60000000000001	1
15.99000000000001	2
16.390000000000008	3
16.800000000000008	1
17.200000000000006	2
17.600000000000005	3
18.000000000000004	1
18.400000000000002	2
18.8	3
19.2	1
19.599999999999998	2
19.999999999999996	3
20.399999999999995	1
20.799999999999994	2
21.199999999999992	3
21.59999999999999	1
22.042289999999987	2
22.484770999999988	3
22.949474999999985	1
23.434178999999986	2
23.898882999999987	3
24.36358699999999	1
24.799241999999985	2
25.34489699999999	3
25.840551999999988	1
26.31620699999999	2
26.552872999999998	3
26.819539	1
27.076204999999998	2
27.352871	3
27.619537	1
27.886203000000002	2
28.152869000000003	3
28.419535000000003	1
28.686201000000004	2
28.952867000000005	3
29.219533000000006	1
29.486199000000006	2
29.752865000000007	3
30.019531000000008	1
30.28619700000001	2
30.56286300000001	3
30.81952900000001	1
31.08619500000001	2
31.35286100000001	3
31.619527000000012	1
31.886193000000013	2
32.152859000000014	3
32.419525000000014	1
32.686191000000015	2
32.952857000000016	3
33.21952300000002	1
33.48618900000002	2
33.75285500000002	3
34.01952100000002	1
34.28618700000002	2
34.55285300000002	3
34.81951900000002	1
35.08618500000002	2
35.35285100000002	3
35.61951700000002	1
35.886183000000024	2
36.152849000000025	3
36.419515000000025	1
36.686181000000026	2
36.95284700000003	3
37.21951300000003	1
37.48617900000003	2
37.75284500000003	3
38.01951100000003	1
38.28617700000003	2
38.55284300000003	3
38.81950900000003	1
39.08617500000003	2
39.35284100000003	3
39.619507000000034	1
39.886173000000035	2
40.152839000000036	3
40.419505000000036	1
40.68617100000004	2
40.95283700000004	3
41.21950300000004	1
41.48616900000004	2
41.75283500000004	3
42.01950100000004	1
42.28616700000004	2
42.55283300000004	3
42.81949900000004	1
43.086165000000044	2
43.352831000000045	3
43.619497000000045	1
43.886163000000046	2
44.15282900000005	3
44.41949500000005	1
44.68616100000005	2
44.95282700000005	3
45.21949300000005	1
45.48615900000005	2
45.75282500000005	3
46.01949100000005	1
46.28615700000005	2
46.55282300000005	3
46.819489000000054	1
47.086155000000055	2
47.352821000000056	3
47.619487000000056	1
47.88615300000006	2
48.15281900000006	3
48.41948500000006	1
48.67615100000006	2
48.95281700000006	3
49.21948300000006	1
49.48614900000006	2
49.75281500000006	3
50.01948100000006	1
50.286147000000064	2
50.552813000000064	3
50.819479000000065	1
51.086145000000066	2
51.35281100000007	3
51.61947700000007	1
51.88614300000007	2
52.15280900000007	3
52.41947500000007	1
52.68614100000007	2
52.95280700000007	3
53.21947300000007	1
53.48613900000007	2
53.75280500000007	3
54.019471000000074	1
54.286137000000075	2
54.552803000000075	3
54.819469000000076	1
55.08613500000008	2
55.35280100000008	3
55.61946700000008	1
55.88613300000008	2
56.15279900000008	3
56.41946500000008	1
56.68613100000008	2
56.95279700000008	3
57.21946300000008	1
57.48612900000008	2
57.752795000000084	3
58.019461000000085	1
58.286127000000086	2
58.55279300000009	3
58.81945900000009	1
59.08612500000009	2
59.35279100000009	3
59.61945700000009	1
59.88612300000009	2
60.15278900000009	3
60.41945500000009	1
60.68612100000009	2
60.95278700000009	3
61.219453000000094	1
61.486119000000095	2
61.752785000000095	3
62.019451000000096	1
62.2861170000001	2
62.5527830000001	3
62.8194490000001	1
63.0861150000001	2
63.3527810000001	3
63.6194470000001	1
63.8861130000001	2
64.1527790000001	3
64.4194450000001	1
64.6861110000001	2
64.9527770000001	3
65.2194430000001	1
65.4861090000001	2
65.7627750000001	3
66.0194410000001	1
66.2861070000001	2
66.5627730000001	3
66.8194390000001	1
67.0861050000001	2
67.3527710000001	3
67.6194370000001	1
67.8861030000001	2
68.16276900000011	3
68.4194350000001	1
68.68610100000011	2
68.95276700000011	3
69.21943300000011	1
69.48609900000011	2
69.76276500000012	3
70.01943100000011	1
70.28609700000011	2
70.55276300000011	3
70.81942900000011	1
71.08609500000011	2
71.36276100000012	3
71.61942700000012	1
71.87609300000011	2
72.15275900000012	3
72.41942500000012	1
72.68609100000012	2
72.95275700000012	3
73.21942300000012	1
73.48608900000012	2
73.75275500000012	3
74.01942100000012	1
74.28608700000012	2
74.56275300000013	3
74.81941900000012	1
75.08608500000012	2
75.35275100000013	3
75.61941700000013	1
75.88608300000013	2
76.15274900000013	3
76.41941500000013	1
76.68608100000013	2
76.95274700000013	3
77.21941300000013	1
77.48607900000013	2
77.75274500000013	3
78.01941100000013	1
78.28607700000013	2
78.56274300000014	3
78.82940900000014	1
79.08607500000014	2
79.35274100000014	3
79.61940700000014	1
79.88607300000014	2
80.15273900000014	3
80.41940500000014	1
80.68607100000014	2
80.95273700000014	3
81.21940300000014	1
81.48606900000014	2
81.75273500000014	3
82.01940100000014	1
82.28606700000014	2
82.56273300000015	3
82.81939900000015	1
83.08606500000015	2
83.36273100000015	3
83.61939700000015	1
83.88606300000015	2
84.16272900000016	3
84.41939500000015	1
84.68606100000015	2
84.96272700000016	3
85.21939300000015	1
85.48605900000015	2
85.75272500000015	3
86.01939100000016	1
86.28605700000016	2
86.55272300000016	3
86.81938900000016	1
87.08605500000016	2
87.35272100000016	3
87.61938700000016	1
87.88605300000016	2
88.15271900000016	3
88.41938500000016	1
88.68605100000016	2
88.95271700000016	3
89.21938300000016	1
89.48604900000016	2
89.76271500000017	3
90.01938100000017	1
90.28604700000017	2
90.56271300000017	3
90.82937900000017	1
91.08604500000017	2
91.36271100000017	3
91.62937700000018	1
91.89604300000018	2
92.16270900000018	3
92.42937500000018	1
92.69604100000018	2
92.96270700000018	3
93.22937300000018	1
93.48603900000018	2
93.76270500000018	3
94.01937100000018	1
94.28603700000018	2
94.55270300000018	3
94.81936900000018	1
95.08603500000018	2
95.36270100000019	3
95.62936700000019	1
95.89603300000019	2
96.16269900000019	3
96.42936500000019	1
96.68603100000018	2
96.96269700000019	3
97.21936300000019	1
97.48602900000019	2
97.76269500000019	3
98.0293610000002	1
98.28602700000019	2
98.55269300000019	3
98.81935900000019	1
99.08602500000019	2
99.3626910000002	3
99.61935700000019	1
99.8860230000002	2
100.1526890000002	3
100.4193550000002	1
100.6860210000002	2
100.9526870000002	3
101.2193530000002	1
101.4860190000002	2
101.7526850000002	3
102.0193510000002	1
102.2860170000002	2
102.5626830000002	3
102.8293490000002	1
103.09601500000021	2
103.36268100000021	3
103.62934700000021	1
103.8860130000002	2
104.16267900000021	3
104.42934500000021	1
104.6860110000002	2
104.95267700000021	3
105.21934300000021	1
105.48600900000021	2
105.75267500000021	3
106.01934100000021	1
106.26600700000022	2
106.53267300000022	3
106.78933900000021	1
107.07600500000021	2
107.34267100000021	3
107.61933700000021	1
107.88600300000022	2
108.13266900000022	3
108.41933500000022	1
108.68600100000022	2
108.93266700000022	3
109.21933300000022	1
109.48599900000022	2
109.76266500000023	3
110.02933100000023	1
110.28599700000022	2
110.56266300000023	3
110.82932900000023	1
111.09599500000023	2
111.36266100000023	3
111.58932700000022	1
111.88599300000023	2
112.15265900000023	3
112.41932500000023	1
112.68599100000023	2
112.95265700000023	3
113.19932300000023	1
113.47598900000023	2
113.75265500000023	3
114.01932100000023	1
114.28598700000023	2
114.53265300000024	3
114.79931900000024	1
115.08598500000024	2
115.35265100000024	3
115.61931700000024	1
115.88598300000024	2
116.15264900000024	3
116.41931500000024	1
116.68598100000024	2
116.96264700000025	3
117.22931300000025	1
117.49597900000025	2
117.76264500000025	3
118.02931100000025	1
118.28597700000024	2
118.56264300000025	3
118.82930900000025	1
119.09597500000025	2
119.36264100000025	3
119.62930700000025	1
119.89597300000025	2
120.16263900000025	3
120.42930500000026	1
120.69597100000026	2
120.96263700000026	3
121.22930300000026	1
121.49596900000026	2
121.76263500000026	3
122.02930100000026	1
122.29596700000026	2
122.56263300000026	3
122.82929900000026	1
123.09596500000026	2
123.36263100000026	3
123.62929700000026	1
123.89596300000026	2
124.16262900000027	3
124.42929500000027	1
124.69596100000027	2
124.96262700000027	3
125.22929300000027	1
125.49595900000027	2
125.76262500000027	3
126.02929100000027	1
126.28595700000027	2
126.56262300000027	3
126.82928900000027	1
127.09595500000027	2
127.36262100000027	3
127.62928700000028	1
127.89595300000028	2
128.16261900000026	3
128.42928500000025	1
128.69595100000024	2
128.96261700000022	3
129.2292830000002	1
129.4959490000002	2
129.76261500000018	3
130.02928100000017	1
130.29594700000015	2
130.56261300000014	3
130.82927900000013	1
131.0959450000001	2
131.3626110000001	3
131.6292770000001	1
131.89594300000007	2
132.16260900000006	3
132.42927500000005	1
132.69594100000003	2
132.96260700000002	3
133.229273	1
133.495939	2
133.76260499999998	3
134.02927099999997	1
134.29593699999995	2
134.56260299999994	3
134.82926899999993	1
135.0959349999999	2
135.3626009999999	3
135.62926699999989	1
135.89593299999987	2
136.16259899999986	3
136.42926499999984	1
136.9625979999997	2
137.4959309999997	3
138.0292639999997	1
138.54259699999972	2
139.0659299999997	3
139.6292629999997	1
140.17259599999971	2
140.6959289999997	3
141.2392619999997	1
141.7768179999997	2
142.2943739999997	3
142.8319299999997	1
143.3552629999997	2
143.89859599999969	3
144.43192899999968	1
144.9552619999997	2
145.4885949999997	3
146.03192799999968	1
146.56526099999968	2
147.09859399999968	3
147.63192699999968	1
148.14525999999967	2
148.68859299999968	3
149.23192599999967	1
149.76525899999967	2
150.29859199999967	3
150.83192499999967	1
151.34525799999966	2
151.88859099999968	3
152.43192399999967	1
152.96525699999967	2
153.49858999999967	3
154.03192299999967	1
154.53525599999966	2
155.06858899999966	3
155.62192199999967	1
156.15525499999967	2
156.69858799999966	3
157.23192099999966	1
157.75525399999967	2
158.28858699999967	3
158.83191999999966	1
159.36525299999965	2
159.89858599999965	3
160.43191899999965	1
160.97525199999964	2
161.48858499999966	3
162.02191799999966	1
162.53525099999965	2
163.07858399999964	3
163.61191699999964	1
164.15524999999965	2
164.68858299999965	3
165.22191599999965	1
165.75524899999965	2
166.29858199999964	3
166.83191499999964	1
167.36524799999964	2
167.88858099999965	3
168.42191399999965	1
168.95524699999964	2
169.58302299999957	3
170.2838529999995	1
171.06652199999945	2
171.86919099999946	3
172.66185999999945	1
173.39452899999944	2
174.19719799999945	3
175.00224899999944	1
175.2989149999998	2
175.5255809999998	3
175.79224699999978	1
176.05891299999976	2
176.33557899999974	3
176.60224499999973	1
176.8689109999997	2
177.1355769999997	3
177.4022429999997	1
177.66890899999967	2
177.93557499999966	3
178.20224099999965	1
178.46890699999963	2
178.73557299999962	3
179.0022389999996	1
179.2689049999996	2
179.53557099999958	3
179.80223699999956	1
180.06890299999955	2
180.33556899999954	3
180.60223499999952	1
180.8689009999995	2
181.1355669999995	3
181.40223299999948	1
181.66889899999947	2
181.93556499999946	3
182.20223099999944	1
182.46889699999943	2
182.73556299999942	3
183.0022289999994	1
183.2688949999994	2
183.53556099999938	3
183.80222699999936	1
184.06889299999935	2
184.33555899999934	3
184.60222499999932	1
184.8688909999993	2
185.1355569999993	3
185.40222299999928	1
185.66888899999927	2
185.93555499999925	3
186.20222099999924	1
186.46888699999923	2
186.73555299999921	3
187.0022189999992	1
187.2688849999992	2
187.53555099999917	3
187.80221699999916	1
188.06888299999915	2
188.33554899999913	3
188.60221499999912	1
188.8688809999991	2
189.1355469999991	3
189.40221299999908	1
189.66887899999907	2
189.93554499999905	3
190.20221099999904	1
190.46887699999903	2
190.735542999999	3
191.002208999999	1
191.26887499999899	2
191.53554099999897	3
191.80220699999896	1
192.06887299999894	2
192.33553899999893	3
192.60220499999892	1
192.8688709999989	2
193.1355369999989	3
193.40220299999888	1
193.66886899999886	2
193.93553499999885	3
194.20220099999884	1
194.45886699999883	2