0.0	1
0.51	2
1.01	3
1.51	4
2.01	1
2.51	2
3.01	3
3.51	4
4.01	1
4.51	2
5.01	3
5.57	4
6.03	1
6.53	2
7.01	3
7.51	4
8.01	1
8.514375	2
8.97875	3
9.453125	4
9.9375	1
10.415721	2
10.883942	3
11.362162999999999	4
11.820383999999999	1
12.29435	2
12.758316	3
13.232282000000001	4
13.696248000000002	1
14.160214000000003	2
14.624180000000004	3
15.088146000000005	4
15.552112000000006	1
16.026078000000005	2
16.490044000000005	3
16.954010000000004	4
17.417976000000003	1
17.881942000000002	2
18.335908	3
18.799874	4
19.26384	1
19.727805999999998	2
20.191771999999997	3
20.655737999999996	4
21.109703999999997	1
21.583669999999994	2
22.047635999999994	3
22.511601999999993	4
22.955567999999992	1
23.43490899999999	2
23.89424999999999	3
24.353590999999987	4
24.812931999999986	1
25.302272999999985	2
25.771613999999985	3
26.240954999999982	4
26.70029599999998	1
27.15963699999998	2
27.58897799999998	3
28.018318999999977	4
28.467659999999974	1
28.941355999999974	2
29.435051999999974	3
29.908747999999974	4
30.382443999999975	1
30.856139999999975	2
31.314511999999976	3
31.782883999999974	4
32.25125599999997	1
32.72962799999998	2
33.19799999999998	3
33.656371999999976	4
34.13474399999998	1
34.613115999999984	2
35.081487999999986	3
35.54985999999999	4
36.01823199999999	1
36.48660399999999	2
36.974976	3
37.433347999999995	4
37.90172	1
38.370092	2
38.828464000000004	3
39.28683600000001	4
39.74924700000001	1
40.211658000000014	2
40.67406900000002	3
41.126480000000015	4
41.59427900000002	1
42.06207800000002	2
42.51987700000002	3
42.977676000000024	4
43.442410000000024	1
43.907144000000024	2
44.371878000000024	3
44.826612000000026	4
45.291346000000026	1
45.756080000000026	2
46.220814000000026	3
46.67554800000002	4
47.14028200000002	1
47.625016000000024	2
48.08975000000002	3
48.584484000000025	4
49.049218000000025	1
49.492169000000025	2
49.89512000000003	3
50.32807100000002	4
50.78102200000003	1
51.272341000000026	2
51.753660000000025	3
52.234979000000024	4
52.69629800000002	1
53.17761700000002	2
53.65389400000002	3
54.110171000000015	4
54.58644800000002	1
55.05272500000002	2
55.52119600000002	3
55.96966700000002	4
56.43813800000002	1
56.896609000000026	2
57.37224400000002	3
57.827879000000024	4
58.29351400000002	1
58.75914900000002	2
59.22067300000002	3
59.682197000000016	4
60.14372100000001	1
60.60524500000001	2
61.07398000000001	3
61.542715000000015	4
62.01145000000002	1
62.48018500000002	2
62.94892000000002	3
63.417655000000025	4
63.866390000000024	1
64.33512500000003	2
64.83386000000003	3
65.28259500000001	4
65.75133000000001	1
66.21006500000001	2
66.67880000000001	3
67.137535	4
67.60627	1
68.10500499999999	2
68.58373999999999	3
69.05247499999999	4
69.51120999999998	1
69.96994499999997	2
70.43317599999996	3
70.89640699999995	4
71.35963799999995	1
71.82286899999994	2
72.28609999999993	3
72.75933099999993	4
73.22256199999993	1
73.67579299999991	2
74.15902399999992	3
74.62225499999991	4
75.0880919999999	1
75.5539289999999	2
76.00976599999989	3
76.47560299999988	4
76.94802699999988	1
77.41045099999988	2
77.87287499999988	3
78.32529899999987	4
78.78772299999987	1
79.25014699999987	2
79.71257099999987	3
80.17499499999987	4
80.63972899999986	1
81.10446299999987	2
81.56919699999986	3
82.03393099999985	4
82.48866499999984	1
82.95819799999985	2
83.41773099999985	3
83.87726399999984	4
84.32679699999983	1
84.79632999999983	2
85.25586299999982	3
85.71539599999981	4
86.15492899999981	1
86.62292199999982	2
87.04091499999981	3
87.46890799999983	4
87.91690099999983	1
88.38595499999981	2
88.8750089999998	3
89.35406299999981	4
89.83311699999982	1
90.31217099999982	2
90.76625399999983	3
91.23033699999984	4
91.68441999999983	1
92.15850299999984	2
92.62258599999984	3
93.08666899999984	4
93.55350299999984	1
94.02033699999984	2
94.47717099999984	3
94.93400499999984	4
95.39681199999984	1
95.85961899999984	2
96.32242599999984	3
96.78523299999983	4
97.24803999999983	1
97.71084699999983	2
98.16642199999983	3
98.63199699999983	4
99.07757199999982	1
99.53314699999981	2
99.9829789999998	3
100.44281099999981	4
100.91264299999982	1
101.37247499999982	2
101.82230699999982	3
102.28213899999983	4
102.73892199999983	1
103.19570499999983	2
103.65248799999983	3
104.10927099999984	4
104.56605399999984	1
105.01832699999984	2
105.47059999999985	3
105.93287299999986	4
106.37514599999986	1
106.87741899999988	2
107.32969199999988	3
107.75196499999988	4
108.25423799999989	1
108.69651099999989	2
109.1287839999999	3
109.5610569999999	4
110.01332999999991	1
110.4791179999999	2
110.9549059999999	3
111.43069399999989	4
111.89648199999988	1
112.37226999999987	2
112.83366399999987	3
113.28505799999988	4
113.75645199999987	1
114.21784599999987	2
114.67923999999987	3
115.14063399999986	4
115.61202799999987	1
116.06342199999986	2
116.52531499999986	3
116.97720799999986	4
117.42910099999986	1
117.88099399999986	2
118.33700799999986	3
118.80302199999986	4
119.26903599999986	1
119.72504999999987	2
120.18925899999986	3
120.64346799999987	4
121.09767699999988	1
121.55188599999988	2
122.00430999999989	3
122.45673399999988	4
122.93915799999988	1
123.40158199999988	2
123.86400599999988	3