0.0	1
0.37411	2
0.74822	3
1.12233	4
1.49644	5
1.86055	1
2.22466	2
2.59877	3
2.97288	4
3.34699	1
3.733323	2
4.109656	3
4.485989	4
4.862543	1
5.229096999999999	2
5.605650999999999	3
5.982204999999999	4
6.358758999999998	1
6.725312999999997	2
7.1118669999999975	3
7.478420999999996	4
7.8749749999999965	1
8.241528999999996	2
8.618082999999997	3
8.994636999999997	4
9.371190999999998	1
9.747744999999998	2
10.134298999999999	3
10.500853	4
10.877407	1
11.253961	2
11.629845	3
11.995728999999999	4
12.381612999999998	1
12.757496999999997	2
13.143380999999996	3
13.519264999999995	4
13.895148999999995	1
14.271032999999994	2
14.646916999999993	3
15.022800999999992	4
15.398684999999992	1
15.77456899999999	2
16.150452999999988	3
16.51633699999999	4
16.902220999999987	1
17.268104999999988	2
17.653988999999985	3
18.029872999999984	4
18.405756999999983	1
18.792529999999985	2
19.159302999999984	3
19.526075999999986	4
19.912848999999984	1
20.289621999999984	2
20.656394999999986	3
21.033167999999986	4
21.419940999999984	1
21.796713999999984	2
22.173486999999984	3
22.550259999999984	4
22.917032999999986	1
23.293805999999986	2
23.670578999999986	3
24.047351999999986	4
24.424124999999986	1
24.800897999999986	2
25.177670999999986	3
25.554443999999986	4
25.931216999999986	1
26.307989999999986	2
26.684762999999986	3
27.061535999999986	4
27.438308999999986	1
27.824353999999985	2
28.19039899999999	3
28.56644399999999	4
28.94248899999999	1
29.318533999999993	2
29.694578999999994	3
30.070623999999995	4
30.446668999999996	1
30.832713999999996	2
31.208758999999997	3
31.584804	4
31.960849	1
32.326893999999996	2
32.712939	3
33.07898399999999	4
33.45502899999999	1
33.83107399999999	2
34.21711899999999	3
34.59316399999999	4
34.969208999999985	1
35.33525399999998	2
35.72129899999998	3
36.09734399999998	4
36.473388999999976	1
36.849433999999974	2
37.21547899999997	3
37.591523999999964	4
37.96756899999996	1
38.34361399999996	2
38.71965899999996	3
39.095703999999955	4
39.48174899999996	1
39.85793999999996	2
40.234130999999955	3
40.610321999999954	4
40.98651299999995	1
41.36270399999995	2
41.73889499999995	3
42.11508599999995	4
42.49127699999995	1
42.867467999999946	2
43.243658999999944	3
43.61984999999994	4
43.99604099999994	1
44.37223199999994	2
44.74842299999994	3
45.12461399999994	4
45.500804999999936	1
45.876995999999934	2
46.25318699999993	3
46.629719999999935	4
47.00625299999994	1
47.38278599999994	2
47.75931899999994	3
48.13585199999994	4
48.512384999999945	1
48.88891799999995	2
49.26545099999995	3
49.64198399999995	4
50.01851699999995	1
50.395049999999955	2
50.77158299999996	3
51.14811599999996	4
51.53464899999996	1
51.90118199999996	2
52.277714999999965	3
52.65424799999997	4
53.029417999999964	1
53.40458799999996	2
53.77975799999996	3
54.154927999999956	4
54.53009799999995	1
54.895267999999945	2
55.28043799999995	3
55.655607999999944	4
56.03077799999994	1
56.40594799999994	2
56.781117999999935	3
57.14628799999993	4
57.54145799999993	1
57.916627999999925	2
58.29179799999992	3
58.66696799999992	4
59.04432599999992	1
59.42168399999992	2
59.79904199999992	3
60.166399999999925	4
60.553757999999924	1
60.931115999999925	2
61.29847399999993	3
61.67583199999993	4
62.05318999999993	1
62.43054799999993	2
62.80790599999993	3
63.18526399999993	4
63.562621999999934	1
63.939242999999934	2
64.31586399999992	3
64.69248499999992	4
65.06910599999992	1
65.43572699999993	2
65.81234799999993	3
66.18896899999993	4
66.56558999999993	1
66.95221099999992	2
67.31883199999993	3
67.69545299999993	4
68.08207399999992	1
68.44869499999993	2
68.82531599999993	3
69.20193699999993	4
69.57855799999993	1
69.95517899999993	2
70.33179999999993	3
70.70842099999993	4
71.08359099999993	1
71.45876099999992	2
71.84393099999991	3
72.21910099999991	4
72.5942709999999	1
72.9694409999999	2
73.3446109999999	3
73.7197809999999	4
74.1049509999999	1
74.47012099999989	2
74.84529099999989	3
75.22046099999989	4
75.59563099999988	1
75.97080099999988	2
76.34597099999988	3
76.73114099999988	4
77.10806099999988	1
77.48498099999988	2
77.86190099999988	3
78.22882099999987	4
78.60574099999987	1
78.98266099999987	2
79.35958099999986	3
79.72650099999987	4
80.11342099999986	1
80.49034099999986	2
80.86726099999986	3
81.24418099999986	4
81.62110099999985	1
81.99802099999985	2
82.37494099999985	3
82.75186099999985	4
83.12771699999985	1
83.50357299999985	2
83.87942899999985	3
84.25528499999984	4
84.63114099999984	1
85.00699699999984	2
85.38285299999984	3
85.75870899999984	4
86.13456499999984	1
86.51042099999984	2
86.88627699999984	3
87.25213299999984	4
87.63798899999983	1
88.02384499999984	2
88.38964699999983	3
88.76544899999982	4
89.15125099999982	1
89.5170529999998	2
89.9028549999998	3
90.26865699999979	4
90.65445899999979	1
91.03026099999978	2
91.40606299999978	3
91.78186499999977	4
92.15766699999976	1
92.53346899999976	2
92.90927099999975	3
93.27507299999974	4
93.65087499999973	1
94.03667699999973	2
94.41247899999972	3
94.77828099999971	4
95.1562729999997	1
95.54426499999971	2
95.92225699999972	3
96.30024899999972	4
96.66824099999972	1
97.04623299999973	2
97.42422499999974	3
97.80221699999974	4
98.18020899999975	1
98.54820099999976	2
98.92619299999977	3
99.30144899999978	4
99.67670499999977	1
100.06196099999976	2
100.43721699999975	3
100.81247299999974	4
101.18772899999973	1
101.56298499999973	2
101.93824099999972	3
102.30349699999972	4
102.67875299999972	1
103.05523399999971	2
103.4417149999997	3
103.80819599999971	4
104.1946769999997	1
104.5711579999997	2
104.9476389999997	3
105.3241199999997	4
105.7006009999997	1
106.0779589999997	2
106.4553169999997	3
106.8326749999997	4
107.2100329999997	1
107.5873909999997	2
107.9647489999997	3
108.3421069999997	4
108.70946499999971	1
109.08682299999971	2
109.46418099999971	3
109.84153899999971	4
110.21889699999971	1
110.59625499999972	2
110.97361299999972	3
111.35097099999972	4
111.72832899999972	1
112.10335199999972	2
112.47837499999972	3
112.85339799999971	4
113.22842099999971	1
113.60344399999971	2
113.97846699999971	3
114.3634899999997	4
114.72851299999971	1
115.1035359999997	2
115.4885589999997	3
115.8635819999997	4
116.2386049999997	1
116.6052959999997	2
116.99198699999968	3
117.36867799999968	4
117.74536899999967	1
118.12205999999966	2
118.49875099999966	3
118.87544199999965	4
119.25213299999965	1
119.62882399999964	2
119.99551499999964	3
120.37220599999964	4
120.74889699999963	1
121.12558799999962	2
121.50227899999962	3
121.87896999999961	4
122.2556609999996	1
122.6323519999996	2
123.0090429999996	3
123.37573399999958	4
123.76242499999958	1
124.13911599999958	2
124.52413899999956	3
124.89916199999956	4
125.27418499999956	1
125.64920799999956	2
126.02423099999956	3
126.39925399999956	4
126.78427699999956	1
127.14929999999956	2
127.53432299999956	3
127.89934599999955	4
128.27436899999958	1
128.64939199999958	2
129.03441499999957	3
129.39943799999958	4
129.78446099999957	1
130.16148399999958	2
130.53850699999958	3
130.9155299999996	4
131.2925529999996	1
131.6695759999996	2
132.03659899999963	3
132.41362199999963	4
132.79064499999964	1
133.16766799999965	2
133.55469099999965	3
133.92171399999967	4
134.29873699999968	1
134.67575999999968	2
135.0527829999997	3
135.41980599999968	4
135.7968289999997	1
136.18385199999972	2
136.56087499999973	3
136.92789799999971	4
137.31492099999974	1
137.69194399999975	2
138.05739099999974	3
138.44283799999977	4
138.81828499999978	1
139.19373199999978	2
139.5691789999998	3
139.9446259999998	4
140.3200729999998	1
140.69551999999982	2
141.07096699999983	3
141.44641399999983	4
141.82186099999984	1
142.19805199999985	2
142.57424299999985	3
142.95043399999986	4
143.32662499999986	1
143.70281599999987	2
144.07900699999988	3
144.44519799999986	4
144.8313889999999	1
145.2075799999999	2
145.5837709999999	3
145.9599619999999	4
146.3361529999999	1
146.71234399999992	2
147.08853499999992	3
147.47472599999992	4
147.85091699999992	1
148.21710799999994	2
148.60329899999994	3
148.96948999999995	4
149.34568099999996	1
149.72187199999996	2
150.09806299999997	3
150.47425399999997	4
150.85044499999998	1
151.226803	2
151.613161	3
151.989519	4
152.35587700000002	1
152.73223500000003	2
153.10859300000004	3
153.49495100000004	4
153.87130900000005	1
154.24766700000006	2
154.62402500000007	3
155.00038300000008	4
155.3767410000001	1
155.7530990000001	2
156.11945700000012	3
156.49581500000014	4
156.87217300000015	1
157.24853100000016	2
157.63488900000016	3
158.00124700000018	4
158.3776050000002	1
158.7539630000002	2
159.1300840000002	3
159.50620500000022	4
159.88232600000023	1
160.25844700000025	2
160.64456800000025	3
161.01068900000027	4
161.38681000000028	1
161.7629310000003	2
162.1390520000003	3
162.4951730000003	4
162.87129400000032	1
163.26741500000034	2
163.65353600000034	3
164.02965700000036	4
164.40577800000037	1
164.78189900000038	2
165.1580200000004	3
165.53444300000038	4
165.90086600000038	1
166.28728900000036	2
166.66371200000034	3
167.04013500000033	4
167.40655800000033	1
167.78298100000032	2
168.1594040000003	3
168.52582700000028	4
168.91225000000028	1
169.28867300000027	2
169.66509600000026	3
170.04151900000025	4
170.41794200000024	1
170.79436500000023	2
171.16985500000024	3
171.54534500000025	4
171.92083500000027	1
172.29632500000028	2
172.68181500000028	3
173.0473050000003	4
173.4327950000003	1
173.80828500000032	2
174.18377500000034	3
174.55926500000035	4
174.93475500000037	1
175.31024500000038	2
175.6857350000004	3
176.0612250000004	4
176.43671500000042	1
176.8140730000004	2
177.1914310000004	3
177.5587890000004	4
177.93614700000037	1
178.32350500000035	2
178.70086300000034	3
179.07822100000033	4
179.4555790000003	1
179.8229370000003	2
180.2002950000003	3
180.56765300000026	4
180.94501100000025	1
181.33236900000026	2
181.70972700000024	3
182.0770850000002	4
182.46444300000022	1
182.8418010000002	2
183.2191590000002	3
183.58651700000016	4
183.97387500000016	1
184.35123300000015	2
184.72859100000014	3
185.0959490000001	4
185.4833070000001	1
185.8606650000001	2
186.22802300000006	3
186.59538100000006	4
186.99273900000006	1
187.37009700000004	2
187.737455	3
188.114813	4
188.49217099999998	1
188.86952899999997	2
189.24513699999997	3
189.62074499999997	4
189.99635299999997	1
190.37196099999997	2
190.74756899999997	3
191.12317699999997	4
191.49878499999997	1
191.884393	2
192.25000099999997	3
192.62560899999997	4
193.011217	1
193.386825	2
193.762315	3
194.13780500000001	4
194.51329500000003	1
194.88878500000004	2
195.26427500000005	3
195.63976500000007	4
196.01525500000008	1
196.3907450000001	2
196.7662350000001	3
197.14172500000012	4
197.51721500000014	1
197.90270500000014	2
198.27819500000015	3
198.65368500000017	4
199.0191750000002	1
199.4056580000002	2
199.7821410000002	3
200.1486240000002	4
200.5351070000002	1
200.91159000000022	2
201.27807300000023	3
201.65455600000024	4
202.04103900000024	1
202.41752200000025	2
202.79400500000025	3
203.17048800000026	4
203.54697100000027	1
203.92345400000028	2
204.2899370000003	3
204.6664200000003	4
205.0529030000003	1
205.4293860000003	2
205.8058690000003	3
206.18235200000032	4
206.55883500000033	1
206.92531800000035	2
207.31180100000034	3
207.67828400000036	4
208.06476700000036	1
208.44212500000035	2
208.81948300000033	3
209.18684100000033	4
209.5741990000003	1
209.9515570000003	2
210.3189150000003	3
210.69627300000028	4
211.07363100000026	1