0.0	1
0.8	2
1.6	1
2.4000000000000004	2
3.2	3
4.0	4
4.8	1
5.539604	2
6.402925	3
7.247317	4
8.081709	1
8.906101	2
9.748419	3
10.620737	4
11.493055	1
12.345373	2
13.238763	3
14.167937	4
15.057111	1
15.946285000000001	2
16.825461999999998	3
17.6890965	4
18.3156785	1
19.1827115	2
20.0397445	3
20.8767775	4
21.7238105	1
22.553987499999998	2
23.384164499999997	3
24.204341499999995	4
25.034518499999994	1
25.881551499999993	2
26.738584499999995	3
27.585617499999994	4
28.432650499999994	1
29.260719499999993	2
30.098788499999994	3
30.916857499999992	4
31.74492649999999	1
32.581959499999996	2
33.418992499999995	3
34.2760255	4
35.123058500000006	1
35.973771500000005	2
36.824484500000004	3
37.64519750000001	4
38.475910500000005	1
39.3145165	2
40.16312250000001	3
40.9817285	4
41.8203345	1
42.6420845	2
43.4738345	3
44.285584500000006	4
45.12733450000001	1
45.968581500000006	2
46.81982850000001	3
47.66107550000001	4
48.50232250000001	1
49.324072500000014	2
50.15582250000001	3
50.977572500000015	4
51.81932250000002	1
52.65582150000002	2
53.502320500000025	3
54.32881950000003	4
55.15531850000003	1
56.00235150000003	2
56.85938450000004	3
57.70641750000004	4
58.55345050000004	1
59.37941350000004	2
60.20537650000004	3
61.031339500000044	4
61.857302500000046	1
62.68958550000004	2
63.541868500000035	3
64.35415150000003	4
65.17643450000004	1
66.03136150000003	2
66.87628850000003	3
67.72121550000003	4
68.55614250000004	1
69.38999850000003	2
70.22385450000004	3
71.04771050000005	4
71.87156650000006	1
72.72702950000006	2
73.59249250000006	3
74.43795550000006	4
75.28341850000005	1
76.13202450000006	2
76.97063050000006	3
77.79923650000005	4
78.63784250000005	1
79.48349750000006	2
80.31915250000006	3
81.15480750000006	4
81.99046250000006	1
82.81937650000006	2
83.65829050000006	3
84.48720450000006	4
85.30611850000005	1
86.15315150000005	2
87.00018450000005	3
87.84721750000004	4
88.68425050000003	1
89.52990550000004	2
90.36556050000004	3
91.19121550000004	4
92.02687050000004	1
92.85789050000004	2
93.69891050000004	3
94.52993050000003	4
95.35095050000002	1
96.18323350000003	2
97.02551650000004	3
97.84779950000004	4
98.68008250000004	1
99.51922250000005	2
100.36836250000006	3
101.21750250000007	4
102.06664250000006	1
102.89681950000006	2
103.74699650000007	3
104.57717350000007	4
105.39735050000007	1
106.23331350000008	2
107.06927650000009	3
107.89523950000009	4
108.70120250000008	1
109.52402250000009	2
110.38684250000009	3
111.2396625000001	4
112.0824825000001	1
112.91108850000009	2
113.7596945000001	3
114.5983005000001	4
115.42690650000009	1
116.27099050000008	2
117.11507450000008	3
117.95915850000007	4
118.79324250000008	1
119.60951250000008	2
120.44578250000008	3
121.26205250000008	4
122.07832250000008	1
122.91271450000008	2
123.74710650000007	3
124.58149850000007	4
125.40589050000005	1
126.22468850000006	2
127.04348650000006	3
127.86228450000006	4
128.6810825000001	1
129.50420950000006	2
130.34733650000007	3
131.18046350000006	4
132.01359050000005	1
132.83534050000006	2
133.67709050000005	3
134.47884050000008	4
135.31059050000007	1
136.14498250000008	2
136.9793745000001	3
137.8037665000001	4
138.63815850000012	1
139.4372645000001	2
140.24637050000013	3
141.05547650000014	4
141.87458250000017	1
142.68843850000016	2
143.51229450000017	3
144.33615050000017	4
145.1700065000002	1
145.9833275000002	2
146.7966485000002	3
147.59996950000019	4
148.4232905000002	1
149.2392535000002	2
150.0652165000002	3
150.8911795000002	4
151.7271425000002	1
152.54046350000021	2
153.3737845000002	3
154.16710550000022	4
154.98042650000022	1
155.7921765000002	2
156.62392650000024	3
157.42567650000024	4
158.25742650000024	1
159.06653250000025	2
159.87563850000026	3
160.6747445000003	4
161.4938505000003	1
162.31138550000028	2
163.12892050000028	3
163.94645550000027	4
164.77399050000028	1
165.56045550000027	2
166.35692050000029	3
167.1533855000003	4
167.9498505000003	1
168.74895650000033	2
169.56806250000034	3
170.35716850000037	4
171.17627450000035	1
171.99327450000033	2
172.81027450000033	3
173.6072745000003	4
174.41427450000032	1
175.21759550000033	2
176.04091650000032	3
176.86423750000034	4
177.67755850000034	1
178.48034450000034	2
179.30313050000032	3
180.09591650000033	4
180.90870250000032	1
181.70623750000033	2
182.52377250000032	3
183.3413075000003	4
184.1588425000003	1
184.9658425000003	2
185.79284250000026	3
186.57984250000027	4
187.38684250000026	1
188.19173550000025	2
188.99662850000024	3
189.81152150000023	4
190.61641450000022	1
191.39234350000024	2
192.16827250000023	3
192.95420150000024	4
193.75013050000027	1
194.54923650000026	2
195.35834250000028	3
196.1674485000003	4
196.9765545000003	1
197.7869265000003	2
198.60729850000033	3
199.4076705000003	4
200.2180425000003	1
201.02714850000032	2
201.84625450000036	3
202.65536050000037	4
203.46446650000038	1
204.25652350000038	2
205.0885805000004	3
205.9006375000004	4
206.71269450000042	1