0.0	1
0.333333	2
0.666666	3
0.999999	4
1.333332	1
1.666665	2
1.9999980000000002	3
2.3333310000000003	4
2.6666640000000004	1
2.9999970000000005	2
3.3333300000000006	3
3.6866630000000007	4
4.029996000000001	1
4.363329000000001	2
4.686662	3
5.019995	4
5.333328	1
5.6666609999999995	2
6.009993999999999	3
6.343326999999999	4
6.676659999999998	1
7.019992999999998	2
7.353325999999997	3
7.686658999999997	4
8.009991999999997	1
8.343324999999997	2
8.676657999999996	3
9.009990999999996	4
9.343323999999996	1
9.676656999999995	2
10.019989999999995	3
10.363322999999994	4
10.696655999999994	1
11.019988999999994	2
11.353321999999993	3
11.686654999999993	4
12.029987999999992	1
12.373320999999992	2
12.706653999999991	3
13.029986999999991	4
13.353319999999991	1
13.676652999999991	2
14.00998599999999	3
14.34331899999999	4
14.67665199999999	1
15.00998499999999	2
15.34331799999999	3
15.676650999999989	4
16.00998399999999	1
16.343316999999992	2
16.67664999999999	3
17.00998299999999	4
17.34331599999999	1
17.67664899999999	2
18.00998199999999	3
18.34331499999999	4
18.67664799999999	1
19.00998099999999	2
19.34331399999999	3
19.67664699999999	4
20.009979999999988	1
20.343312999999988	2
20.676645999999987	3
21.009978999999987	4
21.343311999999987	1
21.676644999999986	2
22.009977999999986	3
22.343310999999986	4
22.676643999999985	1
23.009976999999985	2
23.343309999999985	3
23.676642999999984	4
24.009975999999984	1
24.343308999999984	2
24.676641999999983	3
25.009974999999983	4
25.343307999999983	1
25.676640999999982	2
26.009973999999982	3
26.34330699999998	4
26.67663999999998	1
27.00997299999998	2
27.34330599999998	3
27.67663899999998	4
28.00997199999998	1
28.34330499999998	2
28.67663799999998	3
29.00997099999998	4
29.34330399999998	1
29.676636999999978	2
30.009969999999978	3
30.343302999999977	4
30.676635999999977	1
31.009968999999977	2
31.343301999999976	3
31.676634999999976	4
32.00996799999997	1
32.343300999999975	2
32.67663399999998	3
33.00996699999998	4
33.343299999999985	1
33.67663299999999	2
34.00996599999999	3
34.343298999999995	4
34.676632	1
35.009965	2
35.343298000000004	3
35.67663100000001	4
36.00996400000001	1
36.343297000000014	2
36.67663000000002	3
37.00996300000002	4
37.333296000000026	1
37.67662900000003	2
38.00996200000003	3
38.34329500000003	4
38.676628000000036	1
39.00996100000004	2
39.34329400000004	3
39.676627000000046	4
40.00996000000005	1
40.34329300000005	2
40.676626000000056	3
41.00995900000006	4
41.34329200000006	1
41.676625000000065	2
42.00995800000007	3
42.34329100000007	4
42.66662400000008	1
43.00995700000008	2
43.34329000000008	3
43.676623000000085	4
44.00995600000009	1
44.34328900000009	2
44.676622000000094	3
45.0099550000001	4
45.3432880000001	1
45.676621000000104	2
46.00995400000011	3
46.34328700000011	4
46.67662000000011	1
47.00995300000012	2
47.34328600000012	3
47.67661900000012	4
48.009952000000126	1
48.34328500000013	2
48.67661800000013	3
49.009951000000136	4
49.34328400000014	1
49.67661700000014	2
50.009950000000146	3
50.34328300000015	4
50.67661600000015	1
51.009949000000155	2
51.34328200000016	3
51.67661500000016	4
52.009948000000165	1
52.34328100000017	2
52.67661400000017	3
53.009947000000174	4
53.34328000000018	1
53.67661300000018	2
54.009946000000184	3
54.34327900000019	4
54.66661200000019	1
55.009945000000194	2
55.3432780000002	3
55.6766110000002	4
56.0099440000002	1
56.34327700000021	2
56.67661000000021	3
57.00994300000021	4
57.343276000000216	1
57.67660900000022	2
57.98994200000023	3
58.343275000000226	4
58.67660800000023	1
59.00994100000023	2
59.343274000000235	3
59.67660700000024	4
60.00994000000024	1
60.343273000000245	2
60.66660600000025	3
61.00993900000025	4
61.343272000000255	1
61.67660500000026	2
62.00993800000026	3
62.343271000000264	4
62.67660400000027	1
63.00993700000027	2
63.343270000000274	3
63.67660300000028	4
63.99993600000028	1
64.34326900000029	2
64.67660200000029	3
65.00993500000028	4
65.34326800000028	1
65.67660100000028	2
66.00993400000027	3
66.34326700000027	4
66.67660000000026	1
67.00993300000026	2
67.34326600000026	3
67.67659900000025	4
68.00993200000025	1
68.34326500000024	2
68.66659800000023	3
68.99993100000023	4
69.34326400000023	1
69.67659700000023	2
70.00993000000022	3
70.34326300000022	4
70.67659600000022	1
71.00992900000021	2
71.34326200000021	3
71.6765950000002	4
72.0099280000002	1
72.3432610000002	2
72.6765940000002	3
73.00992700000019	4
73.34326000000019	1
73.67659300000018	2
74.00992600000018	3
74.34325900000017	4
74.67659200000017	1
75.00992500000017	2
75.34325800000016	3
75.67659100000016	4
76.00992400000015	1
76.34325700000015	2
76.67659000000015	3
77.00992300000014	4
77.34325600000014	1
77.67658900000013	2
78.00992200000013	3
78.34325500000013	4
78.67658800000012	1
79.00992100000012	2
79.34325400000012	3
79.67658700000011	4
80.00992000000011	1
80.3432530000001	2
80.6765860000001	3
81.0099190000001	4
81.34325200000009	1
81.67658500000009	2
82.00991800000008	3
82.34325100000008	4
82.67658400000008	1
83.00991700000007	2
83.34325000000007	3
83.67658300000006	4
84.00991600000006	1
84.34324900000006	2
84.67658200000005	3
85.00991500000005	4
85.34324800000005	1
85.67658100000004	2
86.00991400000004	3
86.34324700000003	4
86.67658000000003	1
87.00991300000003	2
87.34324600000002	3
87.67657900000002	4
88.00991200000001	1
88.34324500000001	2
88.676578	3
89.009911	4
89.343244	1
89.676577	2
90.00990999999999	3
90.34324299999999	4
90.66657599999998	1
91.00990899999998	2
91.34324199999998	3
91.67657499999997	4
92.00990799999997	1
92.33324099999996	2
92.66657399999995	3
92.99990699999995	4
93.33323999999995	1
93.66657299999994	2
94.00990599999994	3
94.34323899999994	4
94.67657199999994	1
95.00990499999993	2
95.34323799999993	3
95.67657099999992	4
96.00990399999992	1
96.34323699999992	2
96.67656999999991	3
97.00990299999991	4
97.3432359999999	1
97.6765689999999	2
98.0099019999999	3
98.3432349999999	4
98.67656799999989	1
99.00990099999989	2
99.34323399999988	3
99.67656699999988	4
100.00989999999987	1
100.34323299999987	2
100.66656599999986	3
101.00989899999986	4
101.34323199999986	1
101.67656499999985	2
102.00989799999985	3
102.34323099999985	4
102.67656399999984	1
103.00989699999984	2
103.34322999999983	3
103.67656299999983	4
104.00989599999983	1
104.34322899999982	2
104.67656199999982	3
105.00989499999982	4
105.34322799999981	1
105.67656099999981	2
106.0098939999998	3
106.3432269999998	4
106.66655999999979	1
107.00989299999979	2
107.34322599999979	3
107.67655899999978	4
108.00989199999978	1
108.34322499999978	2
108.67655799999977	3
109.00989099999977	4
109.34322399999976	1
109.67655699999976	2
110.00988999999976	3
110.34322299999975	4
110.67655599999975	1
111.00988899999975	2
111.34322199999974	3
111.67655499999974	4
112.00988799999973	1
112.34322099999973	2
112.67655399999973	3
113.00988699999972	4
113.34321999999972	1
113.67655299999971	2
114.00988599999971	3
114.3432189999997	4
114.6765519999997	1
115.0098849999997	2
115.3432179999997	3
115.67655099999969	4
116.00988399999969	1
116.34321699999968	2
116.67654999999968	3
117.00988299999968	4
117.34321599999967	1
117.67654899999967	2
118.00988199999966	3
118.34321499999966	4
118.66654799999965	1
119.00988099999965	2
119.34321399999965	3
119.67654699999964	4
120.00987999999964	1
120.34321299999964	2
120.67654599999963	3
121.00987899999963	4
121.34321199999962	1
121.67654499999962	2
122.00987799999962	3
122.34321099999961	4
122.6365439999996	1
123.0098769999996	2
123.3432099999996	3
123.6765429999996	4
124.0098759999996	1
124.34320899999959	2
124.67654199999959	3
125.00987499999958	4
125.33320799999957	1
125.67654099999957	2
126.00987399999957	3
126.34320699999957	4
126.67653999999956	1
127.00987299999956	2
127.34320599999955	3
127.67653899999955	4
127.99987199999954	1
128.34320499999953	2
128.67653799999954	3
129.00987099999955	4
129.35320399999958	1
129.67653699999957	2
130.00986999999958	3
130.3432029999996	4
130.6765359999996	1
131.0098689999996	2
131.34320199999962	3
131.67653499999963	4
132.00986799999964	1
132.34320099999965	2
132.67653399999966	3
132.99986699999968	4
133.3331999999997	1
133.6665329999997	2
134.0098659999997	3
134.34319899999971	4
134.67653199999972	1
135.00986499999973	2
135.34319799999975	3
135.67653099999976	4
136.00986399999977	1
136.34319699999978	2
136.6765299999998	3
137.0098629999998	4
137.3431959999998	1
137.67652899999982	2
138.00986199999983	3
138.34319499999984	4
138.67652799999985	1
139.00986099999986	2
139.34319399999987	3
139.67652699999988	4
140.0098599999999	1
140.3431929999999	2
140.6765259999999	3
141.00985899999992	4
141.34319199999993	1
141.67652499999994	2
142.00985799999995	3
142.34319099999996	4
142.67652399999997	1
143.00985699999998	2
143.34319	3
143.676523	4
144.009856	1
144.34318900000002	2
144.67652200000003	3
145.00985500000004	4
145.34318800000005	1
145.67652100000006	2
146.00985400000008	3
146.34318700000009	4
146.6765200000001	1
147.0098530000001	2
147.34318600000012	3
147.67651900000013	4
148.00985200000014	1
148.34318500000015	2
148.67651800000016	3
149.00985100000017	4
149.34318400000018	1
149.6765170000002	2
150.0098500000002	3
150.3431830000002	4
150.67651600000022	1
151.00984900000023	2
151.34318200000024	3
151.67651500000025	4
152.00984800000026	1
152.34318100000027	2
152.67651400000028	3
153.0098470000003	4
153.3431800000003	1
153.6765130000003	2
154.00984600000032	3
154.34317900000033	4
154.65651200000036	1
155.00984500000035	2
155.34317800000036	3
155.67651100000037	4
156.00984400000038	1
156.3431770000004	2
156.6765100000004	3
157.00984300000042	4
157.34317600000043	1
157.67650900000044	2
158.00984200000045	3
158.34317500000046	4
158.67650800000047	1
159.00984100000048	2
159.3431740000005	3
159.6765070000005	4
160.0098400000005	1
160.34317300000052	2
160.67650600000053	3
161.00983900000054	4
161.34317200000055	1
161.67650500000056	2
162.00983800000057	3
162.34317100000058	4
162.6665040000006	1
163.0098370000006	2
163.3431700000006	3
163.67650300000062	4
164.00983600000063	1
164.34316900000064	2
164.67650200000065	3
165.00983500000066	4
165.3531680000007	1
165.67650100000068	2
166.0098340000007	3
166.3431670000007	4
166.67650000000071	1
167.00983300000073	2
167.34316600000074	3
167.67649900000075	4
168.00983200000076	1
168.34316500000077	2
168.67649800000078	3
169.0098310000008	4
169.35316400000082	1
169.6764970000008	2
170.00983000000082	3
170.34316300000083	4
170.67649600000084	1
171.00982900000085	2
171.34316200000086	3
171.67649500000087	4
172.00982800000088	1
172.3431610000009	2
172.6764940000009	3
173.0098270000009	4
173.34316000000092	1
173.67649300000093	2
174.00982600000094	3
174.34315900000095	4
174.67649200000096	1
175.00982500000097	2
175.34315800000098	3
175.666491000001	4
176.009824000001	1
176.343157000001	2
176.67649000000102	3
177.00982300000103	4
177.34315600000104	1
177.67648900000106	2
178.00982200000107	3
178.34315500000108	4
178.6764880000011	1
179.0098210000011	2
179.3431540000011	3
179.67648700000112	4
180.00982000000113	1
180.34315300000114	2
180.67648600000115	3
181.00981900000116	4
181.34315200000117	1
181.67648500000118	2
182.0098180000012	3
182.3431510000012	4
182.66648400000122	1
183.00981700000122	2
183.34315000000123	3
183.67648300000124	4
184.00981600000125	1
184.34314900000126	2
184.67648200000127	3
185.00981500000128	4
185.3431480000013	1
185.6764810000013	2
186.0098140000013	3
186.34314700000132	4
186.67648000000133	1
187.00981300000134	2
187.34314600000135	3
187.67647900000136	4
188.00981200000138	1
188.34314500000139	2
188.6764780000014	3
189.0098110000014	4
189.34314400000142	1
189.67647700000143	2
190.00981000000144	3
190.34314300000145	4
190.67647600000146	1
191.00980900000147	2
191.34314200000148	3
191.6764750000015	4
191.9998080000015	1
192.3431410000015	2
192.67647400000152	3
193.00980700000153	4
193.34314000000154	1
193.67647300000155	2
194.00980600000156	3
194.34313900000157	4
194.67647200000158	1
195.0098050000016	2
195.3431380000016	3
195.6764710000016	4
196.00980400000162	1
196.34313700000163	2
196.67647000000164	3
197.00980300000165	4
197.34313600000166	1
197.67646900000167	2
198.00980200000168	3
198.3431350000017	4
198.6764680000017	1
199.00980100000172	2
199.34313400000173	3
199.67646700000174	4
200.00980000000175	1
200.34313300000176	2
200.67646600000177	3
201.00979900000178	4
201.3431320000018	1
201.6764650000018	2
202.0097980000018	3
202.34313100000182	4
202.67646400000183	1
203.00979700000184	2
203.34313000000185	3
203.67646300000186	4
204.00979600000187	1
204.34312900000188	2
204.6764620000019	3
205.0097950000019	4
205.3431280000019	1
205.67646100000192	2
206.00979400000193	3
206.34312700000194	4
206.67646000000195	1
207.00979300000196	2
207.33312600000198	3
207.666459000002	4
207.989792000002	1
208.343125000002	2
208.67645800000201	3
209.00979100000202	4
209.32312400000205	1
209.65645700000206	2
209.99979000000206	3
210.34312300000207	4
210.67645600000208	1
211.0097890000021	2
211.3331220000021	3
211.66645500000212	4
211.99978800000213	1
212.34312100000213	2
212.65645400000216	3
212.99978700000216	4
213.32312000000218	1
213.67645300000217	2
214.00978600000218	3
214.3431190000022	4
214.6664520000022	1
215.0097850000022	2
215.34311800000222	3
215.67645100000223	4
216.00978400000224	1
216.34311700000225	2
216.67645000000226	3
217.00978300000227	4
217.34311600000228	1
217.6764490000023	2
218.0097820000023	3
218.3431150000023	4
218.66644800000233	1
219.00978100000233	2
219.34311400000234	3
219.67644700000236	4
220.00978000000237	1
220.34311300000238	2
220.6764460000024	3
221.0097790000024	4
221.3431120000024	1
221.67644500000242	2
222.00977800000243	3
222.34311100000244	4
222.66644400000246	1
223.00977700000246	2
223.34311000000247	3
223.67644300000248	4
223.9997760000025	1
224.3431090000025	2
224.6764420000025	3
225.00977500000252	4
225.34310800000253	1
225.67644100000254	2
226.00977400000255	3
226.34310700000256	4
226.67644000000257	1
227.00977300000258	2
227.3431060000026	3
227.6764390000026	4
228.0097720000026	1
228.34310500000262	2
228.67643800000263	3
229.00977100000264	4
229.34310400000265	1
229.67643700000266	2
230.00977000000267	3
230.3531030000027	4
230.6764360000027	1
231.0097690000027	2
231.34310200000272	3
231.67643500000273	4
232.00976800000274	1
232.34310100000275	2
232.67643400000276	3
233.00976700000277	4
233.34310000000278	1
233.6764330000028	2
234.0097660000028	3
234.3430990000028	4
234.67643200000282	1
235.00976500000283	2
235.34309800000284	3
235.67643100000285	4
236.00976400000286	1
236.34309700000287	2
236.67643000000288	3
237.0097630000029	4
237.3430960000029	1
237.6764290000029	2
238.00976200000292	3
238.34309500000293	4
238.67642800000294	1
239.00976100000295	2
239.34309400000296	3
239.67642700000297	4
240.00976000000298	1
240.343093000003	2
240.676426000003	3
241.00975900000302	4
241.34309200000303	1
241.65642500000305	2
242.00975800000305	3