0.0	1
0.501537	2
0.9630740000000001	3
1.424611	4
1.8861480000000002	1
2.3476850000000002	2
2.809222	3
3.270759	4
3.692296	1
4.153833	2
4.60537	3
5.066907	4
5.5284439999999995	1
5.989980999999999	2
6.461517999999999	3
6.923054999999999	4
7.384591999999999	1
7.836128999999999	2
8.297666	3
8.779202999999999	4
9.240739999999999	1
9.692276999999999	2
10.153813999999999	3
10.615350999999999	4
11.066887999999999	1
11.528424999999999	2
11.989961999999998	3
12.461498999999998	4
12.923035999999998	1
13.384572999999998	2
13.836109999999998	3
14.297646999999998	4
14.759183999999998	1
15.230720999999997	2
15.692257999999997	3
16.153795	4
16.605331999999997	1
17.066868999999997	2
17.538406	3
17.999943	4
18.461479999999998	1
18.923016999999998	2
19.384553999999998	3
19.836090999999996	4
20.297627999999996	1
20.769164999999997	2
21.230701999999997	3
21.692238999999997	4
22.153775999999997	1
22.605312999999995	2
23.066849999999995	3
23.528386999999995	4
23.989923999999995	1
24.451460999999995	2
24.912997999999995	3
25.374534999999995	4
25.836071999999994	1
26.307608999999996	2
26.769145999999996	3
27.230682999999996	4
27.692219999999995	1
28.153756999999995	2
28.605293999999994	3
29.066830999999993	4
29.528367999999993	1
29.989904999999993	2
30.451441999999993	3
30.922978999999994	4
31.384515999999994	1
31.846052999999994	2
32.29759	3
32.769127	4
33.230664	1
33.692201	2
34.153738	3
34.605275	4
35.066812	1
35.528349	2
35.989886	3
36.461422999999996	4
36.922959999999996	1
37.384496999999996	2
37.836034	3
38.307570999999996	4
38.769107999999996	1
39.230644999999996	2
39.692181999999995	3
40.153718999999995	4
40.605256	1
41.066793	2
41.52833	3
41.999866999999995	4
42.461403999999995	1
42.922940999999994	2
43.384477999999994	3
43.836014999999996	4
44.297551999999996	1
44.759088999999996	2
45.220625999999996	3
45.692162999999994	4
46.15369999999999	1
46.61523699999999	2
47.07677399999999	3
47.53831099999999	4
47.99984799999999	1
48.46138499999999	2
48.92292199999999	3
49.38445899999999	4
49.835995999999994	1
50.297532999999994	2
50.759069999999994	3
51.23060699999999	4
51.69214399999999	1
52.15368099999999	2
52.605217999999994	3
53.06675499999999	4
53.53829199999999	1
53.99982899999999	2
54.46136599999999	3
54.92290299999999	4
55.37443999999999	1
55.83597699999999	2
56.29751399999999	3
56.75905099999999	4
57.23058799999999	1
57.69212499999999	2
58.15366199999999	3
58.60519899999999	4
59.06673599999999	1
59.52827299999999	2
59.99980999999999	3
60.46134699999999	4
60.92288399999999	1
61.38442099999999	2
61.83595799999999	3
62.29749499999999	4
62.75903199999999	1
63.22056899999999	2
63.68210599999999	3
64.14364299999998	4
64.60517999999999	1
65.066717	2
65.528254	3
65.99979100000002	4
66.46132800000002	1
66.92286500000003	2
67.38440200000004	3
67.83593900000004	4
68.29747600000005	1
68.75901300000005	2
69.23055000000006	3
69.69208700000007	4
70.15362400000008	1
70.60516100000008	2
71.06669800000009	3
71.5382350000001	4
71.9997720000001	1
72.46130900000011	2
72.92284600000012	3
73.38438300000013	4
73.83592000000013	1
74.30745700000014	2
74.76899400000015	3
75.23053100000016	4
75.69206800000016	1
76.15360500000017	2
76.60514200000017	3
77.06667900000018	4
77.52821600000019	1
77.9997530000002	2
78.4612900000002	3
78.92282700000021	4
79.38436400000022	1
79.83590100000022	2
80.27743800000023	3
80.75897500000023	4
81.22051200000024	1
81.68204900000025	2
82.14358600000025	3
82.60512300000026	4
83.06666000000027	1
83.52819700000028	2
83.99973400000029	3
84.4612710000003	4
84.9228080000003	1
85.38434500000031	2
85.83588200000031	3
86.29741900000032	4
86.74895600000033	1
87.22049300000033	2
87.69203000000034	3
88.15356700000035	4
88.60510400000035	1
89.06664100000036	2
89.52817800000037	3
89.99971500000038	4
90.46125200000039	1
90.92278900000039	2
91.3843260000004	3
91.8358630000004	4
92.29740000000041	1
92.76893700000042	2
93.23047400000043	3
93.69201100000043	4
94.15354800000044	1
94.60508500000044	2
95.06662200000045	3
95.52815900000046	4
95.99969600000047	1
96.46123300000048	2
96.92277000000048	3
97.38430700000049	4
97.83584400000049	1
98.2973810000005	2
98.7589180000005	3
99.23045500000052	4
99.69199200000052	1
100.14352900000053	2
100.60506600000053	3
101.06660300000054	4
101.52814000000055	1
101.99967700000056	2
102.46121400000057	3
102.92275100000057	4
103.37428800000058	1
103.83582500000058	2
104.29736200000059	3
104.7688990000006	4
105.23043600000061	1
105.69197300000062	2
106.15351000000062	3
106.60504700000062	4
107.06658400000063	1
107.52812100000064	2
107.98965800000065	3
108.46119500000066	4
108.92273200000066	1
109.38426900000067	2
109.83580600000067	3
110.29734300000068	4
110.76888000000069	1
111.2304170000007	2
111.6919540000007	3
112.15349100000071	4
112.60502800000071	1
113.06656500000072	2
113.52810200000073	3
113.99963900000074	4
114.46117600000075	1
114.92271300000075	2
115.38425000000076	3
115.83578700000076	4
116.29732400000077	1
116.75886100000078	2
117.23039800000079	3
117.6919350000008	4
118.1534720000008	1
118.6050090000008	2
119.06654600000081	3
119.52808300000082	4
119.97962000000084	1
120.45115700000083	2
120.92269400000085	3
121.38423100000085	4
121.83576800000085	1
122.29730500000086	2
122.75884200000087	3
123.23037900000088	4
123.69191600000089	1
124.1534530000009	2
124.6149900000009	3
125.0665270000009	4
125.52806400000091	1
125.98960100000092	2
126.46113800000093	3
126.92267500000094	4
127.38421200000094	1
127.83574900000094	2
128.29728600000095	3
128.76882300000094	4
129.23036000000093	1
129.69189700000092	2
130.1534340000009	3
130.6149710000009	4
131.0665080000009	1
131.5280450000009	2
131.99958200000088	3
132.46111900000088	4
132.92265600000087	1
133.38419300000086	2
133.84573000000086	3
134.30726700000085	4
134.76880400000084	1
135.23034100000083	2
135.69187800000083	3
136.15341500000082	4
136.6149520000008	1
137.06648900000081	2
137.5280260000008	3
137.9995630000008	4
138.46110000000078	1
138.92263700000078	2
139.38417400000077	3
139.83571100000077	4
140.29724800000076	1
140.75878500000076	2
141.23032200000074	3
141.69185900000073	4
142.15339600000073	1
142.61493300000072	2
143.0764700000007	3
143.5380070000007	4
143.9995440000007	1
144.4610810000007	2
144.92261800000068	3
145.38415500000067	4
145.83569200000068	1
146.30722900000066	2
146.76876600000065	3
147.23030300000065	4
147.69184000000064	1
148.15337700000063	2
148.61491400000062	3
149.06645100000063	4
149.52798800000062	1
149.9995250000006	2
150.4610620000006	3
150.9225990000006	4
151.38413600000058	1
151.83567300000058	2
152.29721000000058	3
152.76874700000056	4
153.23028400000055	1
153.69182100000054	2
154.15335800000054	3
154.61489500000053	4
155.06643200000053	1
155.52796900000052	2
155.9995060000005	3
156.4610430000005	4
156.9225800000005	1
157.3841170000005	2
157.8356540000005	3
158.29719100000048	4
158.76872800000046	1
159.22026500000047	2
159.69180200000045	3
160.15333900000044	4
160.60487600000044	1
161.06641300000044	2
161.53795000000042	3
161.9994870000004	4
162.4610240000004	1
162.9225610000004	2
163.3840980000004	3
163.8356350000004	4
164.2971720000004	1
164.76870900000037	2
165.23024600000036	3
165.69178300000036	4
166.15332000000035	1
166.61485700000034	2
167.06639400000034	3
167.52793100000034	4
167.98946800000033	1
168.4610050000003	2
168.9225420000003	3
169.3840790000003	4
169.8356160000003	1
170.2971530000003	2
170.76869000000028	3
171.23022700000027	4
171.69176400000026	1
172.15330100000025	2
172.61483800000025	3
173.06637500000025	4
173.52791200000024	1