0.0	1
0.32967	2
0.65934	3
0.97901	4
1.30868	1
1.6383500000000002	2
1.9680200000000003	3
2.2976900000000007	4
2.627360000000001	1
2.957030000000001	2
3.286700000000001	3
3.616370000000001	4
3.9460400000000013	1
4.265710000000001	2
4.585380000000001	3
4.915050000000001	4
5.244720000000001	1
5.574390000000001	2
5.904060000000001	3
6.273730000000001	4
6.593400000000002	1
6.921268000000001	2
7.239136000000001	3
7.567004000000001	4
7.894872	1
8.22274	2
8.550608	3
8.878476000000001	4
9.206344000000001	1
9.530667000000001	2
9.85499	3
10.179313	4
10.503636	1
10.832783	2
11.141929999999999	3
11.481076999999997	4
11.790223999999997	1
12.124546999999996	2
12.438869999999996	3
12.763192999999996	4
13.087515999999995	1
13.411838999999995	2
13.736161999999995	3
14.060484999999995	4
14.384807999999994	1
14.730003999999994	2
15.045199999999994	3
15.370395999999994	4
15.695591999999994	1
16.018171999999993	2
16.350751999999993	3
16.67333199999999	4
16.99591199999999	1
17.31849199999999	2
17.641071999999987	3
17.963651999999986	4
18.286231999999984	1
18.622318999999983	2
18.948405999999984	3
19.274492999999985	4
19.600579999999987	1
19.91666699999999	2
20.24275399999999	3
20.568840999999992	4
20.90492799999999	1
21.219250999999993	2
21.55357399999999	3
21.867896999999992	4
22.192219999999992	1
22.51654299999999	2
22.85086599999999	3
23.16518899999999	4
23.48951199999999	1
23.82559899999999	2
24.161685999999992	3
24.467772999999994	4
24.813859999999995	1
25.149055999999995	2
25.484251999999994	3
25.789447999999993	4
26.134643999999994	1
26.437223999999993	2
26.759803999999992	3
27.09238399999999	4
27.414963999999987	1
27.747543999999987	2
28.070123999999986	3
28.392703999999984	4
28.715283999999983	1
29.041370999999984	2
29.377457999999983	3
29.713544999999986	4
30.039631999999987	1
30.355718999999986	2
30.681805999999987	3
30.99789299999999	4
31.32397999999999	1
31.650066999999993	2
31.976153999999994	3
32.31224099999999	4
32.638327999999994	1
32.960907999999996	2
33.283488	3
33.596067999999995	4
33.918648	1
34.251228000000005	2
34.57380800000001	3
34.876388000000006	4
35.21896800000001	1
35.53505500000001	2
35.86114200000001	3
36.18722900000001	4
36.51331600000001	1
36.82940300000001	2
37.14549000000002	3
37.481577000000016	4
37.80766400000002	1
38.13198700000002	2
38.456310000000016	3
38.790633000000014	4
39.114956000000014	1
39.43927900000001	2
39.76360200000001	3
40.08792500000001	4
40.41224800000001	1
40.73657100000001	2
41.06089400000001	3
41.38521700000001	4
41.719540000000016	1
42.043863000000016	2
42.35818600000001	3
42.67250900000001	4
42.99683200000001	1
43.341155000000015	2
43.65547800000001	3
43.989801000000014	4
44.314124000000014	1
44.633271000000015	2
44.97241800000001	3
45.29156500000001	4
45.610712000000014	1
45.940382000000014	2
46.270052000000014	3
46.599722000000014	4
46.929392000000014	1
47.259062000000014	2
47.57873200000002	3
47.90840200000002	4
48.23807200000002	1
48.56774200000002	2
48.91741200000002	3
49.237082000000015	4
49.566752000000015	1
49.89824400000001	2
50.21973600000001	3
50.55122800000001	4
50.892720000000004	1
51.224212	2
51.555704	3
51.887195999999996	4
52.21868799999999	1
52.54017999999999	2
52.86167199999999	3
53.19316399999999	4
53.524655999999986	1
53.860742999999985	2
54.196829999999984	3
54.53291699999999	4
54.84900399999999	1
55.16509099999999	2
55.49117799999999	3
55.807264999999994	4
56.133351999999995	1
56.455932	2
56.788512	3
57.111092	4
57.423672	1
57.746252000000005	2
58.058832	3
58.39141200000001	4
58.72399200000001	1
59.05732500000001	2
59.38065800000002	3
59.71399100000002	4
60.03732400000001	1
60.359904000000014	2
60.68248400000002	3
61.00506400000002	4
61.32764400000002	1
61.65022400000002	2
61.972804000000025	3
62.29538400000003	4
62.60796400000003	1
62.94583200000003	2
63.28370000000004	3
63.601568000000036	4
63.92943600000004	1
64.25375900000004	2
64.57808200000005	3
64.90240500000006	4
65.22672800000007	1
65.55193100000007	2
65.87713400000007	3
66.20233700000007	4
66.52754000000007	1
66.85274300000007	2
67.17794600000008	3
67.50314900000008	4
67.83835200000007	1
68.17355500000008	2
68.49875800000008	3
68.81396100000008	4
69.14916400000008	1
69.48436000000008	2
69.80955600000007	3
70.14475200000007	4
70.47994800000006	1
70.79252800000008	2
71.10510800000007	3
71.43768800000008	4
71.76026800000008	1
72.07635500000008	2
72.41244200000008	3
72.73852900000009	4
73.06461600000009	1
73.39070300000009	2
73.71679000000009	3
74.04287700000009	4
74.36896400000009	1
74.68505100000009	2
75.01113800000009	3
75.33722500000009	4
75.66331200000009	1
75.99416700000009	2
76.31502200000008	3
76.63587700000008	4
76.95673200000007	1
77.29460000000006	2
77.62246800000005	3
77.95033600000005	4
78.26820400000005	1
78.60607200000004	2
78.93394000000004	3
79.25180800000004	4
79.57967600000003	1
79.89576300000003	2
80.22185000000003	3
80.54793700000003	4
80.87402400000003	1
81.18660400000003	2
81.50918400000003	3
81.85176400000005	4
82.17434400000005	1
82.49692400000005	2
82.81950400000005	3
83.15208400000004	4
83.47466400000005	1
83.80433400000004	2
84.13400400000003	3
84.45367400000003	4
84.76334400000002	1
85.09592400000002	2
85.41850400000003	3
85.75108400000003	4
86.08366400000003	1
86.40624400000003	2
86.71882400000004	3
87.05140400000003	4
87.37398400000004	1
87.69656400000004	2
88.02914400000004	3
88.35172400000005	4
88.67430400000005	1
88.98688400000005	2
89.31946400000005	3
89.65204400000006	4
89.97462400000006	1
90.30429400000006	2
90.63396400000005	3
90.97363400000003	4
91.30330400000003	1
91.62297400000003	2
91.95264400000002	3
92.28231400000001	4
92.611984	1
92.941654	2
93.28132399999998	3
93.59099399999998	4
93.92066399999997	1
94.26033399999997	2
94.59000399999996	3
94.91967399999996	4
95.24934399999995	1
95.57901399999994	2
95.91868399999993	3
96.24835399999992	4
96.57802399999991	1
96.9076939999999	2
97.2173639999999	3
97.5470339999999	4
97.87670399999989	1
98.20637399999988	2
98.55604399999987	3
98.88571399999987	4
99.20538399999987	1
99.52970699999987	2
99.84402999999988	3
100.16835299999988	4
100.49267599999989	1
100.82234599999988	2
101.16201599999988	3
101.49168599999987	4
101.83135599999986	1
102.15102599999986	2
102.47069599999985	3
102.80036599999984	4
103.13003599999983	1
103.46970599999983	2
103.79937599999982	3
104.12904599999982	4
104.45871599999981	1
104.7883859999998	2
105.10805599999979	3
105.43772599999978	4
105.76739599999978	1
106.10706599999978	2
106.43673599999977	3
106.76640599999976	4
107.09607599999975	1
107.42574599999975	2
107.74541599999974	3
108.07508599999973	4
108.41475599999973	1
108.74442599999972	2
109.0840959999997	3
109.4137659999997	4
109.7334359999997	1
110.0460159999997	2
110.3685959999997	3
110.7011759999997	4
111.02375599999971	1
111.34633599999971	2
111.66891599999971	3
111.99149599999971	4
112.31407599999972	1
112.63665599999972	2
112.95923599999972	3
113.28181599999972	4
113.60439599999972	1
113.95406599999971	2
114.2737359999997	3
114.5834059999997	4
114.91307599999969	1
115.24274599999968	2
115.57241599999968	3
115.91208599999968	4
116.23175599999966	1
116.57142599999966	2
116.89109599999965	3
117.22076599999964	4
117.54043599999963	1
117.87010599999962	2
118.19977599999962	3
118.52944599999961	4
118.8591159999996	1
119.18997099999962	2
119.51082599999961	3
119.8216809999996	4
120.1425359999996	1
120.46339099999959	2
120.79424599999959	3
121.11510099999958	4
121.43595599999958	1
121.77204299999957	2
122.08812999999957	3
122.41421699999957	4
122.74030399999957	1
123.06639099999957	2
123.39247799999957	3
123.71856499999957	4
124.04465199999957	1
124.36897499999958	2
124.70329799999959	3
125.0276209999996	4
125.3519439999996	1
125.67626699999961	2
126.00058999999962	3
126.32491299999963	4
126.63923599999963	1
126.96355899999963	2
127.28788199999964	3
127.60220499999964	4
127.92652799999965	1
128.25085099999967	2
128.57517399999966	3
128.90949699999965	4
129.23381999999964	1
129.54814299999964	2
129.88246599999962	3
130.20678899999962	4
130.5311119999996	1
130.8454349999996	2
131.1697579999996	3
131.5040809999996	4
131.8184039999996	1
132.15272699999957	2
132.47704999999956	3
132.80137299999956	4
133.12569599999955	1
133.45001899999954	2
133.77434199999954	3
134.09866499999953	4
134.42298799999952	1
134.7473109999995	2
135.0716339999995	3
135.3859569999995	4
135.7102799999995	1
136.0346029999995	2
136.35892599999949	3
136.68324899999948	4
137.00757199999947	1
137.34189499999945	2
137.65621799999946	3
137.98054099999945	4
138.30486399999944	1
138.63095099999944	2
138.95703799999944	3
139.29312499999943	4
139.61921199999944	1
139.94353499999943	2
140.26785799999942	3
140.5921809999994	4
140.9165039999994	1
141.2461739999994	2
141.5658439999994	3
141.8955139999994	4
142.2251839999994	1
142.56127099999938	2
142.88735799999938	3
143.21344499999938	4
143.5295319999994	1
143.8621119999994	2
144.1846919999994	3
144.49727199999938	4
144.81985199999937	1
145.14952199999937	2
145.47919199999936	3
145.80886199999935	4
146.14853199999934	1
146.47820199999933	2
146.80787199999932	3
147.1375419999993	4
147.4672119999993	1
147.7968819999993	2
148.1265519999993	3
148.4562219999993	4
148.78589199999928	1
149.10556199999928	2
149.43523199999927	3
149.76490199999927	4
150.11457199999924	1
150.44424199999924	2
150.78391199999925	3
151.11358199999924	4
151.44325199999923	1
151.7629219999992	2
152.0825919999992	3
152.4122619999992	4
152.7419319999992	1
153.08160199999918	2
153.4212719999992	3
153.75094199999918	4
154.06061199999917	1
154.38319199999918	2
154.68577199999916	3
155.02835199999916	4
155.35093199999915	1
155.68060199999914	2
155.99027199999912	3
156.32994199999914	4
156.66961199999912	1
156.9992819999991	2
157.31895199999911	3
157.6386219999991	4
157.9882919999991	1
158.3043789999991	2
158.6304659999991	3
158.94655299999908	4
159.2826399999991	1
159.6069629999991	2
159.9312859999991	3
160.25560899999908	4
160.57993199999908	1
160.9025119999991	2
161.21509199999906	3
161.53767199999905	4
161.86025199999904	1
162.19283199999904	2
162.51541199999903	3
162.847991999999	4
163.170571999999	1
163.493151999999	2
163.80573199999898	3
164.12831199999897	4
164.44089199999894	1
164.78521499999894	2
165.10953799999893	3
165.43386099999893	4
165.74818399999893	1
166.0825069999989	2
166.4168299999989	3
166.7411529999989	4
167.06547599999888	1
167.41255499999886	2
167.72963399999884	3
168.05671299999884	4
168.39379199999883	1
168.71637199999887	2
169.03895199999886	3
169.36153199999885	4
169.68411199999883	1
170.0101989999988	2
170.3362859999988	3
170.6623729999988	4
170.9884599999988	1
171.32103999999882	2
171.6436199999988	3
171.9561999999988	4
172.2787799999988	1
172.61135999999877	2
172.93393999999876	3
173.25651999999874	4
173.57909999999873	1
173.8987699999987	2
174.2284399999987	3
174.54810999999867	4
174.87777999999867	1
175.19386699999868	2
175.52995399999867	3
175.8360409999987	4
176.17212799999868	1
176.49821499999868	2
176.82430199999868	3
177.15038899999868	4
177.47647599999868	1
177.7990559999987	2
178.13163599999868	3
178.44421599999868	4
178.76679599999866	1
179.10973699999855	2
179.4526779999985	3
179.8556189999985	4
180.2085599999985	1
180.5615009999985	2
180.89444199999846	3
181.31444199999825	4
181.70444199999827	1
182.11697699999814	2
182.55951199999816	3
183.01405699999802	4
183.48860199999802	1