0.01	1
0.603015	2
1.19603	3
1.7990449999999998	4
2.40206	1
2.975075	2
3.63809	3
4.221105	4
4.82412	1
5.437135	2
6.11015	3
6.623165	4
7.22618	1
7.839195	2
8.50221	3
9.065224999999998	4
9.688239999999997	1
10.312783999999997	2
10.917327999999998	3
11.531871999999998	4
12.126415999999999	1
12.737179	2
13.347942	3
13.958705	4
14.559468	1
15.173264	2
15.767059999999999	3
16.380855999999998	4
16.984651999999997	1
17.589458	2
18.194264	3
18.79907	4
19.413876000000002	1
20.016350000000003	2
20.618824000000004	3
21.231298000000006	4
21.833772000000007	1
22.436670000000007	2
23.049568000000008	3
23.66246600000001	4
24.265364000000012	1
24.88219400000001	2
25.489024000000008	3
26.095854000000006	4
26.712684000000007	1
27.32254800000001	2
27.93241200000001	3
28.54227600000001	4
29.152140000000013	1
29.801108000000013	2
30.440076000000012	3
31.05904400000001	4
31.67801200000001	1
32.30518400000001	2
32.91235600000001	3
33.559528000000014	4
34.16670000000001	1
34.79566800000001	2
35.454636000000015	3
36.05360400000002	4
36.672572000000024	1
37.28555600000002	2
37.90854000000002	3
38.55152400000002	4
39.19450800000002	1
39.83766300000002	2
40.46081800000002	3
41.083973000000015	4
41.66712800000001	1
42.316096000000016	2
42.93506400000002	3
43.544032000000016	4
44.16300000000002	1
44.80196800000002	2
45.430936000000024	3
46.02990400000003	4
46.64887200000003	1
47.27818100000003	2
47.90749000000003	3
48.546799000000036	4
49.22610800000004	1
49.859349000000044	2
50.522590000000044	3
51.15583100000005	4
51.77907200000004	1
52.39500400000004	2
53.02093600000005	3
53.626868000000044	4
54.25280000000005	1
54.86569800000005	2
55.46859600000005	3
56.08149400000005	4
56.704392000000055	1
57.320324000000056	2
57.93625600000006	3
58.55218800000006	4
59.16812000000006	1
59.79708800000006	2
60.41605600000006	3
61.035024000000064	4
61.653992000000066	1
62.285994000000066	2
62.90799600000007	3
63.51999800000007	4
64.15200000000007	1
64.76186400000007	2
65.39172800000007	3
66.00159200000007	4
66.61145600000008	1
67.22952600000006	2
67.83759600000006	3
68.46566600000006	4
69.10373600000005	1
69.72270400000005	2
70.34167200000005	3
70.96064000000004	4
71.56960800000003	1
72.18857600000003	2
72.79754400000002	3
73.41651200000001	4
74.03548	1
74.65141200000001	2
75.26734400000001	3
75.88327600000001	4
76.49920800000001	1
77.10514000000002	2
77.72107200000002	3
78.34700400000001	4
78.97293600000002	1
79.61280000000002	2
80.24266400000002	3
80.86252800000003	4
81.48239200000002	1
82.12476900000001	2
82.73714600000002	3
83.34952300000002	4
83.96190000000001	1
84.600374	2
85.238848	3
85.857322	4
86.485796	1
87.137358	2
87.75892	3
88.390482	4
89.02204400000001	1
89.67921600000001	2
90.31638800000002	3
90.94356000000003	4
91.57073200000004	1
92.20576800000003	2
92.85080400000002	3
93.45584000000002	4
94.08087600000002	1
94.73088600000001	2
95.37089600000002	3
96.00090600000003	4
96.63091600000003	1
97.27435200000002	2
97.90778800000001	3
98.53122400000001	4
99.20466	1
99.82020600000001	2
100.43575200000001	3
101.051298	4
101.676844	1
102.287094	2
102.90734399999998	3
103.50759399999998	4
104.13784399999997	1
104.75984599999997	2
105.38184799999996	3
105.99384999999995	4
106.60585199999996	1
107.21785399999995	2
107.84985599999995	3
108.46185799999994	4
109.08385999999993	1
109.70282799999993	2
110.32179599999992	3
110.93076399999991	4
111.5497319999999	1
112.17566399999991	2
112.79159599999991	3
113.39752799999991	4
114.02345999999991	1
114.64242799999991	2
115.2613959999999	3
115.8803639999999	4
116.4993319999999	1
117.11133399999989	2
117.73333599999988	3
118.34533799999988	4
118.97733999999987	1
119.60327199999988	2
120.21920399999988	3
120.83513599999988	4
121.46106799999988	1
122.09306999999987	2
122.70507199999987	3
123.32707399999987	4
123.94907599999986	1
124.56804399999986	2
125.18701199999985	3
125.80597999999985	4
126.42494799999984	1
127.03694999999983	2
127.65895199999983	3
128.28095399999984	4
128.91295599999984	1
129.56192399999983	2
130.20089199999984	3
130.79985999999982	4
131.41882799999982	1
132.03599999999983	2
132.6631719999998	3
133.3003439999998	4
133.9375159999998	1
134.5655859999998	2
135.2236559999998	3
135.83172599999983	4
136.44979599999982	1
137.08096599999982	2
137.71213599999982	3
138.32330599999983	4
138.96447599999982	1
139.5994439999998	2
140.2444119999998	3
140.8493799999998	4
141.4743479999998	1
142.0993839999998	2
142.72441999999978	3
143.33945599999979	4
143.96449199999978	1
144.59558199999978	2
145.2266719999998	3
145.8377619999998	4
146.44885199999982	1
147.08783299999982	2
147.71681399999983	3
148.33579499999985	4
148.96477599999986	1
149.58374399999985	2
150.20271199999985	3
150.82167999999984	4
151.42064799999983	1
152.04657999999986	2
152.67251199999984	3
153.28844399999983	4
153.90437599999981	1
154.52637799999982	2
155.14837999999983	3
155.78038199999983	4
156.39238399999985	1
156.99741999999983	2
157.63245599999985	3
158.26749199999983	4
158.89252799999983	1
159.52363199999982	2
160.15473599999982	3
160.7858399999998	4
161.3969439999998	1
162.0250139999998	2
162.66308399999983	3
163.29115399999984	4
163.91922399999984	1
164.56032799999983	2
165.19143199999982	3
165.82253599999981	4
166.4536399999998	1
167.08177699999982	2
167.70991399999983	3
168.33805099999984	4
168.95618799999986	1
169.60632599999985	2
170.24646399999986	3
170.86660199999986	4
171.50673999999987	1
172.13177599999986	2
172.75681199999985	3
173.40184799999986	4
174.02688399999985	1
174.66191999999984	2
175.29695599999985	3
175.92199199999985	4
176.54702799999984	1
177.18116499999985	2
177.80530199999984	3
178.42943899999986	4
179.06357599999987	1
179.70348299999986	2
180.32338999999988	3
180.92329699999988	4
181.58320399999988	1
182.21246899999988	2
182.8617339999999	3
183.4909989999999	4
184.1302639999999	1
184.77338299999988	2
185.42650199999989	3
186.01962099999992	4
186.70273999999992	1
187.32466699999992	2
187.9265939999999	3
188.53852099999992	4
189.1704479999999	1
189.79960799999992	2
190.4287679999999	3
191.0579279999999	4
191.67708799999988	1
192.31425999999988	2
192.94143199999988	3
193.55860399999986	4
194.18577599999986	1
194.83081199999987	2
195.46584799999985	3
196.09088399999985	4
196.71591999999984	1
197.34612599999986	2
197.98633199999986	3
198.60653799999986	4
199.23674399999987	1
199.89267599999988	2
200.50860799999987	3
201.13453999999984	4
201.75047199999983	1
202.38739899999982	2
203.02432599999983	3
203.64125299999986	4
204.25817999999987	1
204.89049199999985	2
205.53280399999986	3
206.14511599999986	4
206.77742799999984	1
207.42666999999983	2
208.04591199999982	3
208.6951539999998	4
209.3443959999998	1