0.01	1
0.49180300000000005	2
0.9836060000000001	3
1.4754090000000002	4
1.9672120000000002	1
2.4590150000000004	2
2.9508180000000004	3
3.4426210000000004	4
3.944424	1
4.426227000000001	2
4.918030000000001	3
5.419833000000001	4
5.911636000000001	1
6.4034390000000005	2
6.885242000000001	3
7.377045000000001	4
7.868848000000001	1
8.360651	2
8.852454000000002	3
9.354257000000002	4
9.846060000000003	1
10.337863000000004	2
10.809666000000005	3
11.291469000000006	4
11.753272000000006	1
12.285075000000008	2
12.736878000000008	3
13.24868100000001	4
13.76048400000001	1
14.232287000000012	2
14.764090000000012	3
15.215893000000014	4
15.717696000000014	1
16.229499000000015	2
16.751302000000017	3
17.253105000000016	4
17.754908000000018	1
18.22671100000002	2
18.71851400000002	3
19.19031700000002	4
19.66212000000002	1
20.163923000000022	2
20.655726000000023	3
21.197529000000024	4
21.679332000000024	1
22.181135000000026	2
22.672938000000027	3
23.094741000000027	4
23.576544000000027	1
24.10834700000003	2
24.57015000000003	3
25.05195300000003	4
25.583756000000033	1
26.075559000000034	2
26.567362000000035	3
27.059165000000036	4
27.550968000000037	1
28.042771000000037	2
28.53457400000004	3
29.02637700000004	4
29.50818000000004	1
30.00998300000004	2
30.501786000000042	3
30.993589000000043	4
31.485392000000044	1
31.977195000000044	2
32.46899800000004	3
32.96080100000004	4
33.452604000000036	1
33.944407000000034	2
34.43621000000003	3
34.92801300000003	4
35.419816000000026	1
35.91161900000002	2
36.40342200000002	3
36.89522500000002	4
37.387028000000015	1
37.87883100000001	2
38.37063400000001	3
38.86243700000001	4
39.354240000000004	1
39.846043	2
40.337846	3
40.829648999999996	4
41.321451999999994	1
41.81325499999999	2
42.30505799999999	3
42.796860999999986	4
43.28866399999998	1
43.78046699999998	2
44.27226999999998	3
44.764072999999975	4
45.25587599999997	1
45.74767899999997	2
46.23948199999997	3
46.731284999999964	4
47.22308799999996	1
47.71489099999996	2
48.206693999999956	3
48.69849699999995	4
49.19029999999995	1
49.68210299999995	2
50.173905999999945	3
50.66570899999994	4
51.15751199999994	1
51.64931499999994	2
52.141117999999935	3
52.63292099999993	4
53.12472399999993	1
53.61652699999993	2
54.108329999999924	3
54.60013299999992	4
55.09193599999992	1
55.583738999999916	2
56.07554199999991	3
56.56734499999991	4
57.05914799999991	1
57.550950999999905	2
58.0427539999999	3
58.5345569999999	4
59.0263599999999	1
59.518162999999895	2
60.00996599999989	3
60.50176899999989	4
60.99357199999989	1
61.485374999999884	2
61.97717799999988	3
62.46898099999988	4
62.960783999999876	1
63.45258699999987	2
63.94438999999987	3
64.43619299999988	4
64.92799599999988	1
65.41979899999988	2
65.91160199999989	3
66.40340499999989	4
66.8952079999999	1
67.3870109999999	2
67.8788139999999	3
68.37061699999991	4
68.86241999999991	1
69.35422299999992	2
69.83602599999992	3
70.33782899999993	4
70.82963199999993	1
71.32143499999994	2
71.81323799999994	3
72.30504099999995	4
72.79684399999995	1
73.28864699999995	2
73.78044999999996	3
74.27225299999996	4
74.76405599999997	1
75.25585899999997	2
75.74766199999998	3
76.23946499999998	4
76.73126799999999	1
77.22307099999999	2
77.714874	3
78.206677	4
78.69848	1
79.19028300000001	2
79.68208600000001	3
80.17388900000002	4
80.66569200000002	1
81.15749500000003	2
81.64929800000003	3
82.14110100000003	4
82.63290400000004	1
83.12470700000004	2
83.61651000000005	3
84.10831300000005	4
84.60011600000006	1
85.09191900000006	2
85.58372200000007	3
86.07552500000007	4
86.56732800000007	1
87.05913100000008	2
87.55093400000008	3
88.04273700000009	4
88.53454000000009	1
89.0263430000001	2
89.5181460000001	3
90.0099490000001	4
90.50175200000011	1
90.99355500000011	2
91.48535800000012	3
91.97716100000012	4
92.46896400000013	1
92.96076700000013	2
93.45257000000014	3
93.94437300000014	4
94.43617600000015	1
94.92797900000015	2
95.41978200000015	3
95.91158500000016	4
96.41338800000015	1
96.89519100000017	2
97.38699400000017	3
97.87879700000018	4
98.37060000000018	1
98.86240300000019	2
99.35420600000019	3
99.8460090000002	4
100.3378120000002	1
100.8296150000002	2
101.32141800000021	3
101.8032210000002	4
102.29502400000021	1
102.78682700000022	2
103.27863000000022	3
103.77043300000022	4
104.27223600000023	1
104.76403900000024	2
105.24584200000024	3
105.73764500000024	4
106.22944800000025	1
106.73125100000026	2
107.22305400000026	3
107.71485700000026	4
108.19666000000026	1
108.68846300000027	2
109.19026600000028	3
109.68206900000028	4
110.17387200000029	1
110.66567500000029	2
111.1574780000003	3
111.6492810000003	4
112.1410840000003	1
112.63288700000031	2
113.12469000000031	3
113.60649300000031	4
114.09829600000032	1
114.59009900000032	2
115.06190200000033	3
115.55370500000033	4
116.04550800000034	1
116.54731100000033	2
117.04911400000034	3
117.54091700000035	4
118.01272000000036	1
118.53452300000036	2
119.02632600000037	3
119.53812900000037	4
120.02993200000037	1
120.55173500000038	2
121.04353800000038	3
121.48534100000039	4
121.9771440000004	1
122.4689470000004	2
123.0007500000004	3
123.4925530000004	4
123.9843560000004	1
124.47615900000041	2
124.96796200000041	3
125.39976500000041	4
125.92156800000042	1
126.41337100000042	2
126.89517400000044	3
127.35697700000044	4
127.86878000000044	1
128.36058300000045	2
128.86238600000044	3
129.35418900000045	4
129.84599200000045	1
130.33779500000045	2
130.82959800000046	3
131.32140100000046	4
131.81320400000047	1
132.30500700000047	2
132.79681000000048	3
133.28861300000048	4
133.78041600000049	1
134.2722190000005	2
134.7640220000005	3
135.2558250000005	4
135.7476280000005	1
136.2394310000005	2
136.7312340000005	3
137.22303700000052	4
137.71484000000052	1
138.20664300000053	2
138.69844600000053	3
139.19024900000053	4
139.68205200000054	1
140.17385500000054	2
140.66565800000055	3
141.15746100000055	4
141.64926400000056	1
142.14106700000056	2
142.63287000000057	3
143.12467300000057	4
143.61647600000057	1
144.10827900000058	2
144.60008200000058	3
145.0918850000006	4
145.5836880000006	1
146.0754910000006	2
146.5672940000006	3
147.0590970000006	4
147.5509000000006	1
148.0427030000006	2
148.53450600000062	3
149.01630900000063	4
149.51811200000063	1
150.00991500000063	2
150.50171800000064	3
150.99352100000064	4
151.48532400000065	1
151.97712700000065	2
152.46893000000065	3
152.96073300000066	4
153.45253600000066	1
153.94433900000067	2
154.43614200000067	3
154.92794500000068	4
155.41974800000068	1
155.91155100000069	2
156.4033540000007	3
156.8951570000007	4
157.3869600000007	1
157.8787630000007	2
158.3705660000007	3
158.8623690000007	4
159.35417200000072	1
159.84597500000072	2
160.33777800000072	3
160.82958100000073	4
161.32138400000073	1
161.81318700000074	2
162.30499000000074	3
162.79679300000075	4
163.28859600000075	1
163.78039900000076	2
164.27220200000076	3
164.76400500000076	4
165.25580800000077	1
165.74761100000077	2
166.23941400000078	3
166.73121700000078	4
167.2230200000008	1
167.7148230000008	2
168.2066260000008	3
168.6984290000008	4
169.1902320000008	1
169.6820350000008	2
170.1738380000008	3
170.66564100000082	4
171.15744400000082	1
171.64924700000083	2
172.14105000000083	3
172.63285300000084	4
173.12465600000084	1
173.61645900000084	2
174.10826200000085	3
174.60006500000085	4
175.09186800000086	1
175.58367100000086	2
176.07547400000087	3
176.56727700000087	4
177.05908000000088	1
177.55088300000088	2
178.04268600000088	3
178.5344890000009	4
179.0262920000009	1
179.5180950000009	2
180.0098980000009	3
180.5017010000009	4
180.9935040000009	1
181.48530700000092	2
181.97711000000092	3
182.46891300000092	4
182.96071600000093	1
183.45251900000093	2
183.94432200000094	3
184.43612500000094	4
184.92792800000095	1
185.41973100000095	2
185.91153400000096	3
186.40333700000096	4
186.88514000000097	1
187.37694300000098	2
187.86874600000098	3
188.37054900000098	4
188.86235200000098	1
189.354155000001	2
189.845958000001	3
190.337761000001	4
190.829564000001	1
191.321367000001	2
191.813170000001	3
192.304973000001	4
192.79677600000102	1
193.28857900000102	2
193.78038200000103	3
194.27218500000103	4
194.76398800000104	1
195.25579100000104	2
195.74759400000104	3
196.23939700000105	4
196.73120000000105	1
197.22300300000106	2
197.71480600000106	3
198.20660900000107	4
198.69841200000107	1
199.19021500000107	2
199.68201800000108	3
200.17382100000108	4
200.6656240000011	1
201.1574270000011	2
201.6492300000011	3
202.1410330000011	4
202.6328360000011	1
203.1246390000011	2
203.61644200000111	3
204.10824500000112	4
204.60004800000112	1
205.09185100000113	2
205.58365400000113	3
206.07545700000114	4
206.56726000000114	1
207.05906300000115	2
207.55086600000115	3
208.04266900000115	4
208.53447200000116	1
209.02627500000116	2
209.51807800000117	3
210.00988100000117	4
210.50168400000118	1
210.99348700000118	2
211.48529000000119	3
211.9770930000012	4
212.4688960000012	1
212.9606990000012	2
213.4525020000012	3
213.9443050000012	4
214.4361080000012	1