0.0	1
0.859997	2
1.719994	3
2.580994	4
3.440991	1
4.310988	2
5.171988	3
6.061985	4
6.901981999999999	1
7.712981999999999	2
8.572979	3
9.432976	4
10.313976	1
11.154974	2
12.012974	3
12.861973	4
13.729969	1
14.593969	2
15.471969	3
16.319964999999996	4
17.176963999999995	1
18.046960999999992	2
18.902960999999994	3
19.748959999999993	4
20.624959999999994	1
21.493958999999993	2
22.354958999999994	3
23.200956999999992	4
24.04795199999999	1
24.93295199999999	2
25.79494299999999	3
26.633942999999988	4
27.47994299999999	1
28.36194099999999	2
29.237940999999992	3
30.101940999999993	4
30.944940999999993	1
31.804937999999993	2
32.671938	3
33.53493399999999	4
34.387933999999994	1
35.287928	2
36.116927999999994	3
36.95692499999999	4
37.82092499999999	1
38.700923999999986	2
39.580922999999984	3
40.41792299999999	4
41.26992199999999	1
42.14691699999999	2
43.005915999999985	3
43.857914999999984	4
44.73191499999999	1
45.58991099999999	2
46.45190199999999	3
47.314902	4
48.15290199999999	1
49.014900999999995	2
49.86090099999999	3
50.71289999999999	4
51.60189799999999	1
52.49589699999999	2
53.345893999999994	3
54.17689099999999	4
55.03089099999999	1
55.925887999999986	2
56.79188799999999	3
57.63888699999999	4
58.45688599999999	1
59.32588499999999	2
60.203885	3
61.057885	4
61.917880999999994	1
62.772879	2
63.635875	3
64.528873	4
65.386869	1
66.259868	2
67.119864	3
67.96486399999999	4
68.81286399999999	1
69.674855	2
70.525855	3
71.404854	4
72.22584900000001	1
73.103849	2
73.963845	3
74.813842	4
75.675842	1
76.557842	2
77.415842	3
78.27384199999999	4
79.13383899999998	1
79.97883699999998	2
80.82283399999999	3
81.68883399999999	4
82.56483400000002	1
83.39983400000001	2
84.23783400000002	1
85.08783100000002	2
85.94383100000002	3
86.82582900000001	4
87.66882700000001	1
88.50582700000001	2
89.38382700000001	3
90.22782400000001	4
91.06982100000002	1
91.92882000000002	2
92.78881700000002	3
93.65481700000002	4
94.49781500000002	1
95.350813	2
96.217808	3
97.071805	4
97.896805	1
98.795805	2
99.632805	1
100.501804	2
101.357804	3
102.2308	4
103.089799	1
103.935798	2
104.782797	3
105.636797	4
106.498788	1
107.36278800000001	2
108.22978800000001	3
109.10178800000001	4
109.95978400000001	1
110.79978100000001	2
111.68378100000001	3
112.56178100000001	4
113.42278100000001	1
114.28178000000001	2
115.136778	3
116.027777	4
116.867774	1
117.73177399999999	2
118.58976999999999	3
119.45376999999999	4
120.31477	1
121.16977	2
122.03477	3
122.89676999999999	4
123.74676699999999	1
124.60076699999999	2
125.46576699999999	3
126.33476599999999	4
127.20676599999999	1
128.08176599999996	2
128.92876499999997	3
129.77776299999996	4
130.61676299999996	1
131.50875999999997	2
132.38175999999999	3
133.21576	4
134.10575899999998	1
134.991759	2
135.84975899999998	3
136.714757	4
137.583756	1
138.429755	2
139.29175499999997	3
140.18575399999997	4
141.044753	1
141.916744	2
142.784744	3
143.62174399999998	4
144.45974399999997	1
145.33173499999998	2
146.19372599999997	3
147.05972599999996	4
147.89272399999996	1
148.75872399999994	2
149.6207239999999	3
150.46072099999992	4
151.3327209999999	1
152.2057169999999	2
153.0747159999999	3
153.92071499999992	4
154.7797139999999	1
155.63471199999992	2
156.4697099999999	3
157.3367099999999	4
158.21171000000012	1
159.04671000000013	2
159.89471000000015	1
160.74470700000015	2
161.59970500000014	3
162.48170300000015	4
163.32570000000015	1
164.17270000000016	2
165.04070000000013	3
165.89369800000014	4
166.72569500000012	1
167.5856920000001	2
168.4456890000001	3
169.31168900000011	4
170.16368600000013	1
171.03968600000013	2
171.90568600000012	3
172.76068400000014	4
173.58968400000012	1
174.48268200000012	2
175.31768200000013	1
176.18868100000014	2
177.04768000000016	3
177.92067600000016	4
178.77867200000017	1
179.62467100000018	2
180.47366900000017	3
181.32566800000018	4
182.18666800000017	1
183.05166800000018	2
183.91566800000018	3
184.78866400000018	4
185.64566300000018	1
186.48866100000018	2
187.36966100000018	3
188.24866100000017	4
189.11166000000017	1
189.9806590000002	2
190.8336590000002	3
191.7056590000002	4
192.5636570000002	1
193.4206560000002	2
194.27465600000022	3
195.1486560000002	4
196.0076550000002	1
196.8846550000002	2
197.74265500000018	3
198.6116540000002	4
199.4556510000002	1
200.3056480000002	2
201.1746470000002	3
202.0406470000002	4
202.91264700000022	1
203.79464700000023	2
204.63864700000025	3
205.49264400000024	4
206.34764200000023	1
207.22764100000023	2
208.11463600000025	3
208.96563600000022	4
209.81963600000023	1
210.71963500000024	2
211.58463500000025	3
212.42563200000023	4
213.26263200000022	1
214.17763000000025	2
215.09062600000024	3
215.85062600000023	4
216.70662500000023	1
217.58362500000024	2
218.45262400000024	3
219.29362100000023	4
220.13762100000022	1
221.02962100000022	2
221.89461900000023	3
222.73761700000023	4
223.58061500000022	1
224.48461500000022	2
225.3376140000002	3
226.1746140000002	4
227.0106140000002	1
227.8906130000002	2
228.7706090000002	3
229.64160800000022	4
230.4926080000002	1
231.3566080000002	2
232.22360800000018	3
233.07860600000018	4
233.94760500000018	1
234.8036040000002	2
235.6666000000002	3
236.5595980000002	4
237.4175940000002	1
238.2795850000002	2
239.1525810000002	3
239.9855790000002	4
240.84357900000023	1
241.70157500000022	2
242.5475750000002	3
243.41057500000022	4
244.24957500000022	1
245.11857400000022	2
245.9655730000002	3
246.80557000000022	4
247.67656900000023	1
248.52356900000024	2
249.37056800000022	3
250.2405640000002	4
251.0795640000002	1
251.9165640000002	2
252.7975640000002	3
253.65756100000021	4
254.5245610000002	1
255.35555800000017	2
256.1985560000002	1
257.03255400000023	2
257.90655400000026	3
258.76255400000025	4
259.63255100000026	1
260.4685510000003	2
261.3355460000003	3
262.1895430000003	4
263.0195400000003	1
263.8945400000003	2
264.7385370000003	3
265.5965330000003	4
266.4435320000003	1
267.2955290000003	2
268.17352900000026	3
269.0165270000003	4
269.85352700000027	1
270.69552400000026	2
271.5175210000003	3
272.3935190000002	4
273.2895170000003	1
274.18451500000026	2
275.03151400000024	1
275.90851400000025	2
276.76451400000025	3
277.63951400000025	4
278.4895110000003	1
279.34450900000024	2
280.1945060000002	3
281.0365050000002	4
281.8975050000002	1
282.7625050000002	2
283.6285050000002	3
284.4985010000002	4
285.3575000000002	1
286.19749700000017	2
287.0814970000002	3
287.9484920000002	4
288.8234920000002	1
289.6914880000002	2
290.5354880000002	3
291.42648700000024	4
292.26548700000023	1
293.12048500000026	2
293.9784810000003	3
294.8604790000003	4
295.72247000000027	1
296.58647000000025	2
297.45447000000024	3
298.3304700000002	4
299.17146700000023	1
300.02446700000024	2
300.88046700000024	3
301.7494660000002	4
302.60946200000024	1
303.47745800000024	2
304.35145800000026	3
305.21445700000027	4
306.06145600000025	1
306.90945600000026	2
307.76845500000024	3
308.6394540000002	4
309.4984530000002	1
310.3574520000002	2
311.2344470000002	3
312.08944500000024	4
312.9584440000002	1
313.8234420000002	2
314.6624420000002	3
315.52044200000023	4
316.38544200000024	1
317.2454390000002	2
318.0954360000002	3
318.9964330000002	4
319.8674320000002	1
320.7164300000002	2
321.5794300000002	3
322.43842900000016	4
323.32042700000017	1
324.16242400000016	2
325.02842400000014	3
325.88942200000014	4
326.73941900000017	1
327.60141800000014	2
328.4704170000001	3
329.3244170000001	4
330.1804170000001	1
331.04441700000007	2
331.91241700000006	3
332.77141500000005	4
333.64541500000007	1
334.5104150000001	2
335.3784150000001	3
336.2484110000001	4
337.0924090000001	1
337.95640900000006	2
338.81340800000004	3
339.64540300000004	4
340.478401	1
341.351397	2
342.224393	3
343.075393	4
343.954392	1
344.828392	2
345.67838900000004	3
346.54638900000003	4
347.40838	1
348.279379	2
349.146379	3
350.01637500000004	4
350.887375	1
351.732373	2
352.571373	3
353.44037199999997	4
354.30437199999994	1
355.1563709999999	2
356.02137099999993	3
356.9123709999999	4
357.7393709999999	1
358.5953709999999	2
359.4413709999999	3
360.28636899999987	4
361.14936799999987	1
362.02236399999987	2
362.89336299999985	3
363.73636299999987	4
364.59336199999984	1
365.45135799999986	2
366.27835799999986	3
367.16635699999983	4
368.0393559999998	1
368.89735199999984	2
369.7513519999998	3
370.61635199999984	4
371.46235099999984	1
372.30834999999985	2
373.18434799999983	3
374.0603479999998	4
374.9343479999998	1
375.8113429999998	2
376.6633419999998	3
377.51034099999976	4
378.3653409999998	1
379.24434099999974	2
380.0983409999998	3
380.9823399999998	4