0.0	1
0.781998	2
1.564997	3
2.347996	4
3.1299940000000004	1
3.912993	2
4.695992	3
5.47799	4
6.240989000000001	1
7.011989000000001	2
7.783989	3
8.559988	4
9.381985	1
10.173984	2
10.965983000000001	3
11.752982000000001	4
12.547982000000001	1
13.316982000000001	2
14.104982000000001	3
14.870982000000001	4
15.674982000000002	1
16.466980000000003	2
17.187978000000005	3
17.988976000000008	4
18.760974000000008	1
19.51497300000001	2
20.331972000000007	3
21.12297000000001	4
21.90197000000001	1
22.66797000000001	2
23.48997000000001	3
24.27697000000001	4
25.052969000000008	1
25.80996900000001	2
26.55496600000001	3
27.33896400000001	4
28.16596400000001	1
29.00296400000001	2
29.83996400000001	3
30.61996400000001	4
31.41896300000001	1
32.21896300000001	2
33.01796200000001	3
33.81796200000001	4
34.62696100000001	1
35.446961000000016	2
36.282961000000014	3
37.113959000000015	4
37.98095900000001	1
38.769959000000014	2
39.60595900000001	3
40.41495600000001	4
41.23195500000001	1
42.059955000000016	2
42.91395300000002	3
43.71795100000002	4
44.53095000000002	1
45.32094700000002	2
46.11594700000002	3
46.91094700000002	4
47.70594700000002	1
48.52494400000002	2
49.35694100000002	3
50.16693800000002	4
50.97893700000002	1
51.788934000000026	2
52.59493400000002	3
53.376932000000025	4
54.16993100000003	1
54.974931000000026	2
55.80592900000003	3
56.611929000000025	4
57.40292900000002	1
58.203929000000024	2
59.021928000000024	3
59.83492700000002	4
60.607927000000025	1
61.371925000000026	2
62.20392400000003	3
62.97792300000003	4
63.77792300000003	1
64.54892200000003	2
65.33891900000003	3
66.13991700000004	4
66.94491600000003	1
67.74491600000003	2
68.53891600000003	3
69.31991600000003	4
70.11891500000003	1
70.92491500000003	2
71.72791400000003	3
72.51591100000003	4
73.30590800000003	1
74.08790600000003	2
74.88890400000003	3
75.66390400000003	4
76.44990100000003	1
77.23789800000003	2
78.01589800000004	3
78.80289800000004	4
79.59089500000005	1
80.37389400000005	2
81.16789400000005	3
81.96489200000005	4
82.77289100000004	1
83.54389000000005	2
84.34389000000004	3
85.11088800000005	4
85.91088800000004	1
86.69388700000005	2
87.48988700000005	3
88.27688700000006	4
89.06388700000007	1
89.85788700000006	2
90.66488500000007	3
91.48488500000006	4
92.26888500000005	1
93.05388500000005	2
93.82288400000006	3
94.61788400000006	4
95.41888200000005	1
96.22288200000006	2
97.00188200000005	3
97.79888000000005	4
98.56887800000005	1
99.35887500000005	2
100.14087300000006	3
100.93287200000006	4
101.73287200000006	1
102.51187200000005	2
103.28987200000006	3
104.08387200000006	4
104.87287200000006	1
105.66887200000005	2
106.45187100000005	3
107.21787100000006	4
108.02187100000006	1
108.82787100000006	2
109.64387100000006	3
110.45286800000007	4
111.24886800000007	1
112.03086600000007	2
112.82086300000007	3
113.59786300000007	4
114.44886100000008	1
115.27686100000008	2
116.10085700000008	3
116.90985700000007	4
117.71985600000008	1
118.50885600000008	2
119.36385400000009	3
120.13585200000009	4
120.95984800000008	1
121.77584800000008	2
122.62184800000009	3
123.43284700000008	4
124.27084300000008	1
125.08684300000009	2
125.89884200000009	3
126.7188420000001	4
127.5818410000001	1
128.4248390000001	2
129.2488350000001	3
130.0518340000001	4
130.8948320000001	1
131.7358300000001	2
132.5798280000001	3
133.4048260000001	4
134.2488240000001	1
135.0668230000001	2
135.9218210000001	3
136.7508180000001	4
137.5738180000001	1
138.4078160000001	2
139.2338140000001	3
140.0248140000001	4
140.82381300000011	1
141.61581200000012	2
142.4138090000001	3
143.2148070000001	4
144.0008070000001	1
144.7858070000001	2
145.5598060000001	3
146.34780300000008	4
147.1418030000001	1
147.9458030000001	2
148.7648000000001	3
149.5237990000001	4
150.28679900000012	1
151.06779900000012	2
151.85979800000013	3
152.63179500000012	4
153.41079500000012	1
154.18979500000012	2
154.9777920000001	3
155.77179200000012	4
156.57479100000012	1
157.36478800000012	2
158.1657860000001	3
158.94578500000011	4
159.74878400000011	1
160.54078300000012	2
161.38078000000013	3
162.22678000000013	4
163.06977800000013	1
163.83877800000013	2
164.64577600000013	3
165.45577300000014	4
166.29477300000013	1
167.10277200000016	2
167.92977200000016	3
168.72277100000014	4
169.56576900000013	1
170.38676800000013	2
171.21876500000013	3
171.99776400000016	4
172.84676400000015	1
173.70576100000017	2
174.54375900000016	3
175.38375600000018	4
176.20975400000017	1
177.00875300000018	2
177.85175100000018	3
178.66675100000018	4
179.51574900000017	1
180.34074700000016	2
181.20274400000017	3
182.02874200000016	4
182.85174200000017	1
183.68274000000017	2
184.50574000000017	3
185.32273900000018	4
186.14173800000017	1
186.93273800000017	2
187.73473600000017	3
188.56673300000017	4
189.37873200000018	1
190.22273000000018	2
191.03672900000018	3
191.88672600000018	4
192.70572300000018	1
193.52872200000016	2
194.35072200000016	3
195.15672200000017	4
195.97772100000017	1
196.80072100000018	2
197.62372000000016	3
198.41371700000016	4
199.21671600000016	1
200.00671300000016	2
200.78271200000017	3
201.60571200000018	4
202.41771100000017	1
203.22371100000015	2
204.02971100000016	3
204.82871000000017	4
205.6247100000002	1
206.45770800000017	2
207.24170600000016	3
208.00970600000016	4
208.80970600000018	1
209.61470500000019	2
210.41970400000017	3
211.19570300000018	4
212.0007020000002	1
212.79170200000019	2
213.5597020000002	3
214.3747010000002	4
215.1646980000002	1
215.9566960000002	2
216.7356960000002	3
217.5276950000002	4
218.3076940000002	1
219.1156930000002	2
219.8996910000002	3
220.6736910000002	4
221.4346910000002	1
222.2436900000002	2
223.03069000000022	3
223.80768900000024	4
224.59868900000023	1
225.36368900000025	2
226.13268800000026	3
226.92168800000027	4
227.72368600000027	1
228.54068500000025	2
229.31768400000027	3
230.10868400000027	4
230.89768400000028	1
231.70368400000027	2
232.48668300000026	3
233.27368300000026	4
234.07668200000026	1
234.85968100000028	2
235.65868000000026	3
236.41267900000025	4
237.16767600000026	1
237.95567600000027	2
238.74667400000027	3
239.57267400000023	4
240.33667400000024	1
241.12267100000025	2
241.90867100000025	3
242.71267100000026	4
243.50066800000025	1
244.27566800000025	2
245.07766600000025	3
245.85566600000024	4
246.65566300000023	1
247.41166100000024	2
248.16466100000022	3
248.93866100000025	4
249.75766000000024	1
250.54666000000023	2
251.33265700000024	3
252.12365700000024	4
252.91765700000025	1
253.71965500000024	2
254.49565400000026	3
255.28065400000025	4
256.0706510000002	1
256.8496510000002	2
257.6436510000002	3
258.3956500000002	4
259.13765000000024	1
259.9296490000002	2
260.7156460000002	3
261.4946460000002	4
262.2646440000002	1
263.0486420000002	2
263.8476410000002	3
264.6156410000002	4
265.3986410000002	1
266.1926410000002	2
266.9796410000002	3
267.7646410000002	4
268.5496410000002	1
269.3036400000002	2
270.05263800000023	3
270.82663600000024	4
271.62963300000024	1
272.4116310000002	2
273.20262900000023	3
273.99262600000026	4
274.7876260000003	1
275.57862600000027	2
276.35062300000027	3
277.1116230000003	4
277.8756230000003	1
278.6566230000003	2
279.4466200000003	3
280.2316200000003	4
281.0266200000003	1
281.79262000000034	2
282.56361900000036	3
283.31861700000036	4
284.1116140000004	1
284.90261400000037	2
285.6786130000004	3
286.4166130000004	4
287.1946130000004	1
287.9836130000004	2
288.7476130000004	3
289.5126130000004	4
290.2806130000004	1
291.06361200000043	2
291.85461200000043	3
292.60061100000047	4
293.3936080000004	1
294.14460700000046	2
294.92960700000043	3
295.6996050000004	4
296.4936050000004	1
297.2816020000004	2
298.04760200000044	3
298.8246010000004	4
299.58360100000044	1
300.3705990000004	2
301.1365970000004	3
301.91459700000036	4
302.66659600000037	1
303.4595950000004	2
304.23659400000037	3
304.9905930000004	4
305.7525930000004	1
306.5315930000004	2
307.3215900000004	3
308.1155900000004	4
308.8975880000004	1
309.6785880000004	2
310.4465880000004	3
311.2185850000004	4
312.0025830000004	1
312.79058000000043	2
313.56257700000043	3
314.32157700000045	4
315.06357700000046	1
315.89857700000044	2
316.70357700000045	3
317.5895770000004	4
318.38457700000043	1
319.2395770000004	2
320.0655770000004	3
320.9005770000004	4
321.76557700000035	1
322.60157700000036	2
323.43657700000034	3
324.26157700000033	4
325.09757700000034	1
325.9425770000003	2
326.7875770000003	3
327.62257700000026	4
328.4285770000003	1
329.28357700000026	2
330.11857700000024	3
330.9345770000003	4
331.76957700000025	1
332.60457700000023	2