0.0	1
0.649998	2
1.299996	3
1.9509960000000002	4
2.5909940000000002	1
3.264994	2
3.9409940000000003	3
4.558993	4
5.192991	1
5.896991	2
6.66999	3
7.569989	4
8.659986	1
9.625986	2
10.591986	1
11.384984000000001	2
12.103982000000002	3
12.741982000000002	4
13.411981000000003	1
14.089979000000003	2
14.766977000000002	3
15.426976000000002	4
16.279976	1
16.998974	2
17.639971	3
18.226969999999998	4
18.883969999999998	1
19.567968999999998	2
20.316968999999997	3
21.137967999999997	4
22.087967999999996	1
22.828967999999996	2
23.461968	3
24.043967	4
24.625966	1
25.278965999999997	2
25.979963999999995	3
26.679962999999997	4
27.502960999999996	1
28.246960999999995	2
28.875960999999997	3
29.499961	4
30.255958999999997	1
31.015956999999997	2
31.917956999999998	3
32.946957	4
34.355957	1
35.447953999999996	2
36.539950999999995	1
37.19194999999999	2
37.813948999999994	3
38.43194899999999	4
39.01894899999999	1
39.62994899999999	2
40.23094899999999	3
40.83994899999999	4
41.46994799999999	1
42.06594599999999	2
42.65294599999999	3
43.22694499999999	4
43.800943999999994	1
44.40794299999999	2
44.98394099999999	3
45.582937999999984	4
46.18193499999998	1
46.83393499999998	2
47.40293399999998	3
47.98093299999998	4
48.558931999999984	1
49.15292999999998	2
49.73792999999998	3
50.35392899999997	4
51.009927999999974	1
51.676925999999966	2
52.37392399999997	3
53.12392099999997	4
53.95292099999997	1
54.77191999999997	2
55.732916999999965	3
56.77491699999997	4
57.47091499999997	1
57.94591499999997	2
58.46091499999997	3
58.974914999999974	4
59.489914999999975	1
60.004914999999976	2
60.51891499999998	3
61.04391499999998	4
61.540912999999975	1
62.040912999999975	2
62.53991199999997	3
63.03891099999998	4
63.56291099999998	1
64.06191099999997	2
64.57091099999997	3
65.06991099999996	4
65.57290899999997	1
66.07690899999997	2
66.58090899999998	3
67.07590899999997	4
67.57790699999997	1
68.08590499999997	2
68.59290299999996	3
69.09990099999996	4
69.60790099999997	1
70.11389899999996	2
70.60889899999997	3
71.11489699999997	4
71.63089599999996	1
72.13089599999998	2
72.64089599999998	3
73.15089599999999	4
73.66289599999999	1
74.17289599999998	2
74.67389599999998	3
75.17489599999999	4
75.66889599999999	1
76.20689399999999	2
76.73589399999999	3
77.22489199999998	4
77.72889199999999	1
78.24089199999999	2
78.75188899999999	3
79.25088899999999	4
79.76188599999999	1
80.282883	2
80.78388	3
81.27788	4
81.77188	1
82.274878	2
82.777876	3
83.271876	4
83.779874	1
84.29587400000001	2
84.81087400000001	3
85.30187400000001	4
85.80687400000001	1
86.32687400000002	2
86.82687400000002	3
87.32187400000002	4
87.82287400000003	1
88.34687400000003	2
88.84987300000002	3
89.35487300000003	4
89.83887300000002	1
90.34187100000003	2
90.85687100000003	3
91.35487100000003	4
91.85686900000003	1
92.37086900000004	2
92.87486900000005	3
93.36886900000005	4
93.89786900000004	1
94.40086700000005	2
94.90286500000005	3
95.40486300000005	4
95.93286100000005	1
96.44486100000005	2
96.94786000000003	3
97.45986000000003	4
97.97186000000004	1
98.49485900000005	2
99.02785800000005	3
99.56185700000005	4
100.07785700000004	1
100.61885700000005	2
101.13985700000005	3
101.63185600000006	4
102.12385500000006	1
102.61585300000006	2
103.12085300000005	3
103.62285200000007	4
104.11485100000007	1
104.60184900000007	2
105.11384900000007	3
105.60284700000007	4
106.09184500000008	1
106.60084400000008	2
107.09784200000007	3
107.58484200000008	4
108.05184200000008	1
108.55684200000007	2
109.06584100000008	3
109.56784000000009	4
110.05083700000009	1
110.54883700000009	2
111.06183600000008	3
111.55483300000009	4
112.04783000000009	1
112.5548280000001	2
113.0638270000001	3
113.5568240000001	4
114.0398210000001	1
114.5278210000001	2
115.0348190000001	3
115.5198170000001	4
115.9938160000001	1
116.4908140000001	2
116.9998130000001	3
117.50181200000011	4
117.99381100000012	1
118.48580900000012	2
118.99080900000011	3
119.48280800000012	4
119.97480700000013	1
120.46980700000013	2
120.97580700000013	3
121.46080500000014	4
121.94580300000014	1
122.43780200000015	2
122.93880200000014	3
123.42680200000014	4
123.91480200000014	1
124.41680000000014	2
124.92379800000013	3
125.41679500000014	4
125.90979200000014	1
126.41179000000014	2
126.90679000000013	3
127.40978700000014	4
127.90278400000014	1
128.40378400000014	2
128.91578400000014	3
129.40778300000014	4
129.89878300000015	1
130.39878300000015	2
130.90178100000014	3
131.38777900000014	4
131.87977800000013	1
132.37277500000013	2
132.86477400000012	3
133.35577400000014	4
133.85277200000013	1
134.34877000000012	2
134.83077000000011	3
135.31577000000013	4
135.81977000000012	1
136.29877000000013	2
136.77677000000014	3
137.27376800000013	4
137.76976600000015	1
138.26676400000014	2
138.75376200000014	3
139.24976000000012	4
139.74575800000014	1
140.25275600000012	2
140.73475600000012	3
141.22875600000012	4
141.72275600000012	1
142.20175600000013	2
142.67975600000014	3
143.17075600000015	4
143.66075500000017	1
144.13875500000017	2
144.62475300000017	3
145.10675300000017	4
145.58775300000016	1
146.09175300000015	2
146.58575300000015	3
147.07975300000015	4
147.56475300000017	1
148.04375300000015	2
148.55175300000016	3
149.04975300000015	4
149.53775300000015	1
150.06375300000013	2
150.56975300000013	3
151.04575100000014	4
151.55575100000013	1
152.07675100000012	2
152.56775100000013	3
153.05175000000014	4
153.55374800000016	1
154.07174600000013	2
154.56874400000015	3
155.08174200000013	4
155.57474000000013	1
156.06073800000013	2
156.56773600000014	3
157.05573600000014	4
157.54473400000015	1
158.06273200000012	2
158.56173100000012	3
159.03772900000013	4
159.5447270000001	1
160.02872700000012	2
160.52172400000012	3
160.99872400000012	4
161.49972400000013	1
162.01572400000012	2
162.52072400000011	3
163.02372100000014	4
163.49671800000013	1
163.98671700000014	2
164.49171700000014	3
164.98071500000015	4
165.47071400000016	1
165.97771200000017	2
166.48571000000015	3
166.96471000000017	4
167.46871000000016	1
167.98271000000014	2
168.47671000000014	3
168.96471000000014	4
169.46070800000015	1
169.97670800000014	2
170.48270800000014	3
170.97570500000015	4
171.45970500000016	1
171.95970500000016	2
172.46470500000015	3
172.94870400000016	4
173.43870300000017	1
173.94770200000016	2
174.45670100000015	3
174.93269900000016	4
175.42569600000016	1
175.93769400000014	2
176.42869400000015	3
176.91569400000014	4
177.42769400000014	1
177.94869100000014	2
178.44968800000015	3
178.94168800000014	4
179.41368800000015	1
179.90668500000015	2
180.39968200000015	3
180.88768200000015	4
181.37768100000017	1
181.87168100000017	2
182.36467800000017	3
182.85867800000017	4
183.36667600000015	1
183.84467600000016	2
184.34167600000015	3
184.82967600000015	4
185.32367600000015	1
185.82167600000014	2
186.30967600000014	3
186.80767600000013	4
187.30567600000012	1
187.8076750000001	2
188.3006720000001	3
188.8046720000001	4
189.2976690000001	1
189.8096690000001	2
190.3216690000001	3
190.8066670000001	4
191.2906660000001	1
191.7996650000001	2
192.2996650000001	3
192.77966500000008	4
193.25966500000007	1
193.75666300000006	2
194.26166300000006	3
194.75366300000005	4
195.23466300000004	1
195.72466200000005	2
196.22266200000004	3
196.70466200000004	4
197.17666200000005	1
197.67066200000005	2
198.17066200000005	3
198.66966000000005	4
199.14965900000007	1
199.64165800000006	2
200.14765800000006	3
200.63465800000006	4
201.12165800000005	1
201.61165700000006	2
202.10765500000005	3
202.60065400000005	4
203.07365300000006	1
203.57165300000005	2
204.03865200000004	3
204.50065200000003	4
204.94765100000004	1
205.46265100000002	2
205.96165100000002	3
206.453651	4
206.92565100000002	1
207.41765	2
207.91765	3
208.39965	4
208.88264900000001	1
209.374648	2
209.868648	3
210.363646	4
210.839644	1
211.327644	2
211.82464199999998	3
212.30664199999998	4
212.789641	1
213.282638	2
213.776638	3
214.26163599999998	4
214.74663399999997	1
215.23763399999999	2
215.73563399999998	3
216.219633	4
216.702632	1
217.195629	2
217.70462899999998	3
218.18662899999998	4
218.658629	1
219.151626	2
219.635625	3
220.132623	4
220.611621	1
221.11162000000002	2
221.60262000000003	3
222.09461900000002	4
222.591617	1
223.088615	2
223.569615	3
224.066613	4
224.55861199999998	1
225.036612	2
225.514612	3
226.00161	4
226.498608	1
226.99560599999998	2
227.49060599999999	3
227.99460599999998	4
228.484605	1
228.974604	2
229.440603	3
229.93560300000001	4
230.42860000000002	1
230.90760000000003	2
231.38560000000004	3
231.88259800000003	4
232.36659700000004	1
232.85359700000004	2
233.33159700000004	3
233.82459400000005	4
234.29859300000007	1
234.79059100000006	2
235.30358900000004	3
235.80558700000003	4
236.30858500000002	1
236.82158400000003	2
237.33558400000004	3
237.83458400000004	4
238.30958300000003	1
238.828582	2
239.327581	3
239.81758000000002	4
240.30757900000003	1
240.80557900000002	2
241.29357900000002	3
241.76357900000002	4
242.26457900000003	1
242.76557900000003	2
243.26657900000004	3
243.75557700000005	4
244.24557600000006	1
244.73857300000006	2
245.24457300000006	3
245.73057100000005	4
246.19757100000007	1
246.70757100000006	2
247.19657100000006	3
247.67757100000006	4
248.18456900000004	1
248.67056700000003	2
249.14756700000004	3
249.63056600000004	4
250.12056500000006	1
250.61356200000006	2
251.10756200000006	3
251.59756100000007	4
252.08756000000008	1
252.58455800000007	2
253.0755580000001	3
253.56655800000007	4
254.04155700000007	1
254.54955700000005	2
255.03755700000005	3
255.51855700000004	4
256.007555	1
256.50655500000005	2
257.0055550000001	3
257.4735550000001	4
257.9665520000001	1
258.4795500000001	2
258.98254800000007	3
259.4745470000001	4
259.9575440000001	1
260.4545420000001	2
260.94654100000014	3
261.4375410000001	4
261.91254000000015	1
262.40953800000017	2
262.90553600000015	3
263.3855360000002	4
263.8805360000002	1
264.38853600000016	2
264.87653600000016	3
265.35353600000013	4
265.84753600000016	1
266.37453400000015	2
266.8615320000002	3
267.35053000000016	4
267.83853000000016	1
268.3595270000001	2
268.8595270000001	3
269.33552500000013	4
269.8245250000001	1
270.30652500000014	2
270.77752500000014	3
271.25952500000017	4
271.7565230000002	1
272.2515230000002	2
272.7475210000002	3
273.24351900000016	4
273.72751800000015	1
274.22251800000015	2
274.7165180000002	3
275.2115180000002	4
275.6955180000002	1
276.2135180000002	2
276.7325170000002	3
277.2505170000002	4
277.7695160000002	1
278.2495150000002	2
278.7395140000002	3
279.2295130000002	4
279.7285110000002	1
280.2215100000002	2
280.7045090000002	3
281.1775080000002	4
281.6755060000002	1
282.1645040000002	2
282.6545030000002	3
283.16350100000017	4
283.6504990000002	1
284.1234980000002	2
284.5954980000002	3
285.1084970000002	4
285.60049700000025	1
286.05649500000027	2
286.55249300000025	3
287.03849100000025	4
287.5204910000002	1
288.01249000000024	2
288.49448900000027	3
288.9864880000003	4
289.47348800000026	1
289.94448800000026	2
290.42548800000026	3
290.90648800000025	4
291.40348800000027	1
291.89148800000027	2
292.37948800000026	3
292.86848600000025	4
293.36648600000024	1
293.83748600000024	2
294.3284860000002	3
294.8194860000002	4
295.2984860000002	1
295.79348500000026	2
296.26948300000026	3
296.7544820000003	4
297.2344820000003	1
297.7174810000003	2
298.19948100000033	3
298.68248000000034	4
299.18148000000036	1
299.66948000000036	2
300.15847800000034	3
300.64647800000034	4
301.15147800000034	1
301.62947800000035	2
302.1184760000003	3
302.6064760000003	4
303.0834760000003	1
303.5644760000003	2
304.0354760000003	3
304.5264760000003	4
304.9964760000003	1
305.4744760000003	2
305.96147600000035	3
306.45947600000034	4
306.94047600000033	1
307.41647400000033	2
307.89147300000036	3
308.37747100000036	4
308.84247100000033	1
309.3284690000003	2
309.8004670000003	3
310.2784670000003	4
310.75846700000034	1
311.2284650000003	2
311.6954640000003	3
312.1654620000003	4
312.6384600000003	1
313.1004600000003	2
313.5744570000003	3
314.0324570000003	4
314.5064560000003	1
314.9724550000003	2
315.4374550000003	3
315.8984540000003	4
316.3664540000003	1
316.8264520000003	2
317.2924510000003	3
317.76045100000033	4
318.2344500000003	1
318.7034500000003	2
319.1704490000003	3
319.6414490000003	4
320.1134470000003	1
320.5754470000003	2
321.0394440000003	3
321.4994420000003	4
321.97344100000026	1
322.44343900000024	2
322.9034370000002	3
323.36743400000023	4
323.82343400000025	1
324.30143400000026	2
324.7574340000003	3
325.2304320000003	4
325.6784300000003	1
326.15743000000026	2
326.60542800000024	3
327.07942700000024	4
327.52842200000026	1
328.0014200000003	2
328.4474180000003	3
328.9194160000003	4
329.3664150000003	1
329.8424140000003	2
330.27641300000033	3
330.74241100000035	4
331.1834110000004	1
331.66840900000034	2
332.12040800000034	3
332.5854080000003	4
333.04640700000033	1
333.5154070000003	2
333.96840700000035	3
334.43340700000033	4
334.87940500000036	1
335.34940300000034	2
335.8004030000003	3
336.2264030000003	4
336.6544020000003	1
337.0824010000003	2
337.5094000000003	3
337.9653980000003	4
338.4233960000003	1
338.9043960000003	2
339.3853960000003	3
339.8413960000003	4
340.2983950000003	1
340.76639500000033	2
341.2503940000003	3
341.70639400000033	4
342.1633930000003	1
342.63439300000033	2
343.1083920000003	3
343.57639200000034	4
344.04539200000033	1
344.51339200000035	2
344.97939100000036	3
345.44639000000035	4
345.8803890000004	1
346.3613890000004	2
346.84238900000037	3
347.30738900000034	4
347.7623890000003	1
348.2313890000003	2
348.7123890000003	3
349.17038900000034	4
349.6183890000004	1
350.0883870000004	2
350.5703870000004	3
351.0083850000004	4
351.4323840000004	1
351.8993830000004	2
352.3323810000004	3
352.7873810000004	4
353.21738100000044	1
353.69838100000044	2
354.1803810000004	3
354.6353810000004	4
355.0893800000004	1
355.5583800000004	2
356.04038000000037	3
356.4983800000004	4
356.9553790000004	1
357.4263780000004	2
357.90137700000037	3
358.35837600000036	4
358.82537500000035	1
359.26937500000037	2
359.71637400000037	3
360.1703740000004	4
360.60337400000043	1
361.07637200000045	2
361.54737100000045	3
362.00337100000047	4
362.46037000000047	1
362.9183700000005	2
363.3973700000005	3
363.86436900000047	4
364.3303680000005	1
364.7933660000005	2
365.25636400000053	3
365.71936200000056	4
366.18236000000053	1
366.6303580000005	2
367.0773570000005	3
367.5323540000005	4
367.97835200000054	1
368.45335100000057	2
368.92535100000055	3
369.3613510000006	4
369.8473510000006	1
370.31635100000057	2
370.7993500000005	3
371.24834900000053	4
371.7173480000005	1
372.18834800000053	2
372.6613460000005	3
373.1093460000005	4
373.5763450000005	1
374.0263410000005	2
374.4913410000005	3
374.9333410000005	4
375.3873400000005	1
375.8583400000005	2
376.3393400000005	3
376.7863390000005	4
377.2533380000005	1
377.7223380000005	2
378.21433800000045	3
378.67433600000044	4
379.1343340000004	1
379.59533400000043	2
380.06533400000046	3
380.52433300000047	4
380.99433100000044	1
381.45033100000046	2
381.9183310000005	3
382.3693310000005	4
382.82233000000053	1
383.3253290000005	2
383.7953270000005	3
384.2643270000005	4
384.7303260000005	1
385.2063250000005	2
385.6663230000005	3
386.13632100000046	4
386.60631900000044	1
387.06031800000045	2
387.50831600000043	3
387.96731500000044	4
388.42131400000045	1
388.9253130000004	2
389.37931000000043	3
389.8633070000004	4
390.32930600000043	1
390.79530500000044	2
391.25430400000045	3
391.72630200000043	4
392.20430200000044	1
392.66330100000044	2
393.1063010000004	3
393.56530000000043	4
394.02330000000046	1
394.48229900000047	2
394.94929800000045	3
395.40829700000046	4
395.8762970000005	1
396.37029600000045	2
396.84329400000047	3
397.30729300000047	4
397.77129200000047	1
398.27429100000046	2
398.79729000000043	3
399.31129000000044	4
399.7882880000005	1
400.2772880000005	2
400.7872880000005	3
401.2962880000005	4
401.7772880000005	1
402.2672870000005	2
402.7582870000005	3
403.2482860000005	4
403.7652850000005	1
404.2772840000005	2
404.7682840000005	3
405.2592840000005	4
405.76028400000047	1
406.25328300000047	2
406.76628200000044	3
407.27428000000043	4
407.7822780000004	1
408.2632780000004	2
408.7632770000004	3
409.2532760000004	4
409.73827500000044	1
410.23527300000046	2
410.74227100000047	3
411.2192690000005	4
411.6962690000005	1
412.22626900000046	2
412.7052690000005	3
413.2042690000005	4
413.7122670000005	1
414.2012650000005	2
414.6912640000005	3
415.13226300000053	4
415.6142630000005	1
416.1092630000005	2
416.6052610000005	3
417.0872610000005	4
417.5972610000005	1
418.1052610000005	2
418.6022590000005	3
419.0832590000005	4
419.56725900000055	1
420.0782590000005	2
420.57025700000054	3
421.06325600000054	4
421.53625500000055	1
422.02225300000055	2
422.52425100000056	3
422.9972490000006	4
423.4902460000006	1
424.00124600000055	2
424.49124600000056	3
424.9592460000006	4
425.4522430000006	1
425.9352420000006	2
426.4172420000006	3
426.8932400000006	4
427.40223900000063	1
427.8912370000006	2
428.3802350000006	3
428.8662330000006	4
429.3562320000006	1
429.8382320000006	2
430.33423000000056	3
430.81822900000054	4
431.2972290000005	1
431.7972290000005	2
432.29622900000055	3
432.77922800000056	4
433.26722800000056	1
433.76122800000053	2
434.25422500000053	3
434.7402230000005	4
435.2362210000005	1
435.7312210000005	2
436.22522100000054	3
436.71622100000053	4
437.20921800000053	1
437.69921700000054	2
438.18921700000055	3
438.66021700000056	4
439.15121700000054	1
439.6642140000005	2
440.13721100000055	3
440.61721100000057	4
441.1072100000006	1
441.62221000000056	2
442.0972100000006	3
442.5732080000006	4
443.0602080000006	1
443.5552080000006	2
444.04920800000065	3
444.54720800000064	4
445.0142080000006	1
445.5052080000006	2
445.9852070000006	3
446.48020700000063	4
446.96820700000063	1
447.47220700000065	2
447.97620700000067	3
448.4802070000007	4
449.0092070000007	1
449.5112050000007	2
450.0032030000007	3
450.50520100000074	4
451.0442010000007	1
451.5562010000007	2
452.0682010000007	3
452.5812000000007	4
453.0932000000007	1
453.6061990000007	2
454.1181990000007	3
454.6101990000007	4
455.1131980000007	1
455.6351980000007	2
456.16819700000065	3
456.69019700000064	4
457.2031960000006	1
457.7151960000006	2
458.2271960000006	3
458.7301950000006	4
459.2421950000006	1
459.7551940000006	2
460.2671940000006	3
460.78019300000057	4
461.29219300000057	1
461.80419300000057	2
462.31719200000055	3
462.82919200000055	4
463.3421910000005	1
463.8541910000005	2
464.3671900000005	3
464.8691900000005	4
465.3811900000005	1
465.8941890000005	2
466.4061890000005	3
466.9191880000005	4
467.4311880000005	1
467.94418700000045	2
468.45618700000045	3