0.01	1
0.39216400000000007	2
0.7743280000000001	3
1.1464920000000003	4
1.5286560000000002	1
1.9108200000000002	2
2.292984	3
2.675148	4
3.057312	1
3.438263	2
3.819214	3
4.200165	4
4.581116	1
4.96328	2
5.3454440000000005	3
5.727608000000001	4
6.109772000000001	1
6.491936000000002	2
6.874100000000002	3
7.2562640000000025	4
7.638428000000003	1
8.020592000000002	2
8.402756000000002	3
8.784920000000001	4
9.167084000000001	1
9.548035	2
9.928986	3
10.284015	4
10.666179	1
11.048343	2
11.430506999999999	3
11.812670999999998	4
12.194834999999998	1
12.576998999999997	2
12.959162999999997	3
13.341326999999996	4
13.723490999999996	1
14.105654999999995	2
14.487818999999995	3
14.869982999999994	4
15.252146999999994	1
15.634310999999993	2
16.016474999999993	3
16.398638999999992	4
16.78080299999999	1
17.16296699999999	2
17.54513099999999	3
17.92729499999999	4
18.30945899999999	1
18.69162299999999	2
19.07378699999999	3
19.45595099999999	4
19.838114999999988	1
20.220278999999987	2
20.602442999999987	3
20.984606999999986	4
21.366770999999986	1
21.748934999999985	2
22.131098999999985	3
22.513262999999984	4
22.885426999999982	1
23.26759099999998	2
23.659754999999983	3
24.041918999999982	4
24.424082999999982	1
24.80624699999998	2
25.18841099999998	3
25.57057499999998	4
25.95273899999998	1
26.33490299999998	2
26.71706699999998	3
27.09923099999998	4
27.481394999999978	1
27.863558999999977	2
28.235722999999975	3
28.617886999999975	4
29.000050999999974	1
29.382214999999974	2
29.764378999999973	3
30.146542999999973	4
30.528706999999972	1
30.910870999999972	2
31.29303499999997	3
31.67519899999997	4
32.057362999999974	1
32.437109999999976	2
32.81685699999998	3
33.19660399999998	4
33.58635099999998	1
33.96851499999998	2
34.350678999999985	3
34.73284299999999	4
35.11500699999999	1
35.497170999999994	2
35.879335	3
36.261499	4
36.643663000000004	1
37.02582700000001	2
37.40799100000001	3
37.79015500000001	4
38.172319000000016	1
38.55448300000002	2
38.93664700000002	3
39.318811000000025	4
39.70097500000003	1
40.08313900000003	2
40.465303000000034	3
40.84746700000004	4
41.22963100000004	1
41.61179500000004	2
41.993959000000046	3
42.37612300000005	4
42.75828700000005	1
43.140451000000056	2
43.52261500000006	3
43.90477900000006	4
44.27694300000007	1
44.65910700000007	2
45.04127100000007	3
45.423435000000076	4
45.80559900000008	1
46.18655000000008	2
46.567501000000085	3
46.95845200000009	4
47.33940300000009	1
47.72035400000009	2
48.101305000000096	3
48.4822560000001	4
48.8632070000001	1
49.245371000000105	2
49.62753500000011	3
50.00969900000011	4
50.391863000000114	1
50.77402700000012	2
51.15619100000012	3
51.538355000000124	4
51.92051900000013	1
52.30268300000013	2
52.68484700000013	3
53.067011000000136	4
53.44917500000014	1
53.83133900000014	2
54.213503000000145	3
54.59566700000015	4
54.97783100000015	1
55.359995000000154	2
55.74215900000016	3
56.12432300000016	4
56.50648700000016	1
56.888651000000166	2
57.27081500000017	3
57.65297900000017	4
58.035143000000176	1
58.41730700000018	2
58.79947100000018	3
59.181635000000185	4
59.56379900000019	1
59.93596300000019	2
60.318127000000196	3
60.7102910000002	4
61.0924550000002	1
61.4746190000002	2
61.856783000000206	3
62.23894700000021	4
62.621111000000205	1
63.00085800000021	2
63.38060500000021	3
63.76035200000021	4
64.1400990000002	1
64.52226300000021	2
64.90442700000021	3
65.28659100000021	4
65.66875500000022	1
66.05091900000022	2
66.43308300000022	3
66.81524700000023	4
67.19741100000023	1
67.57957500000023	2
67.96173900000024	3
68.34390300000024	4
68.72606700000024	1
69.10823100000025	2
69.49039500000025	3
69.87255900000025	4
70.25472300000025	1
70.63688700000026	2
71.01905100000026	3
71.40121500000026	4
71.78337900000027	1
72.16554300000027	2
72.54770700000027	3
72.92987100000028	4
73.31203500000028	1
73.69419900000028	2
74.06636300000028	3
74.44852700000028	4
74.83069100000029	1
75.21285500000029	2
75.59501900000029	3
75.9771830000003	4
76.3693470000003	1
76.7515110000003	2
77.13367500000031	3
77.50583900000031	4
77.88800300000031	1
78.27016700000031	2
78.65233100000032	3
79.03449500000032	4
79.41665900000032	1
79.79882300000033	2
80.18098700000033	3
80.56315100000033	4
80.94531500000033	1
81.32747900000034	2
81.70964300000034	3
82.09180700000034	4
82.47397100000035	1
82.85613500000035	2
83.23829900000035	3
83.62046300000036	4
84.00262700000036	1
84.38479100000036	2
84.76695500000037	3
85.14911900000037	4
85.53128300000037	1
85.91344700000037	2
86.29561100000038	3
86.67777500000038	4
87.05993900000038	1
87.43968600000038	2
87.81943300000037	3
88.20918000000037	4
88.58892700000037	1
88.96867400000036	2
89.34842100000036	3
89.72816800000035	4
90.10791500000036	1
90.49252900000036	2
90.87714300000036	3
91.26175700000036	4
91.64637100000036	1
92.02853500000036	2
92.41069900000036	3
92.79286300000037	4
93.16502700000036	1
93.54719100000037	2
93.92935500000037	3
94.31151900000037	4
94.70368300000038	1
95.08343000000038	2
95.46317700000037	3
95.84292400000037	4
96.22267100000036	1
96.61241800000036	2
96.99216500000036	3
97.37191200000035	4
97.75165900000036	1
98.12627300000035	2
98.51088700000035	3
98.89550100000035	4
99.28011500000035	1
99.66227900000035	2
100.04444300000036	3
100.42660700000036	4
100.80877100000036	1
101.19093500000037	2
101.57309900000037	3
101.95526300000037	4
102.33742700000037	1
102.71959100000038	2
103.10175500000038	3
103.48391900000038	4
103.86608300000039	1
104.24824700000039	2
104.6304110000004	3
105.0125750000004	4
105.3947390000004	1
105.7744860000004	2
106.15423300000039	3
106.53398000000038	4
106.91372700000039	1
107.2958910000004	2
107.6780550000004	3
108.0602190000004	4
108.4423830000004	1
108.82454700000041	2
109.20671100000041	3
109.58887500000041	4
109.97103900000042	1
110.35320300000042	2
110.73536700000042	3
111.11753100000043	4
111.49969500000043	1
111.88185900000043	2
112.26402300000044	3
112.64618700000044	4
113.02835100000044	1
113.41051500000044	2
113.79267900000045	3
114.17484300000045	4
114.55700700000045	1
114.93917100000046	2
115.32133500000046	3
115.70349900000046	4
116.08566300000047	1
116.46782700000047	2
116.84999100000047	3
117.23215500000047	4
117.61431900000048	1
117.99648300000048	2
118.37864700000048	3
118.76081100000049	4
119.14297500000049	1
119.51513900000049	2
119.9073030000005	3
120.2894670000005	4
120.6716310000005	1
121.0525820000005	2
121.4335330000005	3
121.81448400000049	4
122.19543500000049	1
122.57638600000048	2
122.95733700000048	3
123.33828800000047	4
123.71923900000047	1
124.11019000000047	2
124.49114100000047	3
124.87209200000046	4
125.25304300000046	1
125.62618400000045	2
126.00932500000044	3
126.39246600000044	4
126.77560700000043	1
127.15874800000043	2
127.54188900000042	3
127.92503000000042	4
128.3081710000004	1
128.6903350000004	2
129.0724990000004	3
129.45466300000038	4
129.82682700000038	1
130.20899100000037	2
130.59115500000036	3
130.97331900000034	4
131.35548300000033	1
131.73764700000032	2
132.1198110000003	3
132.5019750000003	4
132.8841390000003	1
133.26630300000028	2
133.64846700000027	3
134.03063100000026	4
134.41279500000024	1
134.80374600000025	2
135.18469700000026	3
135.55564800000028	4
135.93659900000029	1
136.3175500000003	2
136.7085010000003	3
137.0894520000003	4
137.47040300000032	1
137.85135400000033	2
138.23230500000034	3
138.61325600000035	4
138.99420700000036	1
139.37515800000037	2
139.75610900000038	3
140.1370600000004	4
140.5180110000004	1
140.9089620000004	2
141.2899130000004	3
141.67086400000042	4
142.05181500000043	1
142.43593700000042	2
142.8200590000004	3
143.2041810000004	4
143.5783030000004	1
143.9624250000004	2
144.34654700000038	3
144.73066900000038	4
145.11479100000037	1
145.48695500000036	2
145.86911900000035	3
146.26128300000033	4
146.64344700000032	1
147.02319400000033	2
147.40294100000034	3
147.78268800000035	4
148.16243500000036	1
148.55218200000036	2
148.93192900000037	3
149.31167600000038	4
149.69142300000038	1
150.07603700000038	2
150.46065100000038	3
150.8352650000004	4
151.2198790000004	1
151.6008300000004	2
151.9917810000004	3
152.3727320000004	4
152.75368300000042	1
153.13463400000043	2
153.50558500000045	3
153.88653600000046	4
154.27748700000046	1
154.65965100000045	2
155.04181500000044	3
155.42397900000043	4
155.80614300000042	1
156.1883070000004	2
156.5704710000004	3
156.95263500000038	4
157.33479900000037	1
157.71696300000036	2
158.09912700000035	3
158.48129100000034	4
158.86345500000033	1
159.24561900000032	2
159.6277830000003	3
160.0099470000003	4
160.39211100000028	1
160.77427500000027	2
161.14643900000027	3
161.52860300000026	4
161.92076700000024	1
162.30293100000023	2
162.67509500000023	3
163.05725900000022	4
163.4494230000002	1
163.83158700000018	2
164.21375100000017	3
164.58591500000017	4
164.96807900000016	1
165.36024300000014	2
165.74240700000013	3
166.12457100000012	4
166.5067350000001	1
166.8888990000001	2
167.27106300000008	3
167.65322700000007	4
168.02539100000007	1
168.40755500000006	2
168.78971900000005	3
169.17188300000004	4
169.55404700000003	1
169.93621100000001	2
170.318375	3
170.700539	4
171.08270299999998	1
171.47486699999996	2
171.84703099999996	3
172.22919499999995	4
172.61135899999994	1
173.00352299999992	2
173.3756869999999	3
173.7578509999999	4
174.1400149999999	1
174.52217899999988	2
174.91434299999986	3
175.28650699999986	4
175.66867099999985	1
176.05083499999984	2
176.43299899999982	3
176.8151629999998	4
177.1973269999998	1
177.5794909999998	2
177.96165499999978	3
178.34381899999977	4
178.72598299999976	1
179.10814699999975	2
179.49031099999974	3
179.87247499999972	4
180.2546389999997	1
180.6368029999997	2
181.0189669999997	3
181.40113099999968	4
181.78329499999967	1
182.16545899999966	2
182.54762299999965	3
182.92978699999964	4
183.31195099999962	1
183.6941149999996	2
184.0762789999996	3
184.4584429999996	4
184.84060699999958	1
185.22277099999957	2
185.60493499999956	3
185.98709899999955	4
186.36926299999953	1
186.75142699999952	2
187.1335909999995	3
187.5057549999995	4
187.8879189999995	1
188.28008299999948	2
188.66224699999947	3
189.04441099999946	4
189.42657499999945	1
189.80873899999943	2
190.19090299999942	3
190.5730669999994	4
190.9552309999994	1
191.3373949999994	2
191.71955899999938	3
192.10172299999937	4
192.48388699999936	1
192.86605099999935	2
193.24821499999933	3
193.63037899999932	4
194.0125429999993	1
194.3947069999993	2
194.7668709999993	3
195.1490349999993	4
195.53119899999928	1
195.91336299999926	2
196.29552699999925	3
196.67769099999924	4
197.06985499999922	1
197.4520189999992	2
197.8341829999992	3
198.2063469999992	4
198.5885109999992	1
198.97067499999918	2
199.35283899999916	3
199.73500299999915	4
200.11716699999914	1
200.49933099999913	2
200.88149499999912	3
201.2636589999991	4
201.6458229999991	1
202.0255699999991	2
202.40531699999912	3
202.78506399999912	4
203.17481099999912	1
203.55455799999913	2
203.94430499999913	3
204.32405199999914	4
204.70379899999915	1
205.07841299999916	2
205.46302699999916	3
205.84764099999916	4
206.23225499999916	1
206.60686899999916	2
206.99148299999916	3
207.37609699999916	4
207.76071099999916	1
208.1357109999992	2
208.52071099999918	3
208.89571099999918	4
209.28786699999907	1
209.67286699999917	2
210.04786699999917	3
210.4328669999992	4
210.81786699999918	1
211.19761399999916	2
211.57736099999917	3
211.95710799999918	4
212.3368549999992	1
212.71901899999918	2
213.11118299999916	3
213.49334699999915	4
213.86551099999915	1
214.24767499999913	2
214.62983899999912	3
215.0120029999991	4
215.3941669999991	1
215.7763309999991	2
216.15849499999908	3
216.54065899999907	4
216.92282299999906	1
217.30498699999904	2
217.68715099999903	3
218.06931499999902	4
218.451478999999	1
218.833642999999	2
219.215806999999	3
219.59797099999898	4
219.98013499999897	1
220.36229899999896	2
220.74446299999894	3
221.12662699999893	4
221.50879099999892	1
221.8909549999989	2
222.2731189999989	3
222.6552829999989	4
223.03744699999888	1
223.41961099999887	2
223.80177499999886	3
224.18393899999884	4
224.55610299999884	1
224.94826699999882	2
225.3304309999988	3
225.7125949999988	4
226.0947589999988	1
226.47692299999878	2
226.85908699999877	3
227.24125099999875	4
227.62341499999874	1
227.99557899999874	2
228.38774299999872	3
228.7699069999987	4
229.1520709999987	1
229.5342349999987	2
229.9063989999987	3
230.28856299999867	4
230.68072699999865	1
231.06289099999864	2
231.43505499999864	3
231.81721899999863	4
232.2093829999986	1
232.5915469999986	2
232.9737109999986	3
233.34587499999859	4
233.72803899999857	1
234.12020299999855	2
234.50236699999854	3
234.88453099999853	4
235.2466949999985	1
235.63885899999852	2
236.0210229999985	3
236.4031869999985	4
236.78535099999849	1
237.16751499999847	2
237.54967899999846	3
237.93184299999845	4
238.32400699999843	1