0.0	1
0.5	2
1.0	3
1.5	4
2.0	1
2.5	2
3.0	3
3.5	4
4.0	1
4.5	2
5.0	3
5.5	4
5.99	1
6.49	2
6.99	3
7.49	4
7.99	1
8.49	2
8.99	3
9.49	4
10.0	1
10.5	2
11.0	3
11.5	4
12.0	1
12.49	2
12.99	3
13.49	4
13.99	1
14.49	2
14.99	3
15.49	4
15.99	1
16.49	2
16.99	3
17.49	4
17.99	1
18.49	2
18.99	3
19.49	4
19.99	1
20.49	2
20.99	3
21.49	4
21.99	1
22.49	2
22.99	3
23.49	4
23.99	1
24.49	2
24.99	3
25.49	4
25.99	1
26.49	2
26.99	3
27.49	4
27.99	1
28.49	2
28.99	3
29.49	4
29.99	1
30.49	2
30.99	3
31.49	4
31.99	1
32.49	2
32.99	3
33.49	4
33.99	1
34.49	2
34.99	3
35.49	4
35.99	1
36.49	2
36.99	3
37.5	4
38.0	1
38.49	2
38.99	3
39.49	4
39.99	1
40.49	2
40.99	3
41.49	4
41.99	1
42.49	2
42.99	3
43.5	4
44.0	1
44.49	2
44.99	3
45.49	4
45.99	1
46.49	2
46.99	3
47.49	4
47.99	1
48.49	2
48.99	3
49.49	4
49.99	1
50.49	2
50.99	3
51.49	4
51.99	1
52.49	2
52.99	3
53.49	4
53.99	1
54.49	2
54.99	3
55.49	4
55.99	1
56.49	2
56.99	3
57.49	4
57.99	1
58.49	2
58.99	3
59.49	4
59.99	1
60.49	2
60.99	3
61.49	4
61.99	1
62.49	2
62.99	3
63.49	4
63.99	1
64.49	2
64.99	3
65.49	4
65.99	1
66.49	2
66.99	3
67.49	4
67.99	1
68.49	2
68.99	3
69.49	4
69.99	1