0.0	1
0.463498	2
0.916996	3
1.3904940000000001	4
1.853992	1
2.3174900000000003	2
2.7809880000000002	3
3.244486	4
3.707984	1
4.161482	2
4.64098	3
5.110478	4
5.6309759999999995	1
6.139474	2
6.584972	3
7.0814699999999995	4
7.567968	1
7.994711000000001	2
8.421454	3
8.850025	4
9.278596	1
9.713378	2
10.14816	3
10.65816	4
11.15816	1
11.70016	2
12.30916	3
12.904160000000001	4
13.521160000000002	1
14.106160000000003	2
14.709160000000002	3
15.304160000000003	4
15.901160000000003	1
16.510160000000006	2
17.098160000000004	3
17.713160000000006	4
18.316160000000007	1
18.907160000000008	2
19.49816000000001	3
20.110160000000008	4
20.697160000000007	1
21.282160000000008	2
21.869160000000008	3
22.47616000000001	4
23.085160000000013	1
23.69416000000001	2
24.271160000000013	3
24.87816000000001	4
25.46516000000001	1
26.068160000000013	2
26.671160000000015	3
27.274160000000013	4
27.862160000000014	1
28.468160000000015	2
29.06416000000001	3
29.661160000000013	4
30.252160000000014	1
30.853160000000017	2
31.459160000000015	3
32.04116000000001	4
32.63216000000001	1
33.244160000000015	2
33.81616000000002	3
34.42816000000002	4
34.99816000000002	1
35.61016000000002	2
36.21316000000002	3
36.80516000000002	4
37.40216000000002	1
37.999160000000025	2
38.59816000000003	3
39.17816000000003	4
39.78716000000003	1
40.38116000000003	2
40.98116000000003	3
41.58416000000003	4
42.187160000000034	1
42.775160000000035	2
43.33516000000004	3
43.950159000000035	4
44.550159000000036	1
45.15615900000004	2
45.75415900000004	3
46.373159000000044	4
46.97215900000004	1
47.56615900000004	2
48.156159000000045	3
48.747159000000046	4
49.33815900000005	1
49.939159000000046	2
50.544158000000046	3
51.13815800000005	4
51.74115800000005	1
52.33515800000005	2
52.92615800000005	3
53.52915800000005	4
54.10815800000005	1
54.714158000000054	2
55.302158000000055	3
55.91415800000006	4
56.49915800000006	1
57.09915800000006	2
57.69915800000006	3
58.29315800000006	4
58.88715800000006	1
59.481158000000065	2
60.075158000000066	3
60.67515800000007	4
61.26915800000007	1
61.86915800000007	2
62.46915800000007	3
63.04815800000007	4
63.68115800000007	1
64.28115800000006	2
64.89715800000006	3
65.47315800000007	4
66.07915800000006	1
66.67315800000006	2
67.25715800000005	3
67.85215800000005	4
68.43615800000003	1
69.04815800000003	2
69.66015800000002	3
70.25115800000002	4
70.85215800000002	1
71.44315800000001	2
72.043158	3
72.655158	4
73.237158	1
73.83415799999999	2
74.42115799999998	3
75.02815799999998	4
75.63415799999997	1
76.23015799999996	2
76.81315799999997	3
77.42815699999997	4
78.01315699999998	1
78.61315699999997	2
79.21315699999997	3
79.79715699999996	4
80.37615699999996	1
80.97915699999996	2
81.56615699999995	3
82.18315699999995	4
82.77715699999995	1
83.38015699999994	2
83.97915699999993	3
84.55515699999994	4
85.17915699999993	1
85.75815699999994	2
86.36615699999993	3
86.96115699999993	4
87.56715699999992	1
88.16115699999992	2
88.76415699999991	3
89.3581569999999	4
89.9521569999999	1
90.53615699999989	2
91.13615699999988	3
91.74415699999989	4
92.33821599999989	1
92.94427499999989	2
93.53033399999988	3
94.14334899999989	4
94.72936399999989	1
95.34037899999988	2
95.92037899999988	3
96.52537899999987	4
97.11937899999987	1
97.73137899999986	2
98.32837899999986	3
98.92237899999985	4
99.49637899999985	1
100.10037899999983	2
100.69437899999983	3
101.30737899999983	4
101.89561199999983	1
102.48661199999982	2
103.09261199999982	3
103.68461199999983	4
104.27161199999982	1
104.88061199999981	2
105.45884499999981	3
106.08384499999981	4
106.67084499999982	1
107.2758449999998	2
107.8828449999998	3
108.4708449999998	4
109.01984499999979	1
109.64984399999979	2
110.23584399999977	3
110.85784399999979	4
111.44384399999979	1
112.05284399999978	2
112.64384399999977	3
113.23484399999977	4
113.84984399999976	1
114.46508699999977	2
115.05408699999978	3
115.64508699999978	4
116.23008699999977	1
116.81808699999976	2
117.43308599999976	3
118.01508599999976	4
118.61208599999975	1
119.22108599999974	2
119.82408599999974	3
120.40808599999973	4
121.00208599999972	1
121.59608599999972	2
122.19308599999971	3
122.78208599999972	4
123.38808599999972	1
123.99108599999971	2
124.5790859999997	3
125.1780859999997	4
125.7700859999997	1
126.36708599999969	2
126.95208599999968	3
127.53708599999968	4
128.12808599999966	1
128.74308499999967	2
129.34908499999966	3
129.94308499999966	4
130.52708499999966	1
131.13908499999965	2
131.73308499999965	3
132.38308399999966	4
133.20408399999963	1
133.82708399999964	2
134.41908399999963	3
135.00708399999962	4
135.61008399999963	1
136.19808399999962	2
136.78608399999962	3
137.37708399999963	4
137.97108399999962	1
138.59208399999963	2
139.19208399999962	3
139.77008399999963	4
140.3680839999996	1
140.95808399999962	2
141.5580839999996	3
142.1460839999996	4
142.7490839999996	1
143.3620839999996	2
143.95508399999963	3
144.55908399999961	4
145.14731699999962	1
145.74231699999964	2
146.34431699999962	3
146.92831699999962	4
147.51031699999962	1
148.11931699999963	2
148.7233169999996	3
149.30831699999962	4
149.89331699999963	1
150.48931699999963	2
151.09531699999962	3
151.68631699999963	4
152.29831699999963	1
152.89831699999962	2
153.49331599999962	3
154.12731599999964	4
154.70331599999963	1
155.27931599999962	2
155.87031599999963	3
156.47031599999963	4
157.0303159999996	1
157.64331599999963	2
158.24631599999964	3
158.88131599999963	4
159.44631599999965	1
160.05531599999966	2
160.65531599999966	3
161.25031599999966	4
161.83531599999966	1
162.43131599999967	2
163.02431599999966	3
163.63931599999967	4
164.2163159999997	1
164.8493159999997	2
165.4253159999997	3
166.03531599999968	4
166.63531599999968	1
167.23731599999968	2
167.83554899999967	3
168.42378199999968	4
168.9963049999997	1
169.62230499999967	2
170.21230499999967	3
170.81330499999967	4
171.39130499999968	1
171.99930499999968	2
172.57530499999967	3
173.20030499999967	4
173.78030499999966	1
174.39930499999969	2
175.00530499999968	3
175.61230499999968	4
176.18430499999968	1
176.7753049999997	2
177.3663049999997	3
177.9673049999997	4
178.5613049999997	1
179.1453049999997	2
179.7483049999997	3
180.3483049999997	4
180.9483049999997	1
181.5483049999997	2
182.12930499999968	3
182.7403049999997	4
183.3313049999997	1
183.9473049999997	2
184.55330499999968	3
185.1443049999997	4
185.71530499999972	1
186.32830499999972	2
186.92236399999973	3
187.53236399999972	4
188.1323639999997	1
188.73636399999972	2
189.33036399999972	3
189.9413639999997	4
190.53236399999972	1
191.13936399999974	2
191.73636399999975	3
192.34336399999972	4
192.91936399999972	1
193.4953639999997	2
194.0893639999997	3
194.6933639999997	4
195.29636399999967	1
195.88136399999968	2
196.4723639999997	3
197.0653639999997	4
197.6723639999997	1
198.2573639999997	2
198.8843639999997	3
199.4633639999997	4
200.0723639999997	1
200.66536399999973	2
201.25649599999971	3
201.8394959999997	4
202.4634959999997	1
203.0354959999997	2