0.01	1
0.639802	2
1.279604	3
1.919406	4
2.559208	1
3.19901	2
3.838812	3
4.4686140000000005	4
5.108416	1
5.738218	2
6.378019999999999	3
7.027821999999999	4
7.657623999999998	1
8.301778999999998	2
8.945933999999998	3
9.600088999999997	4
10.244243999999997	1
10.885398999999996	2
11.536553999999995	3
12.177708999999995	4
12.818863999999994	1
13.464519999999995	2
14.110175999999996	3
14.755831999999996	4
15.401487999999997	1
16.038401999999994	2
16.685315999999993	3
17.332229999999992	4
17.97914399999999	1
18.62605799999999	2
19.27297199999999	3
19.92988599999999	4
20.566799999999986	1
21.199963999999987	2
21.853127999999984	3
22.496291999999983	4
23.149455999999983	1
23.78936999999998	2
24.43928399999998	3
25.08919799999998	4
25.72911199999998	1
26.37435499999998	2
27.01959799999998	3
27.67484099999998	4
28.32008399999998	1
28.95482799999998	2
29.599571999999984	3
30.244315999999987	4
30.87905999999999	1
31.530618999999987	2
32.182177999999986	3
32.833736999999985	4
33.475295999999986	1
34.12160499999999	2
34.76791399999999	3
35.404222999999995	4
36.050532	1
36.68908999999999	2
37.337647999999994	3
37.996206	4
38.644764	1
39.277322999999996	2
39.919881999999994	3
40.56244099999999	4
41.19499999999999	1
41.84655899999999	2
42.50811799999999	3
43.14967699999999	4
43.80123599999999	1
44.41917799999999	2
45.07711999999999	3
45.705061999999984	4
46.34300399999998	1
47.01174299999998	2
47.66048199999998	3
48.30922099999998	4
48.95795999999998	1
49.59369899999997	2
50.22943799999997	3
50.87517699999997	4
51.52091599999997	1
52.16665499999997	2
52.81239399999997	3
53.45813299999997	4
54.10387199999997	1
54.76885999999997	2
55.413847999999966	3
56.04883599999996	4
56.69382399999996	1
57.35093999999996	2
57.998055999999956	3
58.63517199999995	4
59.282287999999944	1
59.92115299999995	2
60.570017999999955	3
61.20888299999996	4
61.84774799999996	1
62.50091099999996	2
63.15407399999996	3
63.787236999999955	4
64.44039999999995	1
65.07471299999995	2
65.71902599999994	3
66.36333899999994	4
67.00765199999994	1
67.69871599999995	2
68.29977999999996	3
68.99084399999995	4
69.63190799999997	1
70.27772099999997	2
70.92353399999998	3
71.55934699999997	4
72.20515999999998	1
72.86347399999997	2
73.50178799999996	3
74.14010199999996	4
74.77841599999995	1
75.42172999999995	2
76.07504399999995	3
76.71835799999994	4
77.37167199999993	1
78.02673599999994	2
78.68179999999994	3
79.30686399999995	4
79.95192799999995	1
80.60149199999995	2
81.25105599999995	3
81.89061999999994	4
82.54018399999994	1
83.17999699999994	2
83.81980999999995	3
84.45962299999995	4
85.10943599999996	1
85.75599999999996	2
86.40256399999996	3
87.04912799999995	4
87.68569199999995	1
88.33825499999995	2
89.00081799999995	3
89.66338099999996	4
90.30594399999995	1
90.94500799999996	2
91.58407199999996	3
92.23313599999997	4
92.87219999999998	1
93.52104299999998	2
94.16988599999998	3
94.80872899999997	4
95.45757199999997	1
96.10041499999997	2
96.75325799999997	3
97.38610099999997	4
98.02894399999997	1
98.68853699999997	2
99.32812999999996	3
99.97772299999995	4
100.62731599999995	1
101.27240899999995	2
101.90750199999995	3
102.54259499999996	4
103.18768799999997	1
103.83053099999997	2
104.49337399999996	3
105.12621699999995	4
105.76905999999995	1
106.41640299999996	2
107.07374599999997	3
107.72108899999998	4
108.35843199999998	1
108.998775	2
109.649118	3
110.29946100000001	4
110.94980400000001	1
111.59714700000002	2
112.25449000000002	3
112.90183300000002	4
113.53917600000004	1
114.17451900000005	2
114.81986200000004	3
115.45520500000005	4
116.11054800000007	1
116.74489100000007	2
117.38923400000007	3
118.03357700000008	4
118.67792000000009	1
119.3360130000001	2
119.9841060000001	3
120.6221990000001	4
121.2702920000001	1
121.9101340000001	2
122.5499760000001	3
123.1898180000001	4
123.8296600000001	1
124.4665030000001	2
125.1233460000001	3
125.7601890000001	4
126.3970320000001	1
127.0387700000001	2
127.69050800000011	3
128.3422460000001	4
128.9839840000001	1
129.6407230000001	2
130.2774620000001	3
130.9342010000001	4
131.58094000000006	1
132.20717900000008	2
132.8534180000001	3
133.4996570000001	4
134.1458960000001	1
134.7898850000001	2
135.43387400000012	3
136.0678630000001	4
136.72185200000013	1
137.3453410000001	2
138.0088300000001	3
138.65231900000012	4
139.28580800000012	1
139.9573730000001	2
140.6089380000001	3
141.2405030000001	4
141.9020680000001	1
142.5552790000001	2
143.1984900000001	3
143.8417010000001	4
144.48491200000012	1
145.12587300000013	2
145.76683400000013	3
146.40779500000014	4
147.04875600000014	1
147.69496700000013	2
148.34117800000013	3
148.98738900000012	4
149.63360000000011	1
150.31881100000012	2
150.96402200000014	3
151.59923300000014	4
152.25444400000015	1
152.89240400000014	2
153.53036400000013	3
154.15832400000014	4
154.80628400000012	1
155.45924500000012	2
156.11220600000013	3
156.75516700000014	4
157.39812800000013	1
158.05908900000014	2
158.70005000000015	3
159.34101100000015	4
159.99197200000015	1
160.62490100000016	2
161.26783000000017	3
161.91075900000018	4
162.56368800000018	1
163.1903670000002	2
163.8370460000002	3
164.48372500000022	4
165.13040400000023	1
165.77258300000022	2
166.42476200000021	3
167.05694100000022	4
167.69912000000022	1
168.35429900000022	2
168.97947800000023	3
169.65465700000024	4
170.29983600000025	1
170.94651500000026	2
171.59319400000027	3
172.23987300000027	4
172.88655200000028	1
173.53055400000028	2
174.17455600000028	3
174.8085580000003	4
175.4525600000003	1
176.0903120000003	2
176.71806400000028	3
177.36581600000028	4
178.01356800000028	1
178.66907000000026	2
179.32457200000027	3
179.97007400000027	4
180.61557600000026	1
181.26332800000026	2
181.91108000000025	3
182.54883200000023	4
183.18658400000024	1
183.82983600000023	2
184.47308800000022	3
185.1263400000002	4
185.7795920000002	1
186.4228440000002	2
187.0660960000002	3
187.70934800000018	4
188.35260000000017	1
188.99135200000018	2
189.6301040000002	3
190.2688560000002	4
190.9076080000002	1
191.57086000000018	2
192.21411200000017	3
192.83736400000018	4
193.50061600000015	1
194.14836800000015	2
194.78612000000015	3
195.43387200000015	4
196.08162400000015	1
196.73012500000016	2
197.36862600000018	3
198.0171270000002	4
198.6656280000002	1
199.32113000000018	2
199.95663200000018	3
200.60213400000018	4
201.24763600000017	1
201.90238800000017	2
202.54714000000018	3
203.1818920000002	4
203.82664400000021	1
204.4828960000002	2
205.11914800000022	3
205.7554000000002	4
206.4016520000002	1
207.04790400000022	2
207.68415600000023	3
208.33040800000023	4
208.98666000000023	1
209.62841200000022	2
210.27016400000022	3
210.90191600000023	4
211.56366800000023	1
212.22393100000022	2
212.87419400000022	3
213.5244570000002	4
214.1747200000002	1
214.82198300000022	2
215.46924600000023	3
216.10650900000024	4
216.75377200000025	1
217.39028400000024	2
218.03679600000024	3
218.68330800000024	4
219.32982000000024	1
219.96583300000023	2
220.62184600000023	3
221.26785900000021	4
221.9038720000002	1
222.53663500000022	2
223.17939800000022	3
223.82216100000022	4
224.46492400000022	1
225.11143600000023	2
225.75794800000023	3
226.41446000000022	4
227.05097200000023	1
227.7044840000002	2
228.3379960000002	3
228.99150800000018	4
229.6250200000002	1
230.2652830000002	2
230.9055460000002	3