0.01	1
0.47735	2
0.9347	3
1.40205	4
1.8594	1
2.32675	2
2.7741000000000002	3
3.25145	4
3.7288000000000006	1
4.197550000000001	2
4.666300000000001	3
5.135050000000001	4
5.6138	1
6.08255	2
6.5513	3
7.02005	4
7.4888	1
7.95755	2
8.426300000000001	3
8.895050000000001	4
9.363800000000001	1
9.832550000000001	2
10.301300000000001	3
10.770050000000001	4
11.238800000000001	1
11.707550000000001	2
12.166300000000001	3
12.635050000000001	4
13.113800000000001	1
13.582550000000001	2
14.051300000000001	3
14.510050000000001	4
14.978800000000001	1
15.447550000000001	2
15.916300000000001	3
16.38505	4
16.8638	1
17.33255	2
17.8013	3
18.26005	4
18.7288	1
19.19755	2
19.6663	3
20.13505	4
20.6138	1
21.08255	2
21.5513	3
22.02005	4
22.4888	1
22.94755	2
23.4163	3
23.88505	4
24.3638	1
24.83255	2
25.3013	3
25.77005	4
26.2388	1
26.70755	2
27.1763	3
27.63505	4
28.1138	1
28.58255	2
29.0513	3
29.51005	4
29.9788	1
30.44755	2
30.9163	3
31.38505	4
31.8638	1
32.33255	2
32.8013	3
33.27005	4
33.7388	1
34.20755	2
34.6663	3
35.13505	4
35.6138	1
36.08255	2
36.5513	3
37.01005	4
37.4788	1
37.94755	2
38.4163	3
38.88505	4
39.3638	1
39.83255	2
40.3013	3
40.77005	4
41.2388	1
41.70755	2
42.1663	3
42.63505	4
43.1138	1
43.58255	2
44.0513	3
44.52005	4
44.9888	1
45.45755	2
45.9163	3
46.38505	4
46.8638	1
47.33255	2
47.8013	3
48.27005	4
48.7388	1
49.20755	2
49.6763	3
50.14505	4
50.6138	1
51.08255	2
51.5513	3
52.01005	4
52.4788	1
52.94755	2
53.4163	3
53.88505	4
54.3638	1
54.83255	2
55.3013	3
55.77005	4
56.2288	1
56.687549999999995	2
57.1663	3
57.63505	4
58.1138	1
58.58255	2
59.0513	3
59.52005	4
59.9788	1
60.44755	2
60.9163	3
61.38505	4
61.8638	1
62.33255	2
62.8013	3
63.27005	4
63.7388	1
64.20755	2
64.66629999999999	3
65.13504999999999	4
65.6138	1
66.08255	2
66.5513	3
67.02005	4
67.4888	1
67.94754999999999	2
68.41629999999999	3
68.88504999999999	4
69.3638	1
69.83255	2
70.3013	3
70.77005	4
71.2388	1
71.69754999999999	2
72.16629999999999	3
72.63504999999999	4
73.1138	1
73.58255	2
74.0513	3
74.52005	4
74.9888	1
75.44754999999999	2
75.91629999999999	3
76.38504999999999	4
76.8638	1
77.33255	2
77.8013	3
78.27005	4
78.7388	1
79.20755	2
79.66629999999999	3
80.13504999999999	4
80.6138	1
81.08255	2
81.5513	3
82.02005	4
82.4888	1
82.94754999999999	2
83.41629999999999	3
83.88504999999999	4
84.3638	1
84.83255	2
85.3013	3
85.76004999999999	4
86.2388	1
86.70755	2
87.16629999999999	3
87.63504999999999	4
88.1138	1
88.58255	2
89.0513	3
89.52005	4
89.9888	1
90.45755	2
90.9263	3
91.38504999999999	4
91.8638	1
92.33255	2
92.8013	3
93.27005	4
93.7388	1
94.20755	2
94.66629999999999	3
95.13504999999999	4
95.6138	1
96.08255	2
96.5513	3
97.02005	4
97.4888	1
97.95755	2
98.4263	3
98.88504999999999	4
99.3638	1
99.83255	2
100.3013	3
100.77005	4
101.2388	1
101.70755	2
102.1763	3
102.63504999999999	4
103.1138	1
103.58255	2
104.0513	3
104.52005	4
104.9888	1
105.45755	2
105.9263	3
106.38504999999999	4
106.8638	1
107.33255	2
107.8013	3
108.27005	4
108.7388	1
109.20755	2
109.66629999999999	3
110.13504999999999	4
110.6138	1
111.08255	2
111.5513	3
112.02005	4
112.47879999999999	1
112.94754999999999	2
113.41629999999999	3
113.88504999999999	4
114.3638	1
114.83255	2
115.3013	3
115.77005	4
116.2388	1
116.70755	2
117.1763	3
117.63504999999999	4
118.1138	1
118.58255	2
119.0513	3
119.52005	4
119.9888	1
120.46755	2
120.9463	3
121.41505	4
121.8738	1
122.34255	2
122.8113	3
123.26004999999999	4
123.7388	1
124.20755	2
124.66629999999999	3
125.13504999999999	4
125.6138	1
126.08255	2
126.5513	3
127.02005	4
127.4888	1
127.95755	2
128.4263	3
128.89505	4
129.3638	1
129.83255	2
130.3013	3
130.77005	4
131.2388	1
131.70755	2
132.1763	3
132.64505	4
133.1138	1
133.58255	2
134.0513	3
134.52005	4
134.9888	1
135.45755	2
135.9263	3
136.38505	4
136.8638	1
137.33255	2
137.8013	3
138.27005	4
138.7388	1
139.20755	2
139.6663	3
140.13505	4
140.6138	1
141.08255	2
141.5513	3
142.02005	4
142.4888	1
142.94755	2
143.4163	3
143.88505	4
144.3638	1
144.83255	2
145.3013	3
145.77005	4
146.2388	1
146.70755	2
147.1763	3
147.64505	4
148.1138	1
148.58255	2
149.0513	3
149.52005	4
149.9888	1
150.45755	2
150.9263	3
151.39505	4
151.8638	1
152.33255	2
152.8013	3
153.27005	4
153.7388	1
154.20755	2
154.6763	3
155.14505	4
155.6138	1
156.08255	2
156.5513	3
157.02005	4
157.4888	1
157.95755	2
158.4263	3
158.89505	4
159.3638	1
159.83255	2
160.3013	3
160.77005	4
161.2288	1
161.70755	2
162.1763	3
162.64505	4
163.1138	1
163.58255	2
164.0513	3
164.52005	4
164.9888	1
165.45755	2
165.9263	3
166.39505	4
166.8638	1
167.33255	2
167.8013	3
168.27005	4
168.7388	1
169.20755	2
169.6763	3
170.14505	4
170.6138	1
171.08255	2
171.5513	3
172.02005	4
172.4888	1
172.95755	2
173.4263	3
173.89505	4
174.3638	1
174.83255	2
175.3013	3
175.77005	4
176.2388	1
176.70755	2
177.1763	3
177.64505	4
178.1138	1
178.58255	2
179.0413	3
179.52005	4
179.9888	1
180.45755	2
180.9263	3
181.39505	4
181.8638	1
182.33255	2
182.7913	3
183.27005	4
183.7388	1
184.20755	2
184.6763	3
185.14505	4
185.6138	1
186.08255	2
186.5513	3
187.02005	4
187.4888	1
187.95755	2
188.4263	3
188.89505	4
189.3638	1
189.83255	2
190.2913	3
190.76005	4
191.2288	1
191.69755	2
192.1663	3
192.64505	4
193.1238	1
193.59255	2
194.0513	3
194.52005	4
194.9888	1
195.45755	2
195.9263	3
196.39505	4
196.8638	1
197.33255	2
197.8013	3
198.27005	4
198.7288	1
199.19755	2
199.6663	3
200.13505	4
200.6138	1
201.08255	2
201.5513	3
202.01005	4
202.4788	1
202.94755	2
203.4163	3
203.88505	4
204.3638	1
204.83255	2
205.3013	3
205.76005	4
206.2288	1
206.69755	2
207.1663	3
207.63505	4
208.1138	1
208.58255	2
209.0513	3
209.52005	4
209.9888	1
210.44755	2
210.9163	3
211.38505	4
211.8638	1
212.33255	2
212.8013	3
213.27005	4
213.7388	1
214.19755	2
214.6663	3
215.13505	4
215.6138	1
216.08255	2
216.5513	3
217.02005	4
217.4888	1
217.94755	2
218.4163	3
218.88505	4
219.3638	1
219.83255	2
220.3013	3
220.76005	4
221.2288	1
221.69755	2
222.1663	3
222.63505	4
223.1138	1
223.58255	2
224.0513	3
224.52005	4
224.9888	1
225.45755	2
225.9263	3
226.39505	4
226.8638	1
227.33255	2
227.8013	3
228.27005	4
228.7388	1
229.19755	2
229.6663	3
230.13505	4
230.6138	1
231.08255	2
231.5513	3
232.02005	4
232.4888	1
232.94755	2
233.4163	3
233.88505	4
234.3638	1
234.83255	2
235.3013	3
235.76005	4
236.2288	1
236.69755	2
237.1663	3
237.63505	4
238.1138	1
238.58255	2
239.0513	3
239.52005	4
239.9888	1
240.45755	2
240.9163	3
241.38505	4
241.8638	1
242.33255	2
242.8013	3
243.27005	4
243.7188	1
244.19755	2
244.6663	3
245.13505	4
245.6038	1
246.06255	2
246.5413	3
247.01005	4
247.4788	1
247.94755	2
248.4163	3
248.89505	4
249.3638	1
249.83255	2
250.3013	3
250.77005	4
251.2388	1
251.70755	2
252.1763	3
252.63505	4
253.1138	1
253.58255	2
254.0513	3
254.52005	4
254.9888	1
255.45755	2
255.9263	3
256.39504999999997	4
256.86379999999997	1
257.33254999999997	2
257.7913	3
258.27004999999997	4
258.73879999999997	1
259.20754999999997	2
259.67629999999997	3
260.14504999999997	4
260.61379999999997	1
261.08254999999997	2
261.55129999999997	3
262.02004999999997	4
262.4788	1
262.95754999999997	2
263.42629999999997	3
263.89504999999997	4
264.36379999999997	1
264.83254999999997	2
265.30129999999997	3
265.77004999999997	4
266.23879999999997	1
266.70754999999997	2
267.17629999999997	3
267.64504999999997	4
268.11379999999997	1
268.58254999999997	2
269.05129999999997	3
269.52004999999997	4
269.98879999999997	1
270.45754999999997	2
270.92629999999997	3
271.39504999999997	4
271.86379999999997	1
272.33254999999997	2
272.80129999999997	3
273.27004999999997	4
273.73879999999997	1
274.20754999999997	2
274.6663	3
275.13505	4
275.61379999999997	1
276.07255	2
276.5313	3
277.00005	4
277.48879999999997	1
277.95754999999997	2
278.42629999999997	3
278.89504999999997	4
279.36379999999997	1
279.83254999999997	2
280.30129999999997	3
280.77004999999997	4
281.24879999999996	1
281.71754999999996	2
282.18629999999996	3
282.65504999999996	4
283.12379999999996	1
283.59254999999996	2
284.06129999999996	3
284.52004999999997	4
284.98879999999997	1
285.44755	2
285.9163	3
286.38505	4
286.86379999999997	1
287.33254999999997	2
287.80129999999997	3
288.26005	4
288.73879999999997	1
289.20754999999997	2
289.6663	3
290.13505	4
290.61379999999997	1
291.08254999999997	2
291.55129999999997	3
292.02004999999997	4
292.48879999999997	1
292.95754999999997	2
293.4163	3
293.88505	4
294.36379999999997	1
294.83254999999997	2
295.30129999999997	3
295.77004999999997	4
296.23879999999997	1
296.70754999999997	2
297.17629999999997	3
297.64504999999997	4
298.11379999999997	1
298.58254999999997	2
299.05129999999997	3
299.52004999999997	4
299.98879999999997	1
300.45754999999997	2
300.92629999999997	3
301.38505	4
301.86379999999997	1
302.33254999999997	2
302.80129999999997	3
303.26005	4
303.73879999999997	1