0.0	1
0.5	2
1.0	3
1.5	4
2.0	1
2.5	2
3.0	3
3.5	4
4.0	1
4.5	2
5.0	3
5.5	4
6.0	1
6.5	2
7.0	3
7.51	4
8.01	1
8.49	2
9.0	3
9.48	4
9.99	1
10.51	2
10.98	3
11.48	4
11.98	1
12.49	2
12.99	3
13.49	4
13.97	1
14.49	2
14.99	3
15.49	4
15.98	1
16.49	2
16.99	3
17.49	4
17.98	1
18.51	2
19.0	3
19.49	4
19.99	1
20.48	2
21.0	3
21.5	4
22.0	1
22.5	2
23.0	3
23.5	4
24.0	1
24.5	2
25.0	3
25.49	4
25.99	1
26.49	2
26.99	3
27.49	4
27.99	1
28.49	2
28.99	3
29.5	4
30.0	1
30.5	2
30.99	3
31.5	4
32.0	1
32.5	2
33.0	3
33.49	4
33.99	1
34.49	2
34.99	3
35.49	4
35.99	1
36.49	2
36.99	3
37.49	4
37.99	1
38.49	2
38.99	3
39.5	4
40.0	1
40.5	2
40.99	3
41.49	4
42.0	1
42.5	2
43.0	3
43.5	4
44.0	1
44.5	2
45.0	3
45.5	4
46.0	1
46.5	2
47.0	3
47.5	4
48.0	1
48.5	2
49.0	3
49.5	4
50.0	1
50.5	2
51.0	3
51.5	4
52.0	1
52.5	2
53.0	3
53.5	4
53.99	1
54.49	2
54.99	3
55.49	4
55.99	1
56.49	2
57.0	3
57.5	4
57.99	1
58.5	2
59.0	3
59.5	4
60.0	1
60.5	2
61.0	3
61.5	4
62.0	1
62.5	2
63.0	3
63.5	4
63.99	1
64.49	2
64.99	3
65.49	4
65.99	1
66.5	2
67.0	3
67.5	4
68.0	1
68.5	2
69.0	3
69.5	4
70.0	1
70.5	2
70.99	3
71.49	4
71.99	1
72.5	2
73.0	3
73.5	4
74.0	1
74.5	2
75.0	3
75.5	4
76.0	1
76.5	2
77.0	3
77.5	4
78.0	1
78.5	2
79.0	3
79.5	4
80.0	1
80.5	2
81.0	3
81.5	4
82.0	1
82.5	2
82.99	3
83.49	4
84.0	1
84.5	2
85.0	3
85.5	4
86.0	1
86.5	2
87.0	3
87.5	4
88.0	1
88.5	2
89.0	3
89.5	4
90.0	1
90.5	2
91.0	3
91.5	4
92.0	1
92.5	2
93.0	3
93.5	4
93.99	1
94.49	2
95.0	3
95.5	4
96.0	1
96.5	2
97.0	3
97.49	4
97.99	1
98.49	2
98.97	3
99.49	4
99.99	1
100.49	2
100.99	3
101.49	4
101.99	1
102.49	2
102.99	3
103.49	4
103.99	1
104.49	2
104.99	3
105.49	4
105.99	1
106.49	2
106.99	3
107.49	4
107.99	1
108.49	2
109.0	3
109.5	4
110.0	1
110.5	2
111.0	3
111.5	4
112.0	1
112.5	2
113.0	3
113.5	4
114.0	1
114.5	2
115.0	3
115.5	4
116.0	1
116.5	2
117.0	3
117.5	4
117.99	1
118.49	2
118.99	3
119.49	4
119.99	1
120.49	2
120.99	3
121.49	4
121.98	1
122.49	2
122.99	3
123.49	4
123.99	1
124.5	2
125.0	3
125.5	4
126.0	1
126.5	2
127.0	3
127.5	4
128.0	1
128.5	2
129.0	3
129.5	4
130.0	1
130.5	2
131.0	3
131.5	4
132.0	1
132.5	2
133.0	3
133.5	4
134.0	1
134.5	2
135.0	3
135.5	4
136.0	1
136.5	2
137.0	3
137.5	4
137.99	1
138.49	2
138.99	3
139.49	4
139.99	1
140.49	2
140.99	3
141.5	4
142.0	1
142.5	2
143.0	3
143.5	4
144.0	1
144.5	2
145.0	3
145.5	4
146.0	1
146.5	2
147.0	3
147.5	4
148.0	1
148.5	2
149.0	3
149.5	4
150.0	1
150.5	2
151.0	3
151.5	4
152.0	1
152.5	2
153.0	3
153.5	4
154.0	1
154.5	2
154.99	3
155.49	4
156.0	1
156.5	2
157.0	3
157.5	4
158.0	1
158.5	2
159.0	3
159.5	4
160.0	1
160.5	2
160.99	3
161.5	4
162.0	1
162.5	2
163.0	3
163.5	4
164.0	1
164.5	2
165.0	3
165.5	4
166.0	1
166.5	2
167.0	3
167.5	4
168.0	1
168.5	2
169.0	3
169.5	4
170.0	1
170.5	2
171.0	3
171.5	4
172.0	1
172.5	2
173.0	3
173.5	4
174.0	1
174.5	2
175.0	3
175.5	4
176.0	1
176.5	2
177.0	3
177.5	4
177.99	1
178.49	2
178.98	3
179.49	4
179.99	1
180.49	2
180.99	3
181.49	4
181.99	1
182.49	2
182.99	3
183.49	4
183.98	1