0.0	1
0.30456900000000003	2
0.6091380000000001	3
0.903707	4
1.2082760000000001	1
1.5128450000000002	2
1.8174140000000003	3
2.1219830000000006	4
2.4265520000000005	1
2.741121	2
3.04569	3
3.350259	4
3.6548279999999997	1
3.9593969999999996	2
4.263966	3
4.568535	4
4.873104	1
5.1776729999999995	2
5.492241999999999	3
5.786810999999999	4
6.091379999999999	1
6.395948999999999	2
6.700517999999999	3
7.005086999999999	4
7.319655999999998	1
7.624224999999998	2
7.928793999999998	3
8.233362999999999	4
8.527932	1
8.832501	2
9.137070000000001	3
9.441639000000002	4
9.746208000000003	1
10.040777000000004	2
10.345346000000005	3
10.649915000000005	4
10.964484000000006	1
11.279053000000006	2
11.573622000000007	3
11.878191000000008	4
12.182760000000009	1
12.48732900000001	2
12.79189800000001	3
13.096467000000011	4
13.401036000000012	1
13.705605000000013	2
14.010174000000013	3
14.314743000000014	4
14.619312000000015	1
14.923881000000016	2
15.228450000000016	3
15.533019000000017	4
15.837588000000018	1
16.14215700000002	2
16.44672600000002	3
16.75129500000002	4
17.05586400000002	1
17.36043300000002	2
17.65500200000002	3
17.969571000000023	4
18.284140000000026	1
18.578709000000025	2
18.893278000000027	3
19.187847000000026	4
19.50241600000003	1
19.796985000000028	2
20.10155400000003	3
20.40612300000003	4
20.71069200000003	1
21.01526100000003	2
21.31983000000003	3
21.624399000000032	4
21.938968000000035	1
22.233537000000034	2
22.538106000000035	3
22.842675000000035	4
23.147244000000036	1
23.451813000000037	2
23.756382000000038	3
24.06095100000004	4
24.36552000000004	1
24.67008900000004	2
24.97465800000004	3
25.27922700000004	4
25.583796000000042	1
25.888365000000043	2
26.202934000000045	3
26.497503000000044	4
26.802072000000045	1
27.106641000000046	2
27.411210000000047	3
27.715779000000047	4
28.020348000000048	1
28.32491700000005	2
28.62948600000005	3
28.93405500000005	4
29.23862400000005	1
29.543193000000052	2
29.847762000000053	3
30.152331000000054	4
30.456900000000054	1
30.761469000000055	2
31.066038000000056	3
31.370607000000057	4
31.675176000000057	1
31.979745000000058	2
32.28431400000006	3
32.58888300000006	4
32.89345200000006	1
33.18802100000006	2
33.492590000000064	3
33.80715900000006	4
34.11172800000006	1
34.416297000000064	2
34.73086600000006	3
35.025435000000066	4
35.330004000000066	1
35.63457300000007	2
35.93914200000007	3
36.24371100000007	4
36.55828000000007	1
36.86284900000007	2
37.15741800000007	3
37.46198700000007	4
37.76655600000007	1
38.07112500000007	2
38.375694000000074	3
38.680263000000075	4
38.984832000000075	1
39.289401000000076	2
39.59397000000008	3
39.89853900000008	4
40.20310800000008	1
40.50767700000008	2
40.81224600000008	3
41.11681500000008	4
41.42138400000008	1
41.72595300000008	2
42.03052200000008	3
42.335091000000084	4
42.639660000000084	1
42.944229000000085	2
43.248798000000086	3
43.55336700000009	4
43.85793600000009	1
44.16250500000009	2
44.46707400000009	3
44.77164300000009	4
45.07621200000009	1
45.38078100000009	2
45.68535000000009	3
45.98991900000009	4
46.294488000000094	1
46.599057000000094	2
46.903626000000095	3
47.208195000000096	4
47.5127640000001	1
47.8173330000001	2
48.1219020000001	3
48.4264710000001	4
48.7310400000001	1
49.0356090000001	2
49.3401780000001	3
49.6447470000001	4
49.9493160000001	1
50.2538850000001	2
50.558454000000104	3
50.863023000000105	4
51.167592000000106	1
51.482161000000104	2
51.77673000000011	3
52.08129900000011	4
52.38586800000011	1
52.69043700000011	2
52.98500600000011	3
53.29957500000011	4
53.60414400000011	1
53.90871300000011	2
54.21328200000011	3
54.517851000000114	4
54.822420000000115	1
55.126989000000115	2
55.431558000000116	3
55.73612700000012	4
56.04069600000012	1
56.34526500000012	2
56.64983400000012	3
56.95440300000012	4
57.25897200000012	1
57.56354100000012	2
57.86811000000012	3
58.17267900000012	4
58.477248000000124	1
58.781817000000125	2
59.086386000000125	3
59.390955000000126	4
59.69552400000013	1
60.00009300000013	2
60.30466200000013	3
60.60923100000013	4
60.91380000000013	1
61.21836900000013	2
61.52293800000013	3
61.82750700000013	4
62.13207600000013	1
62.436645000000134	2
62.741214000000134	3
63.045783000000135	4
63.350352000000136	1
63.65492100000014	2
63.95949000000014	3
64.26405900000013	4
64.56862800000013	1
64.87319700000013	2
65.17776600000013	3
65.48233500000013	4
65.78690400000013	1
66.09147300000014	2
66.39604200000014	3
66.70061100000014	4
67.00518000000014	1
67.30974900000014	2
67.61431800000014	3
67.91888700000014	4
68.22345600000014	1
68.52802500000014	2
68.83259400000014	3
69.13716300000014	4
69.44173200000014	1
69.74630100000014	2
70.05087000000015	3
70.35543900000015	4
70.66000800000015	1
70.96457700000015	2
71.26914600000015	3
71.58371500000015	4
71.87828400000015	1
72.18285300000015	2
72.48742200000015	3
72.79199100000015	4
73.09656000000015	1
73.40112900000015	2
73.70569800000015	3
74.01026700000016	4
74.32483600000016	1
74.61940500000016	2
74.92397400000016	3
75.22854300000016	4
75.54311200000016	1
75.83768100000016	2
76.14225000000016	3
76.44681900000016	4
76.76138800000017	1
77.05595700000016	2
77.36052600000016	3
77.66509500000016	4
77.96966400000017	1
78.27423300000017	2
78.57880200000017	3
78.88337100000017	4
79.18794000000017	1
79.49250900000017	2
79.79707800000017	3
80.10164700000017	4
80.41621600000018	1
80.71078500000017	2
81.01535400000017	3
81.31992300000017	4
81.62449200000017	1
81.92906100000017	2
82.24363000000018	3
82.53819900000018	4
82.84276800000018	1
83.14733700000018	2
83.45190600000018	3
83.75647500000018	4
84.06104400000018	1
84.36561300000018	2
84.67018200000018	3
84.97475100000018	4
85.27932000000018	1
85.58388900000018	2
85.88845800000018	3
86.19302700000019	4
86.49759600000019	1
86.80216500000019	2
87.10673400000019	3
87.41130300000019	4
87.71587200000019	1
88.02044100000019	2
88.32501000000019	3
88.62957900000019	4
88.93414800000019	1
89.2387170000002	2
89.5432860000002	3
89.8478550000002	4
90.1524240000002	1
90.4569930000002	2
90.7615620000002	3
91.0661310000002	4
91.3707000000002	1
91.6752690000002	2
91.9798380000002	3
92.2844070000002	4
92.5889760000002	1
92.8935450000002	2
93.1981140000002	3
93.5026830000002	4
93.8072520000002	1
94.1118210000002	2
94.4063900000002	3
94.7209590000002	4
95.02552800000021	1
95.33009700000021	2
95.63466600000021	3
95.93923500000021	4
96.24380400000021	1
96.54837300000021	2
96.85294200000021	3
97.15751100000021	4
97.46208000000021	1
97.76664900000021	2
98.07121800000021	3
98.37578700000022	4
98.68035600000022	1
98.98492500000022	2
99.28949400000022	3
99.59406300000022	4
99.89863200000022	1
100.20320100000022	2
100.50777000000022	3
100.81233900000022	4
101.11690800000022	1
101.42147700000022	2
101.72604600000022	3
102.03061500000022	4
102.33518400000023	1
102.63975300000023	2
102.94432200000023	3
103.24889100000023	4
103.55346000000023	1
103.85802900000023	2
104.16259800000023	3
104.46716700000023	4
104.77173600000023	1
105.07630500000023	2
105.38087400000023	3
105.68544300000023	4
105.99001200000023	1
106.29458100000024	2
106.59915000000024	3
106.90371900000024	4
107.20828800000024	1
107.51285700000024	2
107.81742600000024	3
108.12199500000024	4
108.42656400000024	1
108.73113300000024	2
109.03570200000024	3
109.34027100000024	4
109.64484000000024	1
109.94940900000024	2
110.25397800000025	3
110.55854700000025	4
110.87311600000025	1
111.16768500000025	2
111.47225400000025	3
111.77682300000025	4
112.08139200000025	1
112.38596100000025	2
112.69053000000025	3
112.98509900000025	4
113.29966800000025	1
113.60423700000025	2
113.90880600000025	3
114.21337500000025	4
114.51794400000026	1
114.82251300000026	2
115.12708200000026	3
115.43165100000026	4
115.73622000000026	1
116.04078900000026	2
116.34535800000026	3
116.64992700000026	4
116.96449600000027	1
117.25906500000026	2
117.56363400000026	3
117.86820300000026	4
118.17277200000026	1
118.47734100000027	2
118.78191000000027	3
119.08647900000027	4
119.39104800000027	1
119.69561700000027	2
120.00018600000027	3
120.30475500000027	4
120.60932400000027	1
120.91389300000027	2
121.21846200000027	3
121.52303100000027	4
121.82760000000027	1
122.13216900000027	2
122.43673800000028	3
122.74130700000028	4
123.04587600000028	1
123.35044500000028	2
123.65501400000028	3
123.95958300000028	4
124.26415200000028	1
124.56872100000028	2
124.87329000000028	3
125.17785900000028	4
125.49242800000029	1
125.78699700000028	2
126.09156600000028	3
126.39613500000029	4
126.70070400000029	1
127.00527300000029	2
127.30984200000029	3
127.61441100000029	4
127.91898000000029	1
128.22354900000028	2
128.52811800000026	3
128.83268700000025	4
129.13725600000024	1
129.44182500000022	2
129.7463940000002	3
130.0509630000002	4
130.35553200000018	1
130.66010100000017	2
130.96467000000015	3
131.26923900000014	4
131.57380800000013	1
131.8783770000001	2
132.1829460000001	3
132.4875150000001	4
132.79208400000007	1
133.09665300000006	2
133.40122200000005	3
133.70579100000003	4
134.01036000000002	1
134.314929	2
134.619498	3
134.92406699999998	4
135.22863599999997	1
135.53320499999995	2
135.83777399999994	3
136.14234299999993	4
136.4469119999999	1
136.7514809999999	2
137.05604999999989	3
137.36061899999987	4
137.66518799999986	1
137.96975699999984	2
138.27432599999983	3
138.57889499999982	4
138.8834639999998	1
139.1880329999998	2
139.49260199999978	3
139.79717099999976	4
140.10173999999975	1
140.40630899999974	2
140.71087799999972	3
141.0154469999997	4
141.3200159999997	1
141.62458499999968	2
141.92915399999967	3
142.23372299999966	4
142.53829199999964	1
142.84286099999963	2
143.14742999999962	3
143.4519989999996	4
143.7465679999996	1
144.05113699999958	2
144.35570599999957	3
144.67027499999955	4
144.98484399999953	1
145.27941299999952	2
145.5839819999995	3
145.8885509999995	4
146.19311999999948	1
146.49768899999947	2
146.81225799999945	3
147.10682699999944	4
147.41139599999943	1
147.71596499999941	2
148.0205339999994	3
148.3251029999994	4
148.62967199999937	1
148.93424099999936	2
149.23880999999935	3
149.54337899999933	4
149.84794799999932	1
150.1525169999993	2
150.4570859999993	3
150.76165499999928	4
151.06622399999927	1
151.37079299999925	2
151.67536199999924	3
151.97993099999923	4
152.2844999999992	1
152.5890689999992	2
152.89363799999919	3
153.18820699999918	4
153.49277599999917	1
153.79734499999915	2
154.11191399999913	3
154.41648299999912	4
154.7310519999991	1
155.0256209999991	2
155.33018999999908	3
155.63475899999906	4
155.93932799999905	1
156.24389699999904	2
156.54846599999902	3
156.853034999999	4
157.157603999999	1
157.46217299999898	2
157.76674199999897	3
158.07131099999896	4
158.37587999999894	1
158.68044899999893	2
158.98501799999892	3
159.2895869999989	4
159.60415599999888	1
159.89872499999888	2
160.20329399999886	3
160.50786299999885	4
160.81243199999884	1
161.11700099999882	2
161.4215699999988	3
161.7261389999988	4
162.03070799999878	1
162.33527699999877	2
162.63984599999876	3
162.94441499999874	4
163.24898399999873	1
163.55355299999871	2
163.8581219999987	3
164.1626909999987	4
164.46725999999867	1
164.77182899999866	2
165.07639799999865	3
165.38096699999863	4
165.68553599999862	1
165.9901049999986	2
166.2946739999986	3
166.59924299999858	4
166.90381199999857	1
167.20838099999855	2
167.51294999999854	3
167.81751899999853	4
168.1220879999985	1
168.4266569999985	2
168.7312259999985	3
169.02579499999848	4
169.34036399999846	1
169.64493299999845	2
169.94950199999843	3
170.25407099999842	4
170.5586399999984	1
170.8632089999984	2
171.16777799999838	3
171.47234699999836	4
171.77691599999835	1
172.08148499999834	2
172.38605399999832	3
172.6906229999983	4
172.9951919999983	1
173.29976099999828	2
173.60432999999827	3
173.90889899999826	4
174.21346799999824	1
174.51803699999823	2
174.82260599999822	3
175.1271749999982	4
175.44174399999818	1
175.73631299999818	2
176.05088199999815	3
176.34545099999815	4
176.65001999999814	1
176.9645889999981	2
177.2691579999981	3
177.5637269999981	4
177.86829599999808	1
178.17286499999807	2
178.47743399999806	3
178.78200299999804	4
179.08657199999803	1
179.39114099999802	2
179.695709999998	3
180.000278999998	4
180.31484799999797	1
180.60941699999796	2
180.92398599999794	3
181.21855499999793	4
181.52312399999792	1
181.8276929999979	2
182.1322619999979	3
182.43683099999788	4
182.75139999999786	1
183.04596899999785	2
183.35053799999784	3
183.65510699999783	4
183.9596759999978	1
184.2642449999978	2
184.5688139999978	3
184.87338299999777	4
185.17795199999776	1
185.48252099999775	2
185.78708999999773	3
186.09165899999772	4
186.3962279999977	1
186.7007969999977	2
187.00536599999768	3
187.30993499999767	4
187.62450399999764	1
187.91907299999764	2
188.22364199999762	3
188.5282109999976	4
188.8327799999976	1
189.13734899999758	2
189.45191799999756	3
189.74648699999756	4
190.05105599999754	1
190.35562499999753	2
190.6701939999975	3
190.9747629999975	4
191.2693319999975	1
191.57390099999748	2
191.87846999999746	3
192.18303899999745	4
192.48760799999744	1
192.79217699999742	2
193.0967459999974	3
193.4013149999974	4
193.70588399999738	1
194.01045299999737	2
194.31502199999736	3
194.61959099999734	4
194.92415999999733	1
195.22872899999732	2
195.5332979999973	3
195.8378669999973	4
196.14243599999728	1
196.44700499999726	2
196.75157399999725	3
197.05614299999723	4
197.36071199999722	1
197.6652809999972	2
197.9698499999972	3
198.27441899999718	4
198.57898799999717	1
198.88355699999715	2
199.18812599999714	3
199.49269499999713	4
199.7972639999971	1
200.0918329999971	2
200.3964019999971	3
200.71097099999707	4
201.01553999999706	1
201.32010899999705	2
201.62467799999703	3
201.92924699999702	4
202.233815999997	1
202.538384999997	2
202.84295399999698	3
203.14752299999697	4
203.45209199999695	1
203.75666099999694	2
204.06122999999693	3
204.3657989999969	4
204.6703679999969	1
204.97493699999688	2
205.27950599999687	3
205.58407499999686	4
205.88864399999684	1
206.19321299999683	2
206.49778199999682	3
206.8023509999968	4
207.1069199999968	1
207.41148899999678	2
207.70605799999677	3
208.02062699999675	4
208.32519599999674	1
208.62976499999672	2
208.9343339999967	3
209.2389029999967	4
209.55347199999667	1
209.84804099999667	2
210.15260999999666	3
210.45717899999664	4
210.76174799999663	1
211.06631699999662	2
211.3708859999966	3
211.6754549999966	4
211.98002399999658	1
212.28459299999656	2
212.58916199999655	3
212.89373099999654	4
213.19829999999652	1
213.5028689999965	2
213.8074379999965	3
214.11200699999648	4