0.0	1
0.352941	2
0.705882	3
1.048823	4
1.401764	1
1.754705	2
2.1076460000000004	3
2.470587	4
2.823528	1
3.166469	2
3.51941	3
3.882351	4
4.235292	1
4.588233000000001	2
4.941174000000001	3
5.2941150000000015	4
5.647056000000002	1
5.999997000000002	2
6.352938000000003	3
6.705879000000003	4
7.058820000000003	1
7.411761000000004	2
7.764702000000004	3
8.117643000000005	4
8.470584000000004	1
8.823525000000004	2
9.176466000000003	3
9.529407000000003	4
9.882348000000002	1
10.235289000000002	2
10.588230000000001	3
10.941171	4
11.294112	1
11.647053	2
11.999994	3
12.352934999999999	4
12.705875999999998	1
13.058816999999998	2
13.411757999999997	3
13.764698999999997	4
14.117639999999996	1
14.470580999999996	2
14.823521999999995	3
15.176462999999995	4
15.529403999999994	1
15.882344999999994	2
16.235285999999995	3
16.588226999999996	4
16.941167999999998	1
17.294109	2
17.64705	3
17.999991	4
18.352932000000003	1
18.705873000000004	2
19.058814000000005	3
19.411755000000007	4
19.764696000000008	1
20.11763700000001	2
20.47057800000001	3
20.82351900000001	4
21.176460000000013	1
21.529401000000014	2
21.882342000000016	3
22.235283000000017	4
22.588224000000018	1
22.94116500000002	2
23.29410600000002	3
23.647047000000022	4
23.999988000000023	1
24.352929000000024	2
24.705870000000026	3
25.058811000000027	4
25.41175200000003	1
25.76469300000003	2
26.11763400000003	3
26.470575000000032	4
26.823516000000033	1
27.176457000000035	2
27.529398000000036	3
27.882339000000037	4
28.23528000000004	1
28.58822100000004	2
28.94116200000004	3
29.294103000000042	4
29.647044000000044	1
29.999985000000045	2
30.352926000000046	3
30.705867000000048	4
31.05880800000005	1
31.41174900000005	2
31.76469000000005	3
32.11763100000005	4
32.470572000000054	1
32.83351300000005	2
33.17645400000006	3
33.539395000000056	4
33.89233600000006	1
34.23527700000006	2
34.58821800000006	3
34.94115900000006	4
35.294100000000064	1
35.647041000000065	2
35.99998200000007	3
36.35292300000007	4
36.70586400000007	1
37.05880500000007	2
37.41174600000007	3
37.76468700000007	4
38.117628000000074	1
38.470569000000076	2
38.82351000000008	3
39.17645100000008	4
39.52939200000008	1
39.88233300000008	2
40.23527400000008	3
40.58821500000008	4
40.941156000000085	1
41.294097000000086	2
41.64703800000009	3
41.99997900000009	4
42.35292000000009	1
42.70586100000009	2
43.05880200000009	3
43.411743000000094	4
43.764684000000095	1
44.117625000000096	2
44.4705660000001	3
44.8235070000001	4
45.1764480000001	1
45.5293890000001	2
45.8823300000001	3
46.235271000000104	4
46.588212000000105	1
46.94115300000011	2
47.29409400000011	3
47.64703500000011	4
47.99997600000011	1
48.35291700000011	2
48.70585800000011	3
49.058799000000114	4
49.411740000000115	1
49.76468100000012	2
50.11762200000012	3
50.47056300000012	4
50.82350400000012	1
51.17644500000012	2
51.52938600000012	3
51.882327000000124	4
52.235268000000126	1
52.58820900000013	2
52.94115000000013	3
53.29409100000013	4
53.64703200000013	1
53.99997300000013	2
54.35291400000013	3
54.705855000000135	4
55.058796000000136	1
55.41173700000014	2
55.76467800000014	3
56.11761900000014	4
56.47056000000014	1
56.82350100000014	2
57.176442000000144	3
57.529383000000145	4
57.882324000000146	1
58.23526500000015	2
58.58820600000015	3
58.94114700000015	4
59.29408800000015	1
59.64702900000015	2
59.999970000000154	3
60.352911000000155	4
60.70585200000016	1
61.05879300000016	2
61.41173400000016	3
61.76467500000016	4
62.11761600000016	1
62.47055700000016	2
62.823498000000164	3
63.176439000000165	4
63.52938000000017	1
63.88232100000017	2
64.23526200000016	3
64.58820300000016	4
64.94114400000016	1
65.29408500000017	2
65.64702600000017	3
65.99996700000017	4
66.35290800000017	1
66.70584900000017	2
67.05879000000017	3
67.41173100000017	4
67.76467200000017	1
68.11761300000018	2
68.47055400000018	3
68.82349500000018	4
69.17643600000018	1
69.52937700000018	2
69.88231800000018	3
70.23525900000018	4
70.58820000000019	1
70.94114100000019	2
71.29408200000019	3
71.64702300000019	4
71.99996400000019	1
72.35290500000019	2
72.7058460000002	3
73.0587870000002	4
73.4117280000002	1
73.7646690000002	2
74.1176100000002	3
74.4705510000002	4
74.8334920000002	1
75.1764330000002	2
75.5293740000002	3
75.8823150000002	4
76.2352560000002	1
76.5881970000002	2
76.94113800000021	3
77.29407900000021	4
77.64702000000021	1
77.99996100000021	2
78.35290200000021	3
78.70584300000021	4
79.05878400000022	1
79.41172500000022	2
79.76466600000022	3
80.11760700000022	4
80.47054800000022	1
80.82348900000022	2
81.17643000000022	3
81.52937100000022	4
81.88231200000023	1
82.23525300000023	2
82.58819400000023	3
82.94113500000023	4
83.29407600000023	1
83.64701700000023	2
83.99995800000023	3
84.35289900000024	4
84.70584000000024	1
85.05878100000024	2
85.41172200000024	3
85.76466300000024	4
86.11760400000024	1
86.47054500000024	2
86.82348600000024	3
87.17642700000025	4
87.52936800000025	1
87.88230900000025	2
88.23525000000025	3
88.58819100000025	4
88.94113200000025	1
89.29407300000025	2
89.64701400000025	3
89.99995500000026	4
90.35289600000026	1
90.70583700000026	2
91.05877800000026	3
91.41171900000026	4
91.76466000000026	1
92.11760100000026	2
92.47054200000026	3
92.82348300000027	4
93.17642400000027	1
93.52936500000027	2
93.88230600000027	3
94.23524700000027	4
94.58818800000027	1
94.94112900000027	2
95.29407000000027	3
95.64701100000028	4
95.99995200000028	1
96.35289300000028	2
96.70583400000028	3
97.05877500000028	4
97.41171600000028	1
97.76465700000028	2
98.11759800000029	3
98.47053900000029	4
98.82348000000029	1
99.17642100000029	2
99.52936200000029	3
99.88230300000029	4
100.23524400000029	1
100.5881850000003	2
100.9411260000003	3
101.2940670000003	4
101.6470080000003	1
101.9999490000003	2
102.3528900000003	3
102.7058310000003	4
103.0587720000003	1
103.4117130000003	2
103.7646540000003	3
104.1175950000003	4
104.47053600000031	1
104.82347700000031	2
105.1664180000003	3
105.5193590000003	4
105.88230000000031	1
106.23524100000031	2
106.58818200000032	3
106.94112300000032	4
107.29406400000032	1
107.64700500000032	2
107.99994600000032	3
108.35288700000032	4
108.70582800000032	1
109.05876900000032	2
109.41171000000033	3
109.76465100000033	4
110.11759200000033	1
110.47053300000033	2
110.82347400000033	3
111.17641500000033	4
111.52935600000033	1
111.88229700000034	2
112.23523800000034	3
112.58817900000034	4
112.94112000000034	1
113.29406100000034	2
113.64700200000034	3
113.99994300000034	4
114.35288400000034	1
114.70582500000035	2
115.05876600000035	3
115.41170700000035	4
115.76464800000035	1
116.11758900000035	2
116.47053000000035	3
116.82347100000035	4
117.17641200000035	1
117.52935300000036	2
117.88229400000036	3
118.23523500000036	4
118.58817600000036	1
118.94111700000036	2
119.29405800000036	3
119.64699900000036	4
119.99994000000036	1
120.35288100000037	2
120.70582200000037	3
121.05876300000037	4
121.41170400000037	1
121.76464500000037	2
122.11758600000037	3
122.47052700000037	4
122.82346800000037	1
123.17640900000038	2
123.52935000000038	3
123.88229100000038	4
124.23523200000038	1
124.58817300000038	2
124.94111400000038	3
125.29405500000038	4
125.64699600000039	1
125.99993700000039	2
126.35287800000039	3
126.70581900000039	4
127.05876000000039	1
127.41170100000039	2
127.76464200000039	3
128.1175830000004	4
128.47052400000038	1
128.82346500000037	2
129.17640600000036	3
129.52934700000034	4
129.88228800000033	1
130.23522900000032	2
130.5881700000003	3
130.9411110000003	4
131.29405200000028	1
131.64699300000026	2
131.99993400000025	3
132.35287500000024	4
132.70581600000023	1
133.0587570000002	2
133.4116980000002	3
133.7646390000002	4
134.11758000000017	1
134.47052100000016	2
134.82346200000015	3
135.17640300000014	4
135.52934400000012	1
135.8822850000001	2
136.2352260000001	3
136.58816700000008	4
136.94110800000007	1
137.29404900000006	2
137.64699000000005	3
137.99993100000003	4
138.34287200000003	1
138.69581300000002	2
139.03875399999998	3
139.41169499999998	4
139.76463599999997	1
140.15463599999998	2
140.57463599999997	3
140.97463599999998	4
141.37463599999998	1
141.72757699999997	2
142.07051799999996	3
142.43345899999994	4
142.77639999999994	1
143.13934099999992	2
143.4822819999999	3
143.8452229999999	4
144.1881639999999	1
144.54110499999987	2
144.89404599999986	3
145.24698699999985	4
145.59992799999984	1
145.97286899999983	2
146.3058099999998	3
146.6687509999998	4
147.01169199999978	1
147.38463299999978	2
147.71757399999976	3
148.08051499999974	4
148.42345599999973	1
148.77639699999972	2
149.1293379999997	3
149.5022789999997	4
149.83521999999968	1
150.18816099999967	2
150.54110199999965	3
150.89404299999964	4
151.23698399999964	1
151.59992499999962	2
151.9528659999996	3
152.2958069999996	4
152.65874799999958	1
153.01168899999956	2
153.36462999999955	3
153.71757099999954	4
154.07051199999952	1
154.4234529999995	2
154.7763939999995	3
155.1293349999995	4
155.48227599999947	1
155.83521699999946	2
156.18815799999945	3
156.54109899999943	4
156.89403999999942	1
157.2469809999994	2
157.5999219999994	3
157.95286299999938	4
158.30580399999937	1
158.65874499999936	2
159.01168599999934	3
159.36462699999933	4
159.71756799999932	1
160.0705089999993	2
160.4234499999993	3
160.77639099999928	4
161.12933199999927	1
161.48227299999925	2
161.83521399999924	3
162.18815499999923	4
162.54109599999921	1
162.8940369999992	2
163.2469779999992	3
163.59991899999918	4
163.95285999999916	1
164.30580099999915	2
164.65874199999914	3
165.01168299999912	4
165.3646239999991	1
165.7175649999991	2
166.07050599999909	3
166.42344699999907	4
166.77638799999906	1
167.12932899999905	2
167.48226999999903	3
167.83521099999902	4
168.188151999999	1
168.541092999999	2
168.89403399999898	3
169.24697499999897	4
169.59991599999896	1
169.95285699999894	2
170.30579799999893	3
170.65873899999892	4
171.0116799999989	1
171.3646209999989	2
171.71756199999888	3
172.07050299999887	4
172.42344399999885	1
172.77638499999884	2
173.12932599999883	3
173.4822669999988	4
173.8252079999988	1
174.1781489999988	2
174.53108999999878	3
174.89403099999876	4
175.24697199999875	1
175.60991299999873	2
175.9628539999987	3
176.3157949999987	4
176.6687359999987	1
177.02167699999868	2
177.38461799999868	3
177.72755899999865	4
178.07049999999865	1
178.43344099999862	2
178.7863819999986	3
179.1393229999986	4
179.4822639999986	1
179.83520499999858	2
180.18814599999857	3
180.54108699999856	4
180.89402799999854	1
181.24696899999853	2
181.59990999999852	3
181.9528509999985	4
182.3057919999985	1
182.65873299999848	2
183.01167399999846	3
183.36461499999845	4
183.71755599999844	1
184.07049699999843	2
184.4234379999984	3
184.7763789999984	4
185.1293199999984	1
185.49226099999836	2
185.83520199999836	3
186.18814299999835	4
186.54108399999834	1
186.89402499999832	2
187.2469659999983	3
187.5999069999983	4
187.95284799999828	1
188.30578899999827	2
188.65872999999826	3
189.01167099999824	4
189.36461199999823	1
189.71755299999822	2
190.0704939999982	3
190.4234349999982	4
190.77637599999818	1
191.12931699999817	2
191.48225799999815	3
191.83519899999814	4
192.18813999999813	1
192.54108099999812	2
192.8940219999981	3
193.2469629999981	4
193.59990399999808	1
193.95284499999806	2
194.30578599999805	3
194.65872699999804	4
195.01166799999802	1
195.364608999998	2
195.717549999998	3
196.070490999998	4
196.42343199999797	1
196.77637299999796	2
197.12931399999795	3
197.48225499999793	4
197.83519599999792	1
198.1881369999979	2
198.5410779999979	3
198.89401899999788	4
199.24695999999787	1
199.59990099999786	2
199.95284199999784	3
200.30578299999783	4
200.65872399999782	1
201.0116649999978	2
201.3646059999978	3
201.71754699999778	4
202.07048799999777	1
202.42342899999775	2
202.77636999999774	3
203.12931099999773	4
203.48225199999771	1
203.8351929999977	2
204.1881339999977	3
204.54107499999768	4
204.90401599999765	1
205.24695699999765	2
205.59989799999764	3
205.95283899999762	4
206.3057799999976	1
206.6587209999976	2
207.01166199999759	3
207.36460299999757	4
207.71754399999756	1
208.07048499999755	2
208.42342599999753	3
208.77636699999752	4
209.1293079999975	1
209.4822489999975	2
209.83518999999748	3
210.18813099999747	4
210.54107199999746	1
210.89401299999744	2
211.23695399999744	3
211.59989499999742	4
211.9528359999974	1
212.3057769999974	2
212.65871799999738	3
213.00165899999737	4
213.35459999999736	1
213.70754099999735	2
214.06048199999734	3
214.41342299999732	4
214.7663639999973	1
215.1193049999973	2
215.47224599999728	3
215.82518699999727	4
216.17812799999726	1
216.53106899999725	2
216.88400999999723	3
217.23695099999722	4
217.5898919999972	1
217.9428329999972	2
218.29577399999718	3
218.64871499999717	4
219.00165599999715	1
219.35459699999714	2
219.70753799999713	3
220.06047899999712	4
220.4134199999971	1
220.7663609999971	2
221.11930199999708	3
221.47224299999706	4
221.82518399999705	1
222.18812499999703	2
222.54106599999702	3
222.914006999997	4
223.25694799999698	1
223.619888999997	2
223.97282999999697	3
224.31577099999694	4
224.66871199999693	1
225.02165299999692	2
225.3745939999969	3
225.7275349999969	4
226.0704759999969	1
226.42341699999687	2
226.77635799999686	3
227.12929899999685	4
227.49223999999683	1
227.8451809999968	2
228.1981219999968	3
228.5610629999968	4
228.90400399999677	1
229.25694499999676	2
229.61988599999677	3
229.97282699999676	4
230.31576799999672	1
230.67870899999673	2
231.03164999999672	3
231.3845909999967	4
231.71753199999668	1
232.07047299999667	2
232.42341399999665	3
232.77635499999664	4
233.12929599999663	1
233.4922369999966	2
233.8351779999966	3
234.2081189999966	4
234.5610599999966	1
234.91400099999657	2
235.25694199999654	3
235.60988299999653	4
235.96282399999652	1
236.3157649999965	2
236.6687059999965	3
237.02164699999648	4
237.37458799999646	1
237.72752899999645	2
238.07046999999645	3
238.43341099999643	4
238.77635199999642	1
239.14929299999642	2
239.4922339999964	3
239.84517499999637	4
240.19811599999636	1
240.55105699999635	2
240.90399799999634	3
241.25693899999632	4
241.6098799999963	1
241.97282099999632	2
242.3257619999963	3
242.6787029999963	4
243.03164399999628	1
243.37458499999624	2
243.71752599999624	3
244.07046699999623	4