0.01	1
0.418571	2
0.8471420000000001	3
1.275713	4
1.7142840000000001	1
2.1528549999999997	2
2.5814259999999996	3
2.9999969999999996	4
3.4185679999999996	1
3.837138999999999	2
4.2657099999999994	3
4.684280999999999	4
5.112851999999998	1
5.531422999999998	2
5.9499939999999985	3
6.378564999999998	4
6.807135999999998	1
7.235706999999998	2
7.664277999999998	3
8.112848999999999	4
8.541419999999999	1
8.969990999999998	2
9.398561999999998	3
9.827132999999998	4
10.255703999999998	1
10.684274999999998	2
11.112845999999998	3
11.531416999999998	4
11.959987999999997	1
12.388558999999997	2
12.817129999999997	3
13.245700999999997	4
13.684271999999996	1
14.112842999999996	2
14.541413999999996	3
14.969984999999996	4
15.448555999999995	1
15.827126999999996	2
16.255697999999995	3
16.684268999999997	4
17.14284	1
17.541411	2
17.969982	3
18.398553000000003	4
18.877124000000006	1
19.255695000000006	2
19.69426600000001	3
20.12283700000001	4
20.54140800000001	1
20.969979000000013	2
21.398550000000014	3
21.827121000000016	4
22.255692000000018	1
22.68426300000002	2
23.11283400000002	3
23.541405000000022	4
23.969976000000024	1
24.388547000000028	2
24.81711800000003	3
25.24568900000003	4
25.68426000000003	1
26.112831000000032	2
26.541402000000033	3
26.969973000000035	4
27.398544000000037	1
27.82711500000004	2
28.245686000000042	3
28.674257000000043	4
29.092828000000043	1
29.521399000000045	2
29.959970000000048	3
30.38854100000005	4
30.80711200000005	1
31.245683000000053	2
31.674254000000055	3
32.10282500000005	4
32.53139600000005	1
32.95996700000005	2
33.38853800000005	3
33.817109000000045	4
34.235680000000045	1
34.67425100000004	2
35.10282200000004	3
35.53139300000004	4
35.959964000000035	1
36.38853500000003	2
36.81710600000003	3
37.24567700000003	4
37.66424800000003	1
38.09281900000003	2
38.521390000000025	3
38.94996100000002	4
39.37853200000002	1
39.81710300000002	2
40.245674000000015	3
40.67424500000001	4
41.10281600000001	1
41.52138700000001	2
41.94995800000001	3
42.388529000000005	4
42.8171	1
43.245671	2
43.674242	3
44.102813	4
44.531383999999996	1
44.959954999999994	2
45.378525999999994	3
45.80709699999999	4
46.23566799999999	1
46.674238999999986	2
47.102809999999984	3
47.53138099999998	4
47.95995199999998	1
48.38852299999998	2
48.80709399999998	3
49.235664999999976	4
49.664235999999974	1
50.10280699999997	2
50.53137799999997	3
50.959948999999966	4
51.388519999999964	1
51.81709099999996	2
52.23566199999996	3
52.67423299999996	4
53.102803999999956	1
53.531374999999954	2
53.949945999999954	3
54.37851699999995	4
54.80708799999995	1
55.23565899999995	2
55.66422999999995	3
56.092800999999945	4
56.53137199999994	1
56.95994299999994	2
57.37851399999994	3
57.80708499999994	4
58.24565599999993	1
58.67422699999993	2
59.09279799999993	3
59.52136899999993	4
59.94993999999993	1
60.378510999999925	2
60.78708199999992	3
61.23565299999992	4
61.67422399999992	1
62.102794999999915	2
62.521365999999915	3
62.95993699999991	4
63.38850799999991	1
63.81707899999991	2
64.23564999999991	3
64.66422099999991	4
65.10279199999991	1
65.53136299999991	2
65.94993399999993	3
66.37850499999993	4
66.80707599999994	1
67.23564699999994	2
67.66421799999995	3
68.09278899999995	4
68.52135999999996	1
68.94993099999996	2
69.35850199999997	3
69.80707299999997	4
70.23564399999998	1
70.68421499999998	2
71.09278599999999	3
71.51135699999999	4
71.949928	1
72.378499	2
72.79707	3
73.23564100000002	4
73.67421200000001	1
74.11278300000002	2
74.53135400000002	3
74.95992500000003	4
75.38849600000003	1
75.82706700000004	2
76.23563800000005	3
76.68420900000005	4
77.10278000000005	1
77.53135100000006	2
77.94992200000007	3
78.38849300000007	4
78.80706400000008	1
79.24563500000008	2
79.66420600000009	3
80.10277700000009	4
80.5313480000001	1
80.9599190000001	2
81.37849000000011	3
81.80706100000012	4
82.22563200000012	1
82.67420300000012	2
83.09277400000013	3
83.53134500000013	4
83.94991600000014	1
84.38848700000014	2
84.80705800000015	3
85.23562900000016	4
85.67420000000016	1
86.10277100000016	2
86.52134200000017	3
86.94991300000018	4
87.37848400000019	1
87.80705500000019	2
88.2356260000002	3
88.67419700000019	4
89.1027680000002	1
89.5313390000002	2
89.94991000000022	3
90.37848100000022	4
90.80705200000023	1
91.23562300000023	2
91.66419400000024	3
92.09276500000024	4
92.52133600000025	1
92.94990700000025	2
93.37847800000026	3
93.80704900000026	4
94.22562000000026	1
94.66419100000027	2
95.09276200000028	3
95.53133300000027	4
95.95990400000028	1
96.38847500000028	2
96.81704600000029	3
97.2356170000003	4
97.6741880000003	1
98.1027590000003	2
98.53133000000031	3
98.95990100000031	4
99.37847200000033	1
99.80704300000033	2
100.23561400000034	3
100.66418500000034	4
101.09275600000035	1
101.52132700000035	2
101.93989800000035	3
102.38846900000036	4
102.80704000000037	1
103.23561100000038	2
103.67418200000037	3
104.09275300000039	4
104.53132400000038	1
104.95989500000039	2
105.38846600000039	3
105.8070370000004	4
106.23560800000041	1
106.66417900000042	2
107.08275000000042	3
107.51132100000042	4
107.94989200000043	1
108.37846300000044	2
108.78703400000045	3
109.23560500000045	4
109.65417600000045	1
110.09274700000046	2
110.52131800000046	3
110.93988900000046	4
111.36846000000047	1
111.80703100000048	2
112.23560200000048	3
112.67417300000048	4
113.10274400000048	1
113.53131500000049	2
113.9498860000005	3
114.37845700000051	4
114.80702800000051	1
115.23559900000052	2
115.66417000000052	3
116.10274100000052	4
116.53131200000053	1
116.95988300000053	2
117.37845400000054	3
117.80702500000055	4
118.23559600000056	1
118.67416700000055	2
119.09273800000057	3
119.53130900000056	4
119.95988000000057	1
120.38845100000057	2
120.80702200000059	3
121.23559300000059	4
121.6641640000006	1
122.10273500000059	2
122.5213060000006	3
122.94987700000061	4
123.36844800000061	1
123.79701900000062	2
124.22559000000062	3
124.67416100000062	4
125.09273200000064	1
125.52130300000064	2
125.94987400000065	3
126.37844500000065	4
126.79701600000065	1
127.23558700000066	2
127.66415800000067	3
128.10272900000066	4
128.53130000000067	1
128.95987100000067	2
129.38844200000068	3
129.81701300000068	4
130.23558400000067	1
130.6841550000007	2
131.1027260000007	3
131.5312970000007	4
131.9598680000007	1
132.3984390000007	2
132.81701000000072	3
133.24558100000073	4
133.67415200000073	1
134.10272300000074	2
134.53129400000074	3
134.95986500000075	4
135.38843600000075	1
135.81700700000076	2
136.24557800000076	3
136.68414900000076	4
137.11272000000076	1
137.54129100000077	2
137.94986200000076	3
138.3884330000008	4
138.80700400000077	1
139.2455750000008	2
139.6741460000008	3
140.1027170000008	4
140.5312880000008	1
140.95985900000082	2
141.3784300000008	3
141.8070010000008	4
142.24557200000083	1
142.67414300000084	2
143.09271400000083	3
143.52128500000083	4
143.95985600000085	1
144.38842700000086	2
144.81699800000086	3
145.24556900000087	4
145.68414000000087	1
146.11271100000087	2
146.53128200000089	3
146.9598530000009	4
147.3884240000009	1
147.8169950000009	2
148.2455660000009	3
148.6741370000009	4
149.10270800000092	1
149.53127900000092	2
149.95985000000093	3
150.38842100000093	4
150.80699200000092	1
151.22556300000093	2
151.67413400000095	3
152.10270500000095	4
152.53127600000096	1
152.94984700000094	2
153.37841800000095	3
153.80698900000095	4
154.22556000000097	1
154.66413100000096	2
155.102702000001	3
155.531273000001	4
155.94984400000098	1
156.368415000001	2
156.796986000001	3
157.225557000001	4
157.664128000001	1
158.092699000001	2
158.521270000001	3
158.94984100000102	4
159.37841200000102	1
159.80698300000103	2
160.24555400000105	3
160.67412500000106	4
161.09269600000104	1
161.52126700000105	2
161.96983800000106	3
162.37840900000106	4
162.80698000000106	1
163.23555100000107	2
163.6741220000011	3
164.09269300000108	4
164.5112640000011	1
164.9398350000011	2
165.3784060000011	3
165.7969770000011	4
166.2255480000011	1
166.6641190000011	2
167.0926900000011	3
167.52126100000112	4
167.93983200000113	1
168.37840300000113	2
168.80697400000113	3
169.22554500000115	4
169.66411600000114	1
170.09268700000115	2
170.52125800000115	3
170.94982900000116	4
171.37840000000116	1
171.80697100000117	2
172.23554200000117	3
172.66411300000118	4
173.09268400000119	1
173.5112550000012	2
173.9298260000012	3
174.35839700000122	4
174.78696800000122	1
175.21553900000123	2
175.65411000000122	3
176.08268100000123	4
176.52125200000123	1
176.94982300000123	2
177.37839400000124	3
177.87696500000126	4
178.23553600000002	1
178.67410700000005	2
179.10267800000005	3
179.51124900000002	1
179.93982000000003	2
180.36839100000003	1
180.80696200000003	2
181.24553300000005	3
181.67410400000006	4
182.10267500000003	1
182.53124600000004	2
182.93981700000003	3
183.35838800000002	1
183.79695900000002	2
184.25553000000002	1
184.67410100000004	2
185.10267200000004	3
185.51124300000004	4
185.93981400000004	1
186.45838500000005	2
186.80695600000004	3
187.22552700000006	4
187.66409800000002	1
188.10266900000005	2
188.53124000000003	1
188.95981100000003	2
189.37838200000002	3
189.80695300000002	4
190.23552400000003	1
190.66409500000003	2
191.10266600000006	3
191.56123700000006	4
191.94980800000005	1
192.36837900000006	2
192.77695000000006	3
193.21552100000008	4
193.66409200000007	1
194.1026630000001	2
194.5312340000001	3
194.94980500000008	4
195.3783760000001	1
195.8069470000001	2
196.2355180000001	3
196.67408900000012	4
197.10266000000013	1
197.53123100000013	2
197.95980200000014	3
198.37837300000012	4
198.80694400000013	1
199.23551500000013	2
199.66408600000014	3
200.09265700000014	4
200.52122800000015	1
200.94979900000016	2
201.37837000000016	3
201.81694100000018	4
202.2455120000002	1
202.6740830000002	2
203.1026540000002	3
203.5312250000002	4
203.9597960000002	1
204.38836700000022	2
204.81693800000022	3
205.24550900000023	4
205.68408000000022	1
206.11265100000023	2
206.53122200000024	3
206.95979300000025	4
207.38836400000025	1
207.80693500000024	2
208.23550600000024	3
208.67407700000027	4
209.10264800000027	1
209.53121900000028	2
209.94979000000026	3
210.37836100000027	4
210.8169320000003	1
211.2455030000003	2
211.6740740000003	3
212.1026450000003	4
212.5312160000003	1
212.95978700000032	2
213.3783580000003	3
213.8069290000003	4
214.23550000000031	1
214.67407100000034	2
215.10264200000034	3
215.53121300000035	4
215.95978400000035	1
216.38835500000036	2
216.81692600000036	3
217.23549700000035	4
217.67406800000037	1
218.10263900000038	2
218.53121000000039	3
218.94978100000037	4
219.37835200000038	1
219.80692300000038	2
220.2354940000004	3
220.6540650000004	4
221.0926360000004	1
221.5412070000004	2
221.95977800000043	3
222.38834900000043	4
222.81692000000044	1
223.24549100000044	2
223.67406200000045	3
224.10263300000045	4
224.53120400000046	1
224.96977500000045	2
225.38834600000047	3
225.81691700000047	4
226.24548800000048	1
226.68405900000047	2
227.1026300000005	3
227.52120100000047	4
227.94977200000048	1
228.3883430000005	2
228.8069140000005	3
229.2454850000005	4
229.67405600000052	1
230.11262700000051	2
230.5211980000005	3
230.95976900000053	4
231.38834000000054	1
231.81691100000054	2
232.24548200000055	3
232.68405300000055	4
233.10262400000056	1
233.53119500000057	2
233.94976600000055	3
234.38833700000058	4
234.80690800000056	1
235.23547900000057	2
235.6740500000006	3
236.1026210000006	4
236.5311920000006	1
236.9597630000006	2
237.3783340000006	3
237.8069050000006	4
238.2354760000006	1
238.67404700000063	2
239.0926180000006	3
239.52118900000062	4
239.94976000000062	1
240.38833100000065	2
240.80690200000063	3
241.24547300000066	4
241.69404400000064	1
242.12261500000065	2
242.53118600000067	3
242.95975700000068	4
243.38832800000068	1
243.8168990000007	2
244.22547000000068	3
244.66404100000068	4
245.1026120000007	1
245.5311830000007	2
245.9497540000007	3
246.3783250000007	4
246.8068960000007	1
247.2354670000007	2
247.67403800000073	3
248.10260900000074	4
248.53118000000075	1
248.95975100000075	2
249.38832200000076	3
249.81689300000076	4
250.23546400000075	1
250.67403500000077	2
251.10260600000078	3
251.53117700000078	4
251.9597480000008	1
252.3883190000008	2
252.8168900000008	3
253.2454610000008	4
253.6740320000008	1
254.1026030000008	2
254.53117400000082	3
254.95974500000082	4
255.3783160000008	1
255.81688700000083	2
256.2454580000008	3
256.6840290000008	4
257.10260000000073	1
257.5311710000007	2
257.9597420000007	3
258.38831300000066	4
258.81688400000064	1
259.2454550000006	2
259.68402600000064	3
260.1125970000006	4
260.53116800000055	1
260.9597390000005	2
261.3783100000005	3
261.7968810000005	4
262.2254520000005	1
262.67402300000043	2
263.1025940000004	3
263.5311650000004	4
263.95973600000036	1
264.38830700000034	2
264.8168780000003	3
265.2454490000003	4
265.6640200000003	1
266.10259100000025	2
266.5311620000002	3
266.9597330000002	4
267.3783040000002	1
267.80687500000016	2
268.23544600000014	3
268.6740170000001	4
269.0925880000001	1
269.53115900000006	2
269.95973000000004	3
270.388301	4
270.816872	1
271.24544299999997	2
271.67401399999994	3
272.1025849999999	4
272.5311559999999	1
272.9597269999999	2
273.38829799999985	3
273.80686899999984	4
274.2254399999998	1
274.6640109999998	2
275.09258199999977	3
275.52115299999974	4
275.98972399999974	1