0.0	1
0.49180300000000005	2
0.9836060000000001	3
1.4754090000000002	4
1.9572120000000002	1
2.4490150000000006	2
2.9408180000000006	3
3.4326210000000006	4
3.9244240000000006	1
4.416227000000001	2
4.908030000000001	3
5.409833000000001	4
5.891636000000001	1
6.383439000000001	2
6.875242000000001	3
7.377045000000001	4
7.868848000000001	1
8.360651	2
8.852454000000002	3
9.354257000000002	4
9.826060000000004	1
10.317863000000004	2
10.819666000000005	3
11.311469000000006	4
11.803272000000007	1
12.295075000000008	2
12.786878000000009	3
13.27868100000001	4
13.77048400000001	1
14.262287000000011	2
14.754090000000012	3
15.235893000000013	4
15.727696000000014	1
16.219499000000013	2
16.711302000000014	3
17.203105000000015	4
17.704908000000017	1
18.186711000000017	2
18.678514000000018	3
19.18031700000002	4
19.67212000000002	1
20.163923000000022	2
20.655726000000023	3
21.147529000000024	4
21.639332000000024	1
22.131135000000025	2
22.622938000000026	3
23.114741000000027	4
23.596544000000026	1
24.068347000000028	2
24.580150000000028	3
25.08195300000003	4
25.57375600000003	1
26.05555900000003	2
26.54736200000003	3
27.049165000000034	4
27.540968000000035	1
28.032771000000036	2
28.524574000000037	3
29.006377000000036	4
29.498180000000037	1
29.99998300000004	2
30.49178600000004	3
30.98358900000004	4
31.46539200000004	1
31.95719500000004	2
32.448998000000046	3
32.95080100000004	4
33.44260400000004	1
33.934407000000036	2
34.42621000000003	3
34.90801300000003	4
35.40981600000003	1
35.901619000000025	2
36.39342200000002	3
36.87522500000002	4
37.37702800000002	1
37.868831000000014	2
38.36063400000001	3
38.85243700000001	4
39.344240000000006	1
39.816043	2
40.327846	3
40.819649	4
41.311451999999996	1
41.80325499999999	2
42.28505799999999	3
42.77686099999999	4
43.26866399999999	1
43.760466999999984	2
44.26226999999998	3
44.74407299999998	4
45.235875999999976	1
45.73767899999997	2
46.22948199999997	3
46.721284999999966	4
47.21308799999996	1
47.70489099999996	2
48.19669399999996	3
48.688496999999956	4
49.18029999999995	1
49.67210299999995	2
50.16390599999995	3
50.655708999999945	4
51.14751199999994	1
51.66931499999994	2
52.13111799999994	3
52.612920999999936	4
53.11472399999993	1
53.59652699999993	2
54.098329999999926	3
54.59013299999992	4
55.08193599999992	1
55.57765899999992	2
56.06338199999992	3
56.55910499999992	4
57.06482799999991	1
57.56055099999991	2
58.05627399999991	3
58.55199699999991	4
59.0277199999999	1
59.48860999999991	2
59.93949999999991	3
60.40038999999991	4
60.88127999999991	1
61.36958799999991	2
61.83789599999991	3
62.326203999999905	4
62.8045119999999	1
63.2945119999999	2
63.774511999999895	3
64.2445119999999	4
64.7245119999999	1
65.20451199999991	2
65.68451199999991	3
66.16451199999992	4
66.64451199999992	1
67.12451199999992	2
67.61451199999993	3
68.09451199999994	4
68.57451199999994	1
69.05451199999995	2
69.52451199999994	3
70.00451199999995	4
70.48451199999995	1
70.96451199999996	2
71.44451199999996	3
71.92451199999996	4
72.40451199999997	1
72.88451199999997	2
73.36451199999998	3
73.85451199999999	4
74.33451199999999	1
74.814512	2
75.28451199999999	3
75.764512	4
76.244512	1
76.73451200000001	2
77.21451200000001	3
77.69451200000002	4
78.16451200000002	1
78.65451200000003	2
79.13451200000003	3
79.61451200000003	4
80.09451200000004	1
80.57451200000004	2
81.04451200000004	3
81.53451200000005	4
82.01451200000005	1
82.49451200000006	2
82.97451200000006	3
83.45451200000007	4
83.92451200000006	1
84.41451200000007	2
84.89451200000008	3
85.37451200000008	4
85.84451200000008	1
86.32451200000008	2
86.80451200000009	3
87.28451200000009	4
87.7645120000001	1
88.2545120000001	2
88.73451200000011	3
89.21451200000011	4
89.69451200000012	1
90.17451200000012	2
90.65451200000012	3
91.13451200000013	4
91.60451200000013	1
92.09451200000014	2
92.57451200000014	3
93.05451200000014	4
93.53451200000015	1
94.01451200000015	2
94.49451200000016	3
94.97451200000016	4
95.44451200000016	1
95.92451200000016	2
96.40451200000017	3
96.88451200000017	4
97.36451200000018	1
97.84451200000018	2
98.32451200000018	3
98.79451200000018	4
99.28451200000019	1
99.7645120000002	2
100.2445120000002	3
100.73451200000021	4
101.21451200000021	1
101.69451200000022	2
102.17451200000022	3
102.64451200000022	4
103.12451200000022	1
103.61451200000023	2
104.09451200000024	3
104.57451200000024	4
105.04451200000024	1
105.52451200000024	2
106.00451200000025	3
106.46451200000025	4
106.94451200000026	1
107.42451200000026	2
107.90451200000027	3
108.40451200000027	4
108.87451200000027	1
109.36451200000027	2
109.84451200000028	3
110.32451200000028	4
110.80451200000029	1
111.2945120000003	2
111.7745120000003	3
112.2545120000003	4
112.73451200000031	1
113.2045120000003	2
113.68451200000031	3
114.17451200000032	4
114.64451200000032	1
115.13451200000033	2
115.61451200000033	3
116.09451200000034	4
116.56451200000033	1
117.04451200000034	2
117.52451200000034	3
118.00451200000035	4
118.48451200000035	1
118.96451200000035	2
119.44451200000036	3
119.93451200000037	4
120.41451200000037	1
120.89451200000038	2
121.37451200000038	3
121.85451200000038	4
122.32451200000038	1
122.80451200000039	2
123.28451200000039	3
123.7745120000004	4
124.2545120000004	1
124.73451200000041	2
125.2045120000004	3
125.69451200000042	4
126.17451200000042	1
126.65451200000042	2
127.13451200000043	3
127.61451200000043	4
128.0945120000004	1
128.5745120000004	2
129.0445120000004	3
129.52451200000039	4
130.00451200000037	1
130.49451200000036	2
130.97451200000035	3
131.45451200000034	4
131.93451200000032	1
132.41451200000031	2
132.8945120000003	3
133.3645120000003	4
133.8445120000003	1
134.33451200000027	2
134.81451200000026	3
135.29451200000025	4
135.76451200000025	1
136.24451200000024	2
136.72451200000023	3
137.20451200000022	4
137.6845120000002	1
138.1645120000002	2
138.6445120000002	3
139.12451200000018	4
139.60451200000017	1
140.09451200000015	2
140.57451200000014	3
141.04451200000014	4
141.52451200000013	1
142.0145120000001	2
142.4945120000001	3
142.9645120000001	4
143.4445120000001	1
143.93451200000007	2
144.41451200000006	3
144.89451200000005	4
145.37451200000004	1
145.85451200000003	2
146.33451200000002	3
146.814512	4
147.294512	1
147.774512	2
148.25451199999998	3
148.73451199999997	4
149.21451199999996	1
149.69451199999995	2
150.17451199999994	3
150.65451199999993	4
151.12451199999992	1
151.6145119999999	2
152.0945119999999	3
152.5645119999999	4
153.04451199999988	1
153.53451199999986	2
154.01451199999985	3
154.48451199999985	4
154.96451199999984	1
155.44451199999983	2
155.91451199999983	3
156.39451199999982	4
156.8845119999998	1
157.3645119999998	2
157.84451199999978	3
158.32451199999977	4
158.80451199999976	1
159.28451199999975	2
159.76451199999974	3
160.24451199999973	4
160.7345119999997	1
161.2145119999997	2
161.6945119999997	3
162.17451199999968	4
162.64451199999968	1
163.12451199999967	2
163.61451199999965	3
164.08451199999965	4
164.56451199999964	1
165.04451199999963	2
165.52451199999962	3
166.0045119999996	4
166.4845119999996	1
166.9645119999996	2
167.44451199999958	3
167.92451199999957	4
168.41451199999955	1
168.89451199999954	2
169.37451199999953	3
169.85451199999952	4
170.3345119999995	1
170.8045119999995	2
171.2845119999995	3
171.76451199999948	4
172.24451199999947	1
172.72451199999946	2
173.20451199999945	3
173.68451199999944	4
174.16451199999943	1
174.64451199999942	2
175.1245119999994	3
175.6045119999994	4
176.09451199999938	1
176.57451199999937	2
177.05451199999936	3
177.53451199999935	4
178.00451199999935	1
178.48451199999934	2
178.96451199999933	3
179.44451199999932	4
179.9245119999993	1
180.4045119999993	2
180.8845119999993	3
181.36451199999928	4
181.84451199999927	1
182.32451199999926	2
182.80451199999925	3
183.28451199999924	4
183.76451199999923	1
184.24451199999922	2
184.7245119999992	3
185.2045119999992	4
185.69451199999918	1
186.17451199999917	2
186.65451199999916	3
187.13451199999915	4
187.60451199999915	1
188.10037799999913	2
188.59624399999913	3
189.09210999999914	4
189.59797599999914	1
190.09384199999914	2
190.58970799999915	3
191.07557399999916	4
191.58143999999916	1
192.06730599999918	2
192.5531719999992	3
193.03903799999918	4
193.5449039999992	1
194.0307699999992	2
194.53663599999922	3
195.03250199999923	4
195.53836799999922	1
196.04423399999922	2
196.54009999999923	3
197.03596599999923	4
197.54183199999926	1
198.03574399999923	2
198.53965599999924	3
199.01356799999925	4
199.51747999999927	1
200.0413919999993	2
200.5253039999993	3
201.0292159999993	4
201.53312799999932	1
202.01951999999935	2
202.52591199999935	3
203.02230399999934	4
203.52869599999934	1
204.03102299999935	2
204.54334999999935	3
205.04567699999936	4
205.54800399999934	1
206.04151399999935	2
206.55502399999935	3
207.06853399999935	4
207.57204399999932	1