0.02	1
0.879564	2
1.749128	3
2.618692	4
3.488256	1
4.35782	2
5.227384000000001	3
6.096948000000001	4
6.936512000000002	1
7.806076000000003	2
8.695640000000003	3
9.565204000000003	4
10.424768000000004	1
11.334332000000003	2
12.173896000000004	3
13.033460000000005	4
13.893024000000006	1
14.755919000000006	2
15.618814000000006	3
16.491709000000004	4
17.354604000000005	1
18.224260000000005	2
19.093916000000004	3
19.973572000000004	4
20.853228000000005	1
21.751397000000004	2
22.639566000000002	3
23.537735	4
24.435904	1
25.355458000000002	2
26.265012000000002	3
27.184566000000004	4
28.124120000000005	1
28.996648000000004	2
29.869176000000007	3
30.701704000000007	4
31.554232000000006	1
32.427254000000005	2
33.28027600000001	3
34.113298000000015	4
34.936320000000016	1
35.80033500000002	2
36.624350000000014	3
37.458365000000015	4
38.31238000000002	1
39.13540200000002	2
39.99842400000002	3
40.87144600000003	4
41.74446800000003	1
42.60075700000003	2
43.51704600000003	3
44.413335000000025	4
45.27962400000002	1
46.16591300000002	2
47.052202000000015	3
47.93849100000001	4
48.804780000000015	1
49.686318000000014	2
50.55785600000001	3
51.44939400000001	4
52.33093200000001	1
53.23009300000001	2
54.109254000000014	3
54.97841500000002	4
55.847576000000025	1
56.77337000000003	2
57.66916400000003	3
58.56495800000003	4
59.44075200000003	1
60.35654600000004	2
61.242340000000034	3
62.12813400000004	4
63.02392800000004	1
63.91972200000004	2
64.81551600000004	3
65.71131000000004	4
66.59710400000003	1
67.47101800000004	2
68.37493200000004	3
69.26884600000005	4
70.15276000000006	1
71.04855400000005	2
71.95434800000004	3
72.86014200000004	4
73.72593600000003	1
74.60747400000004	2
75.50901200000004	3
76.39055000000005	4
77.26208800000006	1
78.15362600000006	2
79.02516400000007	3
79.90670200000008	4
80.78824000000009	1
81.67215400000009	2
82.5560680000001	3
83.4399820000001	4
84.3238960000001	1
85.2349360000001	2
86.1159760000001	3
86.99701600000012	4
87.87805600000011	1
88.77909600000012	2
89.67013600000013	3
90.56117600000013	4
91.45221600000013	1
92.32900000000014	2
93.20578400000014	3
94.08256800000014	4
94.94935200000013	1
95.86227300000014	2
96.75519400000015	3
97.67811500000015	4
98.59103600000016	1
99.50108600000016	2
100.40113600000015	3
101.31118600000015	4
102.22123600000015	1
103.13128600000015	2
104.03133600000015	3
104.94138600000015	4
105.85143600000015	1
106.76148600000015	2
107.67153600000015	3
108.58158600000014	4
109.47163600000013	1
110.37030200000014	2
111.26896800000014	3
112.15763400000014	4
113.03630000000014	1
113.93496600000014	2
114.82363200000015	3
115.71229800000015	4
116.60096400000015	1
117.49250200000014	2
118.37404000000015	3
119.24557800000017	4
120.12711600000017	1
121.00865400000018	2
121.89019200000018	3
122.77173000000019	4
123.6532680000002	1
124.5466860000002	2
125.45010400000018	3
126.34352200000018	4
127.21694000000018	1
128.10798000000017	2
128.98902000000018	3
129.88006000000019	4
130.78110000000018	1
131.67026100000018	2
132.5494220000002	3
133.4285830000002	4
134.3077440000002	1
135.18690500000022	2
136.06606600000023	3
136.94522700000024	4
137.82438800000025	1
138.71354900000028	2
139.5927100000003	3
140.4618710000003	4
141.3310320000003	1
142.2268260000003	2
143.1126200000003	3
144.0384140000003	4
144.92420800000028	1
145.81762600000027	2
146.70104400000028	3
147.59446200000028	4
148.48788000000027	1
149.3989200000003	2
150.2899600000003	3
151.17100000000028	4
152.0520400000003	1
152.9749610000003	2
153.86788200000026	3
154.78080300000028	4
155.68372400000027	1
156.56288500000028	2
157.4420460000003	3
158.3212070000003	4
159.1903680000003	1
160.1014080000003	2
160.9924480000003	3
161.8934880000003	4
162.7545280000003	1
163.65319400000033	2
164.51186000000033	3
165.41052600000032	4
166.29919200000032	1
167.17785800000033	2
168.06652400000033	3
168.9751900000003	4
169.8638560000003	1
170.78202500000032	2
171.6801940000003	3
172.5783630000003	4
173.4465320000003	1
174.3547010000003	2
175.25287000000029	3
176.15103900000028	4
177.0592080000003	1
177.93500200000028	2
178.83079600000028	3
179.71659000000028	4
180.61238400000028	1
181.51817800000026	2
182.41397200000026	3
183.30976600000025	4
184.19556000000026	1
185.10472100000027	2
185.98388200000028	3
186.8630430000003	4
187.7222040000003	1
188.6151250000003	2
189.52804600000027	3
190.43096700000027	4
191.43006720625027	1