0.01	1
0.625	2
1.25	3
1.875	4
2.5	1
3.125	2
3.75	3
4.375	4
5.0	1
5.625	2
6.25	3
6.865	4
7.5	1
8.125	2
8.75	3
9.375	4
10.0	1
10.615	2
11.24	3
11.865	4
12.49	1
13.115	2
13.74	3
14.355	4
14.99	1
15.615	2
16.24	3
16.865	4
17.49	1
18.125	2
18.74	3
19.365	4
19.99	1
20.625	2
21.25	3
21.865	4
22.5	1
23.125	2
23.74	3
24.365	4
24.99	1
25.625	2
26.24	3
26.865	4
27.5	1
28.125	2
28.74	3
29.365	4
29.99	1
30.625	2
31.25	3
31.865	4
32.49	1
33.125	2
33.75	3
34.365	4
35.0	1
35.625	2
36.25	3
36.865	4
37.49	1
38.125	2
38.75	3
39.375	4
39.99	1
40.586617	2
41.193234	3
41.799851	4
42.406468	1
43.013085	2
43.619702	3
44.216319	4
44.832936	1
45.439553	2
46.03617	3
46.652787	4
47.259403999999996	1
47.856021	2
48.472637999999996	3
49.069255	4
49.665872	1
50.310871999999996	2
50.935871999999996	3
51.560871999999996	4
52.185871999999996	1
52.820872	2
53.435871999999996	3
54.060871999999996	4
54.685871999999996	1
55.310871999999996	2
55.935871999999996	3
56.560871999999996	4
57.185871999999996	1
57.820872	2
58.445872	3
59.060871999999996	4
59.695872	1
60.320872	2
60.935871999999996	3
61.560871999999996	4
62.185871999999996	1
62.810871999999996	2
63.435871999999996	3
64.060872	4
64.685872	1
65.320872	2
65.935872	3
66.560872	4
67.185872	1
67.810872	2
68.435872	3
69.060872	4
69.685872	1
70.290819	2
70.88576599999999	3
71.50071299999999	4
72.10565999999999	1
72.71060699999998	2
73.31555399999998	3
73.92050099999997	4
74.52544799999997	1
75.13039499999996	2
75.73534199999996	3
76.35028899999995	4
76.94523599999995	1
77.56018299999994	2
78.16512999999993	3
78.77007699999993	4
79.37502399999993	1
79.97997099999992	2
80.59491799999992	3
81.19986499999992	4
81.80481199999991	1
82.40975899999991	2
83.0147059999999	3
83.6196529999999	4
84.2245999999999	1
84.82954699999989	2
85.43449399999989	3
86.03944099999988	4
86.65438799999988	1
87.29017799999987	2
87.93596799999987	3
88.58175799999988	4
89.20754799999989	1
89.87333799999989	2
90.5191279999999	3
91.1649179999999	4
91.8107079999999	1
92.44349699999991	2
93.07628599999991	3
93.70907499999991	4
94.34186399999992	1
94.97465299999992	2
95.59744199999992	3
96.23023099999992	4
96.86301999999992	1
97.49580899999992	2
98.12859799999993	3
98.76138699999993	4
99.39417599999993	1
100.01696499999994	2
100.63975399999994	3
101.29254299999994	4
101.92533199999994	1
102.54388799999994	2
103.16244399999994	3
103.78099999999993	4
104.39955599999993	1
105.00811199999994	2
105.63666799999993	3
106.24522399999994	4
106.87377999999993	1
107.49233599999992	2
108.11089199999992	3
108.72944799999992	4
109.34800399999992	1
109.95655999999993	2
110.57511599999992	3
111.21367199999992	4
111.82222799999991	1
112.44078399999991	2
113.0593399999999	3
113.66789599999991	4
114.28645199999991	1
114.90500799999991	2
115.5435639999999	3
116.1521199999999	4
116.7706759999999	1
117.3792319999999	2
118.0177879999999	3
118.6163439999999	4
119.24489999999989	1
119.86345599999989	2
120.47201199999989	3
121.11056799999989	4
121.72912399999989	1
122.32767999999989	2
122.95623599999988	3
123.57479199999987	4
124.20334799999988	1
124.81190399999987	2
125.44045999999987	3
126.03901599999988	4
126.65757199999987	1
127.27612799999987	2
127.90468399999986	3
128.52323999999987	4
129.14179599999989	1
129.75035199999988	2
130.3689079999999	3
130.9874639999999	4
131.60601999999992	1
132.2093089999999	2
132.8225979999999	3
133.4376929999999	4
134.0727879999999	1
134.7001629999999	2
135.3075379999999	3
135.9349129999999	4
136.5622879999999	1
137.18084399999992	2
137.79939999999993	3
138.41795599999995	4
139.03651199999996	1
139.65506799999997	2
140.27362399999998	3
140.89218	4
141.510736	1
142.12929200000002	2
142.74784800000003	3
143.36640400000005	4
143.99496000000005	1
144.61351600000006	2
145.23207200000007	3
145.8406280000001	4
146.4591840000001	1
147.07774000000012	2
147.70629600000012	3
148.32485200000013	4
148.94340800000015	1
149.55196400000017	2
150.17052000000018	3
150.7890760000002	4
151.4076320000002	1
152.02618800000022	2
152.65474400000022	3
153.27330000000023	4
153.88185600000025	1
154.50041200000027	2
155.11896800000028	3
155.7375240000003	4
156.3560800000003	1
156.9846360000003	2
157.60319200000032	3
158.21174800000034	4
158.83030400000035	1
159.44886000000037	2
160.06741600000038	3
160.67597200000037	4
161.3145280000004	1
161.9330840000004	2
162.55164000000042	3
163.16019600000044	4
163.78875200000044	1
164.40730800000046	2
165.01586400000048	3
165.6344200000005	4
166.25297600000047	1
166.86465300000046	2
167.47633000000044	3
168.0780070000004	4
168.69968400000042	1
169.3113610000004	2
169.93303800000038	3
170.53471500000038	4
171.14639200000036	1
171.75806900000035	2
172.37974600000032	3
172.98142300000032	4
173.5931000000003	1
174.2113940000003	2
174.8196880000003	3
175.4279820000003	4
176.0462760000003	1
176.6545700000003	2
177.2628640000003	3
177.8611580000003	4
178.4694520000003	1
179.0677460000003	2
179.6760400000003	3
180.2843340000003	4
180.9026280000003	1
181.4929650000003	2
182.08330200000032	3
182.67363900000032	4
183.26397600000033	1
183.85431300000033	2
184.44465000000034	3
185.03498700000034	4
185.63532400000034	1
186.22686762500038	2
186.83854462500037	3
187.46022162500034	4
188.07189862500033	1
188.68357562500032	2
189.2952526250003	3
189.8969296250003	4
190.51860662500027	1
191.13028362500026	2
191.74196062500025	3
192.35363762500023	4
192.96531462500022	1
193.5769916250002	2
194.1886686250002	3
194.80034562500018	4
195.42202262500015	1
196.03369962500014	2
196.63537662500013	3
197.24705362500012	4
197.8587306250001	1
198.48040762500008	2
199.09208462500007	3
199.70376162500006	4
200.31543862500007	1
200.93226062500008	2
201.5390826250001	3
202.14590462500013	4
202.772726625	1
203.489896125	2
204.25706562500002	1
205.06054112500001	2
205.87401662500002	1
206.69749212500005	2
207.62013462500005	1