0.0	1
0.32399700000000003	2
0.6479940000000001	3
0.9829910000000001	4
1.306988	1
1.6309850000000001	2
1.955982	3
2.269979	4
2.5949760000000004	1
2.9089730000000005	2
3.2329700000000003	3
3.5679670000000003	4
3.891964	1
4.223961	2
4.5549610000000005	3
4.886958000000001	4
5.197958000000002	1
5.524958000000002	2
5.8519580000000015	3
6.179956000000002	4
6.5069560000000015	1
6.831954000000001	2
7.156952000000001	3
7.483952000000001	4
7.811950000000001	1
8.134948000000001	2
8.460948000000002	3
8.786948000000002	4
9.114946000000002	1
9.438943000000002	2
9.764943000000002	3
10.090943000000003	4
10.417943000000003	1
10.741940000000003	2
11.060938000000004	3
11.393935000000004	4
11.717932000000005	1
12.047930000000004	2
12.373930000000005	3
12.699930000000005	4
13.015930000000006	1
13.351930000000007	2
13.677930000000007	3
14.003930000000008	4
14.330930000000007	1
14.655927000000007	2
14.981927000000008	3
15.307927000000008	4
15.634927000000008	1
15.960927000000009	2
16.28692700000001	3
16.61292700000001	4
16.939927000000008	1
17.26292500000001	2
17.59192300000001	3
17.916920000000008	4
18.24292000000001	1
18.56892000000001	2
18.90492000000001	3
19.22192000000001	4
19.547920000000012	1
19.873920000000012	2
20.199920000000013	3
20.525920000000013	4
20.85292000000001	1
21.17791700000001	2
21.513917000000014	3
21.829917000000012	4
22.155917000000013	1
22.481917000000013	2
22.808917000000015	3
23.134917000000016	4
23.459914000000015	1
23.786914000000017	2
24.12291400000002	3
24.43891400000002	4
24.75691300000002	1
25.09091100000002	2
25.41691100000002	3
25.74090800000002	4
26.06390600000002	1
26.395903000000022	2
26.721903000000022	3
27.047903000000023	4
27.372900000000023	1
27.699900000000024	2
28.025900000000025	3
28.351900000000025	4
28.678900000000024	1
29.003897000000023	2
29.329897000000024	3
29.656897000000026	4
29.982897000000026	1
30.308897000000027	2
30.64489700000003	3
30.960897000000028	4
31.286897000000028	1
31.61289700000003	2
31.93889700000003	3
32.264897000000026	4
32.591897000000024	1
32.91689400000003	2
33.252894000000026	3
33.58089200000003	4
33.904889000000026	1
34.221889000000026	2
34.547889000000026	3
34.87388900000003	4
35.19988900000003	1
35.52588900000003	2
35.85188900000003	3
36.17788900000003	4
36.50388900000003	1
36.82988900000003	2
37.15588900000003	3
37.48188900000003	4
37.80988700000003	1
38.14488400000003	2
38.469881000000036	3
38.78688100000004	4
39.11288100000004	1
39.43888100000004	2
39.774881000000036	3
40.09088100000004	4
40.41688100000004	1
40.75288100000004	2
41.07888100000004	3
41.40488100000004	4
41.73188100000004	1
42.04788100000004	2
42.38388100000004	3
42.69988100000004	4
43.02588100000004	1
43.35188100000004	2
43.676878000000045	3
44.00187500000005	4
44.32987300000005	1
44.65587300000005	2
44.98187300000005	3
45.30787300000005	4
45.64387300000005	1
45.96087300000005	2
46.28687300000005	3
46.61287300000005	4
46.93887300000005	1
47.26487300000005	2
47.59087300000005	3
47.91687300000005	4
48.24387300000005	1
48.568870000000054	2
48.90487000000005	3
49.220870000000055	4
49.54787000000005	1
49.88387000000005	2
50.20987000000005	3
50.525870000000054	4
50.851870000000055	1
51.177870000000055	2
51.513870000000054	3
51.82987000000006	4
52.15587000000006	1
52.48187000000006	2
52.80787000000006	3
53.13387000000006	4
53.45987000000006	1
53.78687000000006	2
54.122870000000056	3
54.449870000000054	4
54.769870000000054	1
55.086870000000054	2
55.41986800000005	3
55.74286600000005	4
56.06486500000005	1
56.37786300000005	2
56.699862000000046	3
57.03286000000004	4
57.34585800000004	1
57.66785700000004	2
57.99085500000004	3
58.31385300000004	4
58.635852000000035	1
58.95785100000003	2
59.29084900000003	3
59.61384700000003	4
59.92584600000003	1
60.24884400000003	2
60.570843000000025	3
60.89384100000002	4
61.21584000000002	1
61.53883800000002	2
61.871836000000016	3
62.193835000000014	4
62.506833000000015	1
62.82883200000001	2
63.16183000000001	3
63.48482800000001	4
63.79682700000001	1
64.11882600000001	2
64.44582600000001	3
64.762826	4
65.059826	1
65.40982400000001	2
65.73782200000001	3
66.064822	4
66.37782	1
66.700818	2
67.022817	3
67.345815	4
67.667814	1
67.990812	2
68.31281100000001	3
68.63580900000001	4
68.95880700000001	1
69.28080600000001	2
69.60280500000002	3
69.92580300000002	4
70.24880100000001	1
70.57080000000002	2
70.90379800000002	3
71.21679600000002	4
71.53979400000001	1
71.87179300000003	2
72.19379200000003	3
72.50679000000002	4
72.82878900000003	1
73.15178700000003	2
73.48478500000003	3
73.79578300000003	4
74.11978000000003	1
74.44177900000004	2
74.76477700000004	3
75.08677600000004	4
75.41977400000005	1
75.74277200000004	2
76.06477100000005	3
76.37776900000004	4
76.69976800000005	1
77.02076600000005	2
77.34576300000005	3
77.67476100000006	4
77.99076100000005	1
78.31276000000005	2
78.63575800000005	3
78.95575800000006	4
79.28075500000006	1
79.60375300000005	2
79.92575200000006	3
80.24875000000006	4
80.57074900000006	1
80.90374700000007	2
81.22474500000007	3
81.53674400000007	4
81.87174100000007	1
82.19374000000008	2
82.50673800000007	3
82.82673800000008	4
83.16173500000008	1
83.48373400000008	2
83.79673200000008	3
84.11673200000008	4
84.45273200000008	1
84.77273200000009	2
85.08672900000009	3
85.40972700000009	4
85.74272500000009	1
86.0647240000001	2
86.37772200000009	3
86.6997210000001	4
87.0227190000001	1
87.34571700000009	2
87.6677160000001	3
87.9877160000001	4
88.3227130000001	1
88.64271300000011	2
88.9577100000001	3
89.2807080000001	4
89.61470500000011	1
89.93670400000012	2
90.25870300000012	3
90.58070200000013	4
90.90370000000013	1
91.21569900000013	2
91.54869700000013	3
91.87169500000013	4
92.19369400000014	1
92.50669200000013	2
92.82869100000013	3
93.16168900000014	4
93.48468700000014	1
93.79668600000014	2
94.11968400000013	3
94.44268200000013	4
94.76468100000014	1
95.08767900000014	2
95.40067700000013	3
95.72667700000014	4
96.06467500000014	1
96.37767300000013	2
96.69967200000013	3
97.02267000000013	4
97.34566800000013	1
97.66766700000014	2
97.99066500000013	3
98.31066500000014	4
98.63566200000014	1
98.95566200000015	2
99.28065900000014	3
99.60065900000015	4
99.92665900000014	1
100.24865800000015	2
100.57065700000015	3
100.89365500000015	4
101.21565400000016	1
101.53865200000016	2
101.87165000000016	3
102.19364900000016	4
102.50664700000016	1
102.82864600000016	2
103.15164400000016	3
103.47464200000016	4
103.79664100000016	1
104.11963900000016	2
104.44163800000017	3
104.76463600000017	4
105.08663500000017	1
105.40963300000017	2
105.73263100000017	3
106.05562900000017	4
106.38762800000018	1
106.70962700000018	2
107.03262500000018	3
107.35462400000019	4
107.66762200000018	1
107.99062000000018	2
108.31261900000018	3
108.63561700000018	4
108.95761600000019	1
109.28061400000018	2
109.60361200000018	3
109.92561100000019	4
110.24860900000019	1
110.57060800000019	2
110.8926070000002	3
111.20560500000019	4
111.5386030000002	1
111.8716010000002	2
112.1936000000002	3
112.5065980000002	4
112.8295960000002	1
113.1515950000002	2
113.48359400000021	3
113.7965920000002	4
114.1245900000002	1
114.4425880000002	2
114.7805880000002	3
115.1175880000002	4
115.4455880000002	1
115.8285860000002	2
116.1125830000002	3
116.44058100000021	4
116.77257800000021	1
117.1125760000002	2
117.4355740000002	3
117.7485720000002	4
118.06157000000019	1
118.39456800000019	2
118.7155660000002	3
119.0365640000002	4
119.3575620000002	1
119.6785600000002	2
119.9995580000002	3
120.32055600000021	4
120.64255500000021	1
120.96355300000022	2
121.28755000000022	3
121.60154700000022	4
121.92554400000022	1
122.24754300000022	2
122.57054100000022	3
122.91254000000023	4
123.21553800000022	1
123.53753700000023	2
123.87053500000023	3
124.19253400000024	4
124.50553200000023	1
124.82753100000023	2
125.17052900000024	3
125.50252800000024	4
125.79552600000024	1
126.11652400000024	2
126.44752200000025	3
126.76952100000025	4
127.10251900000026	1
127.41551700000025	2
127.73951400000026	3
128.06351100000026	4
128.38551000000027	1
128.70850800000028	2
129.0315060000003	3
129.3535050000003	4
129.67650300000028	1
129.99650300000027	2
130.32850200000027	3
130.65150000000028	4
130.9744980000003	1
131.2864970000003	2
131.6104940000003	3
131.9344910000003	4
132.2454890000003	1
132.5764870000003	2
132.8994850000003	3
133.22248300000032	4
133.54848300000032	1
133.86948100000032	2
134.1944790000003	3
134.5134770000003	4
134.8374740000003	1
135.1604720000003	2
135.4924710000003	3
135.8144700000003	4
136.1384670000003	1
136.4614650000003	2
136.7924630000003	3
137.10246300000028	4
137.4174600000003	1
137.73746000000028	2
138.0584580000003	3
138.37845800000028	4
138.69945600000028	1
139.02045400000029	2
139.35145200000028	3
139.67245000000028	4
139.99245000000028	1
140.31444900000028	2
140.63444900000027	3
140.94544700000029	4
141.2664450000003	1
141.5874430000003	2
141.9084410000003	3
142.2294390000003	4
142.5504370000003	1
142.88043700000028	2
143.2024360000003	3
143.52243600000028	4
143.8434340000003	1
144.1644320000003	2
144.4754300000003	3
144.7964280000003	4
145.1174260000003	1
145.4374260000003	2
145.7684240000003	3
146.0794220000003	4
146.3994220000003	1
146.7214210000003	2
147.0414210000003	3
147.3624190000003	4
147.6834170000003	1
148.0044150000003	2
148.3254130000003	3
148.6464110000003	4
148.96740900000032	1
149.28840700000032	2
149.6084070000003	3
149.92940500000032	4
150.25040300000032	1
150.57140100000032	2
150.90239900000032	3
151.2223990000003	4
151.52339700000033	1
151.85439500000032	2
152.17539300000033	3
152.48639100000034	4
152.80738900000034	1
153.12838700000034	2
153.45838700000033	3
153.78038600000033	4
154.10038600000033	1
154.43238500000032	2
154.75238500000032	3
155.06738300000032	4
155.37838100000033	1
155.71038000000033	2
156.03337800000034	3
156.34637600000033	4
156.66737400000034	1
156.98837200000034	2
157.31037100000034	3
157.63037100000034	4
157.95037100000033	1
158.28237000000033	2
158.60237000000032	3
158.92336800000032	4
159.24436600000033	1
159.55536400000034	2
159.87636200000034	3
160.19736000000034	4
160.51635800000034	1
160.83935600000032	2
161.15935600000032	3
161.48035400000032	4
161.80135200000032	1
162.12235000000032	2
162.44334800000033	3
162.76334800000032	4
163.0863460000003	1
163.4053440000003	2
163.7253440000003	3
164.0473430000003	4
164.3673430000003	1
164.69234100000028	2
165.0143400000003	3
165.3373380000003	4
165.6613350000003	1
165.9823330000003	2
166.3033310000003	3
166.6143290000003	4
166.92532700000032	1
167.25632500000032	2
167.5763250000003	3
167.8973230000003	4
168.21932200000032	1
168.5393220000003	2
168.8593220000003	3
169.1813210000003	4
169.5113210000003	1
169.8323190000003	2
170.1533170000003	3
170.4743150000003	4
170.7873130000003	1
171.1063110000003	2
171.4273090000003	3
171.7483070000003	4
172.0683070000003	1
172.3893050000003	2
172.71930500000028	3
173.0503030000003	4
173.36130100000028	1
173.68229900000028	2
174.0032970000003	3
174.3152960000003	4
174.6352960000003	1
174.9562940000003	2
175.2772920000003	3
175.5982900000003	4
175.9182900000003	1
176.2392880000003	2
176.5602860000003	3
176.8812840000003	4
177.2022820000003	1
177.5222820000003	2
177.8442810000003	3
178.1652790000003	4
178.4862770000003	1
178.8062770000003	2
179.1272750000003	3
179.4482730000003	4
179.7742730000003	1
180.0942730000003	2
180.4202730000003	3
180.7422720000003	4
181.0632700000003	1
181.3822680000003	2
181.7042670000003	3
182.0152650000003	4
182.33626300000032	1
182.6562630000003	2
182.9772610000003	3
183.29926000000032	4
183.61626000000032	1
183.94025700000032	2
184.26125500000032	3
184.58225300000032	4
184.90225300000031	1
185.22325100000032	2
185.54525000000032	3
185.86424800000032	4
186.18624700000032	1
186.50724500000032	2
186.82424500000033	3
187.14824200000032	4
187.47024100000033	1
187.79024100000032	2
188.11123900000032	3
188.43223700000033	4
188.75223700000032	1
189.07323500000032	2
189.4032350000003	3
189.73323500000032	4
190.08323500000031	1
190.4032350000003	2
190.7232350000003	3