0.02	1
0.676666	2
1.343332	3
2.009998	4
2.6766639999999997	1
3.33333	2
3.9899960000000005	3
4.636662	4
5.2554665625000005	1
5.942132562500001	2
6.639384239583334	3
7.352275239583334	4
8.065166239583334	1
8.796872239583335	2
9.538578239583336	3
10.270284239583336	4
11.002371364583336	1
11.772371364583336	2
12.502371364583336	3
13.252371364583336	4
13.992371364583336	1
14.752371364583336	2
15.502371364583336	3
16.252371364583336	4
17.002371364583336	1
17.762371364583338	2
18.55976719791667	3
19.30621648125	4
19.95839048125	1
20.667800214583334	2
21.428541214583333	3
22.189282214583333	4
22.930023214583333	1
23.670764214583333	2
24.411505214583332	3
25.142246214583334	4
25.86298721458333	1
26.60372821458333	2
27.33417513125	3
28.060800131249998	4
28.787425131249996	1
29.524050131249993	2
30.230675131249992	3
30.95730013124999	4
31.68392513124999	1
32.41055013124999	2
33.13734029791666	3
33.919821297916656	4
34.652302297916656	1
35.384783297916655	2
36.10715205833332	3
36.83885805833332	4
37.600564058333326	1
38.33227005833333	2
39.05416662083333	3
39.80416662083333	4
40.55416662083333	1
41.30416662083333	2
42.05416662083333	3
42.79416662083332	4
43.53416662083333	1
43.91453712083333	2
44.28497858958333	3
44.65875558958333	4
45.032532589583326	5
45.40630958958333	1
46.15386058958333	2
46.91141158958334	3
47.648962589583334	4
48.396513589583336	1
49.15406458958334	2
49.88161558958334	3
50.62916658958334	4
51.38535171458334	1
52.14022671458334	2
52.87510171458334	3
53.61997671458334	4
54.38485171458334	1
55.119726714583344	2
55.864601714583344	3
56.609476714583344	4
57.34317673541667	1
58.08574973541667	2
58.82832273541667	3
59.57089573541667	4
60.31346873541667	1
61.05604173541667	2
61.79861473541667	3
62.53118773541667	4
63.27376073541667	1
64.01633373541667	2
64.75890673541666	3
65.50147973541665	4
66.25405273541665	1
67.00662573541663	2
67.74919873541663	3
68.46177173541662	4
69.20434473541661	1
69.95691773541661	2
70.6994907354166	3
71.4420637354166	4
72.18463673541659	1
72.92474799583326	2
73.65249799583326	3
74.38024799583327	4
75.11799799583328	1
75.85615580833328	2
76.60468880833328	3
77.34322180833328	4
78.08175480833329	1
78.8302878083333	2
79.5788208083333	3
80.3073538083333	4
81.05588680833331	1
81.79441980833332	2
82.52295280833332	3
83.27148580833332	4
84.01001880833333	1
84.74855180833333	2
85.48708480833334	3
86.21561780833333	4
86.95860011041667	1
87.70585011041666	2
88.47310011041665	3
89.21035011041666	4
89.95890116249998	1
90.69870016249997	2
91.43849916249997	3
92.18829816249996	4
92.95809716249997	1
93.70789616249996	2
94.45769516249996	3
95.20749416249996	4
95.95729316249995	1
96.70709216249995	2
97.45673854791661	3
98.2162385479166	4
98.98573854791667	1
99.70524054791667	2
100.46350400624999	1
101.21062800624999	2
101.95775200624999	3
102.70487600624999	4
103.44200000625	1
104.18912400625	2
104.92624800624999	3
105.66337200624999	4
106.40522308958332	1
107.17222308958331	2
107.9092230895833	3
108.6262230895833	4
109.3632230895833	1
110.1002230895833	2
110.82722308958328	3
111.57422308958328	4
112.30645486041661	1
113.0837048604166	2
113.8509548604166	3
114.5682048604166	4
115.29167309999993	1
116.04192209999992	2
116.76217109999992	3
117.46242009999992	4
118.2133878499999	1
118.9546368499999	2
119.6658858499999	3
120.40713484999989	4
121.13838384999988	1
121.88963284999988	2
122.63088184999988	3
123.37213084999988	4
124.11337984999987	1
124.86462884999987	2
125.60587784999987	3
126.33712684999986	4
127.07837584999986	1
127.84962484999986	2
128.57087384999986	3
129.30212284999988	4
130.0433718499999	1
130.7946208499999	2
131.5258698499999	3
132.26711884999992	4
133.0267407666666	1
133.77486576666658	2
134.52299076666657	3
135.24111576666658	4
135.97924076666658	1
136.70736576666656	2
137.44549076666655	3
138.18361576666655	4
138.9240110999999	1
139.66658409999988	2
140.40915709999987	3
141.15173009999987	4
141.89430309999986	1
142.63687609999985	2
143.37944909999985	3
144.11202209999985	4
144.85459509999984	1
145.59716809999983	2
146.33974109999983	3
147.0923140999998	4
147.8348870999998	1
148.5774600999998	2
149.3200330999998	3
150.06260609999978	4
150.80517909999978	1
151.56162032916646	2
152.30162032916644	3
153.05162032916644	4
153.78162032916646	1
154.53708074583312	2
155.27836474583313	3
156.01964874583314	4
156.76093274583314	1
157.51221674583314	2
158.25350074583315	3
158.99478474583316	4
159.73209566249983	1
160.44559566249984	2
161.18909566249982	3
161.95259566249982	4
162.68312691249983	1
163.43012691249984	2
164.17712691249986	3
164.91412691249985	4
165.6303888916665	1
166.37597189166652	2
167.10155489166655	3
167.84713789166656	4
168.62272089166657	1
169.35830389166657	2
170.10388689166658	3
170.8494698916666	4
171.5850528916666	1
172.35063589166663	2
173.09621889166664	3
173.85180189166664	4
174.6061472145833	1
175.3688972145833	2
176.11164721458331	3
176.86439721458333	4
177.62089461041666	1
178.38139461041663	2
179.13189461041662	3
179.8823946104166	4
180.64289461041662	1
181.4033946104166	2
182.1538946104166	3
182.90439461041657	4
183.65775867291657	1
184.41375767291657	2
185.1862587041666	3
185.9158127041666	4
186.6453667041666	1
187.3749207041666	2
188.10447470416662	3
188.83402870416663	4
189.56358270416663	1
190.29313670416664	2
191.02269070416665	3
191.88554939166664	4
192.87104839166665	1