0.0	1
0.453648	2
0.907296	3
1.360944	4
1.814592	1
2.26824	2
2.721888	3
3.1755359999999997	4
3.6291839999999995	1
4.082832	2
4.53648	3
4.990128	4
5.443776000000001	1
5.897424000000001	2
6.381072000000001	3
6.784720000000002	4
7.238368000000002	1
7.652016000000002	2
8.205664	3
8.569312	4
9.09296	1
9.546607999999999	2
10.040256	3
10.453903999999998	4
10.907551999999997	1
11.361199999999997	2
11.814847999999996	3
12.248495999999996	4
12.642143999999995	1
13.115791999999995	2
13.569439999999995	3
14.053087999999994	4
14.516735999999998	1
14.970383999999997	2
15.424031999999997	3
15.867679999999998	1
16.321327999999998	2
16.774976	3
17.228624	4
17.682272	1
18.125920000000004	2
18.579568000000005	3
19.033216000000007	4
19.466864000000008	1
19.96051200000001	2
20.41416000000001	3
20.85780800000001	4
21.31145600000001	1
21.775104000000013	2
22.228752000000014	3
22.682400000000015	4
23.136048000000017	1
23.589696000000018	2
24.04334400000002	3
24.48699200000002	4
24.94064000000002	1
25.404288000000022	2
25.847936000000022	3
26.311584000000025	4
26.765232000000026	1
27.218880000000027	2
27.672528000000028	3
28.116176000000028	4
28.57982400000003	1
29.03347200000003	2
29.47712000000003	3
29.940768000000034	4
30.394416000000035	1
30.848064000000036	2
31.301712000000038	3
31.75536000000004	4
32.20900800000004	1
32.66265600000004	2
33.11630400000004	3
33.559952000000045	4
34.023600000000044	1
34.46724800000005	2
34.92089600000005	3
35.38454400000005	4
35.83819200000005	1
36.29184000000005	2
36.74548800000005	3
37.189136000000055	4
37.652784000000054	1
38.106432000000055	2
38.560080000000056	3
39.01372800000006	4
39.467375999999994	1
39.694199999999995	2
39.921023999999996	3
40.147847999999996	4
40.374672	5
40.601496	6
40.81832	7
41.045144	1
41.508792	2
41.96244	3
42.416088	4
42.869736	1
43.333384	2
43.777032000000005	3
44.23068000000001	4
44.68432800000001	1
45.13797600000001	2
45.59162400000001	3
46.03527200000001	4
46.49892000000001	1
46.952568000000014	2
47.406216000000015	3
47.859864000000016	4
48.31351200000002	1
48.76716000000002	2
49.22080800000002	3
49.68445600000002	4
50.12810400000002	1
50.58175200000002	2
51.035400000000024	3
51.489048000000025	4
51.942696000000026	1
52.38634400000003	2
52.84999200000003	3
53.33364000000003	4
53.78728800000003	1
54.200936000000034	2
54.654584000000035	3
55.118232000000035	4
55.581880000000034	1
56.04285200000004	2
56.49382400000004	3
56.94479600000004	4
57.375768000000036	1
57.840263000000036	2
58.31475800000004	3
58.759253000000044	4
59.20374800000004	1
59.65114500000004	2
60.11854200000004	3
60.57593900000004	4
61.03333600000004	1
61.48469200000004	2
61.936048000000035	3
62.39740400000004	4
62.83876000000003	1
63.301646000000034	2
63.76453200000003	3
64.21741800000004	4
64.65030400000005	1
65.10472000000004	2
65.55913600000004	3
66.02355200000002	4
66.46796800000003	1
66.91883500000003	2
67.36970200000003	3
67.82056900000003	4
68.27143600000004	1
68.71655100000002	2
69.18758000000003	3
69.65860900000003	4
70.11963800000002	1
70.58066700000002	2
71.01049300000001	3
71.47031900000002	4
71.90014500000002	1
72.37997100000003	2
72.83285700000003	3
73.27574300000003	4
73.71862900000004	1
74.19151500000005	2
74.63593100000004	3
75.09034700000004	4
75.54476300000003	1
75.99917900000003	2
76.44359500000002	3
76.89801100000001	4
77.36242700000001	1
77.816843	2
78.271259	3
78.71567499999999	4
79.156266	1
79.636857	2
80.077448	3
80.53803900000001	4
80.98863000000001	1
81.44922100000001	2
81.90413600000001	3
82.33905100000001	4
82.79396600000001	1
83.24888100000001	2
83.70379600000001	3
84.15871100000001	4
84.61362600000001	1
85.06854100000001	2
85.52345600000001	3
85.97837100000001	4
86.40328600000001	1
86.88820100000001	2
87.35311600000001	3
87.79803100000001	4
88.25294600000001	1
88.70786100000001	2
89.14954	3
89.601219	4
90.032898	1
90.514577	2
90.956256	3
91.407935	4
91.852131	1
92.32632699999999	2
92.78052299999999	3
93.23471899999998	4
93.68891499999998	1
94.15311099999998	2
94.60730699999998	3
95.05150299999997	4
95.50569899999996	1
95.95989499999996	2
96.41409099999996	3
96.85828699999995	4
97.32248299999995	1
97.77667899999994	2
98.22087499999994	3
98.66507099999994	4
99.13926699999993	1
99.58991499999993	2
100.04056299999993	3
100.50121099999994	4
100.95185899999994	1
101.40678899999995	2
101.85171899999995	3
102.30664899999995	4
102.76157899999995	1
103.21650899999996	2
103.67143899999996	3
104.12636899999997	4
104.58129899999997	1
105.03622899999998	2
105.48115899999998	3
105.94608899999999	4
106.403911	1
106.851733	2
107.299555	3
107.747377	4
108.195199	1
108.653021	2
109.090843	3
109.528665	4
109.9815835	1
110.44959850000001	2
110.8976135	3
111.3456285	4
111.81364350000001	1
112.27076950000001	2
112.74789550000001	3
113.20502150000002	4
113.65214750000003	1
114.09815350000002	2
114.57415950000002	3
115.03016550000002	4
115.46617150000003	1
115.91899950000003	2
116.38182750000003	3
116.83465550000003	4
117.27748350000002	1
117.74031150000002	2
118.19313950000002	3
118.6359675	4
119.0887955	1
119.5616235	2
120.0044515	3
120.4472795	4
120.90010749999999	1
121.37293549999998	2
121.81576349999999	3
122.26859149999999	4
122.73340349999998	1
123.18821549999998	2
123.6330275	3
124.0878395	4
124.5426515	1
124.99746350000001	2
125.44227550000001	3
125.90708750000002	4
126.36189950000002	1
126.81671150000003	2
127.25152350000002	3
127.70633550000002	4
128.16114750000003	1
128.62595950000002	2
129.0777935	3
129.5396275	4
129.9814615	1
130.43329549999999	2
130.87512949999999	3
131.32696349999998	4
131.77879749999997	1
132.24063149999995	2
132.68599549999996	3
133.14135949999996	4
133.60672349999996	1
134.06208749999996	2
134.51745149999996	3
134.97281549999997	4
135.42362449999996	1
135.89443349999996	2
136.33524249999994	3
136.78605149999993	4
137.24046749999994	1
137.70488349999997	2
138.14929949999996	3
138.60371549999996	4
139.06458249999997	1
139.50544949999994	2
139.94631649999994	3
140.39718349999993	4
140.85509349999992	1
141.33300349999993	2
141.7809134999999	3
142.22882349999992	4
142.67170449999992	1
143.1345854999999	2
143.56746649999988	3
144.04034749999988	4
144.49322849999987	1
144.95610949999985	2
145.38899049999986	3
145.84187149999985	4
146.29475249999984	1
146.75763349999983	2
147.20434949999984	3
147.65106549999982	4
148.10778149999982	1
148.59449749999982	2
149.03255849999982	3
149.48061949999982	4
149.9286804999998	1
150.3867414999998	2
150.82956949999982	3
151.29239749999982	4
151.74522549999983	1
152.19805349999984	2
152.64723649999985	3
153.10641949999984	4
153.56560249999984	1
154.02478549999984	2
154.45761349999984	3
154.93044149999986	4
155.38326949999987	1
155.83609749999988	2
156.2905134999999	3
156.7349294999999	4
157.1993454999999	1
157.65376149999992	2
158.10658949999993	3
158.55941749999994	4
158.99224550000002	1
159.22865850000005	2
159.45507150000006	3
159.68148550000006	4
159.90789950000007	5
160.13431350000008	6
160.36072750000008	7
160.5871415000001	1
160.82355550000008	2
161.0499695000001	3
161.2763835000001	4
161.5027975000001	5
161.7292115000001	6
161.9556255000001	7
162.18203950000012	1
162.4103830000001	2
162.6387265000001	3
162.8670700000001	4
163.10541350000008	5
163.33375700000008	6
163.55210050000008	7
163.78044400000007	1
163.99742550000008	2
164.23440700000006	3
164.45138850000006	4
164.67837000000006	5
164.90535150000005	6
165.13233300000005	7
165.35931450000004	1
165.58538800000005	2
165.81146150000006	3
166.03753500000008	4
166.27360850000008	5
166.4996820000001	6
166.7157555000001	7
166.94182900000013	1
167.16881050000012	2
167.3957920000001	3
167.6327735000001	4
167.8597550000001	5
168.0767365000001	6
168.3037180000001	7
168.54069950000007	1
168.75768100000008	2
168.98466250000007	3
169.21164400000006	4
169.43862550000006	5
169.66560700000005	6
169.89258850000004	7
170.11957000000004	1
170.34655150000003	2
170.57353300000003	3
170.80051450000002	4
171.037496	5
171.2644775	6
171.491459	7
171.71844049999999	1
171.935422	2
172.17240349999997	3
172.38938499999998	4
172.61636649999997	5
172.84334799999996	6
173.07032949999996	7
173.29731099999995	1
173.52429249999994	2
173.75127399999994	3
173.97825549999993	4
174.20523699999993	5
174.43221849999992	6
174.6591999999999	7
174.8861814999999	1
175.1131629999999	2
175.3401444999999	3
175.5671259999999	4
175.80410749999987	5
176.03108899999987	6
176.24807049999987	7
176.47505199999986	1
176.70203349999986	2
176.92901499999985	3
177.15599649999984	4
177.38297799999984	5
177.60995949999983	6
177.8269409999998	7
178.0739224999998	1
178.2909039999998	2
178.5178854999998	3
178.7448669999998	4
178.98184849999978	5
179.1988299999998	6
179.42581149999978	7
179.66279299999977	1
179.88977449999976	2
180.11675599999975	3
180.34373749999975	4
180.57071899999974	5
180.78770049999974	6
181.01468199999974	7
181.24166349999973	1
181.46864499999973	2
181.69562649999972	3
181.9226079999997	4
182.1595894999997	5
182.3765709999997	6
182.6035524999997	7
182.8305339999997	1
183.04660749999968	2
183.2826809999997	3
183.50875449999972	4
183.74482799999973	5
183.96090149999975	6
184.17697499999974	7
184.41304849999977	1
184.6391219999998	2
184.8651954999998	3
185.1012689999998	4
185.3373424999998	5
185.56341599999982	6
185.77948949999984	7
186.00556299999985	1
186.22163649999987	2
186.4477099999999	3
186.6737834999999	4
186.9098569999999	5
187.12593049999992	6
187.36200399999993	7
187.58807749999994	1
187.80505899999994	2
188.04204049999993	3
188.25902199999993	4
188.48600349999992	5
188.7229849999999	6
188.9499664999999	7
189.1769479999999	1
189.4012054999999	2
189.62546299999988	3
189.84972049999988	4
190.09397799999988	5
190.31823549999987	6
190.53249299999985	7
190.74675049999985	1
190.95554699999983	2
191.20434349999982	3
191.4331399999998	4
191.6819364999998	5
191.9107329999998	6
192.12952949999976	7
192.35832599999975	1
192.56530749999976	2
192.80228899999975	3
193.02927049999974	4
193.25625199999973	5
193.49323349999972	6
193.71021499999972	7
193.92719649999972	1
194.15326999999974	2
194.37934349999975	3
194.59541699999974	4
194.85149049999976	5
195.07756399999977	6
195.30363749999978	7
195.5197109999998	1
195.7466924999998	2
195.9736739999998	3
196.20065549999978	4
196.43763699999977	5
196.66461849999976	6
196.89159999999976	7
197.11858149999975	1
197.32556299999976	2
197.55254449999975	3
197.76952599999973	4
197.99650749999972	5
198.25348899999972	6
198.47047049999972	7
198.6974519999997	1
198.9244334999997	2
199.1414149999997	3
199.3683964999997	4
199.61537799999968	5
199.84235949999967	6
200.06934099999967	7
200.28632249999967	1
200.49330399999965	2
200.73028549999967	3
200.93726699999965	4
201.19424849999965	5
201.42122999999964	6
201.64821149999963	7
201.87519299999963	1
202.10217449999962	2
202.3291559999996	3
202.5561374999996	4
202.7831189999996	5
203.0101004999996	6
203.2270819999996	7
203.4540634999996	1
203.67104499999957	2
203.89802649999956	3
204.12500799999955	4
204.38198949999955	5
204.58897099999956	6
204.82595249999954	7
205.05293399999954	1
205.25991549999952	2
205.50689699999953	3
205.7438784999995	4
205.98085999999952	5
206.1978414999995	6
206.4248229999995	7
206.65180449999949	1
206.8687859999995	2
207.09576749999948	3
207.30274899999947	4
207.53973049999948	5
207.78671199999945	6
208.01369349999945	7
208.24067499999944	1
208.45765649999944	2
208.69463799999943	3
208.91161949999943	4
209.13860099999943	5
209.36558249999942	6
209.5925639999994	7
209.8195454999994	1
210.0065269999994	2
210.2635084999994	3
210.4904899999994	4
210.7174714999994	5
210.94445299999938	6
211.17143449999938	7
211.40841599999936	1
211.61539749999935	2
211.86237899999935	3
212.08936049999934	4
212.31634199999934	5
212.53332349999934	6
212.75030499999932	7
212.9772864999993	1
213.1942679999993	2
213.44124949999932	3
213.6582309999993	4
213.8952124999993	5
214.1221939999993	6
214.33917549999927	7
214.56615699999927	1
214.80313849999928	2
215.03011999999927	3
215.25710149999927	4
215.48408299999926	5
215.71106449999925	6
215.92804599999923	7
216.15502749999922	1
216.38200899999921	2
216.6089904999992	3
216.8359719999992	4
217.0829534999992	5
217.3099349999992	6
217.5269164999992	7
217.7638979999992	1
217.9799714999992	2
218.20604499999922	3
218.43211849999923	4
218.66819199999924	5
218.89426549999925	6
219.11033899999927	7
219.33641249999928	1
219.5624859999993	2
219.7885594999993	3
220.0246329999993	4
220.25070649999932	5
220.47677999999934	6
220.70285349999935	7
220.92892699999936	1
221.15500049999937	2
221.3810739999994	3
221.6071474999994	4
221.8432209999994	5
222.05929449999942	6
222.28536799999944	7
222.51144149999945	1
222.72751499999947	2
222.96358849999947	3
223.1896619999995	4
223.4157354999995	5
223.6418089999995	6
223.86788249999952	7
224.10395599999953	1
224.32002949999955	2
224.54610299999956	3
224.77217649999957	4
225.00824999999958	5
225.2243234999996	6
225.44039699999962	7
225.6764705000001	1
226.1310155000001	2
226.5755605000001	3
227.0301055000001	4
227.5146505000001	1
227.95679750000008	2
228.39894450000008	3
228.8710915000001	4
229.3244375000001	1
229.7789825000001	2
230.2335275000001	3
230.6880725000001	4
231.14261750000009	1
231.6003345000001	2
232.04805150000007	3
232.50576850000007	4
232.96348550000008	1
233.42120250000008	2
233.8689195000001	3
234.30663650000008	4
234.7494655000001	1
235.2422945000001	2
235.6651235000001	3
236.13795250000013	4
236.5922755000001	1
237.0465985000001	2
237.5009215000001	3
237.95524450000008	4
238.41956750000006	1
238.87389050000004	2
239.31821350000004	3
239.77253650000003	4
240.21545350000005	1
240.67837050000006	2
241.13128750000007	3
241.59420450000007	4
242.0371215000001	1
242.4900385000001	2
242.94295550000012	3
243.39587250000014	4
243.84878950000015	1
244.31170650000016	2
244.75462350000018	3
245.2075405000002	4
245.65859850000018	1
246.12965650000018	2
246.57071450000015	3
247.02177250000014	4
247.45460050000017	1
247.93742850000018	2
248.37025650000018	3
248.83308450000018	4
249.2894495000002	1
249.7458145000002	2
250.2021795000002	3
250.6585445000002	4
251.1126005000002	1
251.57665650000024	2
252.03071250000025	3
252.48476850000026	4
252.89882450000025	1
253.38288050000025	2
253.83693650000026	3
254.28099250000028	4
254.71504850000028	1
255.1991045000003	2
255.6431605000003	3
256.0972165000003	4
256.55127250000027	1
257.00532850000025	2
257.4593845000002	3
257.9134405000002	4
258.3174965000002	1
258.82155250000017	2
259.26560850000016	3
259.71966450000014	4
260.1837205000001	1
260.6377765000001	2
261.09183250000007	3
261.53588850000006	4
261.97994450000004	1
262.4340005	2
262.8780565	3
263.32211249999995	4
263.79616849999996	1
264.26568449999996	2
264.7052005	3
265.1747165	4
265.6242325	1
266.0786485	2
266.5230645	3
266.97748049999996	4
267.43189649999994	1
267.8863124999999	2
268.3407284999999	3
268.7951444999999	4
269.24956049999986	1
269.70397649999984	2
270.14839249999983	3
270.6028084999998	4
271.0672244999998	1
271.52164049999976	2
271.97605649999974	3
272.4304724999997	4
272.8848884999997	1
273.3393044999997	2
273.7737204999997	3
274.19813649999963	4
274.69255249999964	1
275.1469684999996	2
275.6013844999996	3
276.0558004999996	4
276.51021649999956	1
276.96463249999954	2
277.40507749999955	3
277.86552249999954	4
278.31596749999954	1
278.77641249999954	2
279.22924049999955	3
279.69206849999955	4
280.14489649999956	1
280.5977244999996	2
281.04214049999956	3
281.50655649999953	4
281.9509724999995	1
282.4053884999995	2
282.8598044999995	3
283.32422049999946	4
283.74863649999946	1
284.21305249999943	2
284.6574684999994	3
285.1318844999994	4
285.58630049999937	1
286.0451554999994	2
286.50401049999937	3
286.95286549999935	4
287.39172049999934	1
287.8405754999993	2
288.2899514999993	3
288.7493274999993	4
289.20870349999933	1
289.66807949999935	2
290.1181314999994	3
290.5681834999994	4
291.00823550000024	1
291.24326250000024	2
291.46828950000025	3
291.69331550000027	4
291.9183415000003	5
292.1433675000003	6
292.3583935000003	7
292.58341950000033	1
292.8103700000003	2
293.0473205000003	3
293.2742710000003	4
293.50122150000027	5
293.72817200000026	6
293.95512250000024	7
294.1920730000002	1
294.4199615000002	2
294.64785000000023	3
294.86573850000025	4
295.10362700000024	5
295.33151550000025	6
295.55940400000026	7
295.78729250000026	1
296.01518100000027	2
296.2430695000003	3
296.4609580000003	4
296.6888465000003	5
296.9167350000003	6
297.1446235000003	7
297.3725120000003	1
297.59949350000034	2
297.82647500000036	3
298.0434565000004	4
298.2904380000004	5
298.5074195000004	6
298.73440100000045	7
298.9513825000005	1
299.17745600000046	2
299.41352950000044	3
299.61960300000044	4
299.8656765000004	5
300.1017500000004	6
300.3178235000004	7
300.5438970000003	1
300.9960440000003	2
301.45819100000034	3
301.9103380000003	1
302.1364120000003	2
302.3624860000003	3
302.5685600000003	4
302.82463400000023	5
303.02070800000024	6
303.2467820000002	7
303.4928560000003	1
303.9391290000003	2
304.39540200000033	3
304.8516750000003	1
305.0789475000003	2
305.30622000000034	3
305.5234925000004	4
305.7707650000004	5
305.9780375000004	6
306.20531000000045	7
306.4425825000003	1
306.8888555000003	2
307.3451285000003	3
307.8114015000003	1
308.03781600000025	2
308.2642305000002	3
308.4706450000002	4
308.7070595000002	5
308.93347400000016	6
309.15988850000014	7
309.3863030000003	1
309.8391320000003	2
310.3119610000003	3
310.7647900000003	1
310.9903530000003	2
311.20591600000034	3
311.43147900000037	4
311.6670420000004	5
311.8826050000004	6
312.09816800000044	7
312.3437310000003	1
312.79827600000027	2
313.26282100000026	3
313.70736600000026	1
313.9346385000003	2
314.1619110000003	3
314.38918350000034	4
314.61645600000037	5
314.8437285000004	6
315.06100100000043	7
315.2882735000003	1
315.7528185000003	2
316.20736350000027	3
316.66190850000027	1
316.88832300000024	2
317.1147375000002	3
317.3311520000002	4
317.5475665000002	5
317.7639810000002	6
317.99039550000015	7
318.2268100000003	1
318.6896390000003	2
319.1424680000003	3
319.5952970000003	1
319.8217115000003	2
320.04812600000025	3
320.26454050000024	4
320.5009550000002	5
320.7273695000002	6
320.95378400000016	7
321.1801985000003	1
321.6430275000003	2
322.0958565000003	3
322.54868550000026	1
322.77510000000024	2
323.0115145000002	3
323.2079290000002	4
323.46434350000015	5
323.67075800000015	6
323.8971725000001	7
324.13358700000026	1
324.5764160000003	2
325.0292450000003	3
325.4920740000003	1
325.7093465000003	2
325.93661900000035	3
326.1538915000004	4
326.4011640000004	5
326.6284365000004	6
326.84570900000045	7
327.0829815000003	1
327.53451850000033	2
327.99605550000035	3
328.46759250000036	1