0.0	1
0.7894730000000001	2
1.5789460000000002	3
2.3684190000000003	4
3.1578920000000004	1
3.9473650000000005	2
4.7368380000000005	3
5.526311000000001	4
6.295784000000001	1
7.140854000000001	2
7.985924000000001	3
8.830994	4
9.676064	1
10.521134	2
11.427541052083333	3
12.316632052083333	4
13.225723052083334	1
14.163223052083334	2
15.100723052083334	3
16.009814052083335	4
16.878905052083333	1
17.787996052083333	2
18.697087052083333	3
19.606178052083333	4
20.514600577083332	1
21.446952577083334	2
22.329304577083334	3
23.151656577083337	4
24.034008577083338	1
24.729890577083335	2
25.435772577083334	3
26.141654577083333	4
26.847536577083332	1
27.54521057708333	2
28.232884577083333	3
28.930558577083332	4
29.62823257708333	1
30.32590657708333	2
31.033580577083328	3
31.731254577083327	4
32.41892857708333	1
33.12660257708333	2
33.84427657708333	3
34.57195057708333	4
35.249624577083324	1
35.94729857708332	2
36.626045370833324	3
37.33033037083332	4
38.064615370833316	1
38.808900370833314	2
39.53318537083331	3
40.247470370833305	4
40.951755370833304	1
41.29508837083332	2
41.63842137083333	3
41.961754370833326	4
42.28508737083333	1
42.618420370833334	2
42.95175337083334	3
43.28508637083334	4
43.618419370833344	1
43.961752370833345	2
44.28508537083335	3
44.62841837083335	4
44.961751370833355	1
45.29508437083336	2
45.62841737083336	3
45.961750370833364	4
46.28508337083337	1
46.61841637083337	2
46.951749370833376	3
47.28508237083338	4
47.61841537083338	1
47.951748370833386	2
48.28508137083339	3
48.61841437083339	4
48.951747370833395	1
49.2850803708334	2
49.6184133708334	3
49.951746370833405	4
50.27507937083341	1
50.60841237083341	2
50.94174537083342	3
51.27507837083342	4
51.60841137083342	1
51.95173358958342	2
52.28403158958342	3
52.61632958958342	4
52.948627589583424	1
53.280925589583426	2
53.61322358958343	3
53.94552158958343	4
54.27781958958343	1
54.61011758958343	2
54.94241558958343	3
55.28471358958343	4
55.607011589583436	1
55.939393683333435	2
56.27272668333344	3
56.60605968333344	4
56.939392683333445	1
57.27272568333345	2
57.60605868333345	3
57.939391683333454	4
58.27272468333346	1
58.60605768333346	2
58.939390683333464	3
59.27272368333347	4
59.60605668333347	1
59.939389683333474	2
60.27272268333348	3
60.60605568333348	4
60.93938868333348	1
61.27272168333349	2
61.60605468333349	3
61.93938768333349	4
62.272720683333496	1
62.6060536833335	2
62.9393866833335	3
63.272719683333506	4
63.60605268333351	1
63.93938568333351	2
64.27271868333351	3
64.6060516833335	4
64.9393846833335	1
65.2727176833335	2
65.59605068333349	3
65.93938368333349	4
66.27271668333348	1
66.59604968333348	2
66.93938268333348	3
67.27271568333347	4
67.59604868333346	1
67.93931648125013	2
68.27080848125013	3
68.60230048125013	4
68.93379248125012	1
69.26528448125012	2
69.59677648125012	3
69.92826848125011	4
70.25976048125011	1
70.60125248125011	2
70.93458548125011	3
71.2579184812501	4
71.5912514812501	1
71.9245844812501	2
72.25791748125009	3
72.60125048125009	4
72.93458348125009	1
73.25791648125008	2
73.60124948125008	3
73.93458248125008	4
74.25791548125007	1
74.59124848125006	2
74.92458148125006	3
75.25791448125005	4
75.59124748125005	1
75.92458048125005	2
76.25791348125004	3
76.59124648125004	4
76.92457948125003	1
77.25791248125003	2
77.59124548125003	3
77.92457848125002	4
78.25791148125002	1
78.59124448125002	2
78.92457748125001	3
79.25791048125001	4
79.59124348125	1
79.92457648125	2
80.25790948125	3
80.59124248124999	4
80.92457548124999	1
81.25790848124998	2
81.59124148124998	3
81.92457448124998	4
82.25790748124997	1
82.59124048124997	2
82.92457348124996	3
83.25790648124996	4
83.59123948124996	1
83.92457248124995	2
84.25790548124995	3
84.59123848124995	4
84.92457148124994	1
85.24790448124993	2
85.59123748124993	3
85.92457048124993	4
86.24790348124992	1
86.58123648124992	2
86.91456948124991	3
87.24790248124991	4
87.5812354812499	1
87.9245684812499	2
88.2479014812499	3
88.5812344812499	4
88.91456748124989	1
89.24790048124989	2
89.58123348124988	3
89.91456648124988	4
90.24789948124987	1
90.58123248124987	2
90.91456548124987	3
91.24789848124986	4
91.58123148124986	1
91.91456448124985	2
92.24789748124985	3
92.58123048124985	4
92.91456348124984	1
93.23789648124985	2
93.58122948124984	3
93.91452796249983	4
94.23601996249984	1
94.56751196249984	2
94.89900396249983	3
95.24049596249982	4
95.57198796249982	1
95.90347996249982	2
96.23497196249981	3
96.56646396249981	4
96.88795596249982	1
97.2294479624998	2
97.5709399624998	3
97.9024319624998	4
98.2339239624998	1
98.5654159624998	2
98.8969079624998	3
99.2283999624998	4
99.55989196249979	1
99.90138396249979	2
100.2346594312498	3
100.56799243124979	4
100.90132543124979	1
101.23465843124978	2
101.56799143124978	3
101.90132443124978	4
102.23465743124977	1
102.56799043124977	2
102.90132343124976	3
103.23465643124976	4
103.55798943124975	1
103.89132243124975	2
104.22465543124974	3
104.55798843124974	4
104.89132143124974	1
105.23465443124974	2
105.55798743124973	3
105.89132043124972	4
106.22465343124972	1
106.55798643124972	2
106.89131943124971	3
107.22465243124971	4
107.5579854312497	1
107.8913184312497	2
108.2246514312497	3
108.5579844312497	4
108.89131743124969	1
109.22465043124969	2
109.55798343124968	3
109.89131643124968	4
110.22464943124967	1
110.55798243124967	2
110.89131543124967	3
111.22464843124966	4
111.54798143124965	1
111.89131443124965	2
112.22464743124965	3
112.54798043124964	4
112.89131343124964	1
113.22464643124964	2
113.54797943124963	3
113.88131243124963	4
114.21464543124962	1
114.54797843124962	2
114.88131143124961	3
115.21464443124961	4
115.5479774312496	1
115.89131043124961	2
116.2246434312496	3
116.5479764312496	4
116.8913094312496	1
117.22464243124959	2
117.54797543124958	3
117.88130843124958	4
118.21464143124958	1
118.54797443124957	2
118.88130743124957	3
119.21464043124956	4
119.54797343124956	1
119.88130643124956	2
120.21463943124955	3
120.54797243124955	4
120.88130543124954	1
121.21463843124954	2
121.54797143124954	3
121.88130443124953	4
122.21463743124953	1
122.54797043124952	2
122.88130343124952	3
123.21463643124952	4
123.53796943124952	1
123.87130243124952	2
124.20463543124951	3
124.53796843124951	4
124.8713014312495	1
125.2246344312495	2
125.5579674312495	3
125.89130043124949	4
126.22463343124949	1
126.54796643124948	2
126.88129943124947	3
127.22463243124947	4
127.55796543124947	1
127.89129843124947	2
128.22463143124946	3
128.55796443124947	4
128.89129743124948	1
129.23463043124949	2
129.5679634312495	3
129.9012964312495	4
130.22462943124953	1
130.54796243124954	2
130.88129543124955	3
131.21287948124956	4
131.54437148124956	1
131.87586348124955	2
132.20735548124955	3
132.53884748124955	4
132.87033948124954	1
133.20183148124954	2
133.53515297499953	3
133.86848597499954	4
134.20181897499955	1
134.53515197499956	2
134.86848497499957	3
135.20181797499959	4
135.5351509749996	1
135.8684839749996	2
136.20181697499962	3
136.5251499749996	4
136.86848297499964	1
137.20181597499965	2
137.53514897499966	3
137.86848197499967	4
138.20181497499968	1
138.53499839374967	2
138.86649039374967	3
139.19798239374967	4
139.52947439374967	1
139.86096639374966	2
140.20245839374965	3
140.53395039374965	4
140.85544239374966	1
141.1986871791663	2
141.53202017916632	3
141.86535317916633	4
142.19868617916634	1
142.53201917916635	2
142.85535217916637	3
143.18868517916638	4
143.5220181791664	1
143.8553511791664	2
144.18868417916642	3
144.52201717916643	4
144.85535017916644	1
145.18868317916645	2
145.52201617916646	3
145.85534917916647	4
146.18868217916648	1
146.5220151791665	2
146.8553481791665	3
147.1886811791665	4
147.52201417916652	1
147.85534717916653	2
148.18868017916654	3
148.52201317916655	4
148.85534617916656	1
149.18867917916657	2
149.52201217916658	3
149.8553451791666	4
150.1886781791666	1
150.5220111791666	2
150.85534417916662	3
151.18867717916663	4
151.52201017916664	1
151.85534317916665	2
152.18690038124998	3
152.51839238124998	4
152.84988438124998	1
153.19137638124997	2
153.52286838124996	3
153.85436038124996	4
154.18585238124996	1
154.51734438124996	2
154.85063902708328	3
155.18397202708329	4
155.5073050270833	1
155.8506380270833	2
156.18397102708332	3
156.51730402708333	4
156.85063702708334	1
157.18397002708335	2
157.51730302708336	3
157.85063602708337	4
158.18396902708338	1
158.5173020270834	2
158.8506350270834	3
159.1839680270834	4
159.50730102708343	1
159.84063402708344	2
160.17396702708345	3
160.50730002708346	4
160.84063302708347	1
161.17396602708348	2
161.5072990270835	3
161.8406320270835	4
162.1739650270835	1
162.50729802708352	2
162.84063102708353	3
163.17396402708354	4
163.50729702708355	1
163.84063002708356	2
164.17396302708357	3
164.50729602708358	4
164.8406290270836	1
165.1739620270836	2
165.50729502708361	3
165.84062802708362	4
166.17396102708364	1
166.50729402708365	2
166.84062702708366	3
167.17390249583366	4
167.49539449583364	1
167.83688649583365	2
168.16837849583365	3
168.49987049583365	4
168.83136249583364	1
169.17285449583363	2
169.50434649583363	3
169.83583849583363	4
170.16733049583362	1
170.50059062291695	2
170.83392362291696	3
171.16725662291697	4
171.50058962291698	1
171.833922622917	2
172.167255622917	3
172.500588622917	4
172.83392162291702	1
173.16725462291703	2
173.50058762291704	3
173.83392062291705	4
174.16725362291706	1
174.50058662291707	2
174.83391962291708	3
175.1572526229171	4
175.4905856229171	1
175.82391862291712	2
176.15725162291713	3
176.50058462291713	4
176.83391762291714	1
177.15725062291716	2
177.49058362291717	3
177.83391662291717	4
178.1572496229172	1
178.4905826229172	2
178.8239156229172	3
179.15544597708387	4
179.48693797708387	1
179.81842997708387	2
180.14992197708386	3
180.49141397708385	4
180.82290597708385	1
181.15439797708385	2
181.48588997708384	3
181.81738197708384	4
182.15887397708383	1
182.4920267125005	2
182.8153597125005	3
183.14869271250052	4
183.48202571250053	1
183.81535871250054	2
184.14869171250055	3
184.49202471250055	4
184.81535771250057	1
185.14869071250058	2
185.4820237125006	3
185.8153567125006	4
186.1486897125006	1
186.48202271250062	2
186.81535571250063	3
187.14868871250064	4
187.48202171250065	1
187.81535471250066	2
188.14868771250067	3
188.48202071250068	4
188.8153537125007	1
189.1486867125007	2
189.48201971250072	3
189.81535271250073	4
190.14868571250074	1
190.48201871250075	2
190.81535171250076	3
191.14684754791742	4
191.47833954791741	1
191.8198315479174	2
192.1513235479174	3
192.4828155479174	4
192.8143075479174	1
193.1457995479174	2
193.4772915479174	3
193.8087835479174	4
194.14027554791738	1
194.4835164979174	2
194.8068494979174	3
195.1401824979174	4
195.47351549791742	1
195.80684849791743	2
196.14018149791744	3
196.47351449791745	4
196.80684749791746	1
197.14018049791747	2
197.47351349791748	3
197.8068464979175	4
198.1401794979175	1
198.4735124979175	2
198.80684549791752	3
199.14017849791753	4
199.47351149791754	1
199.80684449791755	2
200.14017749791756	3
200.47351049791757	4
200.7968434979176	1
201.1401764979176	2
201.4735094979176	3
201.79684249791762	4
202.13017549791763	1
202.47350849791763	2
202.79684149791765	3
203.13017449791766	4
203.46350749791767	1
203.79684049791769	2
204.1301734979177	3
204.4635064979177	4
204.79683949791772	1
205.13017249791773	2
205.46350549791774	3
205.79683849791775	4
206.13017149791776	1
206.46350449791777	2
206.79683749791778	3
207.1301704979178	4
207.4635034979178	1
207.7968364979178	2
208.13016949791782	3
208.46350249791783	4
208.78683549791785	1
209.13016849791785	2
209.46350149791786	3
209.79683449791787	4
210.13016749791788	1
210.4635004979179	2
210.7968334979179	3
211.1301664979179	4
211.46349949791792	1
211.79683249791793	2
212.13016549791794	3
212.46349849791795	4
212.79683149791796	1
213.13016449791797	2
213.46349749791798	3
213.786830497918	4
214.130163497918	1
214.46349649791802	2
214.78682949791803	3
215.12016249791805	4
215.45349549791806	1
215.78682849791807	2
216.12016149791808	3
216.4534944979181	4
216.7868274979181	1
217.1201604979181	2
217.45349349791812	3
217.78682649791813	4
218.12015949791814	1
218.45349249791815	2
218.78682549791816	3
219.12015849791817	4
219.45349149791818	1
219.78498733333484	2
220.11647933333484	3
220.44797133333483	4
220.77946333333483	1
221.12095533333482	2
221.45244733333482	3
221.7839393333348	4
222.1154313333348	1
222.4487413208348	2
222.78207432083482	3
223.11540732083483	4
223.44874032083484	1
223.78207332083485	2
224.11540632083486	3
224.44873932083487	4
224.78207232083489	1
225.1154053208349	2
225.4487383208349	3
225.78207132083492	4
226.10540432083494	1
226.44873732083494	2
226.78207032083495	3
227.10540332083497	4
227.43873632083498	1
227.78206932083498	2
228.105402320835	3
228.438735320835	4
228.77206832083502	1
229.10540132083503	2
229.43873432083504	3
229.77206732083505	4
230.10540032083506	1
230.43695368750173	2
230.76844568750172	3
231.1099376875017	4
231.4414296875017	1
231.7729216875017	2
232.1044136875017	3
232.4359056875017	4
232.7673976875017	1
233.1106501437517	2
233.44398314375172	3
233.76731614375174	4
234.10064914375175	1
234.43398214375176	2
234.76731514375177	3
235.10064814375178	4
235.4339811437518	1
235.7673141437518	2
236.10064714375181	3
236.43398014375182	4
236.76731314375184	1
237.10064614375185	2
237.43397914375186	3
237.76731214375187	4
238.10064514375188	1
238.4339781437519	2
238.7673111437519	3
239.1006441437519	4
239.43397714375192	1
239.76731014375193	2
240.10064314375194	3
240.43397614375195	4
240.76730914375196	1
241.10064214375197	2
241.43397514375198	3
241.767308143752	4
242.100641143752	1
242.42397414375202	2
242.75730714375203	3
243.09064014375204	4
243.42397314375205	1
243.75730614375206	2
244.09063914375207	3
244.42397214375208	4
244.7573051437521	1
245.0906381437521	2
245.4239711437521	3
245.75730414375212	4
246.09063714375213	1
246.42397014375214	2
246.75730314375215	3
247.09063614375216	4