0.01	1
0.827439	2
1.644878	3
2.4623169999999996	4
3.269756	1
4.087195	2
4.904634000000001	3
5.722073000000001	4
6.5395586562500005	1
7.361476656250001	2
8.19339465625	3
9.02531265625	4
9.86723065625	1
10.699148656250001	2
11.521066656250001	3
12.31298465625	4
13.13490265625	1
13.936820656250001	2
14.75857069375	3
15.56600969375	4
16.383448693749997	1
17.19088769375	2
18.0083012875	3
18.803301287500002	4
19.6083012875	1
20.463301287500002	2
21.268301287500005	3
22.083301287500007	4
22.908301287500006	1
23.74330128750001	2
24.51830128750001	3
25.33330128750001	4
26.138302589583347	1
26.993427589583344	2
27.77855258958334	3
28.583677589583342	4
29.42795180833334	1
30.217951808333343	2
31.017951808333343	3
31.827951808333342	4
32.64798331875001	1
33.46310831875001	2
34.30823331875001	3
35.123358318750014	4
35.92848331875002	1
36.74360831875002	2
37.53873331875002	3
38.363858318750026	4
39.188909100000025	1
39.97690910000002	2
40.74490910000002	3
41.572909100000025	4
42.39090910000002	1
43.24890910000002	2
44.03699581875002	3
44.85332081875002	4
45.65920154791669	1
46.45420154791669	2
47.24920154791669	3
48.04420154791669	4
48.82946196458335	1
49.646961964583355	2
50.45446196458335	3
51.26196196458335	4
52.06954529791668	1
52.881045297916685	2
53.69254529791669	3
54.51404529791669	4
55.32554529791669	1
56.127045297916695	2
56.9385452979167	3
57.7500452979167	4
58.561603881250036	1
59.388727881250034	2
60.205851881250034	3
61.012975881250036	4
61.830099881250035	1
62.647223881250035	2
63.464347881250035	3
64.28147188125003	4
65.08859588125004	1
65.89571988125005	2
66.73284388125005	3
67.54996788125005	4
68.35709188125007	1
69.17421588125008	2
69.99133988125008	3
70.80846388125009	4
71.62533658958343	1
72.45833658958342	2
73.27195638125009	3
74.1244563812501	4
74.95675065208343	1
75.78950065208343	2
76.63225065208344	3
77.46500065208345	4
78.27760220416678	1
79.08610120416678	2
79.91460020416679	3
80.73309920416679	4
81.5515982041668	1
82.39009720416679	2
83.21877329791678	3
84.05427329791678	4
84.88639829791676	1
85.43989829791677	2
86.11339829791677	3
86.84689829791678	4
87.5403045375001	1
88.10480353750012	2
88.76930253750012	3
89.49380153750012	4
90.17830053750012	1
90.77987853750012	2
91.41145653750013	3
92.04303453750013	4
92.66504922500015	1
93.30854922500015	2
93.98204922500015	3
94.69554922500016	4
95.41904922500015	1
96.08229822500016	2
96.70554722500016	3
97.32879622500016	4
97.98202179791683	1
98.61302179791682	2
99.26402179791681	3
99.92502179791681	4
100.61567283958348	1
101.17317283958349	2
101.7911884645835	3
102.49818846458349	4
103.13530564166683	1
103.81355464166683	2
104.49180364166682	3
105.26005264166682	4
105.93806032916682	1
106.60472632916682	2
107.21139232916683	3
107.87805832916683	4
108.54527467291685	1
109.29477367291685	2
110.01450705833352	3
110.75650705833353	4
111.48935078750021	1
112.27184978750022	2
113.05314219375018	3
113.71980819375018	4
114.37647419375018	1
115.0435486937502	2
115.7594306937502	3
116.4653126937502	4
117.17064643333352	1
117.82389543333352	2
118.47714443333352	3
119.12039343333352	4
119.77344973541685	1
120.42819973541684	2
121.06294973541684	3
121.68769973541684	4
122.31241669375017	1
122.94399469375017	2
123.57557269375017	3
124.20715069375018	4
124.82872869375018	1
125.46030669375018	2
126.1018846937502	3
126.7334626937502	4
127.3450406937502	1
127.99661869375021	2
128.6181966937502	3
129.2297746937502	4
129.86135269375018	1
130.49293069375017	2
131.12450869375016	3
131.74608669375016	4
132.39730890208347	1
133.02180890208348	2
133.63630890208347	3
134.26080890208345	4
134.87530890208345	1
135.48980890208344	2
136.10430890208343	3
136.71880890208342	4
137.3636630687501	1
138.00216306875012	2
138.64066306875011	3
139.28916306875013	4
139.91730890208348	1
140.54880890208347	2
141.18030890208345	3
141.81180890208344	4
142.44341567291679	1
143.09516567291678	2
143.73691567291678	3
144.37866567291678	4
145.03041567291677	1
145.67216567291678	2
146.3039156729168	3
146.9356656729168	4
147.5773256104168	1
148.2247526104168	2
148.8621796104168	3
149.4796066104168	4
150.1170336104168	1
150.76446061041682	2
151.40188761041682	3
152.03931461041682	4
152.67842561041684	1
153.32753661041684	2
153.96664761041686	3
154.61575861041686	4
155.2648696104169	1
155.8939806104169	2
156.5230916104169	3
157.15220261041694	4
157.822843704167	1
158.558843704167	2
159.33516922500036	3
160.15241922500036	4
160.96966922500036	1
161.77691922500034	2
162.60403120416703	3
163.40803120416703	4
164.2420416208337	1
165.0470416208337	2
165.85204162083372	3
166.66704162083371	4
167.4820416208337	1
168.28704162083372	2
169.09204162083373	3
169.88704162083374	4
170.69200776666707	1
171.51375776666708	2
172.31550776666708	3
173.11725776666708	4
173.90900776666706	1
174.73075776666707	2
175.53250776666707	3
176.33425776666706	4
177.1260780791671	1
177.9345780791671	2
178.7330780791671	3
179.5315780791671	4
180.3400780791671	1
181.14857807916712	2
181.94707807916714	3
182.74557807916713	4
183.56407807916716	1
184.37257807916717	2
185.19107807916717	3
186.00957807916717	4
186.80812495416717	1
187.62112495416716	2
188.41412495416714	3
189.21712495416713	4
190.0301249541671	1
190.81462495416707	2
191.59988137083377	3
192.41068937083378	4
193.24149737083377	1
194.0623053708338	2
194.87319348541715	3
195.70169248541714	4
196.51019148541715	1
197.31869048541714	2
198.11718948541716	3
198.93568848541716	4
199.77418748541655	1
200.56268448541655	2
201.37118148541657	3
202.13018148541659	4
202.8591814854166	5
203.58818148541656	1
204.21893148541656	2
204.89968148541655	3
205.49043148541654	4
206.13118148541653	1
206.75543148541652	2
207.35968148541653	3
207.98393148541652	4
208.62835596458316	1
209.26935596458316	2
209.92035596458317	3
210.58135596458314	4
211.22235596458313	1
211.86335596458312	2
212.51436983958314	3
213.15670183958315	4
213.79903383958316	1
214.44136583958317	2
215.08369783958318	3
215.71602983958317	4
216.34837009999984	1
216.99149509999984	2
217.63462009999984	3
218.26774509999984	4
218.91087009999984	1
219.55399509999984	2
220.19712009999984	3
220.84024509999983	4
221.4833713916665	1
222.1366203916665	2
222.7798693916665	3
223.4131183916665	4
224.0362827666665	1
224.67140776666648	2
225.29653276666647	3
225.93165776666646	4
226.56678276666645	1
227.20190776666644	2
227.83703276666643	3
228.4921577666664	4
229.12738729791639	1
229.7725472979164	2
230.4177072979164	3
231.0628672979164	4
231.68802729791642	1
232.33318729791642	2
232.95834729791642	3
233.63350729791642	4
234.28094521458308	1
235.0354452145831	2
235.7898983395831	3
236.5398983395831	4
237.31022646458308	1
238.09172646458308	2
238.89360144374973	3
239.70310044374975	4
240.50259944374974	1
241.30209844374974	2
242.07159744374974	3
242.88109644374973	4
243.6808289541664	1
244.4927449541664	2
245.31466095416638	3
246.12657695416635	4
246.93849295416635	1
247.7004578249997	2