0.0	1
0.5172410000000001	2
1.0344820000000001	3
1.5517230000000002	4
2.0689640000000002	1
2.5762050000000007	2
3.093446000000001	3
3.620687000000001	4
4.137928000000001	1
4.645169000000002	2
5.162410000000002	3
5.699651000000002	4
6.226892000000002	1
6.744133000000002	2
7.241374000000003	3
7.768615000000003	4
8.285856000000003	1
8.803097000000003	2
9.320338000000003	3
9.837579000000003	4
10.364820000000003	1
10.882061000000004	2
11.389302000000004	3
11.906543000000005	4
12.423784000000005	1
12.941025000000005	2
13.448266000000006	3
13.955507000000006	4
14.482748000000006	1
15.009989000000006	2
15.517230000000007	3
16.04447100000001	4
16.561712000000007	1
17.078953000000006	2
17.586194000000003	3
18.103435	4
18.610675999999998	1
19.137916999999998	2
19.655157999999997	3
20.182398999999997	4
20.699639999999995	1
21.216880999999994	2
21.734121999999992	3
22.25136299999999	4
22.76860399999999	1
23.285844999999988	2
23.803085999999986	3
24.320326999999985	4
24.82756799999998	1
25.35480899999998	2
25.86204999999998	3
26.379290999999977	4
26.906531999999977	1
27.433772999999974	2
27.951013999999972	3
28.478254999999972	4
28.99549599999997	1
29.49273699999997	2
30.00997799999997	3
30.517218999999965	4
31.054459999999963	1
31.561700999999964	2
32.07894199999996	3
32.58618299999996	4
33.11342399999996	1
33.61066499999996	2
34.147905999999956	3
34.65514699999996	4
35.18238799999995	1
35.69962899999995	2
36.21686999999995	3
36.73411099999995	4
37.25135199999995	1
37.73581699999995	2
38.27028199999995	3
38.78474699999995	4
39.30921199999995	1
39.82645299999995	2
40.353693999999955	3
40.87093499999995	4
41.37817599999995	1
41.88541699999995	2
42.412657999999944	3
42.92989899999994	4
43.457139999999946	1
43.974380999999944	2
44.49162199999994	3
45.00886299999994	4
45.52610399999994	1
46.023344999999935	2
46.55058599999993	3
47.047826999999934	4
47.58506799999993	1
48.09230899999993	2
48.619549999999926	3
49.136790999999924	4
49.65403199999992	1
50.17127299999992	2
50.68851399999992	3
51.19575499999992	4
51.73299599999992	1
52.23023699999992	2
52.747477999999916	3
53.27471899999991	4
53.79195999999991	1
54.29920099999991	2
54.81644199999991	3
55.33368299999991	4
55.85092399999991	1
56.368164999999905	2
56.8954059999999	3
57.422646999999905	4
57.9098879999999	1
58.4371289999999	2
58.9743699999999	3
59.471610999999896	4
59.988851999999895	1
60.50609299999989	2
61.043333999999895	3
61.56057499999989	4
62.07781599999989	1
62.585056999999885	2
63.102297999999884	3
63.609538999999884	4
64.12677999999988	1
64.65402099999989	2
65.15126199999987	3
65.66850299999987	4
66.18574399999987	1
66.71298499999988	2
67.23022599999987	3
67.74746699999987	4
68.26470799999987	1
68.78194899999987	2
69.29918999999987	3
69.81643099999987	4
70.32367199999986	1
70.84091299999986	2
71.34815399999987	3
71.86539499999986	4
72.39263599999985	1
72.90987699999985	2
73.41711799999986	3
73.95435899999985	4
74.48159999999986	1
74.97884099999985	2
75.50608199999985	3
76.02332299999985	4
76.53056399999984	1
77.04780499999984	2
77.57504599999984	3
78.08228699999984	4
78.59952799999984	1
79.11676899999983	2
79.63400999999983	3
80.15125099999983	4
80.65849199999984	1
81.17573299999984	2
81.69297399999984	3
82.21021499999983	4
82.73745599999982	1
83.24469699999983	2
83.76193799999983	3
84.29917899999982	4
84.81641999999982	1
85.34366099999983	2
85.85090199999982	3
86.36814299999982	4
86.87538399999981	1
87.3892379999998	2
87.92309199999981	3
88.4369459999998	4
88.9507999999998	1
89.4689349999998	2
89.9870699999998	3
90.5052049999998	4
91.0233399999998	1
91.5414749999998	2
92.05960999999981	3
92.57774499999981	4
93.09587999999981	1
93.61401499999981	2
94.1221499999998	3
94.6402849999998	4
95.13841999999981	1
95.68655499999981	2
96.20381089999981	3
96.7110518999998	4
97.2282928999998	1
97.7520168999998	2
98.2657408999998	3
98.7794648999998	4
99.29318889999979	1
99.81042989999979	2
100.32767089999979	3
100.84491189999979	4
101.36215289999978	1
101.87467089999978	2
102.39718889999979	3
102.9197068999998	4
103.4522248999998	1
103.97474289999981	2
104.48726089999981	3
105.05977889999981	4
105.56229689999982	1
106.00493689999982	2
106.54757689999983	3
107.07021689999983	4
107.58285689999984	1
108.08133189999984	2
108.59980689999985	3
109.11828189999986	4
109.62675689999986	1
110.14653989999987	2
110.66632289999987	3
111.17610589999987	4
111.69588889999987	1
112.22312989999988	2
112.74037089999987	3
113.25761189999987	4
113.77485289999987	1
114.29209389999987	2
114.79933489999986	3
115.31657589999986	4
115.84381689999987	1
116.36105789999986	2
116.86829889999986	3
117.38553989999986	4
117.90278089999985	1
118.42002189999985	2
118.93726289999985	3
119.46450389999985	4
119.98174489999985	1
120.48898589999985	2
121.00622689999985	3
121.53346789999985	4
122.05070889999985	1
122.56764114999984	2
123.08457014999985	3
123.60149914999985	4
124.10842814999985	1
124.62535714999986	2
125.15228614999987	3
125.66921514999987	4
126.18614414999988	1
126.71307314999987	2
127.23000214999988	3
127.72693114999988	4
128.24386014999988	1
128.77078914999987	2
129.28771814999988	3
129.80464714999988	4
130.3115761499999	1
130.8285051499999	2
131.3454341499999	3
131.8723631499999	4
132.3792921499999	1
132.89622114999992	2
133.40315014999993	3
133.94007914999992	4
134.45700814999992	1
134.98393714999995	2
135.49086614999993	3
136.00779514999994	4
136.52472414999994	1
137.04165314999995	2
137.54858214999996	3
138.06551114999996	4
138.58244014999997	1
139.09936914999997	2
139.62629814999997	3
140.14322714999997	4
140.66015614999998	1
141.16708515	2
141.69401415	3
142.22094315	4
142.72787215	1
143.24480115	2
143.76173015	3
144.27865915	4
144.79558815000001	1
145.31251715000002	2
145.81944615000003	3
146.33637515000004	4
146.86330415000003	1
147.38023315000004	2
147.89716215000004	3
148.41409115000005	4
148.93102015000005	1
149.44794915000006	2
149.97487815000008	3
150.48180715000007	4
150.99873615000007	1
151.51791015000006	2
152.05708415000007	3
152.55625815000005	4
153.05543215000006	1
153.58267315000006	2
154.09991415000007	3
154.6171551500001	4
155.1443961500001	1
155.6616371500001	2
156.18887815000014	3
156.69611915000013	4
157.21336015000014	1
157.73060115000015	2
158.24784215000017	3
158.7550831500002	4
159.2723241500002	1
159.78956515000021	2
160.30680615000023	3
160.82404715000024	4
161.33128815000026	1
161.86852915000026	2
162.37577015000028	3
162.8930111500003	4
163.4102521500003	1
163.92749315000032	2
164.45473415000032	3
164.97197515000033	4
165.47921615000035	1
165.99645715000037	2
166.52369815000037	3
167.04093915000038	4
167.5481801500004	1
168.0635261500004	2
168.5788721500004	3
169.10421815000038	4
169.5995641500004	1
170.1268051500004	2
170.6440461500004	3
171.16128715000042	4
171.66852815000044	1
172.20576915000044	2
172.72301015000045	3
173.24025115000046	4
173.74749215000048	1
174.2747331500005	2
174.7919741500005	3
175.3092151500005	4
175.82645615000052	1
176.34369715000054	2
176.86093815000055	3
177.37817915000056	4
177.89542015000058	1
178.4126611500006	2
178.9299021500006	3
179.43714315000062	4
179.96438415000063	1
180.48162515000064	2
180.98886615000066	3
181.50610715000067	4
182.03334815000068	1
182.5405891500007	2
183.0578301500007	3
183.57507115000072	4
184.09231215000074	1
184.60955315000075	2
185.12679415000076	3
185.65403515000077	4
186.1612761500008	1
186.6785171500008	2
187.1957581500008	3
187.72299915000082	4
188.24024015000083	1
188.74748115000085	2
189.26472215000086	3
189.78196315000088	4
190.2992041500009	1
190.8164451500009	2
191.3436861500009	3
191.85092715000093	4
192.36816815000094	1
192.88540915000095	2
193.40265015000097	3
193.91989115000098	4
194.437132150001	1
194.948769150001	2
195.470406150001	3
196.01204315000098	4
196.53368015000098	1
197.020921150001	2
197.54816215000102	3
198.06540315000103	4
198.592644150001	1
199.099058150001	2
199.60547215000102	3
200.12188615000102	4
200.62830015000105	1
201.14778015000104	2
201.65726015000104	3
202.17674015000102	4
202.696220150001	1
203.221898150001	2
203.73757615000102	3
204.25325415000103	4
204.76893215000104	1
205.29881215000105	2
205.79869215000105	3
206.32857215000104	4
206.84845215000104	1
207.36569315000105	2
207.88293415000106	3
208.40017515000108	4
208.9174161500011	1
209.4346571500011	2
209.94189815000112	3
210.45913915000114	4
210.96638015000116	1
211.50362115000115	2
212.02086215000116	3
212.5481031500012	4
213.0553441500012	1
213.58258515000122	2
214.07982615000122	3
214.60706715000123	4
215.12430815000124	1
215.64154915000125	2
216.15879015000127	3
216.67603115000128	4
217.1932721500013	1
217.7105131500013	2
218.21775415000133	3
218.73499515000134	4
219.25223615000135	1
219.76947715000136	2
220.28671815000138	3
220.81395915000138	4
221.33120015000137	1
221.84654615000136	2
222.36189215000135	3
222.86723815000136	4
223.39258415000134	1
223.90556315000134	2
224.41854215000134	3
224.94152115000136	4
225.4545001500014	1
225.96667915000137	2
226.48885815000136	3
227.01103715000136	4
227.54321615000137	1
228.06309615000137	2
228.58297615000137	3
229.09285615000135	4
229.61273615000133	1
230.11341415000135	2
230.63409215000135	3
231.16477015000137	4
231.65544815000138	1
232.1730271500014	2
232.6906061500014	3
233.2081851500014	4
233.72576415000142	1
234.25334315000146	2
234.77092215000147	3
235.26850115000147	4
235.78608015000148	1
236.40226769166838	2
236.99928269166838	3
237.62629769166838	4
238.19331269166838	1
238.79032769166838	2
239.41734269166838	3
239.98435769166838	4
240.56960519166816	1
241.11592019166818	2
241.6422351916682	3
242.1585501916682	4
242.6848651916682	1
243.1905411916682	2
243.7062171916682	3
244.22189319166822	4
244.72756919166824	1
245.26324519166826	2
245.77892119166827	3
246.2945971916683	4
246.8102731916683	1
247.32594919166831	2
247.84162519166833	3
248.35730119166834	4
248.87297719166835	1
249.39020188958503	2
249.90744288958504	3
250.41468388958504	4
250.94192488958507	1
251.45916588958508	2
251.9764068895851	3
252.4936478895851	4
253.01088888958512	1
253.52812988958513	2
254.04537088958514	3
254.56261188958516	4
255.06985288958515	1
255.58709388958516	2
256.12433488958516	3
256.6315758895852	4
257.1488168895852	1
257.6560578895852	2
258.1732988895852	3
258.69053988958524	4
259.20778088958525	1
259.72502188958526	2
260.2422628895853	3
260.7695038895853	4
261.2767448895853	1
261.7956588895853	2
262.3245728895853	3
262.85348688958527	4
263.3624008895853	1
263.8796418895853	2
264.3868828895853	3
264.9041238895853	4
265.41136488958534	1
265.92860588958536	2
266.44584688958537	3
266.98308788958536	4
267.5003288895854	1
268.0175698895854	2
268.5348108895854	3
269.0520518895854	4
269.5692928895854	1
270.08653388958544	2
270.59377488958546	3
271.0810158895855	4
271.6182568895855	1
272.1354978895855	2
272.6627388895855	3
273.1799798895855	4
273.69722088958554	1
274.21446188958555	2
274.73170288958556	3
275.2389438895856	4
275.7561848895856	1
276.2834258895856	2
276.7906668895856	3
277.30790788958564	4
277.82514888958565	1
278.34238988958566	2
278.8596308895857	3
279.3868718895857	4
279.9041128895857	1
280.4213538895857	2
280.91859488958573	3
281.44583588958574	4
281.9730768895857	1
282.48679788958566	2
283.00051888958563	3
283.5242398895856	4
284.02796088958564	1
284.54520188958566	2
285.06244288958567	3
285.5796838895857	4
286.0969248895857	1
286.6273678895857	2
287.1378108895857	3
287.6682538895857	4
288.1786968895857	1
288.6959378895857	2
289.20317888958573	3
289.72041988958574	4
290.23766088958575	1
290.76490188958576	2
291.2721428895858	3
291.7893838895858	4
292.3066248895858	1
292.8338658895858	2
293.34110688958583	3
293.85834788958584	4
294.37558888958586	1
294.89282988958587	2
295.4200708895859	3
295.9373118895859	4
296.4545528895859	1
296.9688128895859	2
297.48307288958586	3
297.99733288958583	4
298.51159288958587	1
299.0288338895859	2
299.5460748895859	3
300.0633158895859	4
300.58055688958586	1
301.1036758895859	2
301.5967948895859	3
302.1099138895859	4
302.63303288958593	1
303.15027388958595	2
303.647514889586	3
304.184755889586	4
304.701996889586	1
305.219237889586	2
305.736478889586	3
306.253719889586	4
306.77096088958604	1
307.28820188958605	2
307.79544288958607	3
308.33268388958606	4
308.8399248895861	1
309.35868788958607	2
309.87745088958604	3
310.396213889586	4
310.934976889586	1
311.445039889586	2
311.955102889586	3
312.475165889586	4
312.995228889586	1
313.522469889586	2
314.029710889586	3
314.546951889586	4
315.064192889586	1
315.58143388958604	2
316.09867488958605	3
316.61591588958606	4
317.1331568895861	1
317.6503978895861	2
318.1576388895861	3
318.6848798895861	4
319.19212088958614	1
319.70936188958615	2
320.22660288958616	3
320.75384388958616	4
321.2710848895861	1
321.7953448895861	2
322.2996048895861	3
322.81386488958606	4
323.3281248895861	1
323.8453658895861	2
324.3826068895861	3
324.87984788958613	4
325.39708888958614	1
325.92432988958615	2
326.4215708895862	3
326.9488118895862	4
327.4660528895862	1
327.9832938895862	2
328.5005348895862	3
329.0277758895862	4
329.52501688958625	1
330.06225788958625	2
330.56949888958627	3
331.0867398895863	4
331.60398088958624	1
332.1182408895862	2
332.6325008895862	3
333.1467608895862	4
333.6610208895862	1
334.1782618895862	2
334.67550288958626	3
335.22274388958624	4
335.73998488958625	1
336.25722588958627	2
336.7744668895863	3
337.3017078895863	4
337.8089488895863	1
338.3361898895863	2
338.86343088958637	3
339.3806718895864	4
339.87791288958636	1
340.40515388958636	2
340.9123948895864	3
341.4196358895864	4
341.9368768895864	1
342.4641178895864	2