0.0	1
0.5	2
1.0	3
1.51	4
2.02	1
2.52	2
3.02	3
3.52	4
4.02	1
4.52	2
5.02	3
5.49	4
5.99	1
6.5	2
6.99	3
7.49	4
8.0	1
8.5	2
8.98	3
9.45	4
9.96	1
10.51	2
11.0	3
11.5	4
12.0	1
12.48	2
13.0	3
13.47	4
14.02	1
14.45	2
14.94	3
15.49	4
16.0	1
16.5	2
17.0	3
17.5	4
18.0	1
18.5	2
19.0	3
19.5	4
20.0	1
20.5	2
21.0	3
21.5	4
22.0	1
22.5	2
23.0	3
23.5	4
24.0	1
24.5	2
25.0	3
25.5	4
26.0	1
26.5	2
27.0	3
27.5	4
28.0	1
28.5	2
29.0	3
29.5	4
29.99	1
30.5	2
31.0	3
31.5	4
32.0	1
32.5	2
33.0	3
33.5	4
34.0	1
34.5	2
35.0	3
35.5	4
35.98	1
36.5	2
37.0	3
37.5	4
38.0	1
38.5	2
39.0	3
39.5	4
40.0	1
40.5	2
41.0	3
41.5	4
41.99	1
42.49	2
42.99	3
43.49	4
43.99	1
44.5	2
45.0	3
45.5	4
46.0	1
46.5	2
47.0	3
47.5	4
48.0	1
48.5	2
49.0	3
49.5	4
49.99	1
50.49	2
50.99	3
51.49	4
51.99	1
52.49	2
52.99	3
53.49	4
53.99	1
54.49	2
54.99	3
55.5	4
56.0	1
56.5	2
57.0	3
57.5	4
58.0	1
58.5	2
59.0	3
59.5	4
60.0	1
60.5	2
61.0	3
61.5	4
62.0	1
62.5	2
63.0	3
63.5	4
64.0	1
64.5	2
65.0	3
65.5	4
66.0	1
66.5	2
67.0	3
67.5	4
68.0	1
68.5	2
69.0	3
69.5	4
70.0	1
70.5	2
71.0	3
71.5	4
72.0	1
72.5	2
73.0	3
73.5	4
74.0	1
74.5	2
75.0	3
75.5	4
76.0	1
76.5	2
77.0	3
77.5	4
78.0	1
78.5	2
79.0	3
79.5	4
80.0	1
80.5	2
81.0	3
81.5	4
82.0	1
82.5	2
83.0	3
83.5	4
84.0	1
84.5	2
85.0	3
85.5	4
86.0	1
86.5	2
87.0	3
87.5	4
88.0	1
88.5	2
89.0	3
89.5	4
89.99	1
90.5	2
91.0	3
91.5	4
92.0	1
92.5	2
93.0	3
93.5	4
94.0	1
94.5	2
95.0	3
95.5	4
96.0	1
96.5	2
97.0	3
97.5	4
98.0	1
98.5	2
99.0	3
99.5	4
99.99	1
100.49	2
100.99	3
101.49	4
102.0	1
102.5	2
103.0	3
103.5	4
104.0	1
104.5	2
105.0	3
105.5	4
106.0	1
106.5	2
107.0	3
107.5	4
108.0	1
108.5	2
109.0	3
109.5	4
110.0	1
110.5	2
111.0	3
111.5	4
112.0	1
112.5	2
113.0	3
113.5	4
114.0	1
114.5	2
115.0	3
115.5	4
116.0	1
116.5	2
117.0	3
117.5	4
118.0	1
118.5	2
119.0	3
119.5	4
120.0	1
120.5	2
121.0	3
121.5	4
122.0	1
122.5	2
123.0	3
123.5	4
124.0	1
124.5	2
125.0	3
125.5	4
126.0	1
126.51	2
127.01	3
127.5	4
127.99	1
128.47	2
129.0	3
129.5	4
130.01	1
130.52	2
131.02	3
131.52	4
132.02	1
132.53	2
133.04	3
133.53	4
134.0	1
134.5	2
135.0	3
135.5	4
136.0	1
136.5	2
137.0	3
137.5	4
138.0	1
138.5	2
139.0	3
139.5	4
140.0	1
140.5	2
141.0	3
141.5	4
142.0	1
142.5	2
143.0	3
143.5	4
144.0	1
144.5	2
145.0	3
145.5	4
146.0	1
146.5	2
147.0	3
147.5	4
148.0	1
148.5	2
149.0	3
149.5	4
150.0	1
150.5	2
151.0	3
151.5	4
152.0	1
152.5	2
153.0	3
153.5	4
154.0	1
154.5	2
155.0	3
155.5	4
156.0	1
156.5	2
157.0	3
157.5	4
158.0	1
158.49	2
159.0	3
159.5	4
160.0	1
160.5	2
161.0	3
161.5	4
162.0	1
162.5	2
162.99	3
163.5	4
164.0	1
164.5	2
165.0	3
165.5	4
166.0	1
166.5	2
167.0	3
167.5	4
167.99	1
168.5	2
169.0	3
169.5	4
170.0	1
170.5	2
171.0	3
171.5	4
172.0	1
172.5	2
173.0	3
173.5	4
173.99	1
174.5	2
175.0	3
175.5	4
176.0	1
176.5	2
177.0	3
177.5	4
178.0	1
178.5	2
179.0	3
179.5	4
180.0	1
180.5	2
181.0	3
181.5	4
182.0	1
182.5	2
183.0	3
183.5	4
184.0	1
184.5	2
185.0	3
185.5	4
185.99	1
186.5	2
187.0	3
187.49	4
188.0	1
188.5	2
189.0	3
189.51	4
190.01	1
190.51	2
191.01	3
191.51	4
192.01	1
192.51	2
193.01	3
193.51	4
194.0	1
194.5	2
195.0	3
195.5	4
196.0	1
196.5	2
197.0	3
197.5	4
197.98	1
198.49	2
198.98	3
199.5	4
199.96	1
200.48	2
200.98	3
201.48	4
202.0	1
202.5	2
203.0	3
203.5	4
204.0	1
204.5	2
205.0	3
205.5	4
206.0	1
206.5	2
207.0	3
207.5	4
208.0	1
208.5	2
209.0	3
209.5	4
210.0	1
210.5	2
211.0	3
211.5	4
212.0	1
212.5	2
213.0	3
213.5	4
214.0	1
214.5	2
215.0	3
215.5	4
216.0	1
216.5	2
217.01	3
217.51	4
218.01	1
218.51	2
219.01	3
219.51	4
220.01	1
220.51	2
221.01	3
221.51	4
222.01	1
222.51	2
223.01	3
223.51	4
224.01	1
224.51	2
225.01	3
225.51	4
226.01	1
226.5	2
227.0	3
227.5	4
228.0	1
228.5	2
229.0	3
229.5	4
230.0	1