0.01	1
0.431467	2
0.902934	3
1.294401	4
1.795868	1
2.257335	2
2.708802	3
3.160269	4
3.611736	1
4.0732029999999995	2
4.50467	3
4.946137	4
5.407604	1
5.909071	2
6.320538	3
6.772005	4
7.213472	1
7.664939	2
8.116406	3
8.567872999999999	4
9.019339999999998	1
9.470806999999997	2
9.932273999999996	3
10.383740999999995	4
10.825207999999995	1
11.276674999999994	2
11.728141999999993	3
12.179608999999992	4
12.631075999999991	1
13.08254299999999	2
13.53400999999999	3
13.985476999999989	4
14.436943999999988	1
14.888410999999987	2
15.339877999999986	3
15.791344999999986	4
16.242811999999983	1
16.704278999999985	2
17.145745999999985	3
17.597212999999986	4
18.048679999999987	1
18.51014699999999	2
18.96161399999999	3
19.40308099999999	4
19.85454799999999	1
20.30601499999999	2
20.757481999999992	3
21.208948999999993	4
21.660415999999994	1
22.121882999999997	2
22.573349999999998	3
23.014816999999997	4
23.466283999999998	1
23.917751	2
24.369218	3
24.820685	4
25.272152000000002	1
25.733619000000004	2
26.175086000000004	3
26.626553000000005	4
27.078020000000006	1
27.529487000000007	2
27.980954000000008	3
28.43242100000001	4
28.88388800000001	1
29.33535500000001	2
29.78682200000001	3
30.238289000000012	4
30.689756000000013	1
31.141223000000014	2
31.592690000000015	3
32.04415700000002	4
32.485624000000016	1
32.93709100000002	2
33.39855800000002	3
33.850025000000024	4
34.301492000000025	1
34.752959000000025	2
35.204426000000026	3
35.64589300000002	4
36.09736000000002	1
36.55882700000003	2
37.01029400000003	3
37.46176100000003	4
37.91322800000003	1
38.394695000000034	2
38.816162000000034	3
39.267629000000035	4
39.719096000000036	1
40.17056300000004	2
40.62203000000004	3
41.08349700000004	4
41.52496400000004	1
41.98643100000004	2
42.42789800000004	3
42.87936500000004	4
43.33083200000004	1
43.812299000000046	2
44.233766000000045	3
44.685233000000046	4
45.13670000000005	1
45.598167000000046	2
46.03963400000005	3
46.49110100000005	4
46.94256800000005	1
47.39403500000005	2
47.84550200000005	3
48.296969000000054	4
48.748436000000055	1
49.209903000000054	2
49.65137000000006	3
50.10283700000006	4
50.55430400000006	1
50.995771000000055	2
51.447238000000056	3
51.90870500000006	4
52.36017200000006	1
52.86163900000006	2
53.27310600000006	3
53.72457300000006	4
54.166040000000066	1
54.627507000000065	2
55.06897400000007	3
55.52044100000007	4
55.97190800000007	1
56.43337500000007	2
56.88484200000007	3
57.33630900000007	4
57.76777600000007	1
58.21924300000007	2
58.680710000000076	3
59.13217700000008	4
59.58364400000008	1
60.055111000000075	2
60.48657800000008	3
60.93804500000008	4
61.38951200000008	1
61.84097900000008	2
62.29244600000008	3
62.75391300000008	4
63.18538000000008	1
63.646847000000086	2
64.09831400000007	3
64.53978100000008	4
64.99124800000007	1
65.45271500000005	2
65.90418200000005	3
66.35564900000004	4
66.79711600000005	1
67.25858300000003	2
67.71005000000002	3
68.15151700000003	4
68.61298400000001	1
69.064451	2
69.50591800000001	3
69.957385	4
70.408852	1
70.87031899999998	2
71.32178599999997	3
71.77325299999997	4
72.22471999999996	1
72.66618699999997	2
73.11765399999996	3
73.56912099999995	4
74.02058799999995	1
74.48205499999993	2
74.93352199999993	3
75.38498899999992	4
75.82645599999992	1
76.27792299999992	2
76.72938999999991	3
77.1808569999999	4
77.6323239999999	1
78.08379099999989	2
78.53525799999989	3
78.98672499999988	4
79.43819199999987	1
79.89965899999986	2
80.35112599999985	3
80.79259299999985	4
81.24405999999985	1
81.69552699999984	2
82.14699399999984	3
82.59846099999983	4
83.04992799999982	1
83.53139499999982	2
83.9628619999998	3
84.4143289999998	4
84.8557959999998	1
85.31726299999978	2
85.76872999999978	3
86.22019699999977	4
86.67166399999977	1
87.13313099999976	2
87.57459799999975	3
88.01606499999976	4
88.46753199999975	1
88.94899899999974	2
89.38046599999973	3
89.83193299999972	4
90.28339999999972	1
90.74486699999972	2
91.17633399999971	3
91.6278009999997	4
92.0792679999997	1
92.54073499999969	2
92.99220199999968	3
93.44366899999967	4
93.88513599999968	1
94.34660299999966	2
94.78806999999966	3
95.23953699999966	4
95.69100399999965	1
96.14247099999965	2
96.59393799999964	3
97.04540499999963	4
97.49687199999963	1
97.96833899999962	2
98.39980599999961	3
98.85127299999961	4
99.3027399999996	1
99.7542069999996	2
100.20567399999959	3
100.65714099999958	4
101.10860799999958	1
101.56007499999957	2
102.01154199999957	3
102.46300899999956	4
102.91447599999955	1
103.39594299999955	2
103.81740999999954	3
104.26887699999953	4
104.72034399999953	1
105.16181099999952	2
105.62327799999952	3
106.07474499999951	4
106.5262119999995	1
106.9776789999995	2
107.42914599999949	3
107.88061299999949	4
108.33207999999948	1
108.78354699999947	2
109.23501399999947	3
109.67648099999946	4
110.12794799999945	1
110.57941499999944	2
111.04088199999944	3
111.49234899999944	4
111.94381599999943	1
112.38528299999942	2
112.84674999999942	3
113.29821699999941	4
113.7496839999994	1
114.2011509999994	2
114.66261799999938	3
115.11408499999938	4
115.55555199999938	1
116.00701899999937	2
116.45848599999937	3
116.90995299999936	4
117.36141999999936	1
117.83288699999935	2
118.27435399999933	3
118.71582099999934	4
119.16728799999933	1
119.62875499999932	2
120.07022199999932	3
120.52168899999931	4
120.9731559999993	1
121.4246229999993	2
121.8760899999993	3
122.32755699999929	4
122.77902399999928	1
123.23049099999928	2
123.68195799999927	3
124.13342499999926	4
124.58489199999926	1
125.03635899999925	2
125.48782599999925	3
125.93929299999924	4
126.39075999999923	1
126.84222699999923	2
127.29369399999922	3
127.74516099999921	4
128.1966279999992	1
128.64809499999922	2
129.09956199999922	3
129.55102899999923	4
130.00249599999924	1
130.45396299999925	2
130.90542999999926	3
131.35689699999926	4
131.80836399999927	1
132.25983099999928	2
132.7112979999993	3
133.1627649999993	4
133.6142319999993	1
134.0656989999993	2
134.50716599999933	3
134.96863299999933	4
135.42009999999934	1
135.89156699999936	2
136.32303399999935	3
136.77450099999936	4
137.21596799999938	1
137.67743499999938	2
138.12890199999939	3
138.5803689999994	4
139.0318359999994	1
139.49330299999943	2
139.93476999999942	3
140.37623699999943	4
140.82770399999944	1
141.29917099999946	2
141.74063799999945	3
142.19210499999946	4
142.64357199999947	1
143.09503899999947	2
143.54650599999948	3
143.9979729999995	4
144.4494399999995	1
144.9009069999995	2
145.35237399999951	3
145.80384099999952	4
146.24530799999954	1
146.70677499999954	2
147.15824199999955	3
147.59970899999956	4
148.05117599999957	1
148.51264299999957	2
148.96410999999958	3
149.4155769999996	4
149.8570439999996	1
150.3385109999996	2
150.7699779999996	3
151.22144499999962	4
151.67291199999963	1
152.12437899999964	2
152.57584599999964	3
153.02731299999965	4
153.46877999999967	1
153.93024699999967	2
154.38171399999968	3
154.83318099999968	4
155.2846479999997	1
155.7561149999997	2
156.17758199999972	3
156.62904899999972	4
157.08051599999973	1
157.54198299999973	2
157.99344999999974	3
158.44491699999975	4
158.88638399999977	1
159.34785099999976	2
159.79931799999977	3
160.25078499999978	4
160.7022519999998	1
161.1537189999998	2
161.5951859999998	3
162.04665299999982	4
162.49811999999983	1
162.95958699999983	2
163.40105399999985	3
163.85252099999985	4
164.30398799999986	1
164.75545499999987	2
165.20692199999988	3
165.6583889999999	4
166.1098559999999	1
166.5713229999999	2
167.0227899999999	3
167.4742569999999	4
167.91572399999993	1
168.35719099999994	2
168.81865799999994	3
169.27012499999995	4
169.72159199999996	1
170.18305899999996	2
170.63452599999997	3
171.07599299999998	4