0.01	1
0.545713	2
1.081426	3
1.617139	4
2.1528519999999998	1
2.658565	2
3.2342779999999998	3
3.7599909999999994	4
4.295704	1
5.380791	2
6.405878	1
7.462978	2
8.490078	1
9.515268	2
10.540458000000001	1
11.575648000000001	2
12.600838000000001	1
13.651848500000002	2
14.682859000000002	1
15.721211000000002	2
16.749563000000002	1
17.782599500000003	2
18.735636000000003	1
19.258455000000005	2
19.781274000000003	3
20.284093000000006	4
20.776912000000003	1
21.269220000000004	2
21.761528000000006	3
22.243836000000005	4
22.726144000000005	1
23.213425000000004	2
23.690706000000002	3
24.177987	4
24.665268	1
25.152549	2
25.63983	3
26.127111	4
26.624392	1
27.101672999999998	2
27.588953999999998	3
28.076234999999997	4
28.573515999999998	1
29.060796999999997	2
29.548077999999997	3
30.035358999999996	4
30.522639999999996	1
30.997546999999994	2
31.482453999999993	3
31.967360999999993	4
32.462267999999995	1
32.943473	2
33.424678	3
33.895883000000005	4
34.37708800000001	1
34.862058000000005	2
35.347028	3
35.831998	4
36.316967999999996	1
36.798235999999996	2
37.279503999999996	3
37.760771999999996	4
38.242039999999996	1
38.723307999999996	2
39.204575999999996	3
39.685843999999996	4
40.167111999999996	1
40.638509	2
41.119906	3
41.591303	4
42.06270000000001	1
42.548905000000005	2
43.03511	3
43.521315	4
43.99752	1
44.478788	2
44.960056	3
45.441324	4
45.922592	1
46.400158000000005	2
46.87772400000001	3
47.34529000000001	4
47.832856000000014	1
48.31042200000002	2
48.78798800000002	3
49.26555400000002	4
49.743120000000026	1
50.22562200000002	2
50.70812400000002	3
51.200626000000014	4
51.68312800000001	1
52.15563000000001	2
52.638132000000006	3
53.120634	4
53.603136	1
54.08317	2
54.573204000000004	3
55.05323800000001	4
55.53327200000001	1
56.013306000000014	2
56.49334000000002	3
56.96337400000002	4
57.453408000000024	1
57.93344200000003	2
58.41347600000003	3
58.893510000000035	4
59.37354400000004	1
59.85234300000004	2
60.33114200000004	3
60.809941000000045	4
61.28874000000005	1
61.75753900000005	2
62.23633800000005	3
62.715137000000055	4
63.19393600000006	1
63.65780000000006	2
64.14166400000006	3
64.61552800000007	4
65.08939200000007	1
65.56325600000008	2
66.04712000000009	3
66.5209840000001	4
66.9948480000001	1
67.48241400000009	2
67.95998000000009	3
68.41754600000009	4
68.89511200000008	1
69.36774300000009	2
69.8403740000001	3
70.3130050000001	4
70.78563600000011	1
71.25826700000012	2
71.74089800000013	3
72.20352900000013	4
72.67616000000014	1
73.15879100000015	2
73.62543200000015	3
74.10207300000015	4
74.57871400000015	1
75.06191100000015	2
75.54510800000016	3
76.02830500000016	4
76.51150200000016	1
76.99153600000017	2
77.47157000000017	3
77.95160400000017	4
78.44163800000018	1
78.91167200000018	2
79.39170600000018	3
79.87174000000019	4
80.3617740000002	1
80.83551000000018	2
81.31924600000018	3
81.80298200000017	4
82.28671800000016	1
82.76922000000016	2
83.25172200000016	3
83.73422400000015	4
84.21672600000015	1
84.68676000000015	2
85.17679400000016	3
85.65682800000016	4
86.13686200000016	1
86.61936400000016	2
87.10186600000016	3
87.58436800000015	4
88.06687000000015	1
88.54690400000015	2
89.03693800000016	3
89.50697200000016	4
89.98700600000016	1
90.46704000000017	2
90.94707400000017	3
91.42710800000017	4
91.91714200000018	1
92.39717600000019	2
92.87721000000019	3
93.34724400000019	4
93.82727800000019	1
94.3073120000002	2
94.7873460000002	3
95.2673800000002	4
95.7474140000002	1
96.2311500000002	2
96.7248860000002	3
97.19862200000019	4
97.69235800000018	1
98.17609400000018	2
98.65983000000017	3
99.14356600000016	4
99.60730200000015	1
100.09349200000015	2
100.56968200000016	3
101.04587200000016	4
101.53206200000017	1
102.01086100000016	2
102.48966000000016	3
102.95845900000015	4
103.43725800000014	1
103.91990300000015	2
104.40254800000015	3
104.88519300000016	4
105.36783800000016	1
105.84540400000016	2
106.33297000000016	3
106.81053600000016	4
107.28810200000015	1
107.75566800000014	2
108.24323400000014	3
108.72080000000014	4
109.19836600000014	1
109.67223000000014	2
110.14609400000015	3
110.61995800000015	4
111.09382200000016	1
111.55768600000016	2
112.04155000000017	3
112.50541400000017	4
112.98927800000018	1
113.46684400000018	2
113.94441000000018	3
114.41197600000017	4
114.88954200000016	1
115.36587500000016	2
115.84220800000016	3
116.31854100000015	4
116.79487400000015	1
117.26873800000016	2
117.75260200000017	3
118.21646600000017	4
118.70033000000018	1
119.17419400000018	2
119.64805800000019	3
120.1219220000002	4
120.5957860000002	1
121.0770540000002	2
121.5583220000002	3
122.0295900000002	4
122.5108580000002	1
122.96960800000019	2
123.4483580000002	3
123.9171080000002	4
124.3958580000002	1
124.8609560000002	2
125.3360540000002	3
125.8111520000002	4
126.28625000000021	1
126.76134800000021	2
127.23644600000021	3
127.72154400000022	4
128.19664200000022	1
128.6830260000002	2
129.1594100000002	3
129.6457940000002	4
130.13217800000018	1
130.6085110000002	2
131.0848440000002	3
131.5711770000002	4
132.04751000000022	1
132.52138100000022	2
133.0052520000002	3
133.4891230000002	4
133.9929940000002	1
134.4604340000002	2
134.94787400000018	3
135.43531400000018	4
135.92275400000017	1
136.40388800000017	2
136.87502200000017	3
137.35615600000017	4
137.84729000000016	1
138.33485600000014	2
138.81242200000014	3
139.28998800000014	4
139.76755400000013	1
140.24252400000015	2
140.72749400000015	3
141.21246400000015	4
141.69743400000016	1
142.18240400000016	2
142.66737400000017	3
143.1636674875002	4
143.71922348750002	1
144.88306848750003	2
146.03691348750002	1
147.13008948750002	2
148.22326548750002	1
149.31644148750001	2
150.3996174875	1
151.5027934875	2
152.5959694875	1
153.6991454875	2
154.7823214875	1
155.8613599875	2
156.9203984875	1
157.99446122083333	2
159.01894372083336	1
159.56068272083337	2
160.07242172083335	3
160.57251230000003	4
161.07251230000003	1
161.56717730000003	2
162.07184230000004	3
162.54650730000003	4
163.04117230000003	1
163.53231330000003	2
164.02345430000003	3
164.51459530000002	4
165.00573630000002	1
165.48317630000003	2
165.97061630000002	3
166.4580563	4
166.9454963	1
167.44293629999999	2
167.93037629999998	3
168.40781629999998	4
168.89525629999997	1
169.36775829999996	2
169.87026029999998	3
170.3527623	4
170.8352643	1
171.3227043	2
171.8101443	3
172.29758429999998	4
172.78502429999998	1
173.26246429999998	2
173.74990429999997	3
174.23734429999996	4
174.73478429999994	1
175.20605229999995	2
175.69732029999994	3
176.17858829999994	4
176.65985629999994	1
177.14729629999994	2
177.64473629999992	3
178.12217629999992	4
178.6096162999999	1
179.09458629999992	2
179.57955629999992	3
180.06452629999993	4
180.54949629999993	1
181.03446629999993	2
181.51943629999994	3
182.00440629999994	4
182.48937629999995	1
182.97434629999995	2
183.45931629999995	3
183.94428629999996	4
184.43925629999995	1
184.91422629999997	2
185.39919629999997	3
185.89416629999997	4
186.38327529999998	1
186.85238429999995	2
187.33149329999995	3
187.81060229999994	4
188.29557229999995	1
188.78054229999995	2
189.26551229999995	3
189.75048229999996	4
190.23175029999996	1
190.70301829999997	2
191.18428629999997	3
191.66555429999997	4
192.14682229999997	1
192.62809029999997	2
193.11935829999996	3
193.60062629999996	4
194.09189429999998	1
194.57316229999998	2
195.05443029999998	3
195.52569829999996	4
196.01943429999997	1
196.49317029999995	2
196.97690629999994	3
197.46064229999993	4
197.94437829999993	1
198.41811429999993	2
198.90938229999992	3
199.39065029999992	4
199.87191829999992	1
200.35318629999992	2
200.83445429999992	3
201.31572229999992	4
201.80699029999994	1
202.27825829999992	2
202.76952629999994	3
203.24079429999992	4
203.72206229999992	1
204.20333029999992	2
204.68953529999993	3
205.17574029999994	4
205.66194529999996	1
206.13815029999998	2
206.63065229999998	3
207.1131543	4
207.5856563	1
208.06815830000002	2
208.55066030000003	3
209.03316230000004	4
209.51566430000005	1
209.99816630000007	2
210.48066830000008	3
210.9631703000001	4
211.4413533000001	1
211.9095363000001	2
212.3977193000001	3
212.8759023000001	4
213.35593630000008	1
213.83597030000007	2
214.31600430000006	3
214.79603830000005	4
215.27607230000004	1
215.75610630000003	2
216.24045930000003	3
216.73481230000002	4
217.21916530000001	1
217.7035183	2
218.1878713	3
218.66222430000002	4
219.14657730000002	1
219.62093030000003	2
220.10528330000002	3
220.58963630000002	4
221.07398930000002	1
221.5383423	2
222.0326953	3
222.5070483	4
223.10140130000002	1
223.52575430000002	2
223.9401073	3