0.0	1
0.733495	2
1.46699	3
2.200485	4
2.93398	1
3.667475	2
4.40097	3
5.1344650000000005	4
5.86796	1
6.5914600000000005	2
7.324960000000001	3
8.05846	4
8.80196	1
9.525459999999999	2
10.258959999999998	3
10.992459999999998	4
11.725959999999997	1
12.459459999999996	2
13.192959999999996	3
13.926459999999995	4
14.659959999999995	1
15.393459999999994	2
16.126959999999993	3
16.860459999999993	4
17.603959999999994	1
18.32745999999999	2
19.06095999999999	3
19.79445999999999	4
20.52795999999999	1
21.26145999999999	2
21.99495999999999	3
22.71845999999999	4
23.461959999999987	1
24.18545999999999	2
24.918959999999988	3
25.652459999999987	4
26.365959999999987	1
27.119459999999986	2
27.852959999999985	3
28.586459999999985	4
29.329959999999982	1
30.06345999999998	2
30.786959999999983	3
31.520459999999982	4
32.26395999999998	1
32.99337899999998	2
33.72279799999998	3
34.46221699999998	4
35.20163599999998	1
35.92600299999998	2
36.65036999999998	3
37.38473699999998	4
38.11910399999998	1
38.85347099999998	2
39.57783799999997	3
40.322204999999975	4
41.056571999999974	1
41.79093899999997	2
42.51530599999997	3
43.249672999999966	4
43.99403999999997	1
44.72463499999997	2
45.45522999999997	3
46.18582499999997	4
46.92641999999997	1
47.65067199999997	2
48.38492399999997	3
49.11917599999997	4
49.853427999999965	1
50.57514899999996	2
51.30686999999996	3
52.03859099999996	4
52.78031199999997	1
53.51514999999996	2
54.259987999999964	3
54.99482599999997	4
55.72966399999997	1
56.46195699999997	2
57.18424999999997	3
57.92654299999997	4
58.658835999999965	1
59.391128999999964	2
60.12342199999996	3
60.85571499999996	4
61.58800799999996	1
62.32030099999996	2
63.05259399999996	3
63.79488699999995	4
64.52717999999996	1
65.24947299999995	2
65.98176599999995	3
66.72405899999995	4
67.45635199999995	1
68.19288299999995	2
68.91941399999995	3
69.65594499999995	4
70.39247599999995	1
71.12450699999995	2
71.84653799999995	3
72.58856899999996	4
73.32059999999997	1
74.05436799999997	2
74.77813599999996	3
75.51190399999996	4
76.24567199999996	1
76.98076999999995	2
77.71586799999994	3
78.45096599999994	4
79.18606399999993	1
79.92041199999993	2
80.65475999999992	3
81.38910799999992	4
82.12345599999992	1
82.85313799999992	2
83.58281999999991	3
84.32250199999991	4
85.05218399999991	1
85.78437899999992	2
86.50657399999992	3
87.24876899999992	4
87.98096399999993	1
88.71472999999993	2
89.43849599999993	3
90.17226199999993	4
90.90602799999994	1
91.64311199999993	2
92.38019599999993	3
93.10727999999993	4
93.85436399999992	1
94.58450599999992	2
95.31464799999992	3
96.05478999999993	4
96.78493199999993	1
97.51722599999992	2
98.24951999999992	3
98.98181399999991	4
99.71410799999991	1
100.4364019999999	2
101.1686959999999	3
101.9009899999999	4
102.6532839999999	1
103.37557799999989	2
104.10787199999989	3
104.85016599999989	4
105.58245999999988	1
106.31475399999988	2
107.04704799999988	3
107.77934199999987	4
108.52163599999986	1
109.25392999999985	2
109.97622399999986	3
110.70851799999986	4
111.44081199999985	1
112.17760599999986	2
112.91439999999986	3
113.64119399999986	4
114.37798799999986	1
115.11083599999986	2
115.84368399999987	3
116.57653199999987	4
117.30937999999988	1
118.04222799999988	2
118.77507599999988	3
119.50792399999989	4
120.2507719999999	1
120.9836199999999	2
121.7064679999999	3
122.44931599999991	4
123.18216399999991	1
123.90501199999991	2
124.62785999999991	3
125.36070799999992	4
126.09355599999992	1
126.81640399999993	2
127.56925199999993	3
128.30209999999994	4
129.04494799999992	1
129.76779599999992	2
130.5006439999999	3
131.2334919999999	4
131.9563399999999	1
132.6935819999999	2
133.43082399999992	3
134.1580659999999	4
134.90530800000002	1
135.2620555	2
135.628803	3
135.9955505	4
136.37229800000003	5
136.7290455	6
137.09579300000001	7
137.47254050000004	1
137.82928800000002	2
138.19603550000002	3
138.57278300000004	4
138.92953050000003	5
139.29627800000003	6
139.66302550000003	7
140.02977300000003	1
140.38652050000005	2
140.76326800000004	3
141.13001550000004	4
141.49676300000004	5
141.87351050000007	6
142.23025800000005	7
142.5970055	1
143.3287115	2
144.0604175	3
144.7821235	4
145.53382950000002	1
146.26928550000002	2
147.00474150000002	3
147.7301975	4
148.47565350000002	1
149.20585950000003	2
149.92606550000002	3
150.65627150000003	4
151.38647750000004	1
152.11668350000005	2
152.85688950000008	3
153.5870955000001	4
154.3273015000001	1
155.07180350000007	2
155.79630550000007	3
156.53080750000007	4
157.2653095	1
157.6311625	2
157.99701549999997	3
158.36286849999996	4
158.72872149999995	5
159.09457449999994	6
159.45042749999993	7
159.81628049999992	1
160.18393149999991	2
160.5515824999999	3
160.9292334999999	4
161.2868844999999	5
161.6645354999999	6
162.0221864999999	7
162.37983749999987	1
162.74748849999986	2
163.11513949999986	3
163.49279049999987	4
163.86044149999987	5
164.20809249999985	6
164.57574349999985	7
164.95339449999997	1
165.68599549999996	2
166.40859649999996	3
167.16119749999996	4
167.89379849999995	1
168.62639949999993	2
169.35900049999992	3
170.0916014999999	4
170.8342024999999	1
171.5723034999999	2
172.2904044999999	3
173.01850549999992	4
173.74660649999993	1
174.49420649999993	2
175.22180649999993	3
175.9394064999999	4
176.6670064999999	1
177.4222064999999	2
178.13740649999988	3
178.86260649999988	4
179.60780649999998	1
179.971443	2
180.3350795	3
180.69871600000002	4
181.06235250000003	5
181.41598900000005	6
181.77962550000007	7
182.15326200000007	1
182.51904050000007	2
182.8948190000001	3
183.2605975000001	4
183.6263760000001	5
183.9921545000001	6
184.35793300000012	7
184.72371150000012	1
185.09373100000013	2
185.47375050000014	3
185.84377000000015	4
186.19378950000015	5
186.56380900000016	6
186.93382850000017	7
187.303848	1
188.053848	2
188.783848	3
189.51813299999998	4
190.242418	1
190.98216799999997	2
191.67191799999995	3
192.44166799999994	4
193.18141799999992	1
193.91291699999994	2
194.64441599999995	3
195.35591499999995	4
196.10741399999998	1
196.85326099999997	2
197.579108	3
198.324955	4
199.050802	1
199.78074900000001	2
200.50069600000003	3
201.23064300000004	4
201.98059	1
202.34422650000002	2
202.70786300000003	3
203.07149950000004	4
203.43513600000006	5
203.79877250000007	6
204.16240900000008	7
204.5260455000001	1
204.89968200000013	2
205.27331850000013	3
205.63695500000014	4
206.00059150000016	5
206.36422800000017	6
206.72786450000018	7
207.0915010000002	1
207.4551375000002	2
207.8287740000002	3
208.19241050000022	4
208.55604700000023	5
208.91968350000025	6
209.28332000000026	7
209.64695650000002	1
210.4064295	2
211.1459235	3
211.8602085	4
212.59449349999997	1
213.43482849999995	2
214.30516349999996	3
215.17549849999997	4
215.95583349999998	1
216.7761685	2
217.61650350000002	3
218.45683850000003	4
219.30717350000003	1
220.27454950000003	2
221.21192550000006	3
222.17930150000007	4
223.13667750000008	1
224.09470250000007	2
225.04272750000007	3
226.01075250000008	4
226.92877750000008	1
227.9123835000001	2
228.8647635000001	3
229.8022635000001	4
230.74976350000009	1
231.70424250000008	2
232.6687215000001	3
233.61320050000006	4
234.56767950000005	1
235.53215850000007	2
236.47663750000004	3
237.43111650000003	4
238.37559550000003	1
239.34007450000001	2
240.2945535	3
241.2490325	4
242.22263850000002	1
243.1740445	2
244.1154505	3
245.0668565	4
246.02826249999998	1
246.99191849999997	2
247.94557449999996	3
248.88923049999997	4
249.84288649999996	1
250.79654249999996	2
251.76019849999994	3
252.71385449999994	4
253.66751049999993	1
254.62491549999993	2
255.57232049999993	3
256.5297254999999	4
257.4871304999999	1
258.4392864999999	2
259.4014424999999	3
260.3535984999999	4
261.28575449999994	1
262.2603884999999	2
263.2150224999999	3
264.1696564999999	4
265.1242904999999	1
266.0789244999999	2
267.0435584999999	3
267.9881924999999	4
268.9328264999999	1
269.89121149999994	2
270.84959649999996	3
271.7979815	4
272.7563665	1
273.7347515	2
274.67313650000006	3
275.61771450000003	4
276.5522925	1
277.5300345	2
278.4877765	3
279.426193	4
280.378573	1
281.336315	2
282.314057	3
283.251557	4
284.189057	1
285.152439	2
286.11582100000004	3
287.0692030000001	4
288.0325850000001	1
288.98871600000007	2
289.93484700000005	3
290.880978	4
291.827109	1
292.78824000000003	2
293.74937100000005	3
294.7105020000001	4
295.6716330000001	1
296.6245150000001	2
297.5773970000001	3
298.53027900000006	4
299.47316100000006	1
300.43054300000006	2
301.38792500000005	3
302.34530700000005	4
303.31268900000003	1
304.25790900000004	2
305.20312900000005	3
306.14834900000005	4
307.10356900000005	1
308.06854000000004	2
309.03351100000003	3
309.96848200000005	4
310.92345300000005	1
311.8799920000001	2
312.8165310000001	3
313.7830700000001	4
314.73960900000014	1
315.65854700000017	2
316.64748500000013	3
317.58642300000014	4
318.5453610000001	1
319.5063000000001	2
320.4672390000001	3
321.4181780000001	4
322.3791170000001	1
323.33405600000015	2
324.28899500000017	3
325.2439340000002	4
326.1888730000002	1
327.1399970000002	2
328.1011210000002	3
329.0422450000002	4
330.0033690000002	1
330.95859900000016	2
331.91382900000013	3
332.8690590000001	4
333.83428900000007	1
334.77951900000005	2
335.734749	3
336.679979	4
337.635209	1
338.584439	2
339.54366899999997	3
340.49289899999997	4
341.44212899999997	1
342.19684499999994	2
342.9515609999999	3
343.6962769999999	4
344.4168024999999	1
345.1569274999999	2
345.89705249999986	3
346.62717749999985	4
347.35730249999983	1
348.0874274999998	2
348.8175524999998	3
349.5376774999998	4
350.2678024999998	1
351.01792749999976	2
351.74805249999974	3
352.47817749999973	4
353.2083024999999	1
353.57594949999987	2
353.94359649999984	3
354.3112434999998	4
354.6688904999998	5
355.0265374999998	6
355.39418449999977	7
355.76183149999974	1
356.1294784999997	2
356.5071254999997	3
356.88477249999966	4
357.24241949999964	5
357.6000664999996	6
357.9577134999996	7
358.3453604999996	1
358.71300749999955	2
359.0806544999995	3
359.4483014999995	4
359.8059484999995	5
360.18359549999946	6
360.54124249999944	7
360.90888949999993	1
361.63616249999995	2
362.3634355	3
363.0907085	4
363.81798150000003	1
364.56550450000003	2
365.31302750000003	3
366.04055050000005	4
366.78807350000005	1
367.5298455	2
368.2616175	3
368.9933895	4
369.71516149999997	1
370.4499345	2
371.1747075	3
371.90948050000003	4
372.65425350000004	1
373.3885265	2
374.0962005	3
374.8138745	4
375.54993499999995	1
375.9203054999999	2
376.3006759999999	3
376.6710464999999	4
377.04141699999985	5
377.41178749999983	6
377.7721579999998	7
378.1325284999998	1
378.5073274999998	2
378.8821264999998	3
379.2469254999998	4
379.6017244999998	5
379.9665234999998	6
380.3313224999998	7
380.68612149999984	1
381.05092049999985	2
381.42571949999984	3
381.79051849999985	4
382.14531749999986	5
382.51011649999987	6
382.8649154999999	7
383.2297145	1
383.9793125	2
384.7089105	3
385.4385085	4