0.01	1
0.821226	2
1.632452	3
2.443678	1
3.254904	2
4.05613	3
4.867355999999999	1
5.698586999999999	2
6.489818	3
7.291049	1
8.08128	2
8.861511	3
9.641742	1
10.437972	2
11.244202	3
12.030432	1
12.789663	2
13.588894	3
14.388125	1
15.219355	2
16.000585	3
16.801815	1
17.554046	2
18.356277	3
19.148508	1
19.966739	2
20.77497	3
21.563200999999996	1
22.346431999999997	2
23.149662999999993	3
23.952894	1
24.747374999999998	2
25.551855999999997	3
26.356336999999996	4
27.170818	1
27.969302000000003	2
28.727786000000002	3
29.50627	1
30.303753	2
31.111236	3
31.918719	1
32.720203	2
33.511686999999995	3
34.30317099999999	1
35.09465399999999	2
35.866136999999995	3
36.647619999999996	1
37.46210299999999	2
38.23658599999999	3
39.05106899999999	1
39.82955299999999	2
40.60803699999999	3
41.38652099999999	1
42.16700499999999	2
42.94748899999999	3
43.72797299999999	1
44.52445599999999	2
45.31093899999998	3
46.09742199999998	1
46.90290599999998	2
47.67838999999997	3
48.46387399999997	1
49.21335799999997	2
50.01284199999997	3
50.80232599999997	1
51.58980999999997	2
52.37729399999997	3
53.15477799999997	1
53.92026199999997	2
54.70574599999997	3
55.52122999999998	1
56.28971399999998	2
57.098197999999975	3
57.89668199999998	4
58.68516599999999	1
59.48264899999999	2
60.27013199999998	3
61.057614999999984	1
61.80709899999998	2
62.59658299999998	3
63.41606699999998	1
64.18954999999998	2
64.98303299999998	3
65.78651599999999	1
66.56299999999999	2
67.31948399999997	3
68.08596799999998	1
68.86745099999997	2
69.63893399999996	3
70.43041699999996	1
71.20890099999995	2
71.99738499999995	3
72.80586899999994	1
73.61135299999995	2
74.40683699999995	3
75.20232099999996	1
75.99380499999995	2
76.78528899999995	3
77.57677299999995	1
78.38225699999994	2
79.18774099999995	3
79.97322499999996	1
80.73970899999996	2
81.56619299999997	3
82.37267699999997	1
83.14516099999997	2
83.92764499999998	3
84.70012899999999	1
85.41661299999998	2
86.25309699999998	3
87.02958100000002	1
87.81256800000001	2
88.60555500000001	3
89.40854200000001	4
90.20152900000002	1
90.97151500000002	2
91.72150100000003	3
92.51148700000003	1
93.29447400000002	2
94.08746100000002	3
94.88044800000002	1
95.64343400000001	2
96.44642	3
97.229406	1
97.996392	2
98.77337800000001	3
99.54036400000001	1
100.34835100000002	2
101.12633800000002	3
101.92432500000002	1
102.71031200000003	2
103.49629900000004	3
104.30228600000005	1
105.07327300000004	2
105.87426000000005	3
106.66524700000005	1
107.42723400000004	2
108.19922100000004	3
108.97120800000003	1
109.80619500000005	2
110.62118200000005	3
111.42616900000004	1
112.19315500000005	2
112.96014100000005	3
113.72712700000005	1
114.54411400000006	2
115.35110100000007	3
116.14808800000006	1
116.94307400000007	2
117.71806000000007	3
118.51304600000007	1
119.31103300000007	2
120.09902000000007	3
120.87700700000008	1
121.61299400000007	2
122.36898100000008	3
123.12496800000008	1
123.95495400000009	2
124.76494000000008	3
125.55492600000007	1
126.31191300000006	2
127.08890000000007	3
127.84588700000006	1
128.67387400000007	2
129.48186100000007	3
130.24984800000007	1
131.05583500000006	2
131.84182200000006	3
132.61780900000008	1
133.42979600000007	2
134.23178300000006	3
135.02377000000007	1
135.7767570000001	2
136.5397440000001	3
137.3027310000001	1
138.12271800000008	2
138.94270500000007	3
139.72269200000005	1
140.50767800000006	2
141.26266400000006	3
142.06765000000007	1
142.92163700000006	2
143.72562400000004	3
144.53961100000004	1
145.34959700000005	2
146.14958300000006	3
146.91956900000005	1
147.75955500000006	2
148.54954100000006	3
149.32952700000007	1
150.12451300000006	2
150.9394990000001	3
151.7544850000001	1
152.5934720000001	2
153.3824590000001	3
154.1914460000001	1
154.9714320000001	2
155.78141800000012	3
156.59140400000013	1
157.4093910000001	2
158.2273780000001	3
159.0653650000001	1
159.8823520000001	2
160.7093390000001	3
161.53632600000003	1
162.34631800000002	2
163.18631000000002	3
164.03630200000003	4
164.836294	1
165.65828600000003	2
166.46027800000005	3
167.27227000000005	1
168.06626200000005	2
168.87025400000005	3
169.68424600000003	1
170.46923800000005	2
171.28423000000004	3
172.06922200000005	1
172.85921400000004	2
173.64920600000005	3
174.49919800000004	1
175.32519000000002	2
176.12118200000003	3
176.927174	1
177.715166	2
178.55315800000002	3
179.38115000000002	1
180.18714100000003	2
181.00313200000005	3
181.80912300000006	1
182.61111500000007	2
183.42310700000007	3
184.22509900000009	1
185.0130910000001	2
185.8010830000001	3
186.5890750000001	1
187.39606700000007	2
188.20305900000008	3
188.99005100000005	1
189.79704300000006	2
190.59403500000005	3
191.38102700000002	1
192.15301900000003	2
192.94501100000002	3
193.73700300000007	1
194.52199800000005	2
195.31699300000005	3
196.12198800000007	4
196.91698300000007	1
197.69997900000007	2
198.48297500000007	3
199.26597100000006	1
200.06396800000007	2
200.87196500000007	3
201.66996200000008	1
202.44795900000008	2
203.23595600000007	3
204.01395300000007	1
204.78095000000008	2
205.5379470000001	3
206.3049440000001	1
207.1259400000001	2
207.8869360000001	3
208.66793200000012	1
209.46992900000012	2
210.26192600000013	3
211.05392300000014	1
211.84592000000015	2
212.63791700000016	3
213.42991400000014	1
214.18591100000012	2
214.9319080000001	3
215.66790500000013	1
216.49690200000015	2
217.30589900000015	3
218.10489600000014	1
218.86489200000014	2
219.61488800000012	3
220.3848840000001	1
221.1928810000001	2
221.9708780000001	3
222.7588750000001	1
223.5398720000001	2
224.31086900000008	3
225.08186600000008	1
225.85986300000008	2
226.63786000000007	3
227.41585700000007	1
228.16385400000007	2
228.92185100000006	3
229.68984800000004	1
230.48784500000002	2
231.26584200000002	3
232.063839	1
232.835835	2
233.607831	3
234.399827	1
235.21282399999998	2
236.015821	3
236.818818	1
237.610815	2
238.39281200000002	3
239.18480900000003	1
240.00980600000005	2
240.80480300000005	3
241.59980000000004	1
242.36979600000004	2
243.13979200000003	3
243.90978800000002	1
244.71178400000002	2
245.52378000000002	3
246.31577600000003	1
247.07777300000004	2
247.84977000000003	3
248.61176700000004	1
249.42576400000007	2
250.21976100000006	3
251.01375800000008	1
251.81075500000009	2
252.5877520000001	3
253.37474900000012	1
254.17774600000013	2
254.98074300000013	3
255.78374000000014	1
256.53873700000014	2
257.30373400000013	3
258.0687310000001	1
258.84972800000014	2
259.64072500000015	3
260.42172200000016	1
261.19671900000014	2
261.9817160000001	3
262.7367130000001	1
263.5597100000001	2
264.34270700000013	3
265.12570400000016	1
265.92870100000016	2
266.7116980000002	3
267.5046950000002	1
268.2886920000002	2
269.0926890000002	3
269.88668600000017	1
270.65368300000017	2
271.4206800000002	3
272.1676770000002	1
272.9776740000002	2
273.7776710000002	3
274.57766800000024	1
275.3456650000002	2
276.1136620000002	3
276.8816590000002	1
277.7116560000002	2
278.5116530000002	3
279.3016500000002	1
280.1076460000002	2
280.9036420000002	3
281.67963800000024	1
282.49463500000024	2
283.29963200000026	3
284.1046290000003	1
284.8736250000003	2
285.6426210000003	3
286.4116170000003	1
287.22161300000033	2
288.03160900000034	3
288.84160500000036	1
289.6126010000004	2
290.4035970000004	3
291.16459300000037	1
292.00659000000036	2
292.79858700000034	3
293.5905840000003	1
294.3895800000003	2
295.1885760000003	3
295.9775720000003	1
296.8045690000003	2
297.6115660000003	3
298.4085630000003	1
299.1835600000003	2
299.9485570000003	3
300.73355400000025	1
301.5555500000002	2
302.3575460000002	3
303.1295420000002	1
303.8995380000002	2
304.67953400000016	3
305.46953000000013	1
306.3115270000001	2
307.13352400000014	3
307.93552100000016	1
308.74151700000016	2
309.52751300000017	3
310.3235090000002	1
311.1285060000002	2
311.9235030000002	3
312.71850000000023	1
313.53349700000024	2
314.3084940000003	3
315.1034910000003	1
315.8994870000003	2
316.6954830000003	3
317.4814790000003	1
318.2874750000003	2
319.0834710000003	3
319.8694670000003	1