0.01	1
0.8109179999999999	2
1.6118359999999998	3
2.4127539999999996	4
3.2136719999999994	1
4.014589999999999	2
4.805508	3
5.606426	4
6.387344000000001	1
7.158262000000001	2
8.00918	3
8.800098	4
9.601016	1
10.418933999999998	2
11.176851999999998	3
11.964769999999998	4
12.792687999999997	1
13.609355999999996	2
14.406023999999997	3
15.232691999999997	4
16.059359999999995	1
16.883276999999996	2
17.66719399999999	3
18.47111099999999	4
19.26502799999999	1
20.09269599999999	2
20.91036399999999	3
21.70803199999999	4
22.51569999999999	1
23.315867999999988	2
24.116035999999987	3
24.916203999999986	4
25.716371999999986	1
26.518039999999985	2
27.339707999999984	3
28.131375999999985	4
28.933043999999985	1
29.741461999999984	2
30.549879999999984	3
31.348297999999982	4
32.15671599999998	1
32.969633999999985	2
33.78255199999999	3
34.59546999999999	4
35.408387999999995	1
36.219806	2
37.031224	3
37.842642000000005	4
38.65406000000001	1
39.45497800000001	2
40.255896000000014	3
41.04681400000002	4
41.84773200000002	1
42.65490000000002	2
43.45206800000002	3
44.259236000000016	4
45.03640400000002	1
45.82582200000002	2
46.62524000000002	3
47.43465800000003	4
48.254076000000026	1
49.050493000000024	2
49.836910000000024	3
50.64332700000002	4
51.42974400000002	1
52.235162000000024	2
53.03058000000003	3
53.83599800000003	4
54.64141600000003	1
55.47333400000003	2
56.24525200000003	3
57.027170000000034	4
57.80908800000004	1
58.61325500000004	2
59.387422000000036	3
60.18158900000004	4
60.96575600000004	1
61.75692300000004	2
62.548090000000045	3
63.36925700000005	4
64.16042400000005	1
64.96009200000006	2
65.74976000000007	3
66.51942800000006	4
67.30909600000007	1
68.09276300000006	2
68.87643000000006	3
69.66009700000005	4
70.45376400000005	1
71.25718200000006	2
72.03060000000005	3
72.83401800000006	4
73.62743600000006	1
74.42385300000007	2
75.21027000000007	3
75.99668700000008	4
76.81310400000008	1
77.60677100000008	2
78.39043800000007	3
79.16410500000006	4
79.93777200000005	1
80.73444000000006	2
81.51110800000006	3
82.29777600000007	4
83.09444400000008	1
83.88361100000009	2
84.66277800000009	3
85.43194500000008	4
86.21111200000009	1
87.01552900000009	2
87.7899460000001	3
88.5643630000001	4
89.3487800000001	1
90.13044800000011	2
90.90211600000012	3
91.67378400000013	4
92.43545200000013	1
93.23012000000013	2
94.00478800000013	3
94.77945600000014	4
95.54412400000015	1
96.31554100000015	2
97.08695800000015	3
97.86837500000016	4
98.64979200000015	1
99.42646000000016	2
100.16312800000016	3
100.91979600000016	4
101.67646400000017	1
102.46188200000017	2
103.23730000000018	3
104.01271800000018	4
104.78813600000018	1
105.55255400000019	2
106.28697200000018	3
107.05139000000018	4
107.78580800000019	1
108.5942250000002	2
109.3726420000002	3
110.1410590000002	4
110.9194760000002	1
111.6968940000002	2
112.4843120000002	3
113.28173000000021	4
114.06914800000021	1
114.87031500000022	2
115.66148200000022	3
116.45264900000022	4
117.24381600000024	1
118.06623400000024	2
118.89865200000024	3
119.73107000000024	4
120.56348800000023	1
121.35640600000023	2
122.16932400000023	3
123.00224200000022	4
123.80516000000021	1
124.63007700000021	2
125.45499400000021	3
126.28991100000022	4
127.11482800000022	1
127.90649600000022	2
128.69816400000022	3
129.49983200000023	4
130.32150000000024	1
131.11241800000025	2
131.90333600000022	3
132.72425400000023	4
133.51517200000023	1
134.29433900000024	2
135.07350600000024	3
135.85267300000024	4
136.63184000000024	1
137.39625700000022	2
138.1906740000002	3
138.9750910000002	4
139.7695080000002	1
140.5346760000002	2
141.2798440000002	3
142.0350120000002	4
142.8201800000002	1
143.60209800000018	2
144.3640160000002	3
145.1159340000002	4
145.84785200000022	1
146.62802000000022	2
147.38818800000024	3
148.16835600000024	4
148.93852400000023	1
149.69894200000022	2
150.43936000000022	3
151.1997780000002	4
151.95019600000018	1
152.73061400000017	2
153.49103200000016	3
154.24145000000016	4
155.01186800000016	1
155.77278600000017	2
156.56370400000014	3
157.33462200000014	4
158.08554000000015	1
158.87695700000015	2
159.65837400000015	3
160.43979100000016	4
161.21120800000017	1
161.96412600000016	2
162.72704400000015	3
163.48996200000013	4
164.23288000000014	1
165.01604800000013	2
165.78921600000012	3
166.56238400000012	4
167.32555200000013	1
168.09022000000013	2
168.8548880000001	3
169.5795560000001	4
170.31422400000008	1
171.07764200000008	2
171.8310600000001	3
172.5944780000001	4
173.3578960000001	1
174.1298140000001	2
174.8917320000001	3
175.6836500000001	4
176.40556800000013	1
177.17523600000013	2
177.93490400000013	3
178.69457200000014	4
179.44424000000015	1
180.19115800000014	2
180.93807600000014	3
181.69499400000012	4
182.42191200000013	1
183.2128300000001	2
183.9837480000001	3
184.7546660000001	4
185.5055840000001	1
186.3065020000001	2
187.06742000000008	3
187.8283380000001	4
188.59925600000008	1
189.35967400000007	2
190.12009200000006	3
190.88051000000004	4
191.65092800000002	1
192.39809600000004	2
193.13526400000003	3
193.88243200000002	4
194.60960000000003	1
195.36251800000002	2
196.11543600000002	3
196.878354	4
197.641272	1
198.38744	2
199.12360800000002	3
199.85977600000004	4
200.58594400000004	1
201.36311200000003	2
202.13028000000003	3
202.89744800000003	4
203.66461600000002	1
204.40778400000002	2
205.17095200000003	3
205.91412000000003	4
206.637288	1
207.408206	2
208.179124	3
208.950042	4
209.72096	1
210.500628	2
211.28029600000002	3
212.06996400000003	4
212.85963200000003	1
213.66354900000005	2
214.45746600000004	3
215.26138300000005	4
216.06530000000006	1
216.95471800000007	2
217.84413600000008	3
218.6835540000001	4
219.5229720000001	1
220.3481400000001	2
221.1933080000001	3
222.0284760000001	4
222.91364399999998	1
224.276606	2
225.82310700000002	3