0.01	1
0.76	2
1.5	3
2.25	4
3.0	1
3.75	2
4.5	3
5.25	4
6.0	1
6.75	2
7.5	3
8.27923	4
9.03846	1
9.807690000000001	2
10.576920000000001	3
11.346150000000002	4
12.125380000000002	1
12.894610000000002	2
13.653840000000002	3
14.423070000000003	4
15.192300000000003	1
15.961530000000003	2
16.730760000000004	3
17.495109420833337	4
18.26943842083334	1
19.03376742083334	2
19.79809642083334	3
20.56242542083334	4
21.32675442083334	1
22.09108342083334	2
22.865473683333338	3
23.654703683333338	4
24.42393368333334	1
25.15826268333334	2
25.93259168333334	3
26.68692068333334	4
27.46124968333334	1
28.229368683333337	2
28.997487683333336	3
29.765606683333335	4
30.533725683333333	1
31.310502120833334	2
32.06973212083333	3
32.83896212083333	4
33.60819212083333	1
34.37640012083333	2
35.14460812083333	3
35.912816120833334	4
36.711024120833336	1
37.44535312083334	2
38.20968212083334	3
38.96401112083335	4
39.748340120833355	1
40.50266912083335	2
41.25699812083336	3
42.03622812083336	4
42.81545812083336	1
43.58468812083336	2
44.35391812083336	3
45.12314812083336	4
45.892378120833364	1
46.658177120833365	2
47.423976120833366	3
48.18977512083337	4
48.94557412083336	1
49.711373120833365	2
50.4773119229167	3
51.2565319229167	4
52.04575192291671	1
52.815162922916706	2
53.584573922916704	3
54.3439849229167	4
55.113395922916695	1
55.880658922916695	2
56.647921922916694	3
57.415184922916694	4
58.182447922916694	1
58.918246922916694	2
59.6940459229167	3
60.4798449229167	4
61.2456439229167	1
62.005137922916695	2
62.774631922916704	3
63.53414606875004	4
64.31847506875005	1
65.05288575208338	2
65.84211575208337	3
66.59134575208337	4
67.37057575208333	1
69.67826575208332	2
71.97614354166666	1
72.74047254166666	2
73.49480154166667	3
74.25913054166668	4
75.04346975208334	1
75.81269975208333	2
76.58192975208333	3
77.34115975208331	4
78.11038975208331	1
78.8796197520833	2
79.6488497520833	3
80.41807975208329	4
81.18729639791663	1
81.95011639791663	2
82.71293639791664	3
83.47575639791664	4
84.25859577291665	1
85.03071577291665	2
85.80283577291665	3
86.57495577291665	4
87.33707577291665	1
88.09919577291664	2
88.88131577291665	3
89.65343577291665	4
90.42553954166665	1
91.18986854166666	2
91.95419754166666	3
92.71852654166666	4
93.472937225	1
94.23228093750001	2
95.0064729375	3
95.782644875	4
96.53968489791666	1
97.33968489791665	2
98.11926823124999	3
98.86926823124999	4
99.60265537083333	1
100.37684737083333	2
101.14103937083333	3
101.91523137083333	4
102.67942337083332	1
103.46359672083332	2
104.23480472083332	3
105.00601272083333	4
105.75639536249999	1
106.53403137916666	2
107.29523937916666	3
108.07644737916667	4
108.83764037083333	1
109.61522947083333	2
110.35472347083332	3
111.14448115416666	4
111.90371115416666	1
112.67294115416665	2
113.43217115416664	3
114.21140115416664	4
114.96063115416662	1
115.73986115416662	2
116.50909115416661	3
117.28832115416661	4
118.0575511541666	1
118.8267811541666	2
119.57601115416658	3
120.36524115416658	4
121.09958283124992	1
121.88282633124992	2
122.63205633124991	3
123.43128633124991	4
124.16328929374991	1
124.9525092937499	2
125.71176010624991	3
126.4809901062499	4
127.2302099562499	1
128.00781595624989	2
128.75542195624988	3
129.5430279562499	4
130.3006621687499	1
131.0927821687499	2
131.8549021687499	3
132.6270221687499	4
133.3891421687499	1
134.1711485499999	2
134.9154775499999	3
135.69980654999992	4
136.46415603124993	1
137.24172789583326	2
137.9860568958333	3
138.77002767083326	4
139.52030310208326	1
140.32385462291663	2
141.0730846229166	3
141.85221320624993	4
142.60172968124994	1
143.36481968124994	2
144.12790968124995	3
144.91099968124996	4
145.67414611874997	1
146.44626611874997	2
147.19838611874997	3
147.98050611874996	4
148.75259790624995	1
149.52020390624995	2
150.27780990624996	3
151.04541590624996	4
151.81303205624997	1
152.6021701625	2
153.3364991625	3
154.12082816249998	4
154.8751571625	1
155.64949637291664	2
156.40872637291665	3
157.18795637291663	4
157.92717960624995	1
158.72478560624995	2
159.48239160624996	3
160.25999760624995	4
160.99762241458328	1
161.7996371979166	2
162.5291311979166	3
163.3186251979166	4
164.07820138958326	1
164.85742138958327	2
165.60742138958327	3
166.39654254999994	4
167.14608915833327	1
167.91820915833327	2
168.69032915833327	3
169.48244915833328	4
170.24451272083326	1
171.00333189791658	2
171.74256189791657	3
172.53179189791658	4
173.3010151312499	1
174.0786211312499	2
174.8162271312499	3
175.6238331312499	4
176.36145793958323	1
177.14339939583323	2
177.88772839583322	3
178.67205739583324	4
179.4264000499999	1
180.21400604999988	2
180.9616120499999	3
181.7392180499999	4
182.48682404999988	1
183.2744300499999	2
184.0320360499999	3
184.81962826874988	4
185.55591126874987	1
186.34219426874986	2
187.09847726874986	3
187.87476026874984	4
188.63104326875006	1
190.94989226875003	2
193.23482512708338	1
194.00915412708338	2
194.7534831270834	3
195.53781212708338	4
196.30224589375004	1
197.1016366583334	2
197.8320372833334	3
198.61126728333338	4
199.37049728333338	1
200.14972728333336	2
200.89895728333337	3
201.67818728333336	4
202.43745890833335	1
203.23667890833335	2
203.99100790833336	3
204.75536753958335	4
205.52459753958334	1
206.30382753958332	2
207.07305753958332	3
207.83228753958332	4
208.59151753958332	1
209.38064543541662	2
210.12497443541665	3
210.89930343541664	4
211.6736325645833	1
212.4380235645833	2
213.1824145645833	3
213.95680556458328	4
214.72121266666662	1
215.50325375416662	2
216.2630009166666	3
217.06250709166662	4
217.80334961666662	1
218.5928226166666	2
219.34213696249995	3
220.11122497916662	4
220.88072905208327	1
221.64505805208327	2
222.40938705208328	3
223.18371605208327	4
223.93294605208328	1
224.72205435208326	2
225.47154835208326	3
226.24104235208324	4
226.99057206249992	1
227.7772070624999	2
228.54384206249992	3
229.33045670416658	4
230.09463498333326	1
230.87224098333326	2
231.61984698333328	3
232.38745298333328	4
233.13505898333327	1
233.92266498333328	2
234.69027098333328	3
235.46787698333327	4
236.22549238749994	1
237.00761238749993	2
237.7668544291666	3
238.5460844291666	4
239.29530163749993	1
240.08839163749994	2
240.83148163749996	3
241.61435347083327	4
242.35437324999995	1
243.13386724999995	2
243.89336124999994	3
244.6428552499999	4
245.41245615833324	1
246.21273214583323	2
246.96692414583325	3
247.75087117916658	4
248.50036517916658	1
249.27994983541657	2
250.0342788354166	3
250.7986078354166	4
251.5529530666666	1
252.33501285833324	2
253.10424285833324	3
253.88366017083322	4
254.6527941499999	1
255.4215467333332	2
256.18077673333323	3
256.9600067333332	4
257.6895007333332	1
258.47899473333325	2
259.22855118958324	3
260.01802418958323	4
260.77741284374986	1
261.5765211437499	2
262.3260151437499	3
263.09511845624996	4
263.8359988354166	1
264.6201908354166	2
265.39438283541665	3
266.1585748354167	4
266.94283050625	1
267.73186904375	2
268.45658504374995	3
269.24130104374996	4
269.9960707520833	1
270.7736767520833	2
271.5212827520833	3
272.29899851874995	4
273.06319051875	1
273.83738251875	2
274.59157451875	3
275.38542968958336	4
276.1349461645833	1
276.90807453958337	2
277.6673045395833	3
278.44653453958335	4
279.2056979458333	1
279.98427294583337	2
280.72284794583334	3
281.4905308458334	4
282.20368083333335	1
282.9680098333333	2
283.74233883333335	3
284.55644325	4
285.45879525000004	1