0.01	1
0.545454	2
1.090908	3
1.636362	4
2.181816	1
2.72727	2
3.2727239999999997	3
3.808178	4
4.353632	1
4.924173	2
5.444714	3
5.965255000000001	4
6.525796000000001	1
7.0762540000000005	2
7.626712	3
8.12717	4
8.707628000000001	1
9.258169	2
9.79871	3
10.329251	4
10.869791999999999	1
11.396106999999999	2
11.942421999999999	3
12.473168999999999	4
13.024907999999998	1
13.616336999999998	2
14.167765999999999	3
14.685934	4
15.244102	1
15.79227	2
16.330438	3
16.838606	4
17.376773999999997	1
17.990774	2
18.524773999999997	3
19.088773999999997	4
19.610512999999997	1
20.151054	2
20.701595	3
21.232136	4
21.762677	1
22.328233	2
22.893789	3
23.449345	4
24.004901	1
24.555359	2
25.105817	3
25.666274999999995	4
26.196732999999995	1
26.762288999999996	2
27.307844999999993	3
27.873400999999994	4
28.418956999999992	1
28.959497999999993	2
29.500038999999994	3
30.040579999999995	4
30.581120999999996	1
31.129065999999995	2
31.677010999999993	3
32.244955999999995	4
32.77290099999999	1
33.32335899999999	2
33.87381699999999	3
34.42427499999999	4
34.974732999999986	1
35.51771799999999	2
36.06070299999999	3
36.61368799999999	4
37.14667299999999	1
37.69916699999999	2
38.241660999999986	3
38.784154999999984	4
39.306648999999986	1
39.870153999999985	2
40.433658999999984	3
40.987163999999986	4
41.53066899999999	1
42.07861399999999	2
42.61655899999999	3
43.174503999999985	4
43.72244899999998	1
44.292906999999985	2
44.843364999999984	3
45.39382299999998	4
45.92428099999998	1
46.46999399999998	2
47.00570699999998	3
47.54141999999998	4
48.067132999999984	1
48.64268899999998	2
49.18824499999998	3
49.73369899999998	4
50.27915299999998	1
50.82809899999998	2
51.36704499999998	3
51.915990999999984	4
52.464936999999985	1
53.00694199999999	2
53.54894699999999	3
54.110952	4
54.632957	1
55.17867	2
55.714383	3
56.230096	4
56.765809000000004	1
57.307324	2
57.858838999999996	3
58.38035399999999	4
58.94186899999999	1
59.47284099999999	2
60.00381299999999	3
60.534784999999985	4
61.065756999999984	1
61.57672899999998	2
62.147700999999984	3
62.67867299999998	4
63.199644999999975	1
63.76440299999997	2
64.26916099999998	3
64.79391899999997	4
65.32867699999997	1
65.87913499999998	2
66.43959299999999	3
66.990051	4
67.530509	1
68.075963	2
68.62141700000001	3
69.16687100000001	4
69.72232500000003	1
70.28278300000002	2
70.83324100000003	3
71.38369900000004	4
71.92415700000004	1
72.45987000000004	2
72.99558300000004	3
73.53129600000004	4
74.04700900000003	1
74.60999400000004	2
75.15297900000004	3
75.70596400000004	4
76.22894900000004	1
76.78193400000005	2
77.32491900000005	3
77.86305900000004	4
78.42119900000003	1
78.97174000000004	2
79.51228100000004	3
80.06282200000005	4
80.60336300000006	1
81.14390400000006	2
81.68444500000007	3
82.21015800000006	4
82.72587100000007	1
83.29132500000007	2
83.83677900000008	3
84.40223300000008	4
84.92768700000009	1
85.4731410000001	2
86.0185950000001	3
86.57404900000012	4
87.11950300000012	1
87.66595000000012	2
88.21239700000012	3
88.75884400000012	4
89.29529100000012	1
89.84485800000013	2
90.37442500000013	3
90.91399200000014	4
91.45355900000014	1
92.00901300000015	2
92.55446700000016	3
93.09992100000017	4
93.64537500000017	1
94.19082900000018	2
94.72628300000018	3
95.28173700000019	4
95.8171910000002	1
96.3827470000002	2
96.92830300000018	3
97.4887610000002	4
98.02921900000018	1
98.56019100000019	2
99.10116300000018	3
99.61398200000019	4
100.14444000000017	1
100.68015300000017	2
101.22586600000018	3
101.76157900000018	4
102.28729200000018	1
102.81592500000018	2
103.34455800000018	3
103.87319100000018	4
104.41182400000018	1
104.94045700000018	2
105.46909000000018	3
105.97772300000018	4
106.50635600000018	1
107.07498900000017	2
107.57362200000017	3
108.12225500000018	4
108.63088800000018	1
109.19644400000018	2
109.75200000000018	3
110.29745400000019	4
110.8429080000002	1
111.3983620000002	2
111.9338160000002	3
112.47927000000021	4
113.02472400000022	1
113.57017800000023	2
114.11563200000022	3
114.64991500000022	4
115.18419800000022	1
115.73051300000022	2
116.23682800000023	3
116.78736900000024	4
117.31791000000024	1
117.87836800000025	2
118.41882600000025	3
118.96928400000026	4
119.50974200000024	1
120.05028300000025	2
120.59082400000025	3
121.16128200000027	4
121.69174000000025	1
122.23271200000026	2
122.76368400000027	3
123.29939700000027	4
123.83511000000027	1
124.36608200000028	2
124.89705400000027	3
125.41879300000026	4
125.94053200000027	1
126.49107300000028	2
127.02161400000028	3
127.56215500000029	4
128.10269600000026	1
128.58269600000028	2
129.10443500000028	3
129.6161740000003	4
130.1716280000003	1
130.7270820000003	2
131.25253600000033	3
131.79307700000032	4
132.3236180000003	1
132.8545900000003	2
133.3955620000003	3
133.93653400000028	4
134.46750600000027	1
135.02321900000027	2
135.52893200000025	3
136.08464500000022	4
136.61035800000022	1
137.1460710000002	2
137.6817840000002	3
138.21275600000018	4
138.73372800000018	1
139.27944100000016	2
139.81515400000015	3
140.37086700000015	4
140.87658000000013	1
141.40755200000012	2
141.92929100000012	3
142.42929100000012	4
142.9392910000001	1
143.49740800000012	2
144.0255250000001	3
144.5536420000001	4
145.0917590000001	1
145.60807400000013	2
146.13438900000014	3
146.67070400000014	4
147.20641700000013	1
147.73738900000012	2
148.2783610000001	3
148.8093330000001	4
149.3303050000001	1
149.8612770000001	2
150.39224900000008	3
150.90322100000006	4
151.42322100000007	1
151.97867500000007	2
152.51412900000008	3
153.0213700000001	4
153.5286110000001	1
154.0458520000001	2
154.58309300000013	3
155.09033400000015	4
155.60757500000017	1
156.16056000000015	2
156.69354500000014	3
157.21528400000014	4
157.73702300000014	1
158.27514000000014	2
158.82325700000013	3
159.33607600000013	4
159.83889500000015	1
160.35171400000016	2
160.88988200000014	3
161.39575000000013	4
161.89161800000014	1
162.41793300000015	2
162.94424800000016	3
163.47056300000017	4
163.99687800000018	1
164.56291600000017	2
165.12895400000016	3
165.68941200000015	4
166.21987000000016	1
166.76285500000014	2
167.30584000000013	3
167.85129400000014	4
168.39674800000014	1
168.95220200000014	2
169.49765600000015	3
170.05311000000015	4
170.58856400000016	1
171.12487900000016	2
171.65119400000017	3
172.1866480000002	4
172.7321020000002	1
173.2875560000002	2
173.8230100000002	3
174.3735510000002	4
174.91409200000018	1
175.4646330000002	2
175.98517400000017	3
176.52088700000016	4
177.05660000000017	1
177.6220540000002	2
178.1475080000002	3
178.6929620000002	4
179.2384160000002	1
179.7693880000002	2
180.30036000000018	3
180.8076010000002	4
181.3448420000002	1
181.8853000000002	2
182.4357580000002	3
182.9917080000002	4
183.5176580000002	1
184.06863000000018	2
184.59960200000017	3
185.14014300000017	4
185.67068400000016	1
186.20401700000016	2
186.73735000000016	3
187.29068300000017	4
187.80401600000016	1
188.31803300000016	2
188.85205000000013	3
189.36606700000013	4
189.90008400000013	1
190.43105600000013	2
190.96202800000012	3
191.5040330000001	4
192.0360380000001	1
192.58005500000007	2
193.09407200000007	3
193.62270500000008	4
194.1513380000001	1
194.7017960000001	2
195.25225400000008	3
195.7785690000001	4
196.3048840000001	1
196.8358560000001	2
197.3568280000001	3
197.8696470000001	4
198.3824660000001	1
198.9181790000001	2
199.46389200000007	3
199.99020700000008	4
200.49652200000008	1
201.0228370000001	2
201.56915200000012	3
202.06546700000013	4
202.61178200000015	1
203.12275400000013	2
203.68372600000012	3
204.19220100000013	4
204.70067600000013	1
205.22915100000014	2
205.72762600000013	3
206.25859800000012	4
206.80405200000013	1
207.3397650000001	2
207.8654780000001	3
208.4211910000001	4
208.93690400000008	1
209.46787600000008	2
209.99884800000007	3
210.52982000000006	4
211.06079200000005	1
211.61176400000005	2
212.11273600000004	3
212.633708	4
213.18468000000001	1
213.71099500000003	2
214.23731000000004	3
214.76362500000005	4
215.27994000000007	1
215.82565300000005	2
216.35136600000004	3
216.88707900000003	4
217.432792	1
217.968505	2
218.50421799999998	3
219.03993099999997	4
219.56564399999996	1
220.10661599999995	2
220.64758799999993	3
221.17855999999992	4
221.69953199999992	1
222.2305039999999	2
222.7614759999999	3
223.2742949999999	4
223.78711399999992	1
224.32342899999992	2
224.84974399999993	3
225.39071599999994	4
225.92168799999993	1
226.45172099999994	2
226.97175399999992	3
227.49178699999993	4
228.02181999999993	1
228.55753299999992	2
229.0932459999999	3
229.6265789999999	4
230.14991199999992	1
230.67715299999992	2
231.20439399999992	3
231.72163499999994	4
232.22887599999996	1
232.76611699999995	2
233.29335799999996	3
233.83059899999998	4
234.34783999999996	1
234.87508099999997	2
235.40232199999997	3
235.92956299999997	4
236.436804	1
236.983119	2
237.499434	3
238.02574900000002	4
238.55206400000003	1
239.05386700000003	2
239.56846500000003	3
240.08306300000004	4
240.57766100000006	1
241.12397600000006	2
241.65029100000007	3
242.19574500000007	4
242.7311990000001	1
243.2675140000001	2
243.7838290000001	3
244.31014400000012	4
244.83645900000013	1
245.37217200000012	2
245.9178850000001	3
246.45359800000008	4
246.97931100000008	1
247.51105000000007	2
248.03278900000007	3
248.55452800000006	4
249.05626700000008	1