0.0	1
0.365	2
0.74	1
1.115	2
1.49	3
1.865	4
2.25	1
2.625	2
3.0	3
3.365	4
3.74	1
4.125	2
4.5	3
4.875	4
5.23	1
5.605	2
6.01	3
6.385	4
6.76	1
7.135	2
7.52	3
7.895	4
8.27	1
8.645	2
9.02	3
9.395	4
9.75	1
10.125	2
10.48	3
10.825	4
11.2	1
11.585	2
11.96	3
12.325	4
12.7	1
13.075	2
13.44	3
13.815	4
14.19	1
14.565	2
14.94	3
15.325	4
15.71	1
16.085376999999998	2
16.450753999999996	3
16.816130999999995	4
17.201507999999993	1
17.571630999999993	2
17.941753999999992	3
18.321876999999994	4
18.691999999999993	1
19.059009999999994	2
19.426019999999994	3
19.793029999999995	4
20.170039999999997	1
20.560891999999996	2
20.931744	3
21.312596	4
21.683448	1
22.065756	2
22.448064000000002	3
22.830372000000004	4
23.212680000000002	1
23.583466	2
23.944252000000002	3
24.315038000000005	4
24.695824000000005	1
25.073563000000007	2
25.451302000000005	3
25.819041000000002	4
26.19678	1
26.580811	2
26.954842000000003	3
27.338873000000003	4
27.702904000000004	1
28.074550000000002	2
28.446196	3
28.817842	4
29.189487999999997	1
29.570273999999998	2
29.95106	3
30.331846	4
30.702631999999998	1
31.070370999999998	2
31.438109999999995	3
31.815848999999993	4
32.19358799999999	1
32.56980399999999	2
32.94601999999999	3
33.32223599999999	4
33.69845199999999	1
34.06552699999999	2
34.44260199999999	3
34.81967699999999	4
35.18675199999999	1
35.57068799999999	2
35.95462399999999	3
36.32855999999999	4
36.70249599999999	1
37.07643199999999	2
37.45036799999999	3
37.82430399999999	4
38.19823999999999	1
38.57300999999999	2
38.94777999999999	3
39.322549999999985	4
39.69731999999998	1
40.07208999999998	2
40.43685999999998	3
40.82162999999998	4
41.18639999999998	1
41.562109999999976	2
41.937819999999974	3
42.32352999999997	4
42.68923999999997	1
43.06494999999997	2
43.440659999999966	3
43.816369999999964	4
44.19207999999996	1
44.56731999999996	2
44.94255999999996	3
45.317799999999956	4
45.693039999999954	1
46.06827999999995	2
46.44351999999995	3
46.828759999999946	4
47.193999999999946	1
47.568769999999944	2
47.95353999999994	3
48.31830999999994	4
48.69307999999994	1
49.067849999999936	2
49.442619999999934	3
49.81738999999993	4
50.19215999999993	1
50.56786999999993	2
50.953579999999924	3
51.32928999999992	4
51.69499999999992	1
52.07070999999992	2
52.44641999999992	3
52.822129999999916	4
53.187839999999916	1
53.57213999999991	2
53.94643999999991	3
54.32073999999991	4
54.68503999999991	1
55.069339999999904	2
55.4536399999999	3
55.8279399999999	4
56.2022399999999	1
56.577009999999895	2
56.95177999999989	3
57.31654999999989	4
57.69131999999989	1
58.06608999999989	2
58.44085999999989	3
58.815629999999885	4
59.19039999999988	1
59.564087999999884	2
59.937775999999886	3
60.31146399999989	4
60.68515199999989	1
61.069372999999885	2
61.443593999999884	3
61.807814999999884	4
62.19203599999988	1
62.567563999999884	2
62.943091999999886	3
63.30861999999989	4
63.69414799999989	1
64.0616359999999	2
64.4391239999999	3
64.81661199999989	4
65.19409999999989	1
65.5676689999999	2
65.9412379999999	3
66.3148069999999	4
66.6883759999999	1
67.06324999999991	2
67.43812399999992	3
67.79299799999993	4
68.18787199999993	1
68.56209299999993	2
68.93631399999994	3
69.31053499999994	4
69.68475599999995	1
70.06158999999995	2
70.43842399999996	3
70.81525799999996	4
71.19209199999996	1
71.56761999999996	2
71.94314799999997	3
72.31867599999997	4
72.69420399999997	1
73.06711799999997	2
73.45003199999996	3
73.83294599999995	4
74.18585999999995	1
74.57073399999996	2
74.93560799999996	3
75.32048199999997	4
75.68535599999997	1
76.06127599999996	2
76.43719599999996	3
76.82311599999996	4
77.18903599999994	1
77.57417099999995	2
77.93930599999995	3
78.32444099999995	4
78.68957599999995	1
79.06575799999995	2
79.44193999999995	3
79.81812199999995	4
80.19430399999995	1
80.56917799999995	2
80.94405199999996	3
81.31892599999996	4
81.69379999999997	1
82.06736899999997	2
82.44093799999997	3
82.81450699999998	4
83.18807599999998	1
83.57294999999999	2
83.93782399999999	3
84.332698	4
84.69757200000001	1
85.07310000000001	2
85.43862800000001	3
85.81415600000001	4
86.18968400000001	1
86.56521200000002	2
86.94074000000002	3
87.31626800000002	4
87.69179600000002	1
88.06667000000003	2
88.44154400000004	3
88.81641800000004	4
89.19129200000005	1
89.56551300000005	2
89.93973400000006	3
90.32395500000007	4
90.68817600000007	1
91.06305000000008	2
91.43792400000008	3
91.81279800000009	4
92.18767200000008	1
92.56601500000008	2
92.94435800000007	3
93.31270100000006	4
93.68104400000007	1
94.05506300000008	2
94.43908200000007	3
94.84310100000006	4
95.20712000000006	1
95.54526000000006	2
95.93340000000006	3
96.31154000000006	4
96.68968000000005	1
97.04358300000004	2
97.42748600000004	3
97.79288400000006	4
98.18828200000006	1
98.56315600000006	2
98.93803000000007	3
99.31290400000007	4
99.68777800000008	1
100.06461200000008	2
100.44144600000008	3
100.80828000000008	4
101.18511400000008	1
101.56802800000008	2
101.94094200000008	3
102.31385600000007	4
102.68677000000008	1
103.06360400000008	2
103.44043800000009	3
103.78727200000009	4
104.19410600000009	1
104.5676750000001	2
104.9412440000001	3
105.3148130000001	4
105.6883820000001	1
106.06325600000011	2
106.43813000000011	3
106.81300400000012	4
107.18787800000013	1
107.56406000000013	2
107.94024200000013	3
108.31642400000013	4
108.69260600000013	1
109.06682700000013	2
109.44104800000014	3
109.81526900000014	4
110.18949000000015	1
110.56436400000015	2
110.93923800000016	3
111.31411200000016	4
111.68898600000017	1
112.06386000000018	2
112.43873400000018	3
112.81360800000019	4
113.18848200000019	1
113.5640100000002	2
113.9395380000002	3
114.2950660000002	4
114.6905940000002	1
115.0661220000002	2
115.44165000000021	3
115.81717800000021	4
116.19270600000021	1
116.56692700000022	2
116.94114800000023	3
117.31536900000023	4
117.68959000000024	1
118.06446400000024	2
118.43933800000025	3
118.81421200000025	4
119.18908600000026	1
119.56396000000026	2
119.93883400000027	3
120.31370800000028	4
120.68858200000028	1
121.06280300000029	2
121.43702400000029	3
121.8112450000003	4
122.1854660000003	1
122.5616480000003	2
122.9378300000003	3
123.35401200000031	4
123.6901940000003	1
124.06506800000031	2
124.43994200000031	3
124.81481600000032	4
125.18969000000033	1
125.56521800000033	2
125.94074600000033	3
126.31627400000033	4
126.69180200000034	1
127.06667600000034	2
127.44155000000035	3
127.81642400000035	4
128.19129800000036	1
128.55682600000037	2
128.93235400000037	3
129.30788200000038	4
129.69341000000037	1
130.06763100000038	2
130.44185200000038	3
130.8160730000004	4
131.1902940000004	1
131.5658220000004	2
131.9413500000004	3
132.3168780000004	4
132.6924060000004	1
133.0685880000004	2
133.4447700000004	3
133.8209520000004	4
134.1871340000004	1
134.56004800000042	2
134.94296200000042	3
135.31587600000043	4
135.68879000000044	1
136.05301100000045	2
136.43723200000045	3
136.81145300000045	4
137.18567400000043	1
137.5617970000004	2
137.93792000000042	3
138.3140430000004	4
138.6801660000004	1
139.0550990000004	2
139.4400320000004	3
139.81496500000037	4
140.18989800000037	1
140.56608000000037	2
140.94226200000037	3
141.31844400000037	4
141.69462600000037	1
142.06950000000037	2
142.44437400000038	3
142.81924800000039	4
143.1941220000004	1
143.5683430000004	2
143.9425640000004	3
144.3167850000004	4
144.6910060000004	1
145.06914600000042	2
145.43728600000043	3
145.81542600000043	4
146.19356600000043	1
146.56517500000044	2
146.93678400000044	3
147.31839300000044	4
147.69000200000045	1
148.06553000000045	2
148.44105800000045	3
148.81658600000046	4
149.19211400000046	1
149.56568300000046	2
149.93925200000047	3
150.31282100000047	4
150.68639000000047	1
151.07035000000047	2
151.44431000000048	3
151.8182700000005	4
152.18223000000052	1
152.5986720000005	2
152.9451140000005	3
153.3115560000005	4
153.6879980000005	1
154.0648320000005	2
154.4416660000005	3
154.80850000000052	4
155.18533400000052	1
155.56629000000052	2
155.93724600000053	3
156.24820200000053	4
156.68915800000053	1
157.09664600000053	2
157.44413400000053	3
157.81162200000054	4
158.18911000000054	1
158.56398400000054	2
158.93885800000055	3
159.31373200000056	4
159.68860600000056	1
160.06217500000056	2
160.43574400000057	3
160.80931300000057	4
161.1828820000006	1
161.5675530000006	2
161.9422240000006	3
162.31689500000059	4
162.70156600000055	1
163.15578700000057	2
163.45000800000057	3
163.8942290000006	4
164.19845000000058	1
164.5826710000006	2
164.9568920000006	3
165.3511130000006	4
165.70533400000062	1
166.08955500000062	2
166.43377600000062	3
166.80799700000063	4
167.16221800000062	1
167.53643900000063	2
167.93066000000064	3
168.31488100000064	4
168.67910200000065	1
169.05332300000066	2
169.45754400000067	3
169.86176500000067	4
170.2259860000007	1
170.5702070000007	2
170.9144280000007	3
171.2886490000007	4
171.6628700000007	1
172.03709100000071	2
172.4313120000007	3
172.8055330000007	4
173.1497540000007	1
173.52397500000072	2
173.91819600000073	3
174.30241700000073	4
174.69663800000075	1
175.05085900000074	2
175.42508000000075	3
175.84930100000076	4
176.19352200000077	1
176.56774300000077	2
176.94196400000078	3
177.3161850000008	4
177.6904060000008	1
178.0646270000008	2
178.4388480000008	3
178.8230690000008	4
179.18729000000081	1
179.56347200000081	2
179.93965400000081	3
180.31583600000081	4
180.69201800000081	1
181.06623900000082	2
181.44046000000083	3
181.81468100000083	4
182.18890200000084	1
182.57443000000083	2
182.93995800000084	3
183.31548600000085	4
183.69101400000085	1
184.06327700000085	2
184.43554000000086	3
184.81780300000085	4
185.19006600000085	1
185.55690000000087	2
185.94373400000086	3
186.32056800000086	4
186.68740200000087	1
187.06358400000087	2
187.43976600000087	3
187.81594800000087	4
188.19213000000087	1
188.56635100000088	2
188.94057200000088	3
189.3147930000009	4
189.6890140000009	1
190.0638880000009	2
190.4387620000009	3
190.8136360000009	4
191.18851000000092	1
191.56403800000092	2
191.93956600000092	3
192.31509400000093	4
192.69062200000093	1
193.06549600000093	2
193.44037000000094	3
193.78524400000094	4
194.19011800000092	1
194.55454300000093	2
194.91896800000094	3
195.28339300000096	4
195.657818000001	1
196.061387000001	2
196.43495600000108	3
196.76673800000108	4
197.188520000001	1
197.561043000001	2
197.933566000001	3
198.306089000001	4
198.688612000001	1
199.063486000001	2
199.438360000001	3
199.81323400000102	4
200.18810800000102	1
200.56363600000103	2
200.93916400000103	3
201.31469200000103	4
201.69022000000103	1
202.06444100000104	2
202.43866200000105	3
202.81288300000105	4
203.18710400000106	1
203.56197800000106	2
203.93685200000107	3
204.32172600000106	4
204.68660000000108	1
205.06147400000108	2
205.4363480000011	3
205.8312220000011	4
206.1960960000011	1
206.5690100000011	2
206.9419240000011	3
207.29483800000114	4
207.68775200000113	1
208.06458600000113	2
208.44142000000113	3
208.81825400000113	4
209.18508800000114	1
209.56061600000115	2
209.93614400000115	3
210.33167200000116	4
210.68720000000116	1
211.06142100000116	2
211.43564200000117	3
211.80986300000117	4
212.18408400000118	1
212.56091800000118	2
212.93775200000118	3
213.32458600000118	4
213.6914200000012	1
214.07498900000118	2
214.4385580000012	3
214.8121270000012	4
215.1856960000012	1
215.5412240000012	2
215.9367520000012	3
216.3222800000012	4
216.6978080000012	1
217.0720290000012	2
217.43625000000122	3
217.83047100000124	4
218.17469200000124	1
218.55956600000124	2
218.94444000000124	3
219.31931400000124	4
219.69418800000125	1
220.06840900000125	2
220.44263000000126	3
220.81685100000126	4
221.19107200000127	1
221.56594600000128	2
221.94082000000128	3
222.3156940000013	4
222.6905680000013	1
223.0560960000013	2
223.4416240000013	3
223.8171520000013	4
224.1926800000013	1
224.55690100000132	2
224.93112200000132	3
225.30534300000133	4
225.68956400000133	1
226.06509200000133	2
226.44062000000133	3
226.81614800000133	4
227.19167600000134	1
227.56720400000134	2
227.94273200000134	3
228.31826000000135	4
228.69378800000132	1
229.06579000000133	2
229.43779200000134	3
229.80979400000135	4
230.18179600000136	1
230.56758600000137	2
230.94337600000136	3
231.30916600000134	4
231.68495600000136	1
232.06309600000137	2
232.44123600000137	3
232.81937600000137	4
233.18751600000135	1
233.56239000000136	2
233.93726400000136	3
234.31213800000137	4
234.68701200000137	1
235.06123300000138	2
235.43545400000139	3
235.8096750000014	4
236.1938960000014	1
236.5194240000014	2
236.9449520000014	3
237.3204800000014	4
237.68600800000138	1
238.06696400000138	2
238.43792000000138	3
238.8088760000014	4
239.18983200000142	1
239.5740530000014	2
239.93827400000143	3
240.31249500000143	4
240.68671600000147	1
241.06616200000147	2
241.43560800000145	3
241.81505400000145	4
242.19450000000143	1
242.56806900000143	2
242.94163800000143	3
243.36520700000145	4
243.68877600000144	1
244.06365000000145	2
244.43852400000145	3
244.80339800000147	4
245.17827200000147	1
245.57706600000148	2
245.93586000000147	3
246.31465400000147	4
246.69344800000144	1
247.06636200000145	2
247.43927600000146	3
247.81219000000146	4
248.18510400000147	1
248.55997800000148	2
248.9248520000015	3
249.3097260000015	4
249.6946000000015	1
250.0724800000015	2
250.4403600000015	3
250.8182400000015	4
251.1961200000015	1
251.5725620000015	2
251.9490040000015	3
252.3854460000015	4
252.69188800000148	1
253.0628440000015	2
253.4438000000015	3
253.8847560000015	4
254.18571200000153	1
254.56254600000153	2
254.93938000000153	3
255.31621400000154	4
255.70304800000153	1
256.05092800000153	2
256.43880800000153	3
256.87668800000154	4
257.20456800000153	1
257.57778100000155	2
257.9509940000016	3
258.3242070000016	4
258.6974200000016	1
259.06063300000164	2
259.43384600000167	3
259.8070590000017	4
260.1802720000017	1
260.55348500000173	2
260.93669800000174	3
261.30991100000176	4
261.6831240000018	1
262.0463370000018	2
262.4196302187519	3
262.84054421875186	4
263.2114582187519	1
263.56237221875193	2
263.93328621875196	3
264.35420021875194	4
264.695114218752	1
265.036028218752	2
265.426942218752	3
265.82785621875206	4
266.208770218752	1
266.587629218752	2
266.99648821875195	3
267.4053472187519	4
267.76420621875195	1
268.138159218752	2
268.50211221875173	3
268.8679322187517	4
269.2037522187519	1
269.5766662187519	2
269.93958021875187	3
270.31249421875185	4
270.6854082187519	1
271.06093621875186	2
271.43646421875184	3
271.8119922187518	4
272.1875202187518	1
272.56239421875176	2
272.93726821875174	3
273.3121422187517	4
273.6870162187517	1
274.06254421875167	2
274.43807221875164	3
274.8136002187516	4
275.1891282187516	1
275.5750482187516	2
275.9409682187516	3
276.3168882187516	4
276.6928082187516	1
277.0672902187516	2
277.4417722187516	3
277.80625421875163	4
278.1907362187516	1
278.5656102187516	2
278.9404842187516	3
279.30535821875156	4
279.69023221875153	1
280.0657602187515	2
280.4412882187515	3
280.81681621875146	4
281.19234421875143	1
281.5678722187514	2
281.9434002187514	3
282.31892821875135	4
282.6944562187513	1
283.0780252187513	2
283.4415942187513	3
283.81516321875125	4
284.1887322187513	1
284.57426021875125	2
284.93978821875123	3
285.3053162187512	4
285.6908442187512	1
286.07506521875115	2
286.4492862187511	3
286.8135072187511	4
287.1877282187511	1
287.56260221875107	2
287.93747621875104	3
288.312350218751	4
288.687224218751	1
289.062752218751	2
289.43828021875095	3
289.8138082187509	4
290.1893362187509	1
290.56486421875087	2
290.94039221875084	3
291.3159202187508	4
291.6914482187508	1
292.06697621875077	2
292.44250421875074	3
292.8180322187507	4
293.1935602187507	1
293.5687612187507	2
293.9439622187507	3
294.3991632187507	4
294.6843642187507	1
295.0595652187507	2
295.4547662187507	3
295.8899672187507	4
296.18516821875073	1
296.55971721875073	2
296.9442662187507	3
297.3988152187507	4
297.7133642187507	1
298.0779132187507	2
298.4524622187507	3
298.88701121875073	4
299.19156021875074	1
299.56610921875074	2
299.94065821875074	3
300.3952072187507	4
300.7097562187507	1
301.05430521875076	2
301.43885421875075	3
301.89340321875073	4
302.18795221875075	1
302.56282621875073	2
302.9377002187507	3
303.2525742187507	4
303.67744821875067	1
304.05232221875065	2
304.4371962187506	3
304.8120702187506	4
305.18694421875057	1
305.5285532187506	2
305.9401622187505	3
306.2217712187505	4
306.6933802187505	1
306.9728262187505	2
307.4422722187505	3
307.7317182187505	4
308.19116421875043	1
308.6560382187504	2
308.9509122187504	3
309.38578621875035	4
309.70066021875033	1
310.1574942187503	2
310.4543282187503	3
310.82116221875026	4
311.19799621875023	1
311.5802592187502	2
311.9525222187502	3
312.30478521875017	4
312.68704821875014	1
312.97388221875013	2
313.4507162187501	3
313.83755021875004	4
314.20438421875	1
314.64925821875	2
314.95413221875	3
315.39900621874995	4
315.69388021874994	1
316.0713682187499	2
316.44885621874994	3
316.82634421874997	4
317.20383221875	1
317.65674621874996	2
317.94966021874995	3
318.4025742187499	4
318.6854882187499	1
319.1410162187499	2
319.44654421874986	3
319.87207221874985	4
320.1976002187498	1
320.65312821874977	2
320.93865621874977	3
321.4041842187497	4
321.6997122187497	1
321.9845862187497	2
322.44946021874966	3
322.9043342187496	4
323.1992082187496	1
323.6421222187496	2
323.9450362187496	3
324.38795021874955	4
324.69086421874954	1
325.1344332187495	2
325.4480022187495	3
325.89157121874945	4
326.18514021874944	1
326.5700142187494	2
326.9448882187494	3
327.31976221874936	4
327.69463621874934	1
328.0701642187493	2
328.4356922187493	3
328.81122021874927	4
329.18674821874924	1
329.4929302187492	2
329.9491122187492	3
330.39529421874914	4
330.7014762187491	1
331.1473962187491	2
331.45331621874914	3
331.88923621874915	4
332.18515621874917	1
332.5491892187492	2
332.9232222187492	3
333.2872552187492	4
333.6512882187492	1
334.09812221874915	2
334.39495621874914	3
334.7817902187491	4
335.1586242187491	1
335.52198921874907	2
335.9253542187491	3
336.3787192187491	4
336.7020842187491	1
337.13865621874913	2
337.44522821874915	3
337.88180021874916	4
338.19837221874917	1
338.4743652187492	2
338.94035821874917	3
339.31635121874916	4
339.69234421874916	1
340.0744022187491	2
340.4464602187491	3
340.8285182187491	4
341.1905762187491	1
341.5841452187491	2
341.9377142187491	3
342.33128321874904	4
342.704852218749	1
343.061034218749	2
343.437216218749	3
343.81339821874894	4
344.1895802187489	1
344.56380121874895	2
344.9380222187489	3
345.3122432187489	4
345.6864642187489	1
346.06199221874886	2
346.43752021874883	3
346.8130482187488	4
347.1885762187488	1
347.57475821874874	2
347.9409402187487	3
348.3171222187487	4
348.69330421874866	1
349.0675252187487	2
349.4417462187487	3
349.81596721874865	4
350.19018821874863	1
350.5650622187486	2
350.9399362187486	3
351.32481021874855	4
351.69968421874853	1
352.0739052187485	2
352.4381262187485	3
352.81234721874847	4
353.18656821874845	1
353.5714422187484	2
353.9363162187484	3
354.32119021874837	4
354.68606421874836	1
355.0728982187483	2
355.4397322187483	3
355.8165662187483	4
356.19340021874825	1
356.5656632187483	2
356.93792621874826	3
357.31018921874823	4
357.6924522187482	1
358.0686342187482	2
358.44481621874814	3
358.8109982187481	4
359.1871802187481	1
359.55944321874813	2
359.9417062187481	3
360.31396921874807	4
360.67623221874805	1
361.05306621874803	2
361.439900218748	3
361.81673421874797	4
362.19356821874794	1
362.569096218748	2
362.94462421874795	3
363.3201522187479	4
363.6856802187479	1
364.0612082187479	2
364.43673621874785	3
364.8122642187478	4
365.1877922187478	1
365.5646262187478	2
365.94146021874775	3
366.3182942187477	4
366.6951282187477	1
367.06934921874773	2
367.4435702187477	3
367.8177912187477	4
368.19201221874766	1
368.5655812187477	2
368.93915021874767	3
369.31271921874765	4
369.6862882187476	1
370.0718162187476	2
370.43734421874757	3
370.81287221874754	4
371.1884002187475	1
371.5645822187475	2
371.94076421874746	3
372.31694621874743	4
372.6931282187474	1
373.06669721874744	2
373.4402662187474	3
373.8138352187474	4
374.18740421874736	1
374.56097321874734	2
374.9445422187473	3
375.3181112187473	4
375.69168021874725	1
376.05916821874723	2
376.43665621874726	3
376.8141442187473	4
377.1916322187473	1
377.56716021874735	2
377.93268821874733	3
378.3082162187473	4
378.69374421874727	1
379.0673132187473	2
379.4408822187473	3
379.81445121874725	4
380.1880202187472	1
380.5635482187472	2
380.9390762187472	3
381.32460421874714	4
381.7001322187471	1
382.07435321874715	2
382.43857421874714	3
382.8127952187471	4
383.1870162187471	1
383.5425442187471	2
383.93807221874704	3
384.313600218747	4
384.689128218747	1
385.05988021874697	2
385.44063221874694	3
385.8213842187469	4
386.2021362187469	1
386.572439218747	2
386.94274221874696	3
387.3230452187469	4
387.6933482187469	1
388.0675692187469	2
388.44179021874686	3
388.81601121874684	4
389.1902322187468	1
389.56053521874685	2
389.9408382187468	3
390.3111412187468	4
390.69144421874677	1
391.0595842187467	2
391.43772421874667	3
391.81586421874664	4
392.1940042187466	1
392.57083821874664	2
392.9376722187466	3
393.3145062187466	4
393.6913402187466	1
394.0655612187466	2
394.4397822187466	3
394.8040032187466	4
395.18822421874654	1
395.5624452187465	2
395.9366662187465	3
396.3108872187465	4
396.68510821874645	1
397.06455421874637	2
397.44400021874634	3
397.8134462187463	4
398.1928922187463	1
398.5658062187464	2
398.93872021874637	3
399.31163421874635	4
399.6945482187463	1
400.0600762187463	2
400.4356042187463	3
400.81113221874625	4
401.1866602187462	1
401.63957421874625	2
401.94248821874623	3
402.3154022187462	4
402.6883162187462	1
403.1464562187461	2
403.4445962187461	3
403.78273621874604	4
404.19087621874604	1
404.5637902187461	2
404.93670421874606	3
405.30961821874604	4
405.692532218746	1
406.138060218746	2
406.44358821874596	3
406.81911621874593	4
407.1946442187459	1
407.56886521874594	2
407.9430862187459	3
408.3173072187459	4
408.6915282187459	1
409.06771021874584	2
409.4438922187458	3
409.8200742187458	4
410.19625621874576	1
410.5698252187458	2
410.94339421874577	3
411.31696321874574	4
411.6905322187457	1
412.0654062187457	2
412.44028021874567	3
412.81515421874565	4
413.1900282187456	1
413.57359721874565	2
413.93716621874563	3
414.3107352187456	4
414.6943042187456	1
415.06048621874555	2
415.4366682187455	3
415.8128502187455	4
416.18903221874547	1
416.55586621874545	2
416.9427002187454	3
417.3895342187454	4
417.6863682187454	1
418.0612422187454	2
418.4361162187454	3
418.81099021874536	4
419.18586421874534	1
419.5513922187453	2
419.9369202187453	3
420.32244821874525	4
420.68797621874523	1
420.98631921874534	2
421.4446622187453	3
421.8130052187453	4
422.18134821874526	1
422.5611852187451	2
422.9410222187451	3
423.3108592187451	4
423.69069621874513	1
423.9942652187452	2
424.4478342187452	3
424.81140321874517	4
425.18497221874514	1
425.6208272187451	2
425.9966822187451	3
426.3725372187451	4
426.7383922187451	1
427.1042472187451	2
427.4801022187451	3
427.8259572187451	4
428.1918122187451	1
428.5668122187451	2
428.9318122187451	3
429.2968122187451	4
429.6818122187451	1
430.0568122187451	2
430.4318122187451	3
430.8068122187451	4
431.1818122187451	1
431.5468122187451	2
431.9218122187451	3
432.2768122187451	4
432.6618122187451	1
433.0368122187451	2
433.4018122187451	3
433.7768122187451	4
434.1518122187451	1
434.5368122187451	2
434.9118122187451	3
435.2868122187451	4
435.6818122187451	1
436.0768122187451	2
436.4218122187451	3
436.7968122187451	4
437.1818122187451	1
437.55815821874506	2
437.9345042187451	3
438.3108502187451	4
438.6871962187451	1
439.06011021874514	2
439.4330242187451	3
439.8159382187451	4
440.18885221874507	1
440.565686218745	2
440.94252021874496	3
441.31935421874493	4
441.6961882187449	1
442.0586802187448	2
442.44117221874484	3
442.9136642187448	4