0.01	1
0.570747	2
1.131494	3
1.6922409999999999	4
2.2529879999999998	1
2.813735	2
3.374482	3
3.9252290000000003	4
4.465976	1
5.01796	2
5.579944	3
6.131928	4
6.683912	1
7.240209	2
7.796506	3
8.352803	4
8.9091	1
9.463277	2
10.017453999999999	3
10.571630999999998	4
11.125807999999997	1
11.689984999999997	2
12.244161999999996	3
12.798338999999995	4
13.352515999999994	1
13.901022999999995	2
14.459529999999996	3
15.018036999999996	4
15.576543999999997	1
16.130688999999993	2
16.694833999999993	3
17.23897899999999	4
17.80312399999999	1
18.351596999999988	2
18.910069999999987	3
19.458542999999988	4
20.027015999999985	1
20.585488999999985	2
21.153961999999986	3
21.712434999999985	4
22.270907999999984	1
22.826479999999986	2
23.382051999999987	3
23.927623999999987	4
24.49319599999999	1
25.048767999999992	2
25.607227999999992	3
26.165687999999992	4
26.724147999999992	1
27.282607999999993	2
27.838724999999993	3
28.394841999999993	4
28.950958999999994	1
29.507075999999994	2
30.074957999999995	3
30.632839999999995	4
31.190721999999994	1
31.73860399999999	2
32.296485999999994	3
32.86436799999999	4
33.42224999999999	1
33.97013199999999	2
34.518013999999994	3
35.07589599999999	4
35.64377799999999	1
36.20165999999999	2
36.75954199999999	3
37.31742399999999	4
37.87530599999999	1
38.42318799999999	2
38.969304999999984	3
39.525421999999985	4
40.09153899999999	1
40.65765599999999	2
41.21553799999999	3
41.77341999999999	4
42.33130199999999	1
42.889183999999986	2
43.447065999999985	3
44.004947999999985	4
44.562829999999984	1
45.12071199999998	2
45.67423499999998	3
46.21775799999998	4
46.78128099999998	1
47.33480399999998	2
47.891748999999976	3
48.448693999999975	4
49.005638999999974	1
49.56258399999997	2
50.12046599999997	3
50.67834799999997	4
51.23622999999997	1
51.79411199999997	2
52.35199399999997	3
52.90987599999997	4
53.46775799999997	1
54.02563999999997	2
54.58175699999997	3
55.13787399999997	4
55.69399099999997	1
56.24010799999997	2
56.79056899999996	3
57.361029999999964	4
57.92149099999996	1
58.48195199999996	2
59.03803499999996	3
59.59411799999996	4
60.15020099999996	1
60.70628399999996	2
61.25671099999995	3
61.81713799999995	4
62.37756499999995	1
62.937991999999944	2
63.489017999999945	3
64.05004399999994	4
64.60106999999994	1
65.15209599999993	2
65.71174399999992	3
66.27139199999992	4
66.83103999999992	1
67.39068799999991	2
67.94596399999992	3
68.51123999999993	4
69.06651599999994	1
69.62179199999994	2
70.16706799999994	3
70.73234399999996	4
71.28761999999996	1
71.84289599999997	2
72.40357461249997	3
72.96432161249997	4
73.51506861249997	1
74.06581561249999	2
74.63253161249997	3
75.18924761249997	4
75.74596361249996	1
76.30267961249996	2
76.85939561249995	3
77.41611161249995	4
77.97282761249994	1
78.52954361249994	2
79.08625961249993	3
79.64297561249992	4
80.19969161249992	1
80.74640761249992	2
81.31312361249991	3
81.8698396124999	4
82.4265556124999	1
82.9932716124999	2
83.5475886124999	3
84.09190561249989	4
84.64622261249988	1
85.20053961249988	2
85.75842161249987	3
86.31630361249988	4
86.88418561249989	1
87.4420676124999	2
87.9999496124999	3
88.55783161249991	4
89.11571361249992	1
89.67359561249992	2
90.23147761249993	3
90.78935961249994	4
91.33724161249994	1
91.89512361249994	2
92.45300561249995	3
93.01088761249996	4
93.57876961249997	1
94.12665161249997	2
94.69100161249997	3
95.24535161249997	4
95.79970161249997	1
96.35405161249997	2
96.91219161249997	3
97.47033161249996	4
98.02847161249996	1
98.57661161249995	2
99.13216761249994	3
99.69772361249994	4
100.25327961249994	1
100.79883561249993	2
101.35525661249993	3
101.91167761249993	4
102.46809861249993	1
103.02451961249993	2
103.58094061249993	3
104.13736161249993	4
104.69378261249993	1
105.25020361249993	2
105.80662461249993	3
106.36304561249993	4
106.91946661249993	1
107.47588761249993	2
108.03962861249994	3
108.59336961249994	4
109.14711061249994	1
109.70085161249995	2
110.24873361249995	3
110.80661561249995	4
111.36449761249996	1
111.93237961249997	2
112.49026161249998	3
113.04814361249998	4
113.60602561249999	1
114.1639076125	2
114.7117896125	3
115.2696716125	4
115.83755361250002	1
116.38543561250002	2
116.94978561250002	3
117.50413561250002	4
118.05848561250002	1
118.61283561250002	2
119.15718561250002	3
119.71153561250001	4
120.27588561250002	1
120.83023561250002	2
121.38458561250002	3
121.93893561250002	4
122.49328561250002	1
123.04763561250002	2
123.60728361250001	3
124.1569316125	4
124.7265796125	1
125.2862276125	2
125.8423446125	3
126.3984616125	4
126.9545786125	1
127.5106956125	2
128.0668126125	3
128.6229296125	4
129.1924136125	1
129.7418976125	2
130.3013816125	3
130.8608656125	4
131.4203496125	1
131.9698336125	2
132.5344296125	3
133.0790256125	4
133.6436216125	1
134.1882176125	2
134.74281361250002	3
135.29740961250002	4
135.85200561250002	1
136.40660161250003	2
136.97776961250003	3
137.53893761250004	4
138.10010561250004	1
138.66127361250005	2
139.22092161250006	3
139.78056961250007	4
140.34021761250008	1
140.8998656125001	2
141.4559826125001	3
142.0120996125001	4
142.5682166125001	1
143.1243336125001	2
143.6704506125001	3
144.2365676125001	4
144.7926846125001	1
145.3454216125001	2
145.9081586125001	3
146.4708956125001	4
147.0436326125001	1
147.5815146125001	2
148.1358646125001	3
148.7002146125001	4
149.2545646125001	1
149.8089146125001	2
150.38326461250008	3
150.9176146125001	4
151.4819646125001	1
152.0363146125001	2
152.5906646125001	3
153.1450146125001	4
153.6993646125001	1
154.2537146125001	2
154.8051266125001	3
155.36653861250008	4
155.91795061250005	1
156.47936261250004	2
157.03547961250004	3
157.59159661250004	4
158.14771361250004	1
158.70383061250004	2
159.25994761250004	3
159.81606461250004	4
160.38218161250006	1
160.93829861250006	2
161.49264861250006	3
162.04699861250006	4
162.60134861250006	1
163.15569861250006	2
163.71004861250006	3
164.26439861250006	4
164.81874861250006	1
165.38309861250005	2
165.93744861250005	3
166.49179861250005	4
167.04614861250005	1
167.60049861250005	2
168.15838061250005	3
168.70626261250007	4
169.27414461250007	1
169.83202661250007	2
170.38990861250008	3
170.94779061250009	4
171.5056726125001	1
172.0635546125001	2
172.6214366125001	3
173.16931861250012	4
173.7172006125001	1
174.28508261250013	2
174.84860561250014	3
175.40212861250015	4
175.95565161250016	1
176.50917461250017	2
177.07141561250018	3
177.63365661250018	4
178.19589761250018	1
178.75813861250018	2
179.31369461250017	3
179.85925061250018	4
180.42480661250016	1
180.97036261250017	2
181.53410361250016	3
182.08784461250013	4
182.66158561250015	1
183.22532661250014	2
183.78144361250014	3
184.32756061250012	4
184.89367761250014	1
185.44979461250014	2
186.00156561250014	3
186.55333661250015	4
187.10510761250015	1
187.65687861250015	2
188.21196961250016	3
188.76706061250016	4
189.33215161250016	1
189.87724261250017	2
190.43968461250017	3
191.00212661250018	4
191.56456861250018	1
192.1270106125002	2
192.68025761250018	3
193.24350461250017	4
193.79675161250017	1
194.33999861250018	2
194.8966306125002	3
195.4532626125002	4
196.0098946125002	1
196.5665266125002	2
197.12315861250022	3
197.6697906125002	4
198.21642261250022	1
198.79305461250024	2
199.35306961250024	3
199.9330846125002	4
200.4930996125002	1
201.0431146125002	2
201.6014376125002	3
202.1597606125002	4
202.6980836125002	1
203.2564066125002	2
203.8203676125002	3
204.3743286125002	4
204.92828961250018	1
205.48225061250017	2
206.02621161250013	3
206.59017261250014	4
207.14413361250013	1
207.6980946125001	2
208.2549886125001	3
208.8118826125001	4
209.3687766125001	1
209.9356706125001	2
210.5025646125001	3
211.0494586125001	4
211.6063526125001	1
212.1632466125001	2
212.7201406125001	3
213.2670346125001	4
213.8339286125001	1
214.3908226125001	2
214.9477166125001	3
215.5046106125001	4
216.0515046125001	1
216.6083986125001	2
217.1652926125001	3
217.7221866125001	4
218.2790806125001	1
218.8359746125001	2
219.3928686125001	3
219.9497626125001	4
220.5066566125001	1
221.0635506125001	2
221.6204446125001	3
222.1773386125001	4
222.7342326125001	1
223.2911266125001	2
223.8536726125001	3
224.4062186125001	4
224.95876461250012	1
225.51131061250013	2
226.07248961250014	3
226.63366861250014	4
227.19484761250015	1
227.74602661250017	2
228.28843761250016	3
228.8508486125002	4
229.4032596125002	1
229.9556706125002	2
230.5110926125002	3
231.06651461250019	4
231.63193661250017	1
232.19735861250015	2
232.75278061250015	3
233.30820261250014	4
233.86362461250013	1
234.41904661250013	2
234.97446861250012	3
235.51989061250012	4
236.0753126125001	1
236.6407346125001	2
237.2004956125001	3
237.76025661250011	4
238.31001761250013	1
238.85977861250015	2
239.41516661250014	3
239.98055461250013	4
240.53594261250012	1
241.09133061250012	2
241.6467186125001	3
242.2021066125001	4
242.7574946125001	1
243.3128826125001	2
243.8582706125001	3
244.4136586125001	4
244.97904661250007	1
245.53443461250006	2
246.09070161250006	3
246.64696861250005	4
247.20323561250004	1
247.74950261250004	2
248.30576961250003	3
248.8720366125	4
249.4283036125	1
249.9845706125	2
250.54083761249998	3
251.09710461249998	4
251.65337161249997	1
252.19963861249997	2
252.75590561249996	3
253.32217261249994	4
253.87843961249993	1
254.43470661249992	2
254.9890496124999	3
255.5433926124999	4
256.0977356124999	1
256.6520786124999	2
257.2154776124999	3
257.7688766124999	4
258.3322756124999	1
258.88567461249994	2
259.4506136124999	3
260.0055526124999	4
260.5604916124999	1
261.1154306124999	2
261.6703696124999	3
262.2253086124999	4
262.79024761249985	1
263.33518661249985	2
263.88843361249985	3
264.45168061249984	4
265.00492761249984	1
265.55817461249984	2
266.12157361249984	3
266.68497261249985	4
267.23837161249986	1
267.80177061249987	2
268.35670961249986	3
268.91164861249985	4
269.46658761249984	1
270.0215266124998	2
270.5764656124998	3