0.0	1
0.352941	2
0.705882	3
1.058823	4
1.411764	1
1.764705	2
2.1076460000000004	3
2.4605870000000003	4
2.8135280000000003	1
3.166469	2
3.51941	3
3.882351	4
4.235292	1
4.588233000000001	2
4.941174000000001	3
5.2941150000000015	4
5.647056000000002	1
5.999997000000002	2
6.352938000000003	3
6.705879000000003	4
7.058820000000003	1
7.411761000000004	2
7.764702000000004	3
8.117643000000005	4
8.470584000000004	1
8.823525000000004	2
9.176466000000003	3
9.529407000000003	4
9.882348000000002	1
10.235289000000002	2
10.588230000000001	3
10.941171	4
11.294112	1
11.647053	2
11.999994	3
12.352934999999999	4
12.705875999999998	1
13.058816999999998	2
13.411757999999997	3
13.764698999999997	4
14.117639999999996	1
14.470580999999996	2
14.823521999999995	3
15.176462999999995	4
15.529403999999994	1
15.882344999999994	2
16.235285999999995	3
16.588226999999996	4
16.941167999999998	1
17.294109	2
17.64705	3
17.999991	4
18.352932000000003	1
18.705873000000004	2
19.058814000000005	3
19.411755000000007	4
19.764696000000008	1
20.11763700000001	2
20.47057800000001	3
20.82351900000001	4
21.176460000000013	1
21.529401000000014	2
21.882342000000016	3
22.235283000000017	4
22.588224000000018	1
22.94116500000002	2
23.29410600000002	3
23.647047000000022	4
23.999988000000023	1
24.352929000000024	2
24.705870000000026	3
25.058811000000027	4
25.41175200000003	1
25.76469300000003	2
26.11763400000003	3
26.470575000000032	4
26.823516000000033	1
27.176457000000035	2
27.529398000000036	3
27.882339000000037	4
28.23528000000004	1
28.58822100000004	2
28.94116200000004	3
29.294103000000042	4
29.647044000000044	1
29.999985000000045	2
30.352926000000046	3
30.705867000000048	4
31.05880800000005	1
31.41174900000005	2
31.76469000000005	3
32.11763100000005	4
32.470572000000054	1
32.823513000000055	2
33.17645400000006	3
33.52939500000006	4
33.88233600000006	1
34.23527700000006	2
34.58821800000006	3