0.0	1
0.5	2
1.0	3
1.5	4
2.0	1
2.497522	2
2.995044	3
3.492566	4
3.990088	1
4.48761	2
4.985132	3
5.482654	4
5.9815	1
6.440346	2
6.929192	3
7.4080379999999995	4
7.886883999999999	1
8.36573	2
8.834576	3
9.333422	4
9.812268000000001	1
10.292432000000002	2
10.782596000000002	3
11.252760000000002	4
11.722924000000003	1
12.204723000000003	2
12.686522000000004	3
13.168321000000004	4
13.650120000000005	1
14.131919000000005	2
14.611919000000006	3
15.091919000000006	4
15.571919000000007	1
16.05191900000001	2
16.53191900000001	3
17.01191900000001	4
17.49191900000001	1
17.97191900000001	2
18.45191900000001	3
18.93191900000001	4
19.41191900000001	1
19.891919000000012	2
20.371919000000013	3
20.851919000000013	4
21.332231000000014	1
21.812543000000016	2
22.292855000000017	3
22.77316700000002	4
23.25347900000002	1
23.73379100000002	2
24.214103000000023	3
24.694415000000024	4
25.174727000000026	1
25.645039000000025	2
26.125351000000027	3
26.60566300000003	4
27.08597500000003	1
27.56628700000003	2
28.046599000000032	3
28.526911000000034	4
29.007223000000035	1
29.487535000000037	2
29.967847000000038	3
30.44815900000004	4
30.92847100000004	1
31.408783000000042	2
31.889095000000044	3
32.369407000000045	4
32.84971900000004	1
33.33003100000004	2
33.81034300000004	3
34.29065500000004	4
34.770967000000034	1
35.25127900000003	2
35.73159100000003	3
36.21190300000003	4
36.692215000000026	1
37.172527000000024	2
37.65283900000002	3
38.13315100000002	4
38.61346300000002	1
39.093775000000015	2
39.57408700000001	3
40.05439900000001	4
40.53471100000001	1
41.00502300000001	2
41.485335000000006	3
41.965647000000004	4
42.445959	1
42.925955	2
43.405951	3
43.885947	4
44.365943	1
44.845939	2
45.325935	3
45.805931	4
46.285927	1
46.765923	2
47.245919	3
47.725915	4
48.205911	1
48.685907	2
49.165903	3
49.645899	4
50.125895	1
50.605891	2
51.085887	3
51.565883	4
52.045879	1
52.525875	2
53.005871	3
53.485867	4
53.965863	1
54.445859	2
54.925855	3
55.405851	4
55.885847	1
56.365843	2
56.845839	3
57.325835	4
57.805831	1
58.285827	2
58.765823	3
59.23581899999999	4
59.725815	1
60.205811	2
60.685807	3
61.165803	4
61.645799	1
62.125795	2
62.605790999999996	3
63.085786999999996	4
63.56578699999999	1
64.04578699999999	2
64.525787	3
65.005787	4
65.485787	1
65.965787	2
66.44578700000001	3
66.92578700000001	4
67.40578700000002	1
67.88578700000002	2
68.36578700000003	3
68.84578700000003	4
69.32578700000003	1
69.80578700000004	2
70.28578700000004	3
70.76578700000005	4
71.24578700000005	1
71.72578700000005	2
72.20578700000006	3
72.68578700000006	4
73.16578700000007	1
73.64578700000007	2
74.12578700000007	3
74.60578700000008	4
75.08578700000008	1
75.56578700000009	2
76.04578700000009	3
76.5257870000001	4
77.0057870000001	1
77.4857870000001	2
77.9657870000001	3
78.44578700000011	4
78.92578700000011	1
79.40578700000012	2
79.88578700000012	3
80.36578700000013	4
80.84578700000013	1
81.32578700000013	2
81.80578700000014	3
82.28578700000014	4
82.76578700000015	1
83.24578700000015	2
83.72578700000015	3
84.20578700000016	4
84.68578700000016	1
85.16578700000017	2
85.64578700000017	3
86.12578700000017	4
86.60578700000018	1
87.08578700000018	2
87.56578700000019	3
88.04578700000019	4
88.55578700000001	1
89.995787	2
91.42578700000001	1
91.90578700000002	2
92.38578700000002	3
92.85578700000002	4
93.32578700000002	1
93.80578700000002	2
94.28578700000003	3
94.76578700000003	4
95.24578700000004	1
95.72578700000004	2
96.20578700000004	3
96.68578700000005	4
97.16578700000005	1
97.64578700000006	2
98.12578700000006	3
98.60578700000006	4
99.08578700000007	1
99.56578700000007	2
100.04578700000008	3
100.52578700000008	4
101.00578700000008	1
101.48578700000009	2
101.96578700000009	3
102.4457870000001	4
102.9257870000001	1
103.4057870000001	2
103.88578700000011	3
104.36578700000011	4
104.84578700000012	1
105.32578700000012	2
105.80578700000012	3
106.28578700000013	4
106.76578700000013	1
107.24578700000013	2
107.72578700000014	3
108.20578700000014	4
108.68578700000015	1
109.16578700000015	2
109.64578700000015	3
110.12578700000016	4
110.60578700000016	1
111.08578700000017	2
111.56578700000017	3
112.04578700000017	4
112.52578700000018	1
113.00578700000018	2
113.48578700000019	3
113.96578700000019	4
114.4457870000002	1
114.9257870000002	2
115.4057870000002	3
115.8857870000002	4
116.36578700000021	1
116.84578700000021	2
117.32578700000022	3
117.80578700000022	4
118.28578700000023	1
118.76578700000023	2
119.24578700000023	3
119.72578700000024	4
120.20578700000024	1
120.68578700000025	2
121.16578700000025	3
121.65578700000026	4
122.13578700000026	1
122.61578700000027	2
123.09578700000027	3
123.57578700000028	4
124.05578700000028	1
124.52578700000028	2
125.00578700000028	3
125.48578700000029	4
125.9757870000003	1
126.4557870000003	2
126.9357870000003	3
127.41578700000031	4
127.89578700000031	1
128.36578700000032	2
128.8457870000003	3
129.3257870000003	4
129.81578700000028	1
130.29578700000027	2
130.77578700000026	3
131.24578700000026	4
131.72578700000025	1
132.20578700000024	2
132.68578700000023	3
133.16578700000022	4
133.6457870000002	1
134.1257870000002	2
134.6057870000002	3
135.08578700000018	4
135.57578700000016	1
136.04578700000016	2
136.52578700000015	3
137.00578700000014	4
137.48578700000013	1
137.96578700000012	2
138.4457870000001	3
138.9257870000001	4
139.4057870000001	1
139.88578700000008	2
140.36578700000007	3
140.84578700000006	4
141.33578700000004	1
141.81578700000003	2
142.29578700000002	3
142.76578700000002	4
143.245787	1
143.725787	2
144.205787	3
144.68578699999998	4
145.16578699999997	1
145.64578699999996	2
146.12578699999995	3
146.60578699999994	4
147.08578699999993	1
147.56578699999991	2
148.0457869999999	3
148.5257869999999	4
149.00578699999988	1
149.48578699999987	2
149.97578699999985	3
150.44578699999985	4
150.95578699999984	1
151.42578699999981	2
151.92578699999981	3
152.4057869999998	4
152.8757869999998	1
153.3557869999998	2
153.80578699999978	3
154.28578699999977	4
154.76578699999976	1
155.24578699999975	2
155.72578699999974	3
156.20578699999973	4
156.68578699999972	1
157.1657869999997	2
157.6457869999997	3
158.1257869999997	4
158.60578699999968	1
159.08578699999967	2
159.57578699999965	3
160.05578699999964	4
160.53578699999963	1
161.01578699999962	2
161.4957869999996	3
161.9757869999996	4
162.4457869999996	1
162.9257869999996	2
163.40578699999958	3
163.88578699999957	4
164.37578699999955	1
164.85578699999954	2
165.33578699999953	3
165.80578699999953	4
166.28578699999952	1
166.7757869999995	2
167.2557869999995	3
167.73578699999948	4
168.21578699999947	1
168.69578699999946	2
169.17578699999945	3
169.65578699999944	4
170.13578699999943	1
170.61578699999941	2
171.0957869999994	3
171.5757869999994	4
172.05578699999938	1
172.53578699999937	2
173.01578699999936	3
173.49578699999935	4
173.97578699999934	1
174.45578699999933	2
174.93578699999932	3
175.4157869999993	4
175.895787	1
177.335787	2
178.775787	1
179.255787	2
179.735787	3
180.21578699999998	4
180.69578699999997	1
181.16578699999997	2
181.65578699999995	3
182.13578699999994	4
182.61578699999993	1
183.09578699999992	2
183.5757869999999	3
184.0557869999999	4
184.53578699999989	1
185.01578699999988	2
185.49578699999986	3
185.97578699999985	4
186.45578699999984	1
186.93578699999983	2
187.41578699999982	3
187.8957869999998	4
188.3757869999998	1
188.8557869999998	2
189.33578699999978	3
189.81578699999977	4
190.29578699999976	1
190.77578699999975	2
191.25578699999974	3
191.73578699999973	4
192.21578699999972	1
192.6957869999997	2
193.1757869999997	3
193.6557869999997	4
194.13578699999968	1
194.61578699999967	2
195.09578699999966	3
195.57578699999965	4
196.05578699999964	1
196.53578699999963	2
197.01578699999962	3
197.4957869999996	4
197.9757869999996	1
198.4557869999996	2
198.93578699999958	3
199.41578699999957	4
199.89578699999956	1
200.37578699999955	2
200.85578699999954	3
201.33578699999953	4
201.81578699999952	1
202.2957869999995	2
202.7757869999995	3
203.2557869999995	4
203.73578699999948	1
204.21578699999947	2
204.69578699999946	3
205.17578699999945	4
205.65578699999944	1
206.13578699999943	2
206.61578699999941	3
207.0957869999994	4
207.5757869999994	1
208.05578699999938	2
208.53578699999937	3
209.01578699999936	4
209.51578700000002	1
210.945787	2
212.405787	1
212.855787	2
213.33578699999998	3
213.81578699999997	4
214.29578699999996	1
214.77578699999995	2
215.25578699999994	3
215.73578699999993	4
216.21578699999992	1
216.6957869999999	2
217.1757869999999	3
217.6557869999999	4
218.13578699999988	1
218.61578699999987	2
219.09578699999986	3
219.57578699999985	4
220.05578699999984	1
220.53578699999983	2
221.01578699999982	3
221.4957869999998	4
221.9757869999998	1
222.4557869999998	2
222.93578699999978	3
223.41578699999977	4
223.89578699999976	1
224.37578699999975	2
224.85578699999974	3
225.33578699999973	4
225.81578699999972	1
226.2957869999997	2
226.7757869999997	3
227.25578699999969	4
227.73578699999968	1
228.21578699999966	2
228.69578699999965	3
229.17578699999964	4
229.65578699999963	1
230.13578699999962	2
230.6157869999996	3
231.0957869999996	4
231.5757869999996	1
232.05578699999958	2
232.53578699999957	3
233.01578699999956	4
233.49578699999955	1
233.97578699999954	2
234.45578699999953	3
234.93578699999952	4
235.4157869999995	1
235.8957869999995	2
236.3757869999995	3
236.85578699999948	4
237.34578699999946	1