0.01	1
0.51	2
1.0	3
1.5	4
2.0	1
2.5	2
3.0	3
3.5	4
4.0	1
4.673408	2
5.356816	3
6.0302240000000005	1
6.5172050000000015	2
7.054186000000001	3
7.571167000000002	1
8.090427000000002	2
8.599687000000001	3
9.118947	1
9.643255	2
10.147563	3
10.671871	1
11.180985	2
11.680099	3
12.199213	1
12.711468	2
13.223723	3
13.715978	1
14.234947	2
14.733916	3
15.242885000000001	1
15.746996000000001	2
16.261107000000003	3
16.775218000000002	1
17.300329	2
17.835440000000002	3
18.350551	1
18.903738	2
19.456925000000002	3
20.000112	1
20.553412	2
21.106712	3
21.660012000000002	1
22.205461000000003	2
22.780910000000002	3
23.346359000000003	1
23.876395000000002	2
24.436431000000002	3
24.976467000000003	1
25.536503000000003	2
26.136539000000003	3
26.696575000000003	1
27.261467000000003	2
27.826359000000004	3
28.381251000000002	1
28.945029	2
29.568807000000003	3
30.112585000000003	1
30.656993000000003	2
31.221401000000004	3
31.785809000000004	1
32.338848000000006	2
32.90188700000001	3
33.46492600000001	1
34.00687900000001	2
34.568832000000015	3
35.13078500000002	1
35.694135000000024	2
36.22748500000002	3
36.80083500000003	1
37.361712000000026	2
37.92258900000002	3
38.48346600000003	1
39.038293000000024	2
39.61312000000002	3
40.16794700000002	1
40.72856400000002	2
41.309181000000024	3
41.869798000000024	1
42.44314600000002	2
43.00649400000002	3
43.539842000000014	1
44.16627000000002	2
44.73269800000002	3
45.289126000000024	1
45.84988300000003	2
46.42064000000003	3
46.971397000000024	1
47.55804800000003	2
48.14469900000003	3
48.73135000000003	1
49.300586000000024	2
49.86982200000003	3
50.43905800000003	1
51.01801000000003	2
51.586962000000035	3
52.14591400000004	1
52.724671000000036	2
53.283428000000036	3
53.852185000000034	1
54.416874000000035	2
54.98156300000004	3
55.526252000000035	1
56.09053200000004	2
56.654812000000035	3
57.209092000000034	1
57.76329700000004	2
58.31750200000004	3
58.85170700000004	1
59.432628000000044	2
59.993549000000044	3
60.554470000000045	1
61.102037000000045	2
61.649604000000046	3
62.19717100000005	1
62.74535200000005	2
63.293533000000046	3
63.841714000000046	1
64.39445800000006	2
64.93720200000006	3
65.46994600000005	1
66.05083300000005	2
66.62172000000005	3
67.19260700000005	1
67.71894800000005	2
68.27528900000006	3
68.84163000000005	1
69.38677200000005	2
69.94191400000005	3
70.48705600000005	1
71.03791600000005	2
71.57877600000005	3
72.11963600000006	1
72.69408000000006	2
73.25852400000005	3
73.82296800000005	1
74.38871200000004	2
74.95445600000004	3
75.52020000000003	1
76.06722800000003	2
76.62425600000003	3
77.17128400000003	1
77.72000100000002	2
78.26871800000004	3
78.82743500000004	1
79.39520300000002	2
79.95297100000002	3
80.50073900000002	1
81.05667300000002	2
81.622607	3
82.178541	1
82.73552	2
83.282499	3
83.829478	1
84.37698999999999	2
84.934502	3
85.50201399999999	1
86.06221099999999	2
86.622408	3
87.192605	1
87.740378	2
88.28815100000001	3
88.82592400000001	1
89.37589900000002	2
89.91587400000002	3
90.47584900000003	1
91.03535800000003	2
91.58486700000003	3
92.12437600000003	1
92.68487300000002	2
93.21537000000002	3
93.76586700000001	1
94.29163500000001	2
94.81740300000001	3
95.37317100000001	1
95.89592800000003	2
96.42868500000003	3
96.96144200000003	1
97.46872800000003	2
97.97601400000003	3
98.52330000000003	1
99.05457700000004	2
99.57585400000005	3
100.09713100000005	1
100.62541600000006	2
101.15370100000005	3
101.67198600000006	1
102.18753000000007	2
102.71307400000006	3
103.24861800000005	1
103.77412100000005	2
104.29962400000005	3
104.82512700000005	1
105.39085800000005	2
105.94658900000005	3
106.50232000000004	1
107.05966800000004	2
107.61701600000005	3
108.17436400000005	1
108.74072200000005	2
109.31708000000005	3
109.86343800000003	1
110.43301000000002	2
111.00258200000002	3
111.57215400000001	1
112.14451300000002	2
112.71687200000002	3
113.28923100000003	1
113.85005900000004	2
114.40088700000004	3
114.98171500000005	1
115.54459200000005	2
116.10746900000005	3
116.67034600000005	1
117.23491600000006	2
117.79948600000006	3
118.39405600000006	1
118.94619600000006	2
119.48833600000006	3
120.07047600000006	1
120.63277900000007	2
121.20508200000008	3
121.78738500000007	1
122.39926400000007	2
122.94114300000007	3
123.51302200000006	1
124.10458700000007	2
124.66615200000008	3
125.22771700000008	1
125.79728200000008	2
126.36684700000008	3
126.92641200000007	1
127.48503100000008	2
128.05365000000006	3
128.64226900000008	1
129.2239950000001	2
129.7957210000001	3
130.34744700000013	1
130.9329070000001	2
131.5083670000001	3
132.0738270000001	1
132.6235770000001	2
133.17332700000009	3
133.72307700000007	1
134.28281200000006	2
134.85254700000004	3
135.41228200000003	1
135.98351300000004	2
136.56474400000005	3
137.11597500000008	1
137.68093000000007	2
138.23588500000008	3
138.7808400000001	1
139.3320500000001	2
139.90326000000007	3
140.45447000000007	1
140.9867480000001	2
141.5390260000001	3
142.0813040000001	1
142.6277720000001	2
143.1942400000001	3
143.7507080000001	1
144.30372300000008	2
144.85673800000006	3
145.40975300000005	1
145.96270200000006	2
146.51565100000008	3
147.0686000000001	1
147.62039600000008	2
148.1621920000001	3
148.71398800000009	1
149.28116200000008	2
149.84833600000007	3
150.41551000000007	1
150.97215200000008	2
151.5187940000001	3
152.0754360000001	1
152.6307580000001	2
153.1860800000001	3
153.74140200000008	1
154.29130400000008	2
154.85120600000008	3
155.40110800000008	1
155.9594280000001	2
156.51774800000007	3
157.0960680000001	1
157.6544560000001	2
158.2128440000001	3
158.7712320000001	1
159.32381100000012	2
159.87639000000013	3
160.42896900000014	1
160.97939000000014	2
161.52981100000014	3
162.09023200000013	1
162.66103600000014	2
163.23184000000015	3
163.80264400000016	1
164.36302500000016	2
164.90340600000016	3
165.48378700000018	1
166.0326270000002	2
166.5914670000002	3
167.1403070000002	1
167.6959520000002	2
168.2415970000002	3
168.7972420000002	1
169.3663040000002	2
169.9453660000002	3
170.5144280000002	1
171.07055300000022	2
171.62667800000023	3
172.18280300000023	1
172.74190500000023	2
173.30100700000023	3
173.86010900000025	1
174.44418900000025	2
174.94826900000027	3
175.56234900000027	1
176.16515600000025	2
176.75796300000027	3
177.35077000000027	1
177.96457700000025	2
178.51838400000025	3
179.07219100000023	1
179.63282800000025	2
180.22346500000026	3
180.74410200000025	1
181.31065100000023	2
181.87720000000022	3
182.45374900000024	1
183.02216300000026	2
183.59057700000025	3
184.13899100000023	1
184.70450300000024	2
185.26001500000024	3
185.81552700000023	1
186.36950000000024	2
186.92347300000026	3
187.48744600000026	1
188.06492400000027	2
188.6424020000003	3
189.2198800000003	1
189.7960370000003	2
190.3721940000003	3
190.9483510000003	1
191.5411210000003	2
192.10389100000026	3
192.64666100000025	1
193.25007400000024	2
193.82348700000023	3
194.37690000000026	1
194.96631300000027	2
195.55572600000028	3
196.14513900000026	1
196.70017600000025	2
197.24521300000023	3
197.80025000000023	1
198.32674100000025	2
198.86323200000027	3
199.39972300000025	1
199.92953700000024	2
200.45935100000023	3
200.9991650000002	1
201.5203960000002	2
202.0416270000002	3
202.5628580000002	1
203.0861960000002	2
203.61953400000021	3
204.1328720000002	1
204.65810300000018	2
205.17333400000018	3
205.68856500000018	1
206.2058980000002	2
206.7332310000002	3
207.2505640000002	1
207.7510610000002	2
208.27155800000017	3
208.78205500000018	1
209.29647600000018	2
209.82089700000017	3
210.33531800000017	1
210.84824500000016	2
211.36117200000015	3
211.88409900000016	1
212.40226000000015	2
212.91042100000013	3
213.43858200000014	1
213.96124600000013	2
214.48391000000012	3
215.01657400000013	1
215.57691700000012	2
216.12726000000012	3
216.6876030000001	1
217.2210110000001	2
217.7644190000001	3
218.3078270000001	1
218.84494600000008	2
219.3920650000001	3
219.93918400000007	1
220.47233100000008	2
221.0054780000001	3
221.5386250000001	1
222.09774300000012	2
222.63686100000012	3
223.20597900000016	1
223.75682200000014	2
224.30766500000013	3
224.8485080000001	1
225.3866710000001	2
225.9348340000001	3
226.4729970000001	1
226.9983640000001	2
227.5637310000001	3
228.1190980000001	1
228.6727410000001	2
229.22638400000008	3
229.79002700000007	1
230.33887200000007	2
230.88771700000007	3
231.42656200000008	1
231.97672500000007	2
232.51688800000008	3
233.06705100000008	1
233.60385300000007	2
234.14065500000007	3
234.67745700000006	1
235.24988600000006	2
235.82231500000006	3
236.39474400000006	1
236.94176200000007	2
237.48878000000008	3
238.03579800000009	1
238.58304100000007	2
239.13028400000005	3
239.66752700000004	1
240.19577100000006	2
240.74401500000008	3
241.2922590000001	1
241.84350300000008	2
242.40474700000007	3
242.95599100000007	1
243.50797700000007	2
244.05996300000007	3
244.61194900000007	1
245.15418800000006	2
245.68642700000007	3
246.22866600000006	1
246.75395400000005	2
247.28924200000006	3
247.84453000000008	1
248.40376600000008	2
248.96300200000007	3
249.52223800000007	1
250.0684880000001	2
250.6247380000001	3
251.1809880000001	1
251.7291150000001	2
252.2672420000001	3
252.8053690000001	1
253.3515070000001	2
253.88764500000013	3
254.44378300000014	1
255.00112500000014	2
255.55846700000015	3
256.1158090000001	1
256.65069400000016	2
257.20557900000017	3
257.7704640000002	1
258.3130610000002	2
258.8556580000002	3
259.3982550000002	1
259.9428530000002	2
260.4874510000002	3
261.0420490000002	1
261.6015120000002	2
262.1609750000002	3
262.7204380000002	1
263.2564610000002	2
263.80248400000016	3
264.35850700000015	1
264.90523000000013	2
265.4519530000001	3
266.0086760000001	1
266.5664390000001	2
267.10420200000016	3
267.6619650000002	1
268.2361700000002	2
268.8103750000002	3
269.3745800000002	1
269.9300820000002	2
270.4755840000002	3
271.0210860000002	1
271.58654900000016	2
272.14201200000014	3
272.6874750000001	1
273.2292370000001	2
273.7809990000001	3
274.3327610000001	1
274.9045240000001	2
275.47628700000007	3
276.06805	1
276.61525200000005	2
277.18245400000006	3
277.7496560000001	1
278.2864160000001	2
278.8331760000001	3
279.3899360000001	1
279.94091700000007	2
280.50189800000004	3
281.062879	1
281.648149	2
282.23341899999997	3
282.81868899999995	1
283.372037	2
283.915385	3
284.47873300000003	1
284.95522100000005	2
285.38170900000006	3
285.89819700000004	1