0.0	1
0.75	2
1.49	3
2.24	4
2.99	1
3.74	2
4.49	3
5.24	4
5.97	1
6.72	2
7.44	3
8.2	4
8.95	1
9.72	2
10.5	3
11.26	4
12.02	1
12.77	2
13.51	3
14.26	4
15.01	1
15.74	2
16.52	3
17.27	4
18.02	1
18.48875	2
18.9475	3
19.40625	4
19.875	1
20.349048	2
20.823096	3
21.277144	4
21.751192	1
22.22524	2
22.686667999999997	3
23.158095999999997	4
23.629523999999996	1
24.093257999999995	2
24.556991999999994	3
25.030725999999994	4
25.50445999999999	1
25.96819399999999	2
26.44192799999999	3
26.90566199999999	4
27.369395999999988	1
27.85344399999999	2
28.32749199999999	3
28.791539999999987	4
29.245273999999984	1
29.724108999999984	2
30.192943999999983	3
30.66177899999998	4
31.13061399999998	1
31.60466199999998	2
32.06870999999998	3
32.542757999999985	4
32.996805999999985	1
33.465640999999984	2
33.94447599999998	3
34.41331099999998	4
34.88214599999998	1
35.350980999999976	2
35.80981599999998	3
36.278650999999975	4
36.747485999999974	1
37.21632099999997	2
37.68515599999997	3
38.16399099999997	4
38.632825999999966	1
39.09655999999997	2
39.570293999999976	3
40.03402799999998	4
40.487761999999975	1
40.97149599999998	2
41.43522999999998	3
41.898963999999985	4
42.36269799999999	1
42.83412599999999	2
43.31555399999999	3
43.766982	4
44.23841	1
44.70716	2
45.17591	3
45.64466	4
46.11341	1
46.58216	2
47.05091	3
47.51966	4
47.97841	1
48.45716	2
48.92591	3
49.39466	4
49.86341	1
50.328737000000004	2
50.794064000000006	3
51.25939100000001	4
51.72471800000001	1
52.19004500000001	2
52.655372000000014	3
53.130699000000014	4
53.596026000000016	1
54.070003000000014	2
54.54398000000001	3
55.00795700000001	4
55.48193400000001	1
55.94896600000001	2
56.415998000000016	3
56.88303000000002	4
57.35006200000002	1
57.815389000000025	2
58.28071600000003	3
58.74604300000003	4
59.21137000000003	1
59.67669700000003	2
60.15202400000003	3
60.617351000000035	4
61.086101000000035	1
61.554851000000035	2
62.023601000000035	3
62.492351000000035	4
62.961101000000035	1
63.429851000000035	2
63.88860100000004	3
64.35735100000004	4
64.82610100000004	1
65.30485100000004	2
65.77360100000004	3
66.24235100000004	4
66.70110100000004	1
67.16985100000004	2
67.63860100000004	3
68.10735100000004	4
68.57610100000004	1
69.04485100000004	2
69.51360100000004	3
69.98235100000004	4
70.45110100000004	1
70.91985100000004	2
71.38860100000004	3
71.84735100000005	4
72.31610100000005	1
72.79485100000004	2
73.26360100000004	3
73.73235100000004	4
74.20110100000004	1
74.66985100000004	2
75.13860100000004	3
75.60735100000004	4
76.07610100000004	1
76.54485100000004	2
77.01360100000004	3
77.48235100000004	4
77.95110100000004	1
78.40642800000005	2
78.88175500000004	3
79.34708200000004	4
79.81240900000005	1
80.28288900000004	2
80.75336900000003	3
81.22384900000003	4
81.69432900000002	1
82.16480900000002	2
82.62528900000002	3
83.09576900000002	4
83.56624900000001	1
84.03328100000002	2
84.50031300000002	3
84.96734500000002	4
85.43437700000003	1
85.91140900000002	2
86.37844100000002	3
86.84039800000002	4
87.30235500000002	1
87.77110500000002	2
88.23985500000002	3
88.70860500000002	4
89.17735500000002	1
89.64610500000002	2
90.11485500000002	3
90.58360500000002	4
91.05235500000002	1
91.52110500000002	2
91.97985500000003	3
92.44860500000003	4
92.91735500000003	1
93.38610500000003	2
93.86485500000002	3
94.34360500000003	4
94.80235500000002	1
95.28110500000003	2
95.74985500000003	3
96.20860500000002	4
96.66735500000003	1
97.15268200000003	2
97.61800900000003	3
98.08333600000003	4
98.53866300000003	1
99.01399000000004	2
99.48447000000003	3
99.95495000000003	4
100.42543000000002	1
100.89591000000001	2
101.36639000000001	3
101.82687	4
102.29735	1
102.75783	2
103.22831	3
103.69878999999999	4
104.16926999999998	1
104.63974999999998	2
105.10507699999998	3
105.58040399999997	4
106.04573099999998	1
106.52105799999998	2
106.98638499999998	3
107.44171199999998	4
107.91703899999999	1
108.38236599999999	2
108.84769299999999	3
109.31302	4
109.778347	1
110.247097	2
110.70584699999999	3
111.184597	4
111.653347	1
112.122097	2
112.58084699999999	3
113.04959699999999	4
113.51834699999999	1
113.977097	2
114.445847	3
114.92459699999999	4
115.403347	1
115.86209699999999	2
116.33084699999999	3
116.79959699999999	4
117.26834699999999	1
117.73709699999999	2
118.20584699999999	3
118.684597	4
119.14334699999999	1
119.61055999999999	2
120.077773	3
120.544986	4
121.012199	1
121.479412	2
121.946625	3
122.413838	4
122.881051	1
123.348264	2
123.815477	3
124.28269	4
124.75990300000001	1
125.228706	2
125.697509	3
126.16631199999999	4
126.63511499999998	1
127.10391799999998	2
127.57272099999997	3
128.04152399999998	4
128.510327	1
128.96913	2
129.43793300000002	3
129.90673600000002	4
130.37553900000003	1
130.84434200000004	2
131.31314500000005	3
131.78194800000006	4
132.25075100000007	1
132.71955400000007	2
133.18835700000008	3
133.6571600000001	4
134.1259630000001	1
134.5947660000001	2
135.06356900000011	3
135.53237200000012	4
136.00117500000013	1
136.46997800000014	2
136.92878100000013	3
137.39758400000014	4
137.86638700000015	1
138.33519000000015	2
138.81399300000018	3
139.2827960000002	4
139.7515990000002	1
140.2204020000002	2
140.6792050000002	3
141.1480080000002	4
141.6168110000002	1
142.09561400000024	2
142.57441700000024	3
143.03322000000026	4
143.49202300000024	1
143.96082600000025	2
144.42962900000026	3
144.89843200000027	4
145.36723500000028	1
145.8360380000003	2
146.3048410000003	3
146.7736440000003	4
147.2424470000003	1
147.71125000000032	2
148.18005300000033	3
148.64885600000034	4
149.11765900000034	1
149.58646200000035	2
150.04526500000037	3
150.52406800000037	4
150.99287100000038	1
151.46008400000036	2
151.92729700000035	3
152.39451000000034	4
152.86172300000032	1
153.33893600000033	2
153.7961490000003	3
154.26336200000028	4
154.73057500000027	1
155.19778800000026	2
155.67500100000026	3
156.14221400000025	4
156.59942700000022	1
157.0666400000002	2
157.5438530000002	3
158.0110660000002	4
158.46827900000017	1
158.93549200000015	2
159.41270500000016	3
159.87991800000015	4
160.34713100000013	1
160.81434400000012	2
161.2815570000001	3
161.7487700000001	4
162.2191720000001	1
162.6995740000001	2
163.1599760000001	3
163.63037800000012	4
164.0907800000001	1
164.57118200000014	2
165.03158400000012	3
165.4987970000001	4
165.9660100000001	1
166.43322300000008	2
166.90043600000007	3
167.36764900000006	4
167.83486200000004	1
168.31207500000005	2
168.77928800000004	3
169.236501	4
169.713714	1
170.180927	2
170.64813999999998	3
171.11535299999997	4
171.58256599999996	1
172.04977899999994	2
172.51699199999993	3
172.9942049999999	4
173.4614179999999	1
173.9318199999999	2
174.4022219999999	3
174.87262399999992	4
175.34302599999992	1
175.79865899999993	2
176.26429199999993	3
176.72992499999992	4
177.19555799999992	1
177.6711909999999	2
178.1368239999999	3
178.6024569999999	4
179.0680899999999	1
179.5384919999999	2
180.0088939999999	3
180.47929599999992	4
180.94969799999993	1
181.41009999999994	2
181.88050199999995	3
182.34090399999994	4
182.81130599999995	1
183.28170799999995	2
183.77210999999997	3
184.23251199999999	4
184.702914	1
185.15854699999997	2
185.62417999999997	3
186.09981299999998	4
186.56544599999998	1
187.03107899999998	2
187.49671199999997	3
187.97234499999996	4
188.43797799999996	1
188.90678099999997	2
189.37558399999998	3
189.84438699999998	4
190.31319	1
190.781993	2
191.24079600000002	3
191.70959900000003	4
192.17840200000003	1
192.64720500000004	2
193.11600800000005	3
193.59481100000005	4
194.06361400000006	1
194.52241700000008	2
194.99122000000008	3
195.4600230000001	4
195.9288260000001	1
196.3976290000001	2
196.86643200000012	3
197.33523500000013	4
197.80403800000013	1
198.27284100000014	2
198.74164400000015	3
199.20044700000014	4
199.66925000000015	1
200.13805300000016	2
200.60685600000016	3
201.07565900000017	4
201.5544620000002	1
202.0232650000002	2
202.4820680000002	3
202.9508710000002	4
203.42967400000023	1
203.88847700000022	2
204.35728000000023	3
204.82608300000024	4
205.29488600000025	1
205.76368900000026	2
206.24249200000028	3
206.7112950000003	4
207.17009800000028	1
207.6457310000003	2
208.1113640000003	3
208.5769970000003	4
209.0426300000003	1
209.50826300000028	2
209.98389600000027	3
210.44952900000027	4
210.91674200000026	1
211.38395500000024	2
211.85116800000023	3
212.31838100000022	4
212.7855940000002	1
213.2528070000002	2
213.72002000000018	3
214.18723300000016	4
214.65444600000015	1
215.12165900000014	2
215.58887200000012	3
216.0560850000001	4
216.5332980000001	1
217.00051100000007	2
217.47091300000008	3
217.9413150000001	4
218.4017170000001	1
218.8721190000001	2
219.34252100000012	3
219.81292300000013	4
220.27332500000014	1
220.74372700000015	2
221.22412900000015	3
221.68453100000016	4
222.15493300000017	1
222.61899800000018	2
223.08306300000018	3
223.54712800000019	4
224.02119300000018	1
224.4899960000002	2
224.9487990000002	3
225.41760200000022	4
225.88640500000022	1
226.36520800000022	2
226.83401100000023	3
227.30281400000024	4
227.77161700000025	1
228.24042000000026	2
228.69922300000027	3
229.16802600000028	4
229.6368290000003	1
230.1056320000003	2
230.5844350000003	3
231.0532380000003	4
231.5220410000003	1
231.99084400000032	2
232.43964700000032	3
232.91845000000035	4
233.38725300000036	1
233.85605600000036	2
234.33485900000036	3
234.80366200000037	4
235.2624650000004	1
235.7312680000004	2
236.2000710000004	3
236.6588740000004	4
237.1176770000004	1
237.60648000000043	2
238.06528300000042	3
238.54408600000045	4
239.01288900000046	1
239.47169200000044	2
239.94049500000045	3
240.40929800000046	4
240.87810100000047	1
241.34690400000048	2
241.8157070000005	3
242.2845100000005	4
242.7533130000005	1
243.2221160000005	2
243.69091900000052	3