0.01	1
0.4	2
0.8	3
1.2000000000000002	4
1.6	1
2.0	2
2.4	3
2.8	4
3.19	1
3.59	2
3.9899999999999998	3
4.3999999999999995	4
4.8	1
5.2	2
5.6000000000000005	3
6.000000000000001	4
6.400000000000001	1
6.800000000000002	2
7.200000000000002	3
7.600000000000002	4
8.000000000000002	1
8.400000000000002	2
8.800000000000002	3
9.200000000000003	4
9.600000000000003	1
10.000000000000004	2
10.400000000000004	3
10.800000000000004	4
11.200000000000005	1
11.600000000000005	2
12.000000000000005	3
12.400000000000006	4
12.800000000000006	1
13.200000000000006	2
13.600000000000007	3
14.000000000000007	4
14.400000000000007	1
14.790000000000008	2
15.190000000000008	3
15.600000000000009	4
16.000000000000007	1
16.400000000000006	2
16.800000000000004	3
17.200000000000003	4
17.6	1
18.0	2
18.4	3
18.799999999999997	4
19.199999999999996	1
19.599999999999994	2
19.999999999999993	3
20.39999999999999	4
20.79999999999999	1
21.19999999999999	2
21.599999999999987	3
21.999999999999986	4
22.399999999999984	1
22.799999999999983	2
23.19999999999998	3
23.59999999999998	4
23.99999999999998	1
24.399999999999977	2
24.799999999999976	3
25.199999999999974	4
25.599999999999973	1
25.99999999999997	2
26.39999999999997	3
26.79999999999997	4
27.199999999999967	1
27.599999999999966	2
27.999999999999964	3
28.399999999999963	4
28.79999999999996	1
29.19999999999996	2
29.59999999999996	3
29.999999999999957	4
30.399999999999956	1
30.799999999999955	2
31.199999999999953	3
31.59999999999995	4
31.99999999999995	1
32.39999999999995	2
32.79999999999995	3
33.199999999999946	4
33.599999999999945	1
33.99999999999994	2
34.39999999999994	3
34.79999999999994	4
35.19999999999994	1
35.59999999999994	2
35.999999999999936	3
36.399999999999935	4
36.79999999999993	1
37.19999999999993	2
37.59999999999993	3
37.99999999999993	4
38.39999999999993	1
38.799999999999926	2
39.199999999999925	3
39.59999999999992	4
39.99999999999992	1
40.39999999999992	2
40.79999999999992	3
41.19999999999992	4
41.599999999999916	1
41.999999999999915	2
42.39999999999991	3
42.79999999999991	4
43.19999999999991	1
43.59999999999991	2
43.99999999999991	3
44.399999999999906	4
44.799999999999905	1
45.1999999999999	2
45.5999999999999	3
45.9999999999999	4
46.3999999999999	1
46.7999999999999	2
47.199999999999896	3
47.599999999999895	4
47.99999999999989	1
48.39999999999989	2
48.79999999999989	3
49.19999999999989	4
49.59999999999989	1
49.999999999999886	2
50.399999999999885	3
50.79999999999988	4
51.19999999999988	1
51.59999999999988	2
51.99999999999988	3
52.39999999999988	4
52.799999999999876	1
53.18999999999988	2
53.59999999999987	3
53.99999999999987	4
54.39999999999987	1
54.78999999999987	2
55.18999999999987	3
55.609999999999864	4
55.999999999999865	1
56.399999999999864	2
56.789999999999864	3
57.18999999999986	4
57.59999999999986	1
57.99999999999986	2
58.39999999999986	3
58.799999999999855	4
59.199999999999854	1
59.59999999999985	2
59.99999999999985	3
60.39999999999985	4
60.78999999999985	1
61.17999999999984	2
61.57999999999984	3
61.989999999999846	4
62.389999999999844	1
62.78999999999984	2
63.18999999999984	3
63.59999999999984	4
63.99999999999984	1
64.39999999999984	2
64.80999999999985	3
65.19999999999985	4
65.59999999999985	1
65.99999999999986	2
66.39999999999986	3
66.79999999999987	4
67.19999999999987	1
67.59999999999988	2
67.99999999999989	3
68.39999999999989	4
68.7999999999999	1
69.1999999999999	2
69.59999999999991	3
69.99999999999991	4
70.39999999999992	1
70.79999999999993	2
71.19999999999993	3
71.59999999999994	4
71.99999999999994	1
72.39999999999995	2
72.79999999999995	3
73.19999999999996	4
73.59999999999997	1
73.99999999999997	2
74.39999999999998	3
74.79999999999998	4
75.19999999999999	1
75.6	2
76.0	3
76.4	4
76.80000000000001	1
77.20000000000002	2
77.60000000000002	3
78.00000000000003	4
78.40000000000003	1
78.80000000000004	2
79.20000000000005	3
79.60000000000005	4
80.00000000000006	1
80.40000000000006	2
80.80000000000007	3
81.20000000000007	4
81.60000000000008	1
82.00000000000009	2
82.40000000000009	3
82.8000000000001	4
83.2000000000001	1
83.60000000000011	2
84.00000000000011	3
84.40000000000012	4
84.80000000000013	1
85.20000000000013	2
85.60000000000014	3
86.00000000000014	4
86.40000000000015	1
86.80000000000015	2
87.20000000000016	3
87.60000000000016	4
88.00000000000017	1
88.40000000000018	2
88.80000000000018	3
89.20000000000019	4
89.6000000000002	1
90.0000000000002	2
90.4000000000002	3
90.80000000000021	4
91.20000000000022	1
91.60000000000022	2
92.00000000000023	3
92.40000000000023	4
92.80000000000024	1
93.20000000000024	2
93.60000000000025	3
94.00000000000026	4
94.40000000000026	1
94.80000000000027	2
95.20000000000027	3
95.60000000000028	4
96.00000000000028	1
96.40000000000029	2
96.8000000000003	3
97.2000000000003	4
97.6000000000003	1
98.00000000000031	2
98.40000000000032	3
98.80000000000032	4
99.20000000000033	1
99.60000000000034	2
100.00000000000034	3
100.40000000000035	4
100.80000000000035	1
101.20000000000036	2
101.60000000000036	3
102.00000000000037	4
102.40000000000038	1
102.80000000000038	2
103.20000000000039	3
103.60000000000039	4
104.0000000000004	1
104.4000000000004	2
104.80000000000041	3
105.19000000000041	4
105.60000000000042	1
106.00000000000043	2
106.40000000000043	3
106.80000000000044	4
107.20000000000044	1
107.60000000000045	2
108.00000000000045	3
108.40000000000046	4
108.80000000000047	1
109.20000000000047	2
109.60000000000048	3
110.00000000000048	4
110.40000000000049	1
110.8000000000005	2
111.2000000000005	3
111.6000000000005	4
112.00000000000051	1
112.40000000000052	2
112.80000000000052	3
113.20000000000053	4
113.60000000000053	1
114.00000000000054	2
114.40000000000055	3
114.80000000000055	4
115.20000000000056	1
115.60000000000056	2
116.00000000000057	3
116.40000000000057	4
116.80000000000058	1
117.20000000000059	2
117.60000000000059	3
118.0000000000006	4
118.4000000000006	1
118.80000000000061	2
119.20000000000061	3
119.60000000000062	4