0.01	1
0.43857100000000004	2
0.8571420000000001	3
1.285713	4
1.7142840000000001	1
2.142855	2
2.5714259999999998	3
2.9999969999999996	4
3.4285679999999994	1
3.857138999999999	2
4.285709999999999	3
4.724280999999999	4
5.152851999999998	1
5.581422999999998	2
6.009993999999998	3
6.438564999999998	4
6.867135999999998	1
7.2957069999999975	2
7.724277999999997	3
8.152848999999998	4
8.581419999999998	1
9.009990999999998	2
9.438561999999997	3
9.867132999999997	4
10.295703999999997	1
10.724274999999997	2
11.152845999999997	3
11.581416999999997	4
12.009987999999996	1
12.438558999999996	2
12.867129999999996	3
13.295700999999996	4
13.724271999999996	1
14.152842999999995	2
14.581413999999995	3
15.009984999999995	4
15.438555999999995	1
15.867126999999995	2
16.295697999999998	3
16.724269	4
17.15284	1
17.581411000000003	2
18.009982000000004	3
18.438553000000006	4
18.867124000000008	1
19.29569500000001	2
19.72426600000001	3
20.152837000000012	4
20.581408000000014	1
21.009979000000016	2
21.438550000000017	3
21.86712100000002	4
22.29569200000002	1
22.724263000000022	2
23.152834000000023	3
23.581405000000025	4
24.009976000000027	1
24.438547000000028	2
24.86711800000003	3
25.29568900000003	4
25.724260000000033	1
26.152831000000035	2
26.581402000000036	3
27.009973000000038	4
27.43854400000004	1
27.86711500000004	2
28.295686000000043	3
28.724257000000044	4
29.152828000000046	1
29.581399000000047	2
30.00997000000005	3
30.43854100000005	4
30.867112000000052	1
31.295683000000054	2
31.724254000000055	3
32.15282500000005	4
32.59139600000005	1
33.01996700000005	2
33.438538000000044	3
33.86710900000004	4
34.29568000000004	1
34.72425100000004	2
35.152822000000036	3
35.581393000000034	4
36.00996400000003	1
36.43853500000003	2
36.86710600000003	3
37.295677000000026	4
37.724248000000024	1
38.15281900000002	2
38.58139000000002	3
39.00996100000002	4
39.438532000000016	1
39.867103000000014	2
40.29567400000001	3
40.72424500000001	4
41.15281600000001	1
41.58138700000001	2
42.009958000000005	3
42.438529	4
42.8671	1
43.285671	2
43.724242	3
44.152812999999995	4
44.58138399999999	1
45.00995499999999	2
45.43852599999999	3
45.86709699999999	4
46.295667999999985	1
46.72423899999998	2
47.15280999999998	3
47.58138099999998	4
48.00995199999998	1
48.438522999999975	2
48.86709399999997	3
49.29566499999997	4
49.72423599999997	1
50.15280699999997	2
50.581377999999965	3
51.00994899999996	4
51.43851999999996	1
51.86709099999996	2
52.29566199999996	3
52.724232999999955	4
53.16280399999996	1
53.58137499999995	2
54.00994599999995	3
54.43851699999995	4
54.867087999999946	1
55.295658999999944	2
55.72422999999994	3
56.15280099999994	4
56.58137199999994	1
57.009942999999936	2
57.438513999999934	3
57.86708499999993	4
58.29565599999993	1
58.72422699999993	2
59.152797999999926	3
59.581368999999924	4
60.00993999999992	1
60.43851099999992	2
60.86708199999992	3
61.295652999999916	4
61.73422399999992	1
62.16279499999992	2
62.591365999999915	3
63.01993699999991	4
63.44850799999991	1
63.867078999999904	2
64.29564999999991	3
64.7342209999999	4
65.16279199999991	1
65.59136299999992	2
66.01993399999992	3
66.43850499999994	4
66.86707599999994	1
67.29564699999995	2
67.73421799999994	3
68.15278899999996	4
68.58135999999996	1
69.00993099999997	2
69.43850199999997	3
69.86707299999998	4
70.29564399999998	1
70.74421499999998	2
71.182786	3
71.601357	4
72.029928	1
72.448499	2
72.86707000000001	3
73.29564100000002	4
73.72421200000002	1
74.15278300000003	2
74.60135400000003	3
75.00992500000004	4
75.43849600000004	1
75.86706700000005	2
76.29563800000005	3
76.72420900000006	4
77.15278000000006	1
77.58135100000007	2
78.00992200000007	3
78.43849300000008	4
78.86706400000008	1
79.29563500000009	2
79.7242060000001	3
80.1527770000001	4
80.5813480000001	1
81.00991900000011	2
81.43849000000012	3
81.86706100000012	4
82.29563200000013	1
82.72420300000013	2
83.15277400000014	3
83.58134500000014	4
84.00991600000015	1
84.43848700000015	2
84.86705800000016	3
85.29562900000016	4
85.72420000000017	1
86.15277100000017	2
86.58134200000018	3
87.00991300000018	4
87.43848400000019	1
87.86705500000019	2
88.2956260000002	3
88.7241970000002	4
89.15276800000021	1
89.58133900000021	2
90.00991000000022	3
90.43848100000022	4
90.86705200000023	1
91.29562300000023	2
91.72419400000024	3
92.15276500000024	4
92.58133600000025	1
93.00990700000025	2
93.43847800000026	3
93.86704900000026	4
94.29562000000027	1
94.72419100000027	2
95.15276200000028	3
95.58133300000028	4
96.00990400000029	1
96.4384750000003	2
96.8670460000003	3
97.2956170000003	4
97.72418800000031	1
98.15275900000032	2
98.58133000000032	3
99.00990100000033	4
99.43847200000033	1
99.86704300000034	2
100.29561400000034	3
100.72418500000035	4
101.15275600000035	1
101.58132700000036	2
102.00989800000036	3
102.43846900000037	4
102.86704000000037	1
103.29561100000038	2
103.73418200000037	3
104.15275300000039	4
104.5813240000004	1
105.0098950000004	2
105.4384660000004	3
105.86703700000041	4
106.29560800000041	1
106.72417900000042	2
107.15275000000042	3
107.58132100000043	4
108.00989200000043	1
108.43846300000044	2
108.86703400000044	3
109.29560500000045	4
109.72417600000045	1
110.15274700000046	2
110.59131800000046	3
111.00988900000047	4
111.43846000000048	1
111.86703100000048	2
112.29560200000049	3
112.72417300000049	4
113.16274400000049	1
113.5813150000005	2
114.0098860000005	3
114.43845700000051	4
114.86702800000052	1
115.29559900000052	2
115.73417000000052	3
116.15274100000053	4
116.58131200000054	1
117.00988300000054	2
117.43845400000055	3
117.86702500000055	4
118.29559600000056	1
118.72416700000056	2
119.15273800000057	3
119.58130900000057	4
120.01988000000057	1
120.43845100000058	2
120.86702200000059	3
121.2955930000006	4
121.7241640000006	1
122.1527350000006	2
122.5913060000006	3
123.00987700000061	4
123.43844800000062	1
123.86701900000062	2
124.29559000000063	3
124.72416100000063	4
125.15273200000064	1
125.58130300000064	2
126.00987400000065	3
126.43844500000066	4
126.86701600000066	1
127.29558700000067	2
127.72415800000067	3
128.15272900000065	4
128.58130000000065	1
129.00987100000066	2
129.43844200000066	3
129.86701300000067	4