0.01	1
0.705708	2
1.411416	3
2.117124	4
2.822832	1
3.52854	2
4.234248	3
4.9399560000000005	4
5.645664	1
6.351372	2
7.057079999999999	3
7.7727879999999985	4
8.478495999999998	1
9.184953999999998	2
9.891411999999997	3
10.597869999999997	4
11.304327999999996	1
12.000035999999996	2
12.705743999999996	3
13.411451999999995	4
14.117159999999995	1
14.825117999999994	2
15.533075999999994	3
16.241033999999996	4
16.948991999999997	1
17.65395	2
18.358908	3
19.063866	4
19.768824000000002	1
20.467532000000002	2
21.176240000000004	3
21.884948000000005	4
22.593656000000006	1
23.296364000000008	2
24.00907200000001	3
24.71178000000001	4
25.414488000000013	1
26.116945000000012	2
26.829402000000012	3
27.531859000000015	4
28.234316000000014	1
28.942807000000016	2
29.641298000000017	3
30.339789000000017	4
31.038280000000018	1
31.74202100000002	2
32.46576200000002	3
33.16950300000002	4
33.88324400000002	1
34.59073600000002	2
35.29822800000002	3
35.99572000000003	4
36.70321200000003	1
37.40920400000003	2
38.11519600000003	3
38.821188000000035	4
39.52718000000004	1
40.23767200000004	2
40.94816400000004	3
41.65865600000004	4
42.369148000000045	1
43.06514000000005	2
43.77113200000005	3
44.46712400000005	4
45.19311600000005	1
45.896857000000054	2
46.600598000000055	3
47.304339000000056	4
48.00808000000006	1
48.69782200000005	2
49.40756400000005	3
50.127306000000054	4
50.82704800000005	1
51.54379000000005	2
52.25053200000005	3
52.94727400000004	4
53.664016000000046	1
54.36775700000005	2
55.081498000000046	3
55.77523900000005	4
56.48898000000005	1
57.20347200000005	2
57.89796400000005	3
58.60245600000005	4
59.306948000000055	1
60.02219000000005	2
60.71743200000005	3
61.42267400000005	4
62.12791600000005	1
62.844658000000045	2
63.551400000000044	3
64.24814200000004	4
64.95488400000005	1
65.66237600000005	2
66.36986800000005	3
67.05736000000006	4
67.77485200000005	1
68.47534400000006	2
69.17583600000006	3
69.88632800000006	4
70.59682000000006	1
71.31131200000007	2
72.01580400000007	3
72.72029600000008	4
73.42478800000008	1
74.12778000000007	2
74.85077200000006	3
75.55376400000006	4
76.25675600000005	1
76.96274800000005	2
77.66874000000004	3
78.36473200000003	4
79.07072400000003	1
79.78821600000003	2
80.48570800000003	3
81.19320000000003	4
81.90069200000003	1
82.60368400000003	2
83.30667600000002	3
84.00966800000002	4
84.72266000000002	1
85.43165200000001	2
86.130644	3
86.839636	4
87.548628	1
88.24012	2
88.951612	3
89.663104	4
90.364596	1
91.065088	2
91.77558	3
92.47607200000002	4
93.18656400000002	1
93.88805600000002	2
94.58954800000002	3
95.30104000000001	4
96.01253200000002	1
96.71377400000002	2
97.41501600000002	3
98.13625800000001	4
98.82750000000001	1
99.53824100000001	2
100.248982	3
100.94972299999999	4
101.650464	1
102.37020600000001	2
103.07994800000002	3
103.78969000000002	4
104.47943200000003	1
105.19467400000002	2
105.88991600000003	3
106.58515800000002	4
107.29040000000002	1
108.00564200000002	2
108.72088400000001	3
109.42612600000001	4
110.13136800000001	1
110.84036	2
111.549352	3
112.258344	4
112.94733599999999	1
113.67032799999998	2
114.37331999999998	3
115.07631199999997	4
115.77930399999997	1
116.48979599999997	2
117.20028799999997	3
117.90077999999998	4
118.62127199999998	1
119.32276399999998	2
120.01425599999999	3
120.70574799999999	4
121.40723999999999	1
122.13948199999999	2
122.84172399999999	3
123.54396599999998	4
124.25620799999999	1
124.95769999999999	2
125.65919199999999	3
126.36068399999999	4
127.062176	1
127.76721199999999	2
128.482248	3
129.187284	4
129.90232	1
130.62535599999998	2
131.32839199999998	3
132.021428	4
132.72446399999998	1
133.42974999999998	2
134.13503599999999	3
134.830322	4
135.535608	1
136.240144	2
136.94467999999998	3
137.64921599999997	4
138.36375199999995	1
139.07203799999994	2
139.78032399999992	3
140.4886099999999	4
141.1868959999999	1
141.88518199999987	2
142.60346799999988	3
143.31175399999987	4
144.02003999999985	1
144.73307599999984	2
145.42611199999985	3
146.12914799999984	4
146.83218399999984	1
147.52821999999983	2
148.24425599999987	3
148.94029199999986	4
149.6563279999999	1
150.36311399999988	2
151.06989999999988	3
151.76668599999985	4
152.48347199999986	1
153.18800799999985	2
153.89254399999984	3
154.59707999999983	4
155.30161599999983	1
156.00540199999983	2
156.70918799999984	3
157.41297399999985	4
158.11675999999986	1
158.82429599999986	2
159.53183199999987	3
160.23936799999987	4
160.93690399999986	1
161.64368999999985	2
162.35047599999984	3
163.05726199999984	4
163.77404799999985	1
164.47783399999986	2
165.18161999999987	3
165.88540599999988	4
166.58919199999988	1
167.2952279999999	2
168.0012639999999	3
168.70729999999992	4
169.42333599999992	1
170.12012199999992	2
170.82690799999992	3
171.5336939999999	4
172.2404799999999	1
172.94651599999992	2
173.65255199999993	3
174.35858799999994	4
175.06462399999995	1
175.76990999999995	2
176.47519599999995	3
177.18048199999996	4
177.88576799999996	1
178.58630399999993	2
179.29683999999992	3
180.0073759999999	4
180.7079119999999	1
181.42019799999989	2
182.1324839999999	3
182.83476999999988	4
183.53705599999986	1
184.24159199999986	2
184.94612799999985	3
185.64066399999982	4
186.35519999999983	1
187.0682359999998	2
187.7712719999998	3
188.4743079999998	4
189.1773439999998	1
189.8841299999998	2
190.5909159999998	3
191.2977019999998	4
192.00448799999978	1
192.70277399999978	2
193.42105999999976	3
194.11934599999975	4
194.82763199999974	1
195.53666799999974	2
196.2357039999997	3
196.95473999999973	4
197.6537759999997	1
198.3583119999997	2
199.0628479999997	3
199.76738399999968	4
200.47191999999967	1
201.17420599999966	2
201.87649199999964	3
202.58877799999965	4
203.29106399999964	1
204.0093499999996	2
204.7176359999996	3
205.4159219999996	4
206.12420799999958	1
206.83324399999958	2
207.54227999999958	3
208.25131599999958	4
208.96035199999957	1
209.66488799999956	2
210.36942399999955	3
211.07395999999954	4
211.76849599999952	1
212.4752819999995	2
213.19206799999952	3
213.89885399999952	4
214.5956399999995	1
215.30942599999952	2
216.02321199999952	3
216.70699799999952	4
217.42078399999954	1
218.12831999999955	2
218.84585599999954	3
219.55339199999955	4
220.26092799999955	1
220.96846399999956	2
221.66599999999957	3
222.38353599999957	4
223.08107199999958	1
223.79335799999959	2
224.47564399999956	3
225.17792999999955	4
225.89021599999955	1
226.59850199999954	2
227.30678799999953	3
228.0050739999995	4
228.7233599999995	1
229.41864599999948	2
230.1339319999995	3
230.82921799999949	4
231.5445039999995	1
232.2452889999995	2
232.9460739999995	3
233.6468589999995	4
234.36764399999947	1
235.07595299999946	2
235.78426199999947	3
236.4925709999995	4
237.1908799999995	1
237.89693999999952	2
238.60299999999953	3
239.30905999999953	4
240.01511999999954	1
240.72267999999954	2
241.43023999999954	3
242.13779999999954	4
242.83535999999955	1
243.54066999999955	2
244.24597999999955	3
244.95128999999955	4
245.65659999999954	1
246.3511599999995	2
247.06571999999952	3
247.7702799999995	4
248.48483999999948	1
249.19239999999948	2
249.89995999999948	3
250.5975199999995	4
251.29507999999947	1
252.00188899999947	2
252.70869799999946	3
253.41550699999945	4
254.14231599999945	1
254.84462599999947	2
255.53693599999949	3
256.23924599999947	4
256.95155599999947	1
257.6413659999995	2
258.3511759999995	3
259.0609859999995	4
259.7707959999995	1
260.4813549999995	2
261.1919139999995	3
261.8924729999995	4
262.6030319999995	1
263.3130919999995	2
264.0131519999995	3
264.7132119999995	4
265.4232719999995	1
266.1308319999995	2
266.8383919999995	3
267.5359519999995	4
268.2535119999995	1
268.9502619999995	2
269.6570119999995	3
270.3737619999995	4
271.0605119999995	1
271.7657119999995	2
272.4709119999995	3
273.1761119999995	4
273.88131199999947	1
274.58876199999946	2
275.29621199999946	3
276.00366199999945	4
276.70111199999945	1
277.40931199999943	2
278.1175119999994	3
278.8257119999994	4
279.53391199999936	1
280.23836199999937	2
280.9428119999994	3
281.6472619999994	4
282.3517119999994	1
283.05766199999937	2
283.76361199999934	3
284.4695619999993	4
285.1655119999993	1
285.8752119999993	2
286.5849119999993	3
287.2946119999993	4
288.0043119999993	1
288.7080119999993	2
289.41171199999934	3
290.11541199999937	4
290.8191119999994	1
291.5228119999994	2
292.22651199999945	3
292.94021199999946	4