0.04	1
0.6522430000000001	2
1.2644860000000002	3
1.8767290000000003	4
2.4889720000000004	1
3.1012150000000007	2
3.713458000000001	3
4.325701000000001	4
4.897944000000002	1
5.521321000000001	2
6.124698000000001	3
6.738075000000001	4
7.361452000000001	1
7.984829	2
8.588206000000001	3
9.201583000000001	4
9.814960000000001	1
10.44561	2
11.06626	3
11.68691	4
12.307559999999999	1
12.915430999999998	2
13.523301999999997	3
14.131172999999997	4
14.739043999999996	1
15.351486999999997	2
15.963929999999998	3
16.576372999999997	4
17.198815999999997	1
17.815828999999997	2
18.432841999999997	3
19.039854999999996	4
19.656867999999996	1
20.293880999999995	2
20.890893999999996	3
21.507906999999996	4
22.134919999999997	1
22.751932999999998	2
23.348945999999998	3
23.965958999999998	4
24.592971999999996	1
25.209984999999996	2
25.806997999999997	3
26.424010999999997	4
27.051023999999998	1
27.678036999999996	2
28.295049999999996	3
28.912062999999996	4
29.529075999999996	1
30.146088999999996	2
30.753102	3
31.370115	4
31.987128	1
32.614141	2
33.22115399999999	3
33.82816699999999	4
34.45517999999999	1
35.098009999999995	2
35.73083999999999	3
36.33367	4
36.94649999999999	1
37.569329999999994	2
38.192159999999994	3
38.814989999999995	4
39.437819999999995	1
40.127545999999995	2
40.817271999999996	3
41.506997999999996	4
42.166723999999995	1
42.770337999999995	2
43.433952	3
44.007566	4
44.60118	1
45.216947	2
45.842713999999994	3
46.45848099999999	4
47.07424799999999	1
47.69001499999999	2
48.32578199999999	3
48.91154899999999	4
49.527315999999985	1
50.157133999999985	2
50.78695199999999	3
51.36676999999999	4
52.036587999999995	1
52.636405999999994	2
53.246224	3
53.876042	4
54.49586	1
55.115678	2
55.71549600000001	3
56.33531400000001	4
56.96513200000001	1
57.58495000000001	2
58.19476800000002	3
58.80851000000002	4
59.42225200000002	1
60.035994000000024	2
60.649736000000026	3
61.26347800000003	4
61.87722000000003	1
62.50096200000003	2
63.11470400000003	3
63.728446000000034	4
64.35218800000004	1
64.96593000000004	2
65.57967200000004	3
66.19341400000005	4
66.80715600000005	1
67.42089800000005	2
68.03464000000005	3
68.65648200000005	4
69.26832400000005	1
69.90016600000006	2
70.52200800000006	3
71.13777500000006	4
71.75354200000007	1
72.36930900000007	2
72.96507600000007	3
73.60084300000008	4
74.21661000000009	1
74.8323770000001	2
75.4381440000001	3
76.0739110000001	4
76.6696780000001	1
77.29544500000011	2
77.91121200000012	3
78.52697900000013	4
79.12274600000012	1
79.75851300000014	2
80.37428000000014	3
80.99004700000015	4
81.59581400000015	1
82.24158100000015	2
82.84734800000015	3
83.45311500000017	4
84.06293300000002	1
84.68274800000002	2
85.30256300000002	3
85.92237800000001	1
86.540935	2
87.159492	3
87.778049	4
88.38660599999999	1
89.009587	2
89.622568	3
90.235549	4
90.84853000000001	1
91.48151100000001	2
92.09449200000002	3
92.69747300000003	4
93.32045400000003	1
93.95343500000004	2
94.54641600000004	3
95.15939700000004	4
95.77237800000005	1
96.38966700000005	2
96.99695600000005	3
97.61424500000005	4
98.24153400000004	1
98.85882300000004	2
99.47611200000004	3
100.10340100000005	4
100.72069000000005	1
101.33797900000005	2
101.93526800000005	3
102.55255700000005	4
103.17984600000004	1
103.79713500000004	2
104.41442400000004	3
105.02171300000005	4
105.64900200000004	1
106.27640500000004	2
106.91380800000005	3
107.52121100000005	4
108.13861400000005	1
108.75273900000005	2
109.36686400000005	3
109.94098900000004	4
110.55511400000005	1
111.19923900000005	2
111.81336400000005	3
112.42748900000005	4
113.05161400000006	1
113.66573900000006	2
114.28986400000007	3
114.88398900000006	4
115.50811400000006	1
116.12223900000006	2
116.72636400000006	3
117.34048900000006	4
117.96461400000007	1
118.58873900000007	2
119.20286400000008	3
119.83698900000007	4
120.45111400000008	1
121.05509500000008	2
121.65907600000007	3
122.26305700000007	4
122.90703800000007	1
123.52875400000008	2
124.13047000000007	3
124.74218600000007	4
125.37390200000009	1
125.98561800000009	2
126.59733400000009	3
127.20905000000009	4
127.83076600000008	1
128.4524820000001	2
129.0641980000001	3
129.67604000000009	4
130.27788200000006	1
130.89972400000005	2
131.53156600000003	3
132.153408	4
132.77525	1
133.397092	2
134.006403	3
134.62571400000002	4
135.23502500000004	1
135.85762700000004	2
136.47022900000005	3
137.08283100000006	4
137.69543300000007	1
138.30803500000007	2
138.9106370000001	3
139.5232390000001	4
140.1458410000001	1
140.7747730000001	2
141.3937050000001	3
142.0126370000001	4
142.6315690000001	1
143.2505010000001	2
143.87943300000012	3
144.4783650000001	4
145.0972970000001	1
145.70989900000012	2
146.31250100000014	3
146.91510300000013	4
147.53770500000016	1
148.16030700000016	2
148.77290900000017	3
149.38551100000018	4
149.9981130000002	1
150.62704500000018	2
151.24597700000018	3
151.86490900000018	4
152.48384100000018	1
153.1127730000002	2
153.72170500000018	3
154.34063700000019	4
154.95956900000002	1
155.56850100000003	2
156.18743300000003	3
156.80636500000003	1
157.42529700000003	2
158.02878600000003	3
158.652275	4
159.265764	1
159.88925299999997	2
160.50274199999996	3
161.11623099999994	4
161.73971999999995	1
162.37320899999992	2
162.98125499999992	3
163.5793009999999	4
164.2073469999999	1
164.8253929999999	2
165.4434389999999	3
166.04148499999988	4
166.65953099999987	1
167.28757699999986	2
167.90106599999984	3
168.51455499999983	4
169.12804399999982	1
169.75153299999982	2
170.36729999999983	3
170.97306699999982	4
171.59883399999984	1
172.22460099999984	2
172.83036799999985	3
173.44613499999986	4
174.06190199999986	1
174.68766899999986	2
175.29343599999987	3
175.89920299999986	4
176.53496999999987	1
177.16073699999987	2
177.7905549999999	3
178.3903729999999	4
179.00019099999992	1
179.62000899999992	2
180.23982699999993	3
180.83964499999993	4
181.43946299999993	1
182.05928099999994	2
182.67504799999995	3
183.30081499999997	4
183.92658199999997	1
184.55234899999996	2
185.15811599999998	3
185.77388299999998	4
186.38965	1
187.005417	2
187.621184	3
188.236951	4
188.852718	1
189.46848500000002	2
190.08425200000002	3
190.70001900000003	4
191.31578600000003	1
191.95155300000005	2
192.57137100000006	3
193.19118900000007	4
193.82100700000007	1
194.42082500000006	2
195.03064300000008	3
195.6404610000001	4
196.2602790000001	1
196.88009700000012	2
197.49181300000012	3
198.1135290000001	4
198.72524500000011	1
199.33696100000012	2
199.95083000000014	3
200.57469900000015	4
201.19856800000017	1
201.82243700000015	2
202.42010100000013	3
203.03776500000015	4
203.64542900000015	1
204.26309300000014	2
204.86886000000015	3
205.49462700000015	4
206.12039400000015	1
206.73616100000015	2
207.35192800000016	3
207.96769500000016	4
208.58346200000017	1
209.19922900000017	2
209.81904700000018	3
210.4388650000002	4
211.0586830000002	1
211.6785010000002	2
212.30426800000023	3
212.92003500000024	4
213.52580200000023	1
214.14156900000023	2
214.74733600000025	3
215.36310300000025	4
215.97887000000026	1
216.59463700000026	2
217.19040400000026	3
217.80617100000026	4
218.42193800000027	1
219.0477050000003	2
219.6734720000003	3
220.2892390000003	4
220.9050060000003	1
221.5307730000003	2
222.14464200000032	3
222.77851100000032	4
223.39238000000034	1
224.01624900000033	2
224.62796500000033	3
225.24968100000032	4
225.87139700000034	1
226.47311300000032	2
227.08888000000033	3
227.70464700000034	4
228.32041400000034	1
228.92618100000035	2
229.55194800000035	3
230.19771500000036	4
230.80348200000037	1
231.38924900000038	2
231.97501600000038	3
232.59078300000039	4
233.2365500000004	1
233.8923170000004	2
234.4880840000004	3
235.0938510000004	4
235.6996180000004	1
236.30538500000043	2
236.92115200000043	3
237.53691900000044	4
238.17268600000043	1
238.80124300000045	2
239.41980000000046	3
240.03835700000047	4
240.64691400000046	1
241.25547100000048	2
241.8640280000005	3
242.4825850000005	4
243.10114200000007	1
243.73969900000006	2
244.33969900000005	3
244.94969900000007	1
245.58825600000006	2
246.1868130000001	3
246.79537000000008	4
247.4139270000001	1
248.04248400000012	2
248.64104100000011	3
249.24959800000013	4
249.86815500000014	1
250.50400100000013	2
251.09984700000015	3
251.72569300000015	4
252.34153900000015	1
252.95738500000016	2
253.57323100000016	3
254.18907700000017	4
254.80492300000017	1
255.42076900000018	2
256.03661500000015	3
256.65246100000013	4
257.2783070000001	1
257.8941530000001	2
258.50999900000005	3
259.11584500000004	4
259.731691	1
260.36753699999997	2
260.97338299999996	3
261.57922899999994	4
262.2050749999999	1
262.8309209999999	2
263.43676699999986	3
264.04261299999985	4
264.6684589999998	1
265.3000309999998	2
265.9316029999998	3
266.55317499999984	4
267.17474699999985	1
267.76836099999986	2
268.38197499999984	3
269.0055889999998	4
269.6092029999998	1
270.2209189999998	2
270.8426349999998	3
271.4543509999998	4
272.0660669999998	1
272.6677829999998	2
273.2794989999998	3
273.8912149999998	4
274.5029309999998	1
275.1227489999998	2
275.75256699999983	3
276.37238499999984	4
276.99220299999985	1
277.61202099999986	2
278.23183899999987	3
278.8516569999999	4
279.4714749999999	1
280.0912929999999	2
280.7111109999999	3
281.31092899999993	4
281.93074699999994	1
282.55056499999995	2
283.17038299999996	3
283.79020099999997	4
284.410019	1
285.025786	2
285.641553	3
286.24732	4
286.873087	1
287.494803	2
288.096519	3
288.708235	4
289.309951	1
289.941667	2
290.553383	3
291.155099	4
291.766815	1
292.412582	2
293.028349	3
293.644116	4
294.249883	1
294.869701	2
295.48951900000003	3
296.10933700000004	4
296.71915500000006	1
297.33897300000007	2
297.9587910000001	3
298.5686090000001	4
299.1784270000001	1
299.8141940000001	2
300.4099610000001	3
301.02572800000013	4
301.64149500000013	1
302.26270500000015	2
302.89391500000016	3
303.5051250000002	4
304.1263350000002	1
304.74754500000023	2
305.36875500000025	3
305.98996500000027	4
306.6111750000003	1
307.2228670000003	2
307.8245590000003	3
308.4262510000003	4
309.0479430000003	1
309.6696350000003	2
310.2813270000003	3
310.88301900000033	4
311.5047110000003	1
312.13088000000033	2
312.74704900000035	3
313.36321800000036	4
313.98938700000036	1
314.5955560000004	2
315.2117250000004	3
315.8278940000004	4
316.4640630000004	1
317.0902320000004	2
317.69640100000044	3
318.31257000000045	4
318.9087390000005	1
319.5349080000005	2
320.1510770000005	3
320.7672460000005	4
321.37341500000053	1