0.0	1
0.5	2
1.0	3
1.5	4
2.06	1
2.5	2
3.0	3
3.5	4
4.04	1
4.54	2
5.02	3
5.52	4
6.02	1
6.52	2
7.02	3
7.52	4
8.02	1
8.52	2
9.01	3
9.5	4
10.0	1
10.5	2
11.0	3
11.5	4
12.0	1
12.5	2
13.0	3
13.49	4
13.99	1
14.49	2
14.99	3
15.5	4
15.99	1
16.49	2
16.99	3
17.48	4
17.99	1
18.48	2
18.98	3
19.48	4
19.98	1
20.48	2
20.97	3
21.46	4
21.97	1
22.46	2
22.96	3
23.46	4
23.96	1
24.47	2
24.96	3
25.46	4
25.96	1
26.47	2
26.97	3
27.47	4
27.95	1
28.46	2
28.95	3
29.45	4
29.95	1
30.45	2
30.95	3
31.44	4
31.95	1
32.441803	2
32.933606	3
33.43540899999999	4
33.92721199999999	1
34.429014999999985	2
34.940817999999986	3
35.43262099999998	4
35.92442399999998	1
36.43442399999998	2
36.92442399999998	3
37.42442399999998	4
37.92442399999998	1
38.414423999999975	2
38.92442399999998	3
39.42442399999998	4
39.92442399999998	1
40.42234799999998	2
40.920271999999976	3
41.40819599999997	4
41.906119999999966	1
42.394043999999965	2
42.90196799999996	3
43.409891999999964	4
43.897815999999956	1
44.395739999999954	2
44.90366399999996	3
45.401587999999954	4
45.88951199999995	1
46.387435999999944	2
46.88535999999994	3
47.38328399999994	4
47.88120799999994	1
48.38120799999994	2
48.89120799999994	3
49.39120799999994	4
49.89120799999994	1
50.39120799999994	2
50.88120799999994	3
51.39120799999994	4
51.89120799999994	1
52.39120799999994	2
52.88120799999994	3
53.38120799999994	4
53.88120799999994	1
54.38120799999994	2
54.87120799999994	3
55.38120799999994	4
55.87120799999994	1
56.36913199999994	2
56.867055999999934	3
57.36497999999993	4
57.86290399999993	1
58.36082799999993	2
58.858751999999924	3
59.35667599999992	4
59.87459999999992	1
60.37252399999992	2
60.86044799999991	3
61.35837199999991	4
61.84629599999991	1
62.36421999999991	2
62.86214399999991	3
63.360067999999906	4
63.8579919999999	1
64.3559159999999	2
64.85383999999989	3
65.35176399999989	4
65.84968799999989	1
66.34761199999988	2
66.84553599999988	3
67.34345999999988	4
67.84138399999988	1
68.33930799999987	2
68.83723199999987	3
69.33515599999987	4
69.84307999999987	1
70.34100399999987	2
70.83892799999987	3
71.33685199999987	4
71.83477599999986	1
72.33477599999986	2
72.82477599999986	3
73.32477599999986	4
73.82477599999986	1
74.33477599999986	2
74.83477599999986	3
75.33477599999986	4
75.83477599999986	1
76.33477599999986	2
76.83477599999986	3
77.33477599999986	4
77.83477599999986	1
78.33477599999986	2
78.82477599999986	3
79.32477599999986	4
79.81477599999987	1
80.31477599999987	2
80.81477599999987	3
81.30477599999986	4
81.80477599999986	1
82.30477599999986	2
82.78477599999987	3
83.28477599999987	4
83.79477599999986	1
84.30269999999986	2
84.78062399999986	3
85.27854799999986	4
85.77647199999986	1
86.29439599999985	2
86.79231999999985	3
87.29024399999984	4
87.77816799999984	1
88.27609199999984	2
88.77401599999983	3
89.27193999999983	4
89.77986399999983	1
90.28778799999984	2
90.78571199999983	3
91.28363599999983	4
91.78155999999983	1
92.27948399999983	2
92.77740799999982	3
93.27533199999982	4
93.77325599999982	1
94.27117999999982	2
94.76910399999981	3
95.2770279999998	4
95.7749519999998	1
96.2728759999998	2
96.7707999999998	3
97.26872399999979	4
97.76664799999979	1
98.2745719999998	2
98.77249599999979	3
99.26041999999978	4
99.75834399999978	1
100.25834399999978	2
100.75834399999978	3
101.25834399999978	4
101.76834399999979	1
102.25834399999978	2
102.75834399999978	3
103.25834399999978	4
103.75834399999978	1
104.25834399999978	2
104.75834399999978	3
105.25834399999978	4
105.74834399999979	1
106.24626799999979	2
106.74419199999979	3
107.24211599999978	4
107.74003999999978	1
108.24796399999977	2
108.74588799999977	3
109.24381199999976	4
109.73173599999977	1
110.22965999999977	2
110.72758399999977	3
111.22550799999976	4
111.73343199999975	1
112.22135599999976	2
112.71927999999976	3
113.21720399999975	4
113.71512799999975	1
114.21305199999975	2
114.71097599999975	3
115.21889999999973	4
115.71682399999973	1
116.22474799999974	2
116.72267199999973	3
117.21059599999973	4
117.70851999999972	1
118.20644399999972	2
118.71436799999972	3
119.21229199999972	4
119.71021599999972	1
120.19813999999971	2
120.69606399999971	3
121.1939879999997	4
121.6919119999997	1
122.1898359999997	2
122.6877599999997	3
123.1956839999997	4
123.6936079999997	1
124.1915319999997	2
124.6894559999997	3
125.17737999999969	4
125.67530399999968	1
126.17322799999968	2
126.67115199999968	3
127.15907599999969	4
127.67699999999968	1
128.18699999999967	2
128.67699999999968	3
129.1669999999997	4
129.65699999999967	1
130.15699999999967	2
130.65699999999967	3
131.15699999999967	4
131.6669999999997	1
132.1669999999997	2
132.6669999999997	3
133.15699999999967	4
133.65699999999967	1
134.1669999999997	2
134.6669999999997	3
135.1669999999997	4
135.6669999999997	1
136.1669999999997	2
136.6669999999997	3
137.15699999999967	4
137.65699999999967	1
138.1628679999997	2
138.6587359999997	3
139.16460399999968	4
139.6604719999997	1
140.1563399999997	2
140.6522079999997	3
141.1480759999997	4
141.6439439999997	1
142.1398119999997	2
142.6456799999997	3
143.1415479999997	4
143.6274159999997	1
144.1232839999997	2
144.6191519999997	3
145.1150199999997	4
145.6108879999997	1
146.1150889999997	2
146.62928999999968	3
147.1234909999997	4
147.62769199999968	1
148.13189299999968	2
148.62609399999968	3
149.12029499999966	4
149.62449599999965	1
150.12036399999965	2
150.60623199999966	3
151.10209999999967	4
151.60796799999966	1
152.12216899999967	2
152.59636999999967	3
153.09057099999964	4
153.59477199999964	1
154.08897299999964	2
154.59317399999964	3
155.09737499999963	4
155.62157599999964	1
156.11949999999965	2
156.61742399999966	3
157.10534799999965	4
157.63327199999966	1
158.13119599999968	2
158.6191199999997	3
159.1170439999997	4
159.63496799999973	1
160.12289199999972	2
160.61081599999974	3
161.10873999999976	4
161.60666399999977	1
162.10458799999978	2
162.61251199999978	3
163.1104359999998	4
163.59835999999981	1
164.09628399999983	2
164.60420799999983	3
165.10213199999984	4
165.60005599999985	1
166.08797999999987	2
166.58590399999989	3
167.0838279999999	4
167.5917519999999	1
168.0896759999999	2
168.57759999999993	3
169.07552399999994	4
169.57344799999996	1
170.07137199999997	2
170.56929599999998	3
171.07721999999998	4
171.575144	1
172.05306800000002	2
172.57099200000002	3
173.06891600000003	4
173.56684000000004	1
174.06476400000005	2
174.57268800000008	3
175.0706120000001	4
175.5585360000001	1
176.0564600000001	2
176.56438400000013	3
177.05230800000012	4
177.55023200000014	1
178.04815600000015	2
178.54608000000016	3
179.04400400000017	4
179.54192800000018	1
180.0398520000002	2
180.5377760000002	3
181.03570000000022	4
181.54362400000025	1
182.04154800000026	2
182.53947200000027	3
183.03739600000029	4
183.5353200000003	1
184.0332440000003	2
184.5211680000003	3
185.0190920000003	4
185.51701600000032	1
186.02494000000036	2
186.51286400000035	3
187.01078800000036	4
187.5187120000004	1
188.0166360000004	2
188.51456000000042	3
189.01248400000043	4
189.50040800000042	1
189.99833200000043	2
190.48625600000045	3
191.01418000000047	4
191.51210400000048	1
192.0100280000005	2
192.5079520000005	3
192.99587600000052	4
193.49380000000053	1
193.99172400000054	2
194.48964800000056	3
194.98757200000057	4
195.48549600000058	1
195.99342000000058	2
196.4913440000006	3
196.97926800000062	4
197.47719200000063	1
197.97719200000063	2
198.47719200000063	3
198.97719200000063	4
199.47719200000063	1
199.97719200000063	2
200.47719200000063	3
200.97719200000063	4
201.4671920000006	1
201.9671920000006	2
202.4671920000006	3
202.9671920000006	4
203.48719200000062	1
203.98719200000062	2
204.47719200000063	3
204.97719200000063	4
205.4671920000006	1
205.9671920000006	2
206.4671920000006	3
206.9671920000006	4
207.4671920000006	1
207.96511600000062	2
208.47304000000065	3
208.96096400000064	4
209.45888800000066	1
209.95681200000067	2
210.4647360000007	3
210.9626600000007	4
211.4505840000007	1
211.94850800000071	2
212.44643200000073	3
212.94435600000074	4
213.44228000000075	1
213.95020400000078	2
214.4481280000008	3
214.9460520000008	4
215.44397600000082	1
215.94190000000083	2
216.43982400000084	3
216.92774800000083	4
217.42567200000084	1
217.92359600000086	2
218.42152000000087	3
218.91944400000088	4
219.4173680000009	1
219.9152920000009	2
220.42321600000093	3
220.92114000000095	4
221.42906400000095	1
221.92698800000096	2
222.43491200000096	3
222.93283600000098	4
223.430760000001	1
223.918684000001	2
224.41660800000102	3
224.91453200000103	4
225.41245600000104	1
225.91038000000106	2
226.38830400000106	3
226.88622800000107	4
227.3941520000011	1
227.9020760000011	2
228.39000000000112	3
228.88792400000114	4
229.38584800000115	1
229.89377200000115	2
230.39169600000116	3
230.87962000000118	4
231.3775440000012	1
231.86754400000117	2
232.36754400000117	3
232.8775440000012	4
233.3775440000012	1
233.8775440000012	2
234.36754400000117	3
234.86754400000117	4
235.36754400000117	1
235.86754400000117	2
236.35754400000118	3
236.86754400000117	4
237.36754400000117	1
237.86754400000117	2
238.36754400000117	3
238.86754400000117	4
239.35754400000118	1
239.86754400000117	2
240.36754400000117	3
240.86754400000117	4
241.35754400000118	1
241.85754400000118	2
242.35754400000118	3
242.85754400000118	4
243.35754400000118	1
243.8554680000012	2
244.3533920000012	3
244.85131600000122	4
245.34924000000123	1
245.84716400000124	2
246.34508800000125	3
246.85301200000126	4
247.35093600000127	1
247.8388600000013	2
248.3367840000013	3
248.8447080000013	4
249.34263200000132	1
249.83055600000134	2
250.31848000000136	3
250.81640400000137	4
251.32432800000137	1
251.8122520000014	2
252.3101760000014	3
252.80810000000142	4
253.31602400000142	1
253.82394800000142	2
254.31187200000144	3
254.80979600000146	4
255.30772000000147	1
255.80564400000148	2
256.3035680000015	3
256.80149200000153	4
257.29941600000154	1
257.79734000000155	2
258.2852640000015	3
258.7931880000016	4
259.2911120000016	1
259.7890360000016	2
260.2869600000016	3
260.7948840000016	4
261.2928080000016	1
261.78073200000165	2
262.27865600000166	3
262.78658000000166	4
263.2845040000017	1
263.7824280000017	2
264.2803520000017	3
264.7682760000017	4
265.26620000000173	1
265.77412400000173	2
266.27204800000175	3
266.76997200000176	4
267.26789600000177	1
267.7758200000018	2
268.2737440000018	3
268.7716680000018	4
269.2695920000018	1
269.7775160000018	2
270.2754400000018	3
270.77336400000183	4
271.27128800000185	1
271.76921200000186	2
272.26713600000187	3
272.7650600000019	4
273.2629840000019	1
273.7609080000019	2
274.2488320000019	3
274.74675600000194	4
275.24468000000195	1