0.0	1
0.315789	2
0.631578	3
0.947367	4
1.263156	1
1.578945	2
1.8947340000000001	3
2.2105230000000002	4
2.5263120000000003	1
2.9321010000000003	2
3.1378900000000005	3
3.4536790000000006	4
3.779468000000001	1
4.105240000000001	2
4.421012000000001	3
4.736784000000001	4
5.052556000000001	1
5.378328000000001	2
5.674100000000001	3
5.989872000000001	4
6.305644000000001	1
6.621416000000001	2
6.937188000000001	3
7.2629600000000005	4
7.568732000000001	1
7.904504	2
8.210276	3
8.526048000000001	4
8.841820000000002	1
9.157592000000003	2
9.473364000000004	3
9.789136000000005	4
10.104908000000005	1
10.420680000000006	2
10.726452000000007	3
11.052224000000008	4
11.367996000000009	1
11.68376800000001	2
11.98954000000001	3
12.325312000000011	4
12.621084000000012	1
12.936856000000013	2
13.252628000000014	3
13.558400000000015	4
13.874172000000016	1
14.189944000000017	2
14.515716000000017	3
14.831488000000018	4
15.137260000000019	1
15.45303200000002	2
15.76880400000002	3
16.08457600000002	4
16.40034800000002	1
16.716120000000018	2
17.041892000000015	3
17.347664000000016	4
17.663436000000015	1
17.979208000000014	2
18.30498000000001	3
18.62075200000001	4
18.92652400000001	1
19.25229600000001	2
19.568068000000007	3
19.883840000000006	4
20.189612000000007	1
20.505384000000006	2
20.831156000000004	3
21.146928000000003	4
21.4627	1
21.768472000000003	2
22.094244	3
22.410016	4
22.715788	1
23.041559999999997	2
23.357331999999996	3
23.673103999999995	4
23.978875999999996	1
24.304647999999993	2
24.620419999999992	3
24.926191999999993	4
25.241963999999992	1
25.55773599999999	2
25.89350799999999	3
26.20927999999999	4
26.50505199999999	1
26.830823999999986	2
27.146595999999985	3
27.462367999999984	4
27.768139999999985	1
28.083911999999984	2
28.40968399999998	3
28.745455999999983	4
29.04122799999998	1
29.34699999999998	2
29.672771999999977	3
29.978543999999978	4
30.294315999999977	1
30.610087999999976	2
30.925859999999975	3
31.241631999999974	4
31.557403999999973	1
31.88317599999997	2
32.19894799999997	3
32.514719999999976	4
32.82049199999997	1
33.136263999999976	2
33.46203599999998	3
33.777807999999986	4
34.09357999999999	1
34.40935199999999	2
34.725123999999994	3
35.040896	4
35.356668	1
35.67244	2
35.988212000000004	3
36.293984	4
36.609756000000004	1
36.92552800000001	2
37.251300000000015	3
37.55707200000001	4
37.872844000000015	1
38.18861600000002	2
38.514388000000025	3
38.83016000000003	4
39.14593200000003	1
39.46170400000003	2
39.76747600000003	3
40.09324800000004	4
40.40902000000004	1
40.72479200000004	2
41.040564000000046	3
41.35633600000005	4
41.67210800000005	1
41.97788000000005	2
42.303652000000056	3
42.61942400000006	4
42.92519600000006	1
43.250968000000064	2
43.56674000000007	3
43.88251200000007	4
44.18828400000007	1
44.50405600000007	2
44.81982800000007	3
45.135600000000075	4
45.45137200000008	1
45.76714400000008	2
46.09291600000009	3
46.40868800000009	4
46.72446000000009	1
47.03023200000009	2
47.34600400000009	3
47.6717760000001	4
47.9775480000001	1
48.303320000000106	2
48.61909200000011	3
48.93486400000011	4
49.250636000000114	1
49.55640800000011	2
49.88218000000012	3
50.19795200000012	4
50.513724000000124	1
50.81949600000012	2
51.135268000000124	3
51.45104000000013	4
51.76681200000013	1
52.09258400000014	2
52.40835600000014	3
52.72412800000014	4
53.02990000000014	1
53.34567200000014	2
53.67144400000015	3
53.98721600000015	4
54.302988000000155	1
54.60876000000015	2
54.93453200000016	3
55.25030400000016	4
55.566076000000166	1
55.88184800000017	2
56.19762000000017	3
56.513392000000174	4
56.829164000000176	1
57.14493600000018	2
57.46070800000018	3
57.76648000000018	4
58.09225200000019	1
58.398024000000184	2
58.73379600000019	3
59.039568000000195	4
59.3553400000002	1
59.6711120000002	2
59.9868840000002	3
60.302656000000205	4
60.61842800000021	1
60.93420000000021	2
61.24997200000021	3
61.55574400000021	4
61.88151600000022	1
62.19728800000022	2
62.51306000000022	3
62.828832000000226	4
63.14460400000023	1
63.450376000000226	2
63.76614800000023	3
64.09192000000023	4
64.40769200000022	1
64.72346400000022	2
65.03923600000022	3
65.34500800000022	4
65.66078000000022	1
65.97655200000021	2
66.3023240000002	3
66.6180960000002	4
66.93386800000019	1
67.2396400000002	2
67.55541200000019	3
67.88118400000018	4
68.19695600000017	1
68.51272800000017	2
68.82850000000016	3
69.14427200000016	4
69.46004400000015	1
69.76581600000016	2
70.09158800000014	3
70.40736000000014	4
70.72313200000013	1
71.03890400000013	2
71.36467600000013	3
71.68044800000013	4
71.97622000000013	1
72.30199200000011	2
72.61776400000011	3
72.9335360000001	4
73.2493080000001	1
73.5550800000001	2
73.88085200000009	3
74.19662400000009	4
74.51239600000008	1
74.81816800000009	2
75.14394000000007	3
75.45971200000007	4
75.77548400000006	1
76.09125600000006	2
76.40702800000005	3
76.72280000000005	4
77.03857200000004	1
77.35434400000004	2
77.67011600000004	3
77.97588800000004	4
78.30166000000003	1
78.61743200000002	2
78.93320400000002	3
79.24897600000001	4
79.56474800000001	1
79.88052	2
80.196292	3
80.512064	4
80.82783599999999	1
81.14360799999999	2
81.46937999999999	3
81.81515199999998	4
82.09092399999997	1
82.40669599999997	2
82.72246799999996	3
83.03823999999996	4
83.35401199999995	1
83.66978399999995	2
83.98555599999995	3
84.29132799999995	4
84.60709999999995	1
84.93287199999993	2
85.24864399999993	3
85.56441599999992	4
85.88018799999992	1
86.19595999999991	2
86.51173199999991	3
86.8275039999999	4
87.1432759999999	1
87.4590479999999	2
87.77481999999989	3
88.09059199999989	4
88.40636399999988	1
88.72213599999988	2
89.03790799999987	3
89.35367999999987	4
89.65945199999987	1
89.97522399999987	2
90.31099599999986	3
90.61676799999985	4
90.93253999999985	1
91.24831199999984	2
91.57408399999984	3
91.87985599999983	4
92.19562799999983	1
92.51139999999982	2
92.82717199999982	3
93.14294399999982	4
93.45871599999981	1
93.7744879999998	2
94.0902599999998	3
94.4060319999998	4
94.72180399999979	1
95.0275759999998	2
95.35334799999978	3
95.66911999999978	4
95.98489199999977	1
96.30066399999977	2
96.61643599999977	3
96.93220799999976	4
97.24797999999976	1
97.55375199999976	2
97.86952399999976	3
98.18529599999975	4
98.51106799999974	1
98.82683999999973	2
99.14261199999973	3
99.45838399999973	4
99.77415599999972	1
100.08992799999972	2
100.40569999999971	3
100.72147199999971	4
101.0372439999997	1
101.3530159999997	2
101.6687879999997	3
101.98455999999969	4
102.30033199999968	1
102.61610399999968	2
102.93187599999968	3
103.24764799999967	4
103.56341999999967	1
103.87919199999966	2
104.20496399999966	3
104.52073599999966	4
104.82650799999965	1
105.14227999999964	2
105.45805199999964	3
105.77382399999964	4
106.08959599999963	1
106.40536799999963	2
106.73113999999963	3
107.03691199999962	4
107.35268399999961	1
107.66845599999961	2
107.9842279999996	3
108.2999999999996	4
108.6157719999996	1
108.93154399999959	2
109.24731599999959	3
109.56308799999958	4
109.87885999999958	1
110.19463199999957	2
110.51040399999957	3
110.82617599999956	4
111.14194799999956	1
111.45771999999955	2
111.78349199999955	3
112.09926399999955	4
112.40503599999954	1
112.72080799999954	2
113.03657999999953	3
113.35235199999953	4
113.66812399999952	1
113.98389599999952	2
114.30966799999952	3
114.62543999999951	4
114.9312119999995	1
115.2469839999995	2
115.5627559999995	3
115.87852799999949	4
116.19429999999949	1
116.51007199999948	2
116.82584399999948	3
117.14161599999947	4
117.45738799999947	1
117.77315999999946	2
118.08893199999946	3
118.40470399999946	4
118.72047599999945	1
119.02624799999946	2
119.34201999999945	3
119.65779199999945	4
119.98356399999943	1
120.29933599999943	2
120.61510799999942	3
120.93087999999942	4
121.24665199999941	1
121.56242399999941	2
121.8781959999994	3
122.1939679999994	4
122.5097399999994	1
122.8155119999994	2
123.14128399999939	3
123.45705599999938	4
123.77282799999938	1
124.08859999999937	2
124.40437199999937	3
124.72014399999937	4
125.02591599999937	1
125.35168799999936	2
125.68745999999936	3
125.97323199999936	4
126.29900399999934	1
126.61477599999934	2
126.93054799999933	3
127.24631999999933	4
127.56209199999932	1
127.87786399999932	2
128.19363599999934	3
128.50940799999935	4
128.82517999999936	1
129.14095199999937	2
129.45672399999938	3
129.7724959999994	4
130.0882679999994	1
130.4040399999994	2
130.71981199999942	3
131.03558399999943	4
131.35135599999944	1
131.66712799999945	2
131.98289999999946	3
132.29867199999947	4
132.61444399999948	1
132.9302159999995	2
133.2459879999995	3
133.5617599999995	4
133.87753199999952	1
134.19330399999953	2
134.50907599999954	3
134.82484799999955	4
135.14061999999956	1
135.45639199999957	2
135.77216399999958	3
136.0879359999996	4
136.4037079999996	1
136.7194799999996	2
137.03525199999962	3
137.35102399999963	4
137.66679599999964	1
137.98256799999965	2
138.29833999999965	3
138.61411199999966	4
138.92988399999967	1
139.24565599999968	2
139.57142799999968	3
139.8871999999997	4
140.2029719999997	1
140.5187439999997	2
140.83451599999972	3
141.14028799999974	4
141.46605999999974	1
141.78183199999975	2
142.09760399999976	3
142.42337599999976	4
142.7191479999998	1
143.0349199999998	2
143.3506919999998	3
143.66646399999982	4
143.98223599999983	1
144.29800799999984	2
144.62377999999984	3
144.93955199999985	4
145.24532399999987	1
145.56109599999988	2
145.88686799999988	3
146.1926399999999	4
146.5084119999999	1
146.82418399999992	2
147.14995599999992	3
147.46572799999993	4
147.77149999999995	1
148.08727199999996	2
148.41304399999996	3
148.71881599999998	4
149.03458799999999	1
149.35036	2
149.666132	3
149.98190400000001	4
150.29767600000002	1
150.62344800000002	2
150.93922000000003	3
151.25499200000004	4
151.57076400000005	1
151.88653600000006	2
152.20230800000007	3
152.51808000000008	4
152.8238520000001	1
153.1496240000001	2
153.4653960000001	3
153.77116800000013	4
154.08694000000014	1
154.40271200000015	2
154.72848400000015	3
155.04425600000016	4
155.35002800000018	1
155.6658000000002	2
155.9915720000002	3
156.2973440000002	4
156.61311600000022	1
156.92888800000023	2
157.25466000000023	3
157.56043200000025	4
157.87620400000026	1
158.19197600000027	2
158.51774800000027	3
158.83352000000028	4
159.1392920000003	1
159.4550640000003	2
159.77083600000032	3
160.08660800000033	4
160.40238000000033	1
160.72815200000034	2
161.04392400000035	3
161.34969600000036	4
161.66546800000037	1
161.99124000000037	2
162.30701200000038	3
162.6227840000004	4
162.9285560000004	1
163.2543280000004	2
163.57010000000042	3
163.87587200000044	4
164.19164400000045	1
164.50741600000046	2
164.83318800000046	3
165.14896000000047	4
165.46473200000048	1
165.7805040000005	2
166.0962760000005	3
166.40204800000052	4
166.71782000000053	1
167.04359200000053	2
167.35936400000054	3
167.66513600000056	4
167.98090800000057	1
168.29668000000058	2
168.6124520000006	3
168.9282240000006	4
169.2439960000006	1
169.55976800000062	2
169.87554000000063	3
170.19131200000064	4
170.50708400000065	1
170.83285600000065	2
171.14862800000066	3
171.46440000000067	4
171.78017200000068	1
172.09594400000069	2
172.4117160000007	3
172.7274880000007	4
173.0432600000007	1
173.35903200000072	2
173.67480400000073	3
173.98057600000075	4
174.28634800000074	1
174.63212000000075	2
174.93789200000077	3
175.25366400000078	4
175.5594360000008	1
175.8652080000008	2
176.2009800000008	3
176.50675200000083	4
176.82252400000084	1
177.13829600000085	2
177.47406800000084	3
177.78984000000085	4
178.08561200000088	1
178.4013840000009	2
178.7171560000009	3
179.0329280000009	4
179.34870000000092	1
179.67447200000092	2
179.99024400000093	3
180.30601600000094	4
180.62178800000095	1
180.92756000000097	2
181.25333200000097	3
181.55910400000099	4
181.874876000001	1
182.190648000001	2
182.516420000001	3
182.83219200000102	4
183.13796400000103	1
183.45373600000104	2
183.76950800000105	3
184.08528000000106	4
184.40105200000107	1
184.71682400000108	2
185.04259600000108	3
185.3583680000011	4
185.6741400000011	1
185.97991200000112	2
186.29568400000113	3
186.61145600000114	4
186.92722800000115	1
187.24300000000116	2
187.55877200000117	3
187.87454400000118	4
188.1903160000012	1
188.5060880000012	2
188.8218600000012	3
189.13763200000122	4
189.45340400000123	1
189.76917600000124	2
190.08494800000125	3
190.40072000000126	4
190.71649200000127	1
191.03226400000128	2
191.3480360000013	3
191.6638080000013	4
191.9795800000013	1
192.29535200000132	2
192.61112400000133	3
192.93689600000133	4
193.24266800000134	1
193.55844000000135	2
193.87421200000136	3
194.18998400000137	4
194.50575600000138	1
194.8215280000014	2
195.1473000000014	3
195.4730720000014	4
195.76884400000142	1
196.08461600000143	2
196.43038800000144	3
196.71616000000145	4
197.04193200000145	1
197.37770400000147	2
197.69347600000148	3
198.0092480000015	4
198.2950200000015	1
198.6107920000015	2
198.92656400000152	3
199.24233600000153	4
199.55810800000154	1
199.87388000000155	2
200.17965200000154	3
200.50542400000157	4
200.82119600000158	1
201.1369680000016	2
201.4527400000016	3
201.7685120000016	4
202.08428400000162	1
202.40005600000163	2
202.72582800000163	3
203.05160000000163	4
203.34737200000166	1
203.67314400000166	2
203.97891600000168	3
204.29468800000168	4
204.6104600000017	1
204.9262320000017	2
205.2320040000017	3
205.5377760000017	4
205.88354800000172	1
206.18932000000174	2
206.50509200000175	3
206.82086400000176	4
207.13663600000177	1
207.45240800000178	2
207.7681800000018	3
208.0839520000018	4
208.3997240000018	1
208.71549600000182	2
209.03126800000183	3
209.34704000000184	4
209.72281200000185	1
209.97858400000186	2
210.30435600000186	3
210.61012800000188	4
210.9259000000019	1
211.2416720000019	2
211.5574440000019	3
211.87321600000192	4
212.18898800000193	1
212.50476000000194	2
212.83053200000194	3
213.13630400000196	4
213.45207600000197	1
213.76784800000198	2
214.09362000000198	3
214.399392000002	4
214.715164000002	1
215.03093600000201	2
215.34670800000202	3
215.66248000000203	4
215.97825200000204	1
216.29402400000205	2
216.60979600000206	3
216.92556800000207	4
217.24134000000208	1
217.5571120000021	2
217.8828840000021	3
218.1886560000021	4
218.50442800000212	1
218.82020000000213	2
219.13597200000214	3
219.45174400000215	4
219.76751600000216	1
220.08328800000217	2
220.40906000000217	3
220.72483200000218	4
221.0306040000022	1
221.3463760000022	2
221.6721480000022	3
221.97792000000223	4
222.30369200000223	1
222.61946400000224	2
222.93523600000225	3
223.23100800000225	4
223.54678000000226	1
223.8725520000023	2
224.1883240000023	3
224.5140960000023	4
224.7998680000023	1
225.13564000000233	2
225.45141200000234	3
225.76718400000235	4
226.09295600000235	1
226.39872800000236	2
226.71450000000237	3
227.03027200000238	4
227.3460440000024	1
227.6718160000024	2
227.9875880000024	3
228.3033600000024	4
228.60913200000243	1
228.92490400000244	2
229.23067600000243	3
229.55644800000246	4
229.87222000000247	1
230.18799200000248	2
230.51376400000248	3
230.8295360000025	4
231.1453080000025	1
231.4610800000025	2
231.76685200000253	3
232.06262400000253	4
232.40839600000254	1
232.72416800000255	2
233.02994000000257	3
233.34571200000258	4
233.6614840000026	1
233.9772560000026	2
234.2930280000026	3
234.5988000000026	4
234.93457200000262	1
235.25034400000263	2
235.55611600000265	3
235.87188800000266	4
236.18766000000267	1
236.51343200000267	2
236.81920400000269	3
237.12497600000268	4
237.4507480000027	1
237.7665200000027	2
238.08229200000272	3
238.39806400000273	4
238.72383600000273	1
239.03960800000274	2
239.34538000000276	3
239.66115200000277	4
239.97692400000278	1
240.28269600000277	2
240.6084680000028	3
240.8942400000028	4
241.2500120000028	1
241.53578400000282	2
241.88155600000283	3
242.19732800000284	4
242.51310000000285	1
242.83887200000285	2
243.15464400000286	3
243.47041600000287	4
243.7661880000029	1
244.0919600000029	2
244.4077320000029	3
244.72350400000292	4
245.02927600000294	1
245.34504800000295	2
245.67082000000295	3
245.97659200000297	4
246.30236400000297	1
246.61813600000298	2
246.933908000003	3
247.239680000003	4
247.55545200000302	1
247.88122400000302	2
248.19699600000303	3
248.49276800000303	4
248.82854000000304	1
249.14431200000305	2
249.46008400000306	3
249.76585600000308	4
250.0816280000031	1
250.3974000000031	2
250.7231720000031	3
251.0389440000031	4
251.35471600000312	1
251.67048800000313	2
251.98626000000314	3
252.29203200000316	4
252.60780400000317	1
252.93357600000317	2
253.24934800000318	3
253.5651200000032	4
253.8808920000032	1
254.18666400000322	2
254.51243600000322	3
254.81820800000324	4
255.14398000000324	1
255.45975200000325	2
255.77552400000326	3
256.08129600000325	4
256.39706800000323	1
256.7228400000032	2
257.0386120000032	3
257.35438400000317	4
257.66015600000316	1
257.97592800000314	2
258.3017000000031	3
258.6274720000031	4
258.93324400000307	1
259.24901600000305	2
259.56478800000303	3
259.870560000003	4
260.186332000003	1
260.512104000003	2
260.82787600000296	3
261.14364800000294	4
261.4594200000029	1
261.7651920000029	2
262.0909640000029	3
262.3967360000029	4
262.72250800000285	1
263.0382800000028	2
263.3540520000028	3
263.6698240000028	4
263.9855960000028	1
264.30138500000277	2
264.61717400000276	3
264.93296300000276	4
265.2787520000027	1
265.57454100000274	2
265.89033000000273	3
266.20611900000273	4
266.51190800000273	1
266.82769700000273	2
267.1434860000027	3
267.4592750000027	4
267.7750640000027	1
268.0908530000027	2
268.4066420000027	3
268.7224310000027	4
269.0382200000027	1
269.3440090000027	2
269.6697980000027	3
269.9755870000027	4
270.3013760000027	1
270.6171650000027	2
270.94295400000266	3
271.25874300000265	4
271.56453200000266	1
271.88032100000265	2
272.19611000000265	3
272.51189900000264	4
272.82768800000264	1
273.14347700000263	2
273.45926600000263	3
273.7750550000026	4
274.0908440000026	1
274.4166330000026	2
274.7324220000026	3
275.0382110000026	4
275.3640000000026	1
275.6797890000026	2
276.0055780000026	3
276.32136700000257	4
276.6171560000026	1
276.94294500000257	2
277.25873400000256	3
277.56452300000257	4
277.88031200000256	1
278.20610100000255	2
278.52189000000254	3
278.82767900000255	4
279.14346800000254	1
279.44925700000255	2
279.76504600000254	3
280.08083500000254	4
280.39662400000253	1
280.7224130000025	2
281.0482020000025	3
281.3639910000025	4
281.6697800000025	1
281.9755690000025	2
282.3013580000025	3
282.6171470000025	4
282.9329360000025	1
283.2487250000025	2
283.57451400000247	3
283.90030300000245	4
284.19609200000247	1
284.51188100000246	2
284.82767000000246	3
285.14345900000245	4
285.46924800000244	1
285.78503700000243	2
286.1008260000024	3
286.4166150000024	4
286.7224040000024	1
287.0581930000024	2
287.3639820000024	3
287.6697710000024	4
287.9955600000024	1
288.3113490000024	2
288.6271380000024	3
288.96292700000237	4
289.2487160000024	1
289.5545050000024	2
289.8802940000024	3
290.1960830000024	4
290.51187200000237	1
290.82766100000237	2
291.15345000000235	3
291.45923900000236	4
291.77502800000235	1
292.09081700000235	2
292.40660600000234	3
292.72239500000234	4
293.03818400000233	1
293.3539730000023	2
293.6697620000023	3
293.9855510000023	4
294.3013400000023	1
294.6271290000023	2
294.9429180000023	3
295.2487070000023	4
295.5844960000023	1
295.8902850000023	2
296.2060740000023	3
296.5118630000023	4
296.8176520000023	1
297.15344100000226	2
297.45923000000226	3
297.76501900000227	4
298.09080800000226	1
298.40659700000225	2
298.72238600000225	3
299.03817500000224	4
299.35396400000224	1
299.6697360000022	2
299.9855080000022	3
300.3012800000022	4
300.61705200000216	1
300.93282400000214	2
301.2485960000021	3
301.5643680000021	4
301.8801400000021	1
302.1859120000021	2
302.51168400000205	3
302.82745600000203	4
303.143228000002	1
303.459000000002	2
303.78477200000196	3
304.09054400000196	4
304.40631600000194	1
304.7220880000019	2
305.0378600000019	3
305.3536320000019	4
305.66940400000186	1
305.97517600000185	2
306.3009480000018	3
306.6167200000018	4
306.9324920000018	1
307.24826400000177	2
307.56403600000175	3
307.87980800000173	4
308.1955800000017	1
308.5113520000017	2
308.8271240000017	3
309.14289600000166	4
309.45866800000164	1
309.7744400000016	2
310.0902120000016	3
310.4059840000016	4
310.72175600000156	1
311.03752800000154	2
311.3633000000015	3
311.6690720000015	4
311.9848440000015	1
312.30061600000147	2
312.61638800000145	3
312.93216000000143	4
313.2479320000014	1
313.5637040000014	2
313.8794760000014	3
314.18524800000137	4
314.50102000000135	1
314.8167920000013	2
315.1425640000013	3
315.4483360000013	4
315.7641080000013	1
316.07988000000125	2
316.39565200000123	3
316.7114240000012	4
317.0271960000012	1
317.35296800000117	2
317.66874000000115	3
317.98451200000113	4
318.3002840000011	1
318.6060560000011	2
318.9318280000011	3
319.24760000000106	4
319.56337200000104	1
319.879144000001	2
320.204916000001	3
320.510688000001	4
320.82646000000096	1
321.14223200000094	2
321.4580040000009	3
321.7737760000009	4
322.0895480000009	1
322.3953200000009	2
322.72109200000085	3
323.03686400000083	4
323.3526360000008	1
323.6684080000008	2
323.9841800000008	3
324.29995200000076	4
324.61572400000074	1
324.9314960000007	2
325.2472680000007	3
325.5630400000007	4
325.87881200000066	1
326.19458400000065	2
326.5103560000006	3
326.8261280000006	4
327.1419000000006	1
327.4476720000006	2
327.77344400000055	3
328.08921600000053	4
328.4049880000005	1
328.7207600000005	2
329.0365320000005	3
329.35230400000046	4
329.66807600000044	1