0.0	1
0.477803	2
0.965606	3
1.453409	4
1.951212	1
2.439015	2
2.916818	3
3.414621	4
3.902424	1
4.390226999999999	2
4.878029999999999	3
5.355832999999999	4
5.843635999999998	1
6.331438999999998	2
6.819241999999997	3
7.307044999999997	4
7.804847999999996	1
8.282650999999996	2
8.770453999999996	3
9.238256999999996	4
9.746059999999995	1
10.223862999999994	2
10.701665999999994	3
11.199468999999993	4
11.687271999999993	1
12.175074999999993	2
12.662877999999992	3
13.150680999999992	4
13.638483999999991	1
14.12628699999999	2
14.63408999999999	3
15.10189299999999	4
15.57969599999999	1
16.087498999999987	2
16.575301999999986	3
17.03310499999999	4
17.530907999999986	1
18.048710999999987	2
18.536513999999986	3
19.024316999999986	4
19.512119999999985	1
19.999922999999985	2
20.487725999999984	3
20.975528999999984	4
21.463331999999983	1
21.951134999999983	2
22.438937999999983	3
22.926740999999982	4
23.424543999999983	1
23.90234699999998	2
24.39014999999998	3
24.87795299999998	4
25.36575599999998	1
25.85355899999998	2
26.331361999999977	3
26.82916499999998	4
27.316967999999978	1
27.804770999999977	2
28.292573999999977	3
28.780376999999977	4
29.268179999999976	1
29.745982999999974	2
30.243785999999975	3
30.731588999999975	4
31.219391999999974	1
31.707194999999974	2
32.19499799999998	3
32.68280099999998	4
33.170603999999976	1
33.658406999999976	2
34.146209999999975	3
34.634012999999975	4
35.121815999999974	1
35.609618999999974	2
36.09742199999997	3
36.575224999999975	4
37.063027999999974	1
37.56083099999997	2
38.04863399999997	3
38.53643699999997	4
39.03423999999997	1
39.52204299999997	2
39.99984599999997	3
40.48764899999997	4
40.97545199999997	1
41.46325499999997	2
41.95105799999997	3
42.43886099999997	4
42.92666399999997	1
43.414466999999966	2
43.902269999999966	3
44.390072999999965	4
44.877875999999965	1
45.365678999999965	2
45.853481999999964	3
46.341284999999964	4
46.82908799999996	1
47.31689099999996	2
47.80469399999996	3
48.29249699999996	4
48.78029999999996	1
49.26810299999996	2
49.75590599999996	3
50.24370899999996	4
50.73151199999996	1
51.21931499999996	2
51.70711799999996	3
52.204920999999956	4
52.692723999999956	1
53.180526999999955	2
53.65832999999996	3
54.146132999999956	4
54.633935999999956	1
55.121738999999955	2
55.609541999999955	3
56.097344999999954	4
56.585147999999954	1
57.072950999999954	2
57.56075399999995	3
58.04855699999995	4
58.53635999999995	1
59.02416299999995	2
59.51196599999995	3
59.99976899999995	4
60.48757199999995	1
60.97537499999995	2
61.47317799999995	3
61.96098099999995	4
62.43878399999995	1
62.92658699999995	2
63.424389999999946	3
63.90219299999995	4
64.38999599999995	1
64.87779899999995	2
65.36560199999995	3
65.86340499999996	4
66.35120799999996	1
66.82901099999995	2
67.31681399999995	3
67.81461699999996	4
68.30241999999996	1
68.78022299999995	2
69.26802599999995	3
69.75582899999995	4
70.25363199999995	1
70.74143499999995	2
71.21923799999995	3
71.70704099999995	4
72.20484399999995	1
72.69264699999995	2
73.17044999999995	3
73.65825299999995	4
74.14605599999994	1
74.63385899999994	2
75.12166199999994	3
75.60946499999994	4
76.09726799999994	1
76.57507099999994	2
77.07287399999994	3
77.56067699999994	4
78.04847999999994	1
78.53628299999994	2
79.02408599999994	3
79.51188899999994	4
79.99969199999994	1
80.48749499999994	2
80.97529799999994	3
81.46310099999994	4
81.95090399999994	1
82.43870699999994	2
82.92650999999994	3
83.41431299999994	4
83.90211599999994	1
84.38991899999994	2
84.87772199999993	3
85.36552499999993	4
85.86332799999994	1
86.35113099999994	2
86.83893399999994	3
87.31673699999993	4
87.80453999999993	1
88.29234299999993	2
88.78014599999993	3
89.26794899999993	4
89.75575199999993	1
90.24355499999993	2
90.73135799999993	3
91.21916099999993	4
91.70696399999993	1
92.19476699999993	2
92.68256999999993	3
93.17037299999993	4
93.65817599999993	1
94.13597899999992	2
94.63378199999993	3
95.12158499999993	4
95.60938799999992	1
96.09719099999992	2
96.58499399999992	3
97.07279699999992	4
97.56059999999992	1
98.04840299999992	2
98.53620599999992	3
99.02400899999992	4
99.51181199999992	1
99.99961499999992	2
100.48741799999992	3
100.97522099999992	4
101.46302399999992	1
101.95082699999992	2
102.43862999999992	3
102.92643299999992	4
103.41423599999992	1
103.90203899999992	2
104.38984199999992	3
104.87764499999992	4
105.36544799999992	1
105.85325099999991	2
106.34105399999991	3
106.82885699999991	4
107.31665999999991	1
107.80446299999991	2
108.29226599999991	3
108.78006899999991	4
109.26787199999991	1
109.75567499999991	2
110.24347799999991	3
110.73128099999991	4
111.21908399999991	1
111.70688699999991	2
112.20468999999991	3
112.69249299999991	4
113.18029599999991	1
113.65809899999991	2
114.14590199999991	3
114.6337049999999	4
115.1215079999999	1
115.6093109999999	2
116.0971139999999	3
116.59491699999991	4
117.08271999999991	1
117.5605229999999	2
118.0483259999999	3
118.5361289999999	4
119.0239319999999	1
119.5117349999999	2
119.9995379999999	3
120.4873409999999	4
120.9751439999999	1
121.4629469999999	2
121.9507499999999	3
122.4385529999999	4
122.9263559999999	1
123.4141589999999	2
123.9019619999999	3
124.3897649999999	4
124.8775679999999	1
125.3653709999999	2
125.8531739999999	3
126.3409769999999	4
126.8287799999999	1
127.3165829999999	2
127.8143859999999	3
128.2921889999999	4
128.7799919999999	1
129.26779499999992	2
129.75559799999994	3
130.25340099999994	4
130.74120399999995	1
131.21900699999998	2
131.70681	3
132.204613	4
132.68241600000002	1
133.17021900000003	2
133.65802200000005	3
134.14582500000006	4
134.63362800000007	1
135.1214310000001	2
135.6092340000001	3
136.0970370000001	4
136.58484000000013	1
137.07264300000014	2
137.56044600000016	3
138.04824900000017	4
138.53605200000018	1
139.0238550000002	2
139.5116580000002	3
139.99946100000022	4
140.48726400000024	1
140.97506700000025	2
141.46287000000027	3
141.95067300000028	4
142.4384760000003	1
142.9262790000003	2
143.4240820000003	3
143.91188500000032	4
144.39968800000034	1
144.87749100000036	2
145.36529400000038	3
145.86309700000038	4
146.3509000000004	1
146.82870300000042	2
147.31650600000043	3
147.81430900000043	4
148.30211200000045	1
148.77991500000047	2
149.26771800000049	3
149.7555210000005	4
150.2533240000005	1
150.74112700000052	2
151.22893000000053	3
151.71673300000054	4
152.20453600000056	1
152.69233900000057	2
153.1801420000006	3
153.6579450000006	4
154.14574800000062	1
154.64355100000063	2
155.13135400000064	3
155.61915700000065	4
156.09696000000068	1
156.59476300000068	2
157.0825660000007	3
157.5703690000007	4
158.05817200000072	1
158.54597500000074	2
159.03377800000075	3
159.52158100000077	4
160.00938400000078	1
160.4871870000008	2
160.97499000000082	3
161.46279300000083	4
161.95059600000084	1
162.43839900000086	2
162.92620200000087	3
163.41400500000088	4
163.9018080000009	1
164.3896110000009	2
164.87741400000093	3
165.36521700000094	4
165.85302000000095	1
166.34082300000097	2
166.82862600000098	3
167.316429000001	4
167.814232000001	1
168.29203500000102	2
168.77983800000104	3
169.26764100000105	4
169.75544400000106	1
170.24324700000108	2
170.7310500000011	3
171.2188530000011	4
171.70665600000112	1
172.19445900000113	2
172.68226200000115	3
173.17006500000116	4
173.65786800000117	1
174.1456710000012	2
174.6234740000012	3
175.12127700000121	4
175.60908000000123	1
176.09688300000124	2
176.59468600000125	3
177.08248900000126	4
177.57029200000127	1
178.0480950000013	2
178.5358980000013	3
179.03370100000132	4
179.52150400000133	1
179.99930700000135	2
180.48711000000137	3
180.97491300000138	4
181.4627160000014	1
181.9505190000014	2
182.43832200000142	3
182.92612500000143	4
183.42392800000144	1
183.91173100000145	2
184.39953400000147	3
184.8773370000015	4
185.3651400000015	1
185.85294300000152	2
186.35074600000152	3
186.83854900000154	4
187.32635200000155	1
187.81415500000156	2
188.30195800000158	3
188.7897610000016	4
189.2675640000016	1
189.75536700000163	2
190.25317000000163	3
190.74097300000165	4
191.21877600000167	1
191.70657900000168	2
192.1943820000017	3
192.6821850000017	4
193.16998800000172	1
193.65779100000174	2
194.14559400000175	3
194.63339700000176	4
195.12120000000178	1
195.6090030000018	2
196.0968060000018	3
196.58460900000182	4
197.07241200000183	1
197.56021500000185	2
198.04801800000186	3
198.53582100000187	4
199.0236240000019	1
199.5114270000019	2
199.99923000000192	3
200.48703300000193	4
200.98483600000193	1
201.46263900000196	2
201.95044200000197	3
202.43824500000198	4
202.926048000002	1
203.413851000002	2
203.90165400000203	3
204.38945700000204	4
204.87726000000205	1
205.36506300000207	2
205.86286600000207	3
206.35066900000209	4
206.81847200000212	1