0.01	1
0.541174	2
1.082348	3
1.6235220000000001	4
2.1546960000000004	1
2.69587	2
3.237044	3
3.778218	4
4.3293919999999995	1
4.870565999999999	2
5.411739999999999	3
5.952913999999999	4
6.494087999999999	1
7.025261999999999	2
7.566435999999999	3
8.10761	4
8.658783999999999	1
9.199957999999999	2
9.741131999999999	3
10.282305999999998	4
10.823479999999998	1
11.364653999999998	2
11.895827999999998	3
12.447001999999998	4
12.988175999999998	1
13.529349999999997	2
14.070523999999997	3
14.611697999999997	4
15.152871999999997	1
15.694045999999997	2
16.225219999999997	3
16.766394	4
17.317568	1
17.858742000000003	2
18.399916000000005	3
18.941090000000006	4
19.482264000000008	1
20.02343800000001	2
20.56461200000001	3
21.09578600000001	4
21.646960000000014	1
22.188134000000016	2
22.729308000000017	3
23.27048200000002	4
23.81165600000002	1
24.352830000000022	2
24.894004000000024	3
25.425178000000024	4
25.976352000000027	1
26.51752600000003	2
27.05870000000003	3
27.59987400000003	4
28.141048000000033	1
28.682222000000035	2
29.223396000000037	3
29.764570000000038	4
30.295744000000038	1
30.83691800000004	2
31.388092000000043	3
31.929266000000045	4
32.470440000000046	1
33.011614000000044	2
33.55278800000004	3
34.09396200000004	4
34.63513600000004	1
35.176310000000036	2
35.717484000000034	3
36.25865800000003	4
36.79983200000003	1
37.34100600000003	2
37.88218000000003	3
38.423354000000025	4
38.96452800000002	1
39.50570200000002	2
40.04687600000002	3
40.58805000000002	4
41.129224000000015	1
41.67039800000001	2
42.21157200000001	3
42.75274600000001	4
43.29392000000001	1
43.835094000000005	2
44.376268	3
44.917442	4
45.458616	1
45.99979	2
46.540963999999995	3
47.08213799999999	4
47.62331199999999	1
48.16448599999999	2
48.70565999999999	3
49.246833999999986	4
49.788007999999984	1
50.32918199999998	2
50.87035599999998	3
51.41152999999998	4
51.952703999999976	1
52.493877999999974	2
53.03505199999997	3
53.57622599999997	4
54.11739999999997	1
54.658573999999966	2
55.199747999999964	3
55.74092199999996	4
56.28209599999996	1
56.82326999999996	2
57.364443999999956	3
57.905617999999954	4
58.44679199999995	1
58.98796599999995	2
59.52913999999995	3
60.07031399999995	4
60.611487999999945	1
61.15266199999994	2
61.69383599999994	3
62.23500999999994	4
62.77618399999994	1
63.317357999999935	2
63.85853199999993	3
64.39970599999994	4
64.94087999999994	1
65.48205399999993	2
66.02322799999993	3
66.56440199999993	4
67.10557599999993	1
67.64674999999993	2
68.18792399999992	3
68.72909799999992	4
69.27027199999992	1
69.81144599999992	2
70.35261999999992	3
70.89379399999991	4
71.44496799999992	1
71.97614199999991	2
72.51731599999991	3
73.0584899999999	4
73.5996639999999	1
74.1408379999999	2
74.6820119999999	3
75.2231859999999	4
75.7643599999999	1
76.3055339999999	2
76.8467079999999	3
77.38788199999989	4
77.92905599999989	1
78.47022999999989	2
79.01140399999989	3
79.55257799999988	4
80.09375199999988	1
80.63492599999988	2
81.17609999999988	3
81.71727399999988	4
82.25844799999987	1
82.79962199999987	2
83.34079599999987	3
83.88196999999987	4
84.42314399999987	1
84.96431799999986	2
85.50549199999986	3
86.04666599999986	4
86.58783999999986	1
87.12901399999986	2
87.67018799999985	3
88.21136199999985	4
88.75253599999985	1
89.29370999999985	2
89.83488399999985	3
90.37605799999984	4
90.91723199999984	1
91.45840599999984	2
91.99957999999984	3
92.54075399999984	4
93.08192799999983	1
93.62310199999983	2
94.16427599999983	3
94.70544999999983	4
95.24662399999983	1
95.78779799999982	2
96.32897199999982	3
96.87014599999982	4
97.41131999999982	1
97.95249399999982	2
98.49366799999981	3
99.03484199999981	4
99.57601599999981	1
100.11718999999981	2
100.6583639999998	3
101.1995379999998	4
101.7407119999998	1
102.2818859999998	2
102.8230599999998	3
103.3642339999998	4
103.9054079999998	1
104.4465819999998	2
104.98775599999979	3
105.52892999999979	4
106.07010399999979	1
106.61127799999979	2
107.15245199999978	3
107.69362599999978	4
108.23479999999978	1
108.77597399999978	2
109.31714799999978	3
109.85832199999977	4
110.39949599999977	1
110.94066999999977	2
111.48184399999977	3
112.02301799999977	4
112.56419199999976	1
113.10536599999976	2
113.64653999999976	3
114.18771399999976	4
114.72888799999976	1
115.27006199999975	2
115.81123599999975	3
116.35240999999975	4
116.90358399999975	1
117.44475799999975	2
117.97593199999974	3
118.51710599999974	4
119.05827999999974	1
119.59945399999974	2
120.14062799999974	3
120.68180199999973	4
121.23297599999974	1
121.77414999999974	2
122.30532399999973	3
122.84649799999973	4
123.38767199999972	1
123.92884599999972	2
124.47001999999972	3
125.01119399999972	4
125.56236799999972	1
126.10354199999972	2
126.64471599999972	3
127.17588999999971	4
127.71706399999971	1
128.25823799999972	2
128.79941199999973	3
129.34058599999975	4
129.88175999999976	1
130.42293399999977	2
130.96410799999978	3
131.5052819999998	4
132.0464559999998	1
132.58762999999982	2
133.12880399999983	3
133.66997799999984	4
134.21115199999986	1
134.75232599999987	2
135.29349999999988	3
135.8346739999999	4
136.3758479999999	1
136.91702199999992	2
137.45819599999993	3
138.00936999999993	4
138.55054399999995	1
139.09171799999996	2
139.63289199999997	3
140.17406599999998	4
140.71524	1
141.24641400000002	2
141.78758800000003	3
142.32876200000004	4
142.87993600000004	1
143.41111000000006	2
143.95228400000008	3
144.4934580000001	4
145.0446320000001	1
145.5758060000001	2
146.11698000000013	3
146.65815400000014	4
147.19932800000015	1
147.74050200000016	2
148.28167600000018	3
148.8228500000002	4
149.3640240000002	1
149.9051980000002	2
150.44637200000022	3
150.98754600000024	4
151.52872000000025	1
152.06989400000026	2
152.61106800000027	3
153.16224200000028	4
153.7034160000003	1
154.2445900000003	2
154.77576400000032	3
155.31693800000033	4
155.85811200000035	1
156.39928600000036	2
156.94046000000037	3
157.48163400000038	4
158.0228080000004	1
158.5639820000004	2
159.10515600000042	3
159.64633000000043	4
160.18750400000044	1
160.72867800000046	2
161.26985200000047	3
161.81102600000048	4
162.36220000000048	1
162.9033740000005	2
163.4445480000005	3
163.97572200000053	4
164.51689600000054	1
165.05807000000055	2
165.59924400000057	3
166.14041800000058	4
166.6815920000006	1
167.2227660000006	2
167.76394000000062	3
168.30511400000063	4
168.84628800000064	1
169.38746200000065	2
169.92863600000067	3
170.46981000000068	4
171.02098400000068	1
171.5621580000007	2
172.1033320000007	3
172.64450600000072	4
173.17568000000074	1
173.71685400000075	2
174.25802800000076	3
174.79920200000078	4
175.35037600000078	1
175.8915500000008	2
176.4327240000008	3
176.97389800000082	4
177.50507200000084	1
178.04624600000085	2
178.58742000000086	3
179.12859400000087	4
179.67976800000088	1
180.2209420000009	2
180.7621160000009	3
181.3032900000009	4
181.84446400000093	1
182.36563800000096	2
182.91681200000096	3
183.46798600000096	4
183.99916000000098	1
184.540334000001	2
185.081508000001	3
185.632682000001	4
186.17385600000102	1
186.70503000000105	2
187.24620400000106	3
187.79737800000106	4
188.33855200000107	1
188.87972600000109	2
189.4209000000011	3
189.9620740000011	4
190.50324800000112	1
191.04442200000113	2
191.57559600000116	3
192.11677000000117	4
192.65794400000118	1
193.1991180000012	2
193.7502920000012	3
194.2914660000012	4
194.83264000000122	1
195.37381400000123	2
195.91498800000124	3
196.44616200000127	4
196.99733600000127	1
197.53851000000128	2
198.0796840000013	3
198.6208580000013	4
199.16203200000132	1
199.70320600000133	2
200.24438000000134	3
200.77555400000136	4
201.31672800000138	1
201.8579020000014	2
202.4090760000014	3
202.9502500000014	4
203.49142400000142	1
204.03259800000143	2
204.57377200000144	3
205.11494600000145	4
205.65612000000147	1
206.19729400000148	2
206.7384680000015	3
207.2796420000015	4
207.8208160000015	1
208.36199000000153	2
208.90316400000154	3
209.44433800000155	4
209.98551200000156	1
210.52668600000158	2
211.0678600000016	3
211.6090340000016	4
212.1502080000016	1
212.69138200000162	2
213.23255600000164	3
213.77373000000165	4
214.31490400000166	1
214.84607800000168	2
215.3872520000017	3
215.9284260000017	4
216.4796000000017	1
217.02077400000172	2
217.56194800000173	3
218.10312200000175	4
218.64429600000176	1
219.17547000000178	2
219.7166440000018	3
220.2578180000018	4
220.8089920000018	1
221.35016600000182	2
221.89134000000183	3
222.43251400000185	4
222.97368800000186	1
223.51486200000187	2
224.0460360000019	3
224.5872100000019	4
225.1383840000019	1
225.67955800000192	2
226.22073200000193	3
226.76190600000194	4
227.30308000000196	1
227.84425400000197	2
228.375428000002	3
228.916602000002	4
229.467776000002	1
230.00895000000202	2
230.55012400000203	3
231.09129800000204	4
231.63247200000205	1