0.01	1
0.600455	2
1.19091	3
1.7913649999999999	4
2.39182	1
2.9922750000000002	2
3.5927300000000004	3
4.203185	4
4.803640000000001	1
5.404095000000001	2
6.004550000000001	3
6.605005000000001	4
7.205460000000001	1
7.8059150000000015	2
8.40637	3
9.006825000000001	4
9.607280000000001	1
10.207735000000001	2
10.808190000000002	3
11.408645000000002	4
12.009100000000002	1
12.609555000000002	2
13.230010000000002	3
13.810465000000002	4
14.410920000000003	1
15.011375000000003	2
15.611830000000003	3
16.212285	4
16.81274	1
17.413195	2
18.013650000000002	3
18.614105000000002	4
19.214560000000002	1
19.805015	2
20.40547	3
21.005925	4
21.60638	1
22.206835	2
22.807290000000002	3
23.407745000000002	4
24.018200000000004	1
24.608655000000002	2
25.219110000000004	3
25.809565000000003	4
26.420020000000005	1
27.010475000000003	2
27.620930000000005	3
28.221385000000005	4
28.821840000000005	1
29.422295000000005	2
30.022750000000006	3
30.623205000000006	4
31.223660000000006	1
31.824115000000006	2
32.42457	3
33.015025	4
33.625479999999996	1
34.22593499999999	2
34.82638999999999	3
35.426844999999986	4
36.02729999999998	1
36.62775499999998	2
37.24820999999998	3
37.82866499999997	4
38.43911999999997	1
39.039574999999964	2
39.64002999999996	3
40.24048499999996	4
40.840939999999954	1
41.44139499999995	2
42.04184999999995	3
42.632304999999945	4
43.23275999999994	1
43.84321499999994	2
44.44366999999993	3
45.03412499999993	4
45.63457999999993	1
46.235034999999925	2
46.83548999999992	3
47.43594499999992	4
48.036399999999915	1
48.63685499999991	2
49.247309999999906	3
49.82776499999991	4
50.4382199999999	1
51.0386749999999	2
51.64912999999989	3
52.23958499999989	4
52.84003999999989	1
53.440494999999885	2
54.05094999999988	3
54.651404999999876	4
55.25185999999987	1
55.84231499999987	2
56.46276999999987	3
57.043224999999865	4
57.65367999999986	1
58.254134999999856	2
58.86458999999986	3
59.44504499999985	4
60.04549999999985	1
60.645954999999844	2
61.25640999999984	3
61.84686499999984	4
62.447319999999834	1
63.04777499999983	2
63.64822999999983	3
64.24868499999982	4
64.84913999999982	1
65.44959499999982	2
66.05004999999981	3
66.65050499999981	4
67.25095999999981	1
67.8514149999998	2
68.4518699999998	3
69.0523249999998	4
69.6527799999998	1
70.25323499999979	2
70.85368999999979	3
71.45414499999978	4
72.05459999999978	1
72.65505499999978	2
73.24550999999977	3
73.85596499999977	4
74.45641999999977	1
75.05687499999976	2
75.65732999999976	3
76.25778499999976	4
76.85823999999975	1
77.45869499999975	2
78.05914999999975	3
78.65960499999974	4
79.26005999999974	1
79.86051499999974	2
80.46096999999973	3
81.06142499999973	4
81.65187999999972	1
82.27233499999973	2
82.88278999999972	3
83.47324499999972	4
84.07369999999972	1
84.67415499999971	2
85.2846099999997	3
85.8550649999997	4
86.4655199999997	1
87.0659749999997	2
87.6764299999997	3
88.26688499999969	4
88.86733999999969	1
89.46779499999968	2
90.06824999999968	3
90.66870499999968	4
91.25915999999967	1
91.86961499999967	2
92.47006999999967	3
93.07052499999966	4
93.67097999999966	1
94.27143499999966	2
94.88188999999966	3
95.47234499999965	4
96.08279999999965	1
96.68325499999965	2
97.29370999999963	3
97.87416499999964	4
98.47461999999963	1
99.06507499999962	2
99.67552999999963	3
100.27598499999962	4
100.86643999999961	1
101.47689499999962	2
102.07734999999961	3
102.67780499999961	4
103.2782599999996	1
103.8787149999996	2
104.4891699999996	3
105.0796249999996	4
105.68007999999959	1
106.28053499999959	2
106.89098999999959	3
107.48144499999958	4
108.08189999999958	1
108.68235499999957	2
109.28280999999957	3
109.88326499999957	4
110.48371999999956	1
111.09417499999957	2
111.69462999999956	3
112.30508499999955	4
112.88553999999955	1
113.46599499999955	2
114.08644999999954	3
114.69690499999955	4
115.28735999999954	1
115.88781499999953	2
116.48826999999953	3
117.08872499999953	4
117.68917999999952	1
118.27963499999952	2
118.88008999999951	3
119.49054499999951	4
120.09099999999951	1
120.6814549999995	2
121.2819099999995	3
121.8823649999995	4
122.4928199999995	1
123.08327499999949	2
123.68372999999949	3
124.28418499999948	4
124.89463999999948	1
125.48509499999948	2
126.08554999999947	3
126.68600499999947	4
127.28645999999947	1
127.88691499999946	2
128.4873699999995	3
129.0878249999995	4
129.6882799999995	1
130.2987349999995	2
130.89918999999952	3
131.49964499999953	4
132.10009999999954	1
132.70055499999955	2
133.30100999999956	3
133.90146499999958	4
134.5019199999996	1
135.1023749999996	2
135.7128299999996	3
136.3132849999996	4
136.91373999999962	1
137.50419499999964	2
138.10464999999965	3
138.69510499999967	4
139.30555999999967	1
139.90601499999968	2
140.51646999999969	3
141.1069249999997	4
141.70737999999972	1
142.30783499999973	2
142.90828999999974	3
143.50874499999975	4
144.11919999999975	1
144.70965499999977	2
145.31010999999978	3
145.9105649999998	4
146.5110199999998	1
147.1114749999998	2
147.71192999999982	3
148.31238499999984	4
148.92283999999984	1
149.52329499999985	2
150.12374999999986	3
150.71420499999988	4
151.3146599999999	1
151.9051149999999	2
152.50556999999992	3
153.10602499999993	4
153.71647999999993	1
154.31693499999994	2
154.91738999999995	3
155.51784499999997	4
156.11829999999998	1
156.718755	2
157.31921	3
157.919665	4
158.52012000000002	1
159.12057500000003	2
159.72103000000004	3
160.32148500000005	4
160.92194000000006	1
161.52239500000007	2
162.12285000000008	3
162.7233050000001	4
163.3337600000001	1
163.9342150000001	2
164.53467000000012	3
165.12512500000014	4
165.72558000000015	1
166.32603500000016	2
166.86649000000017	3
167.50694500000017	4
168.0974000000002	1
168.7278550000002	2
169.32831000000022	3
169.92876500000023	4
170.52922000000024	1
171.12967500000025	2
171.74013000000025	3
172.33058500000027	4
172.93104000000028	1
173.5314950000003	2
174.1419500000003	3
174.72240500000032	4
175.33286000000032	1
175.93331500000033	2
176.54377000000034	3
177.13422500000036	4
177.73468000000037	1
178.3251350000004	2
178.9355900000004	3
179.5360450000004	4
180.1365000000004	1
180.73695500000042	2
181.34741000000042	3
181.93786500000044	4
182.53832000000045	1
183.13877500000046	2
183.74923000000047	3
184.3396850000005	4
184.9401400000005	1
185.5405950000005	2
186.14105000000052	3
186.74150500000053	4
187.32196000000053	1
187.94241500000055	2
188.55287000000055	3
189.14332500000057	4
189.74378000000058	1
190.3442350000006	2
190.9546900000006	3
191.54514500000062	4
192.14560000000063	1
192.74605500000064	2
193.35651000000064	3
193.94696500000066	4
194.54742000000067	1
195.14787500000068	2
195.75833000000068	3
196.3387850000007	4
196.93924000000072	1
197.54969500000072	2
198.16015000000073	3
198.75060500000075	4
199.35106000000076	1
199.95151500000077	2
200.56197000000077	3
201.1524250000008	4
201.7528800000008	1
202.3533350000008	2
202.9637900000008	3
203.56424500000082	4
204.16470000000083	1
204.74515500000086	2
205.34561000000087	3
205.94606500000089	4
206.5265200000009	1