0.01	1
0.51	2
1.01	3
1.51	4
2.01	1
2.51	2
3.01	3
3.51	4
4.01	1
4.515874	2
5.031748	3
5.527622000000001	4
6.033496000000001	1
6.539370000000002	2
7.045244000000002	3
7.561118000000002	4
8.056992000000003	1
8.562866000000003	2
9.078740000000003	3
9.584614000000004	4
10.090488000000004	1
10.586362000000005	2
11.102236000000005	3
11.598110000000005	4
12.103984000000006	1
12.599858000000006	2
13.115732000000007	3
13.631606000000007	4
14.127480000000007	1
14.633354000000008	2
15.139228000000008	3
15.645102000000009	4
16.15097600000001	1
16.65685000000001	2
17.172724000000006	3
17.668598000000006	4
18.184472000000003	1
18.680346000000004	2
19.19622	3
19.702094	4
20.207967999999997	1
20.713841999999996	2
21.219715999999995	3
21.725589999999993	4
22.221463999999994	1
22.727337999999992	2
23.24321199999999	3
23.73908599999999	4
24.264959999999988	1
24.750833999999987	2
25.266707999999984	3
25.772581999999982	4
26.288455999999982	1
26.78432999999998	2
27.290203999999978	3
27.78607799999998	4
28.291951999999977	1
28.787825999999974	2
29.303699999999974	3
29.81957399999997	4
30.31544799999997	1
30.831321999999968	2
31.337195999999967	3
31.843069999999965	4
32.34894399999997	1
32.854817999999966	2
33.360691999999965	3
33.86656599999996	4
34.37243999999996	1
34.868313999999955	2
35.38418799999996	3
35.88006199999995	4
36.38593599999995	1
36.89180999999995	2
37.39768399999995	3
37.90355799999995	4
38.38943199999995	1
38.905305999999946	2
39.43117999999995	3
39.92705399999994	4
40.442927999999945	1
40.948801999999944	2
41.45467599999994	3
41.950549999999936	4
42.456423999999934	1
42.96229799999993	2
43.47817199999994	3
43.984045999999935	4
44.47991999999993	1
44.97579399999993	2
45.50166799999993	3
45.997541999999925	4
46.50341599999992	1
46.999289999999924	2
47.51516399999992	3
48.02103799999992	4
48.52691199999992	1
49.02278599999992	2
49.508659999999914	3
50.034533999999915	4
50.540407999999914	1
51.04628199999991	2
51.56215599999991	3
52.05802999999991	4
52.58390399999991	1
53.06977799999991	2
53.56565199999991	3
54.081525999999904	4
54.5573999999999	1
55.0932739999999	2
55.6091479999999	3
56.1050219999999	4
56.6108959999999	1
57.1067699999999	2
57.63264399999989	3
58.13851799999989	4
58.64439199999989	1
59.15026599999989	2
59.65613999999989	3
60.162013999999886	4
60.667887999999884	1
61.17376199999988	2
61.66963599999988	3
62.165509999999884	4
62.68138399999988	1
63.18725799999988	2
63.703131999999876	3
64.19900599999988	4
64.70487999999989	1
65.2107539999999	2
65.7166279999999	3
66.23250199999991	4
66.73837599999992	1
67.24424999999992	2
67.75012399999993	3
68.24599799999993	4
68.76187199999994	1
69.26774599999995	2
69.77361999999995	3
70.27949399999996	4
70.78536799999996	1
71.29124199999997	2
71.78711599999997	3
72.29298999999997	4
72.79886399999998	1
73.30473799999999	2
73.81061199999999	3
74.316486	4
74.83236000000001	1
75.33823400000001	2
75.84410800000002	3
76.33998200000002	4
76.84585600000003	1
77.35173000000003	2
77.85760400000004	3
78.37347800000005	4
78.87935200000005	1
79.37522600000005	2
79.89110000000007	3
80.38697400000007	4
80.90284800000008	1
81.39872200000008	2
81.91459600000009	3
82.4204700000001	4
82.9263440000001	1
83.4322180000001	2
83.93809200000011	3
84.44396600000012	4
84.94984000000012	1
85.43571400000012	2
85.95158800000013	3
86.45746200000013	4
86.97333600000015	1
87.46921000000015	2
87.97508400000015	3
88.48095800000016	4
88.98683200000016	1
89.49270600000017	2
90.00858000000018	3
90.51445400000019	4
91.02032800000019	1
91.51620200000019	2
92.0220760000002	3
92.5279500000002	4
93.04382400000021	1
93.53969800000021	2
94.04557200000022	3
94.55144600000023	4
95.05732000000023	1
95.56319400000024	2
96.06906800000024	3
96.57494200000025	4
97.08081600000025	1
97.57669000000026	2
98.09256400000027	3
98.59843800000027	4
99.11431200000028	1
99.62018600000029	2
100.1260600000003	3
100.6319340000003	4
101.1278080000003	1
101.6336820000003	2
102.13955600000031	3
102.64543000000032	4
103.15130400000032	1
103.64717800000032	2
104.17305200000034	3
104.66892600000034	4
105.18480000000035	1
105.68067400000035	2
106.18654800000036	3
106.69242200000036	4
107.20829600000037	1
107.71417000000038	2
108.22004400000039	3
108.70591800000038	4
109.24179200000039	1
109.7276660000004	2
110.2335400000004	3
110.73941400000041	4
111.24528800000041	1
111.75116200000042	2
112.25703600000043	3
112.76291000000043	4
113.27878400000044	1
113.77465800000044	2
114.29053200000045	3
114.79640600000046	4
115.30228000000047	1
115.79815400000047	2
116.31402800000048	3
116.80990200000048	4
117.31577600000048	1
117.82165000000049	2
118.3275240000005	3
118.8333980000005	4
119.3292720000005	1
119.8351460000005	2
120.35102000000052	3
120.85689400000052	4
121.37276800000053	1
121.86864200000053	2
122.37451600000054	3
122.88039000000055	4
123.38626400000055	1
123.89213800000056	2
124.39801200000056	3
124.91388600000057	4
125.41976000000058	1
125.91563400000058	2
126.42150800000059	3
126.92738200000059	4
127.4432560000006	1
127.94913000000061	2
128.4450040000006	3
128.9508780000006	4
129.45675200000062	1
129.96262600000063	2
130.46850000000063	3
130.98437400000063	4
131.49024800000063	1
131.98612200000065	2
132.49199600000065	3
132.98787000000067	4
133.50374400000067	1
134.00961800000067	2
134.5054920000007	3
135.02136600000068	4
135.5272400000007	1
136.0331140000007	2
136.5389880000007	3
137.0448620000007	4
137.5507360000007	1
138.04661000000073	2
138.55248400000073	3
139.05835800000074	4
139.58423200000072	1
140.09010600000073	2
140.58598000000075	3
141.09185400000075	4
141.59772800000076	1
142.11360200000075	2
142.61947600000076	3
143.12535000000076	4
143.63122400000077	1
144.12709800000079	2
144.6329720000008	3
145.1488460000008	4
145.6647200000008	1
146.1605940000008	2
146.6564680000008	3
147.16234200000082	4
147.66821600000083	1
148.17409000000083	2
148.67996400000084	3
149.18583800000084	4
149.69171200000085	1
150.19758600000085	2
150.70346000000086	3
151.20933400000087	4
151.71520800000087	1
152.21108200000089	2
152.72695600000088	3
153.2328300000009	4
153.7387040000009	1
154.2545780000009	2
154.7604520000009	3
155.2563260000009	4
155.76220000000092	1
156.26807400000092	2
156.77394800000093	3
157.27982200000093	4
157.78569600000094	1
158.29157000000095	2
158.80744400000094	3
159.30331800000096	4
159.80919200000096	1
160.30506600000098	2
160.83094000000096	3
161.32681400000098	4
161.84268800000098	1
162.34856200000098	2
162.854436000001	3
163.350310000001	4
163.856184000001	1
164.362058000001	2
164.877932000001	3
165.37380600000103	4
165.87968000000103	1
166.38555400000104	2
166.89142800000104	3
167.39730200000105	4
167.92317600000106	1
168.40905000000106	2
168.91492400000106	3
169.43079800000106	4
169.92667200000108	1
170.43254600000108	2
170.9384200000011	3
171.4442940000011	4
171.9501680000011	1
172.4460420000011	2
172.9619160000011	3
173.46779000000112	4
173.97366400000112	1
174.47953800000113	2
174.98541200000113	3
175.49128600000114	4
175.99716000000114	1
176.51303400000114	2
177.01890800000115	3
177.51478200000116	4
178.02065600000117	1
178.52653000000117	2
179.04240400000117	3
179.54827800000118	4
180.0641520000012	1
180.5700260000012	2
181.0659000000012	3
181.5717740000012	4
182.0776480000012	1
182.59352200000123	2
183.08939600000122	3
183.58527000000123	4
184.10114400000123	1
184.60701800000123	2
185.11289200000124	3
185.61876600000124	4
186.12464000000125	1
186.63051400000126	2
187.12638800000127	3
187.63226200000128	4
188.13813600000128	1
188.6440100000013	2
189.1498840000013	3
189.6557580000013	4
190.1616320000013	1
190.6675060000013	2
191.17338000000132	3
191.67925400000132	4
192.18512800000133	1
192.69100200000133	2
193.19687600000134	3
193.71275000000134	4
194.21862400000134	1
194.72449800000135	2
195.22037200000136	3
195.72624600000137	4
196.24212000000136	1
196.74799400000137	2
197.25386800000138	3
197.75974200000138	4
198.2656160000014	1
198.7714900000014	2
199.2773640000014	3
199.79323800000142	4
200.29911200000143	1
200.80498600000143	2
201.30086000000142	3
201.80673400000143	4
202.31260800000143	1
202.81848200000144	2
203.32435600000144	3
203.83023000000145	4
204.33610400000146	1
204.84197800000146	2
205.34785200000147	3
205.85372600000147	4
206.35960000000148	1
206.86547400000148	2
207.3713480000015	3
207.8772220000015	4
208.3830960000015	1
208.8889700000015	2
209.3948440000015	3
209.90071800000152	4
210.42659200000153	1
210.93246600000154	2
211.43834000000155	3
211.94421400000155	4
212.45008800000156	1
212.95596200000156	2
213.46183600000157	3
213.95771000000158	4
214.47358400000158	1
214.9694580000016	2
215.4753320000016	3
215.9812060000016	4
216.4870800000016	1
217.0029540000016	2
217.5088280000016	3
218.01470200000162	4
218.52057600000163	1