0.01	1
0.44788800000000006	2
0.8657760000000001	3
1.3136640000000002	4
1.7515520000000002	1
2.1794400000000005	2
2.6173280000000005	3
3.0552160000000006	4
3.5031040000000004	1
3.9409920000000005	2
4.3788800000000005	3
4.806768000000001	4
5.244656000000001	1
5.675129000000001	2
6.115602000000001	3
6.546075000000001	4
6.976548000000001	1
7.410424000000001	2
7.8543	3
8.288176	4
8.722052	1
9.156817	2
9.591582	3
10.026347000000001	4
10.461112000000002	1
10.885877000000002	2
11.320642000000003	3
11.755407000000003	4
12.190172000000004	1
12.634937000000004	2
13.069702000000005	3
13.504467000000005	4
13.939232000000006	1
14.373997000000006	2
14.808762000000007	3
15.243527000000007	4
15.668292000000008	1
16.11305700000001	2
16.537822000000006	3
16.972587000000004	4
17.407352000000003	1
17.832117	2
18.276882	3
18.711647	4
19.146411999999998	1
19.582254999999996	2
20.018097999999995	3
20.453940999999993	4
20.88978399999999	1
21.29562699999999	2
21.76146999999999	3
22.197312999999987	4
22.623155999999984	1
23.058998999999982	2
23.484841999999983	3
23.92068499999998	4
24.35652799999998	1
24.792370999999978	2
25.238213999999974	3
25.674056999999973	4
26.099899999999973	1
26.532583999999975	2
26.965267999999973	3
27.39795199999997	4
27.840635999999968	1
28.273319999999966	2
28.706003999999965	3
29.138687999999963	4
29.57137199999996	1
30.01405599999996	2
30.44673999999996	3
30.869423999999956	4
31.312107999999956	1
31.744791999999954	2
32.177475999999956	3
32.620159999999956	4
33.05284399999996	1
33.47552799999996	2
33.91821199999996	3
34.35089599999996	4
34.783579999999965	1
35.20626399999997	2
35.658947999999974	3
36.091631999999976	4
36.51431599999997	1
36.95575199999997	2
37.39718799999997	3
37.81862399999998	4
38.26005999999998	1
38.685215999999976	2
39.13037199999998	3
39.56552799999998	4
40.00068399999998	1
40.44074699999997	2
40.87080999999997	3
41.30087299999997	4
41.730935999999964	1
42.16892899999996	2
42.60692199999996	3
43.04491499999996	4
43.462907999999956	1
43.90521899999996	2
44.347529999999956	3
44.779840999999955	4
45.21215199999995	1
45.63639399999995	2
46.08063599999995	3
46.514877999999946	4
46.949119999999944	1
47.38336199999994	2
47.81760399999994	3
48.25184599999994	4
48.686087999999934	1
49.12032999999993	2
49.56457199999993	3
49.98881399999993	4
50.423055999999924	1
50.85782499999993	2
51.29259399999993	3
51.72736299999993	4
52.162131999999936	1
52.59690099999994	2
53.03166999999994	3
53.456438999999946	4
53.89120799999995	1
54.32597699999995	2
54.760745999999955	3
55.19551499999996	4
55.63028399999996	1
56.06505299999996	2
56.499821999999966	3
56.93459099999997	4
57.36935999999997	1
57.804128999999975	2
58.23889799999998	3
58.67366699999998	4
59.10843599999998	1
59.539695999999985	2
59.980955999999985	3
60.41221599999999	4
60.84347599999999	1
61.27726699999999	2
61.71105799999999	3
62.154848999999984	4
62.588639999999984	1
63.024791999999984	2
63.460943999999984	3
63.887095999999985	4
64.32324799999999	1
64.7594	2
65.185552	3
65.62170400000001	4
66.05785600000002	1
66.49400800000002	2
66.93016000000003	3
67.36631200000004	4
67.80246400000003	1
68.24264000000004	2
68.67281600000004	3
69.10299200000004	4
69.53316800000005	1
69.97127300000004	2
70.40937800000003	3
70.83748300000002	4
71.27558800000001	1
71.70778800000001	2
72.139988	3
72.582188	4
73.014388	1
73.44658799999999	2
73.87878799999999	3
74.32098799999999	4
74.75318799999998	1
75.18905099999998	2
75.62491399999998	3
76.05077699999997	4
76.48663999999997	1
76.92250299999996	2
77.35836599999996	3
77.79422899999996	4
78.23009199999996	1
78.66404099999995	2
79.09798999999995	3
79.53193899999995	4
79.96588799999995	1
80.39983699999995	2
80.84378599999995	3
81.26773499999994	4
81.70168399999994	1
82.13563299999994	2
82.56958199999994	3
83.00353099999994	4
83.43747999999994	1
83.87142899999994	2
84.30537799999993	3
84.73932699999993	4
85.17327599999993	1
85.60722499999993	2
86.05117399999993	3
86.47512299999993	4
86.90907199999992	1
87.34302099999992	2
87.78696999999993	3
88.22091899999992	4
88.65486799999992	1
89.08881699999992	2
89.52276599999992	3
89.94671499999991	4
90.39066399999992	1
90.82461299999991	2
91.25856199999991	3
91.69251099999991	4
92.1164599999999	1
92.56040899999991	2
92.9943579999999	3
93.4283069999999	4
93.8622559999999	1
94.29885299999991	2
94.73544999999991	3
95.17204699999992	4
95.60864399999993	1
96.04235299999993	2
96.46606199999992	3
96.89977099999992	4
97.33347999999991	1
97.7671889999999	2
98.2108979999999	3
98.6446069999999	4
99.07831599999989	1
99.51377499999988	2
99.94923399999988	3
100.38469299999987	4
100.81015199999986	1
101.24561099999985	2
101.69106999999985	3
102.11652899999984	4
102.55198799999984	1
102.98744699999983	2
103.42290599999983	3
103.85836499999982	4
104.29382399999982	1
104.72928299999981	2
105.1647419999998	3
105.6002009999998	4
106.02565999999979	1
106.46111899999978	2
106.89657799999978	3
107.33203699999977	4
107.76749599999977	1
108.20070499999977	2
108.64391399999978	3
109.05712299999979	4
109.51033199999979	1
109.9435409999998	2
110.3667499999998	3
110.7999589999998	4
111.23316799999981	1
111.67637699999982	2
112.10958599999982	3
112.54279499999983	4
112.97600399999983	1
113.42024199999983	2
113.84447999999982	3
114.27871799999981	4
114.7129559999998	1
115.1471939999998	2
115.5914319999998	3
116.01566999999979	4
116.44990799999978	1
116.89414599999978	2
117.32838399999977	3
117.76262199999977	4
118.18685999999975	1
118.61109799999974	2
119.05533599999974	3
119.48957399999973	4
119.92381199999973	1
120.35804999999972	2
120.79228799999971	3
121.22652599999971	4
121.6607639999997	1
122.08500199999969	2
122.5392399999997	3
122.97347799999969	4
123.40771599999968	1
123.84294299999968	2
124.26816999999967	3
124.70339699999967	4
125.13862399999967	1
125.56385099999966	2
126.00907799999966	3
126.44430499999966	4
126.87953199999966	1
127.31345099999966	2
127.74736999999966	3
128.18128899999965	4
128.61520799999965	1
129.04914599999967	2
129.49308399999967	3
129.9170219999997	4
130.3609599999997	1
130.7948979999997	2
131.21883599999973	3
131.65277399999974	4
132.08671199999975	1
132.52064999999976	2
132.95458799999977	3
133.38852599999979	4
133.8224639999998	1
134.2579509999998	2
134.6934379999998	3
135.12892499999978	4
135.56441199999978	1
135.99989899999977	2
136.43538599999977	3
136.87087299999976	4
137.30635999999976	1
137.74184699999975	2
138.17733399999975	3
138.61282099999974	4
139.03830799999974	1
139.47379499999974	2
139.90928199999973	3
140.34476899999973	4
140.78025599999972	1
141.21212099999974	2
141.65398599999972	3
142.0858509999997	4
142.5177159999997	1
142.95259699999968	2
143.38747799999967	3
143.82235899999966	4
144.25723999999965	1
144.69212099999964	2
145.12700199999964	3
145.56188299999963	4
145.99676399999962	1
146.4316449999996	2
146.8665259999996	3
147.30140699999959	4
147.73628799999958	1
148.17116899999957	2
148.59604999999956	3
149.03093099999955	4
149.46581199999954	1
149.90694399999953	2
150.33807599999952	3
150.7692079999995	4
151.2003399999995	1
151.63670899999948	2
152.0730779999995	3
152.5094469999995	4
152.94581599999952	1
153.37841999999952	2
153.81102399999952	3
154.24362799999952	4
154.67623199999952	1
155.11112699999953	2
155.54602199999954	3
155.98091699999955	4
156.41581199999956	1
156.85070699999957	2
157.28560199999959	3
157.7204969999996	4
158.1553919999996	1
158.59028699999962	2
159.02518199999963	3
159.46007699999964	4
159.89497199999965	1
160.32986699999967	2
160.76476199999968	3
161.1996569999997	4
161.6345519999997	1
162.0694469999997	2
162.50434199999972	3
162.93923699999974	4
163.37413199999975	1
163.80748199999974	2
164.24083199999973	3
164.67418199999972	4
165.1075319999997	1
165.5408819999997	2
165.9742319999997	3
166.40758199999968	4
166.84093199999967	1
167.27615799999967	2
167.71138399999967	3
168.14660999999967	4
168.58183599999967	1
169.01541199999966	2
169.44898799999964	3
169.88256399999963	4
170.31613999999962	1
170.7497159999996	2
171.1832919999996	3
171.61686799999958	4
172.06044399999956	1
172.49674699999957	2
172.93304999999958	3
173.3593529999996	4
173.7956559999996	1
174.23451499999962	2
174.66337399999964	3
175.10223299999964	4
175.55109199999964	1
175.97083899999967	2
176.40058599999966	3
176.84033299999965	4
177.27007999999964	1
177.70526599999963	2
178.1404519999996	3
178.5756379999996	4
179.0108239999996	1
179.44574799999958	2
179.88067199999958	3
180.31559599999957	4
180.75051999999957	1
181.17544399999957	2
181.61036799999957	3
182.04529199999956	4
182.49021599999955	1
182.92160599999954	2
183.35299599999954	3
183.79438599999952	4
184.21577599999952	1
184.6516149999995	2
185.0874539999995	3
185.52329299999948	4