0.01	1
0.5272410000000001	2
1.0344820000000001	3
1.5517230000000002	4
2.0689640000000002	1
2.5862050000000005	2
3.103446000000001	3
3.620687000000001	4
4.137928000000001	1
4.645169000000002	2
5.162410000000002	3
5.6796510000000024	4
6.2068920000000025	1
6.752624000000002	2
7.288356000000002	3
7.794088000000001	4
8.309820000000002	1
8.829184000000001	2
9.388548	3
9.877912	4
10.387276	1
10.926639999999999	2
11.446003999999999	3
11.955367999999998	4
12.464731999999998	1
12.994095999999997	2
13.513459999999997	3
14.022823999999996	4
14.542187999999996	1
15.073093999999996	2
15.603999999999996	3
16.134905999999997	4
16.665812	1
17.205755	2
17.685698	3
18.205640999999996	4
18.725583999999998	1
19.258792999999997	2
19.812002	3
20.335211	4
20.858420000000002	1
21.371629000000002	2
21.894838000000004	3
22.418047000000005	4
22.941256000000006	1
23.455810000000007	2
23.990364000000007	3
24.504918000000007	4
25.019472000000007	1
25.54017900000001	2
26.05088600000001	3
26.56159300000001	4
27.062300000000008	1
27.58801500000001	2
28.12373000000001	3
28.65944500000001	4
29.19516000000001	1
29.703562000000005	2
30.21196400000001	3
30.72036600000001	4
31.238768000000007	1
31.808132000000008	2
32.32749600000001	3
32.846860000000014	4
33.35622400000002	1
33.89308300000002	2
34.39994200000002	3
34.876801000000015	4
35.38366000000001	1
35.933985000000014	2
36.454310000000014	3
36.95463500000001	4
37.48496000000001	1
38.022597000000005	2
38.560234	3
39.077871	4
39.605508	1
40.153145	2
40.660782000000005	1
41.242546000000004	2
41.714310000000005	3
42.226074000000004	4
42.737838	1
43.260473000000005	2
43.773108	3
44.295743	4
44.838378000000006	1
45.29715000000001	2
45.745922000000014	3
46.23469400000002	4
46.68346600000002	1
47.13512300000002	2
47.556780000000025	3
48.058437000000026	4
48.52009400000003	1
48.98175100000003	2
49.41340800000003	3
49.905065000000036	4
50.36672200000004	1
50.82837900000004	2
51.29003600000004	3
51.751693000000046	4
52.223350000000046	1
52.67500700000005	2
53.13666400000005	3
53.60832100000005	4
54.05997800000006	1
54.52163500000006	2
54.98329200000006	3
55.43494900000007	4
55.886606000000064	1
56.36826300000007	2
56.83992000000007	3
57.291577000000075	4
57.75323400000008	1
58.23066200000007	2
58.69809000000007	3
59.145518000000074	4
59.61294600000007	1
60.069793000000075	2
60.51664000000007	3
60.98348700000008	4
61.440334000000085	1
61.90718100000009	2
62.36402800000009	3
62.83087500000009	4
63.287722000000095	1
63.75322500000009	2
64.2187280000001	3
64.6842310000001	4
65.13973400000009	1
65.59523700000008	2
66.05074000000009	3
66.51624300000009	4
66.98174600000009	1
67.44667000000008	2
67.9115940000001	3
68.3665180000001	4
68.8214420000001	1
69.29117500000011	2
69.7409080000001	3
70.21064100000011	4
70.6603740000001	1
71.1201070000001	2
71.5798400000001	3
72.0395730000001	4
72.50930600000011	1
72.9838470000001	2
73.4483880000001	3
73.9029290000001	4
74.3674700000001	1
74.8320110000001	2
75.28655200000009	3
75.75109300000008	4
76.21563400000008	1
76.68594600000009	2
77.1362580000001	3
77.6065700000001	4
78.08688200000009	1
78.52565400000009	2
79.00442600000008	3
79.46319800000008	4
79.92197000000007	1
80.36074200000007	2
80.82951400000007	3
81.28828600000007	4
81.74705800000007	1
82.20102100000007	2
82.65498400000007	3
83.11894700000006	4
83.58291000000007	1
84.04456700000007	2
84.49622400000007	3
84.96788100000008	4
85.42953800000008	1
85.89407900000008	2
86.35862000000007	3
86.82316100000007	4
87.28770200000007	1
87.74262600000007	2
88.18755000000007	3
88.65247400000008	4
89.10739800000009	1
89.57386400000009	2
90.03033000000008	3
90.49679600000007	4
90.97326200000008	1
91.42587900000007	2
91.87849600000007	3
92.35111300000005	4
92.81373000000005	1
93.28212000000005	2
93.75051000000005	3
94.20890000000006	4
94.67729000000006	1
95.12836800000005	2
95.57944600000005	3
96.04052400000003	4
96.49160200000003	1
96.95518200000002	2
97.41876200000002	3
97.89234200000001	4
98.345922	1
98.807579	2
99.27923600000001	3
99.74089300000001	4
100.20255000000002	1
100.67286200000002	2
101.14317400000003	3
101.61348600000004	4
102.07379800000002	1
102.51583700000003	2
102.96787600000003	3
103.43991500000003	4
103.89195400000003	1
104.35649500000002	2
104.82103600000002	3
105.27557700000001	4
105.75011800000001	1
106.21177500000002	2
106.68343200000002	3
107.14508900000003	4
107.59674600000002	1
108.07167000000003	2
108.51659400000004	3
108.97151800000005	4
109.41644200000005	1
109.89290800000005	2
110.34937400000004	3
110.81584000000004	4
111.28230600000003	1
111.73915300000003	2
112.19600000000003	3
112.66284700000003	4
113.10969400000002	1
113.58616000000002	2
114.05262600000002	3
114.51909200000001	4
114.98555800000001	1
115.43625300000001	2
115.89694800000001	3
116.35764300000001	4
116.81833800000001	1
117.29384100000001	2
117.75934400000001	3
118.214847	4
118.68035	1
119.136235	2
119.59212	3
120.04800499999999	4
120.50388999999998	1
120.97131799999998	2
121.43874599999998	3
121.90617399999998	4
122.37360199999998	1
122.84102999999998	2
123.30845799999997	3
123.75588599999998	4
124.22331399999997	1
124.84179599999997	2
125.46027799999997	3
126.07875999999997	4
126.69724199999997	1
127.35869699999996	2
127.99015199999995	3
128.63160699999997	4
129.24306199999998	1
129.89437499999997	2
130.51568799999995	3
131.13700099999994	4
131.72831399999993	1
132.3496269999999	2
132.96093999999988	3
133.58225299999987	4
134.20356599999985	1
134.82910899999987	2
135.48465199999987	3
136.11019499999986	4
136.71573799999987	1
137.35763099999986	2
137.98952399999985	3
138.60141699999986	4
139.21330999999984	1
139.84366099999983	2
140.46401199999983	3
141.10436299999984	4
141.71471399999984	1
142.32506499999982	2
142.94541599999982	3
143.58576699999983	4
144.19611799999984	1
144.8160869999998	2
145.45605599999982	3
146.0860249999998	4
146.7159939999998	1
147.3201919999998	2
147.9543899999998	3
148.5785879999998	4
149.2027859999998	1
149.82083199999983	2
150.44887799999984	3
151.06692399999986	4
151.71496999999985	1
152.32301599999988	2
152.9510619999999	3
153.5891079999999	4
154.2171539999999	1
154.8469249999999	2
155.4566959999999	3
156.05646699999988	4
156.6762379999999	1
157.1338509999999	2
157.55146399999992	3
157.98907699999992	4
158.42668999999992	1
158.86468399999993	2
159.26267799999994	3
159.69067199999995	4
160.13866599999997	1
160.56665999999998	2
160.994654	3
161.422648	4
161.860642	1
162.28863600000003	2
162.71663000000004	3
163.14462400000005	4
163.57261800000006	1
164.00061200000007	2
164.4486060000001	3
164.8766000000001	4
165.2845940000001	1
165.70258800000013	2
166.17058200000014	3
166.59857600000015	4
166.98657000000017	1
167.39456400000017	2
167.86255800000018	3
168.2905520000002	4
168.7185460000002	1
169.14654000000021	2
169.57453400000023	3
170.00252800000024	4
170.41052200000027	1
170.83851600000028	2
171.24651000000028	3
171.7045040000003	4
172.1424980000003	1
172.55049200000033	2
172.97848600000034	3
173.42648000000034	4
173.85447400000035	1
174.26727700000038	2
174.72008000000037	3
175.15288300000037	4
175.5656860000004	1
176.00752800000038	2
176.43937000000037	3
176.87121200000036	4
177.30305400000046	1
177.84368600000047	2
178.37431800000047	3
178.9149500000005	4
179.48558200000048	1
180.0462140000005	2
180.5968460000005	3
181.14747800000052	4
181.69811000000064	1
182.39518500000062	2
183.06226000000063	3
183.73933500000064	4
184.3864100000006	1
185.0481180000006	2
185.72982600000063	3
186.41153400000061	4
187.07324200000062	1
187.7813010000006	2
188.4593600000006	3
189.1074190000006	4
189.7654780000006	1
190.4735370000006	2
191.14159600000056	3
191.82965500000057	4
192.48771400000055	1
193.16423200000054	2
193.83075000000053	3
194.47726800000055	4
195.13378600000053	1
195.84376800000052	2
196.52375000000052	3
197.2037320000005	4
197.87371400000052	1
198.57696300000052	2
199.2302120000005	3
199.9034610000005	4
200.5667100000005	1
201.24092100000053	2
201.90513200000055	3
202.57934300000056	4
203.26355400000037	1
203.6969360000004	2
204.1403180000004	3
204.6037000000004	4
205.03708200000042	1
205.47046400000045	2
205.91384600000046	3
206.36722800000047	4
206.81061000000048	1
207.2539920000005	2
207.6973740000005	3
208.1507560000005	4
208.59413800000053	1
209.02752000000055	2
209.47090200000056	3
209.91428400000058	4
210.3476660000006	1
210.8010480000006	2
211.24443000000062	3
211.69781200000062	4
212.14119400000064	1
212.58746200000064	2
213.03373000000065	3
213.47999800000065	4
213.91626600000066	1
214.35638100000068	2
214.8064960000007	3
215.2566110000007	4
215.70672600000069	1
216.13914600000066	2
216.58156600000066	3
217.03398600000068	4
217.47640600000068	1
217.93459700000068	2
218.3827880000007	3
218.8209790000007	4
219.2691700000007	1
219.71736100000072	2
220.16555200000073	3
220.61374300000074	4
221.04193400000074	1
221.50012500000074	2
221.94831600000074	3
222.39650700000075	4
222.84469800000073	1
223.27654000000072	2
223.71838200000073	3
224.1602240000007	4
224.59206600000076	1
225.04506600000076	2
225.49806600000076	3
225.95106600000076	4
226.40406600000074	1
226.84552500000075	2
227.28698400000076	3
227.72844300000077	4
228.16990200000077	1
228.61136100000078	2
229.06282000000078	3
229.5042790000008	4
229.9357380000008	1
230.37719700000082	2
230.81865600000083	3
231.26011500000084	4
231.70157400000085	1
232.14591900000084	2
232.59026400000084	3
233.03460900000084	4
233.47895400000084	1
233.93329900000083	2
234.36764400000084	3
234.81198900000084	4
235.24633400000084	1
235.70067900000083	2
236.14502400000083	3
236.58936900000083	4
237.03371400000083	1
237.47805900000083	2
237.92240400000082	3
238.36674900000082	4
238.81109400000082	1
239.25543900000082	2
239.69978400000082	3
240.1541290000008	4
240.58847400000082	1
241.0328190000008	2
241.4871640000008	3
241.9315090000008	4
242.3658540000008	1
242.8101990000008	2
243.2545440000008	3
243.6988890000008	4
244.1432340000008	1
244.5775790000008	2
245.0219240000008	3
245.4562690000008	4
245.9106140000008	1
246.3649590000008	2
246.7993040000008	3
247.2536490000008	4
247.6979940000008	1
248.1423390000008	2
248.5866840000008	3
249.03102900000079	4
249.47537400000078	1
249.91971900000078	2
250.37406400000077	3
250.80840900000078	4
251.2527540000008	1
251.7086390000008	2
252.1545240000008	3
252.6104090000008	4
253.0762940000008	1