0.0	1
0.8333340000000001	2
1.6666680000000003	3
2.5000020000000003	4
3.3533360000000005	1
4.22667	2
5.030004000000001	3
5.883338	4
6.686672	1
7.547091960416667	2
8.438180460416667	3
9.312579097916668	4
10.184223097916668	1
11.073589535416668	2
11.965881035416668	3
12.824761910416669	4
13.668128410416669	1
14.633901297916669	2
15.476673297916669	3
16.303184135416668	4
17.182059635416667	1
18.053224297916667	2
18.863116297916665	3
19.691442685416664	4
20.507860185416664	1
21.357771972916666	2
22.209910972916667	3
23.068195197916666	4
23.875843197916666	1
24.727345972916666	2
25.549484972916662	3
26.333073647916663	4
27.140299647916663	1
27.965512022916663	2
28.803693022916665	3
29.638834283333328	4
30.495977783333327	1
31.3815944375	2
32.2284369375	3
33.09135605	4
33.92370755	1
34.81466670833334	2
35.61108420833334	3
36.39592307708333	4
37.17764007708334	1
37.99758429375	2
38.78582529375	3
39.615839077083336	4
40.38755607708334	1
41.21869848333334	2
42.044097983333344	3
42.85399415416668	4
43.68020065416668	1
44.49229354583335	2
45.295238045833344	3
46.09622085208335	4
46.93691985208335	1
47.73958054583335	2
48.59252504583335	3
49.40078265416668	4
50.30414915416668	1
51.095935712500015	2
51.91460021250002	3
52.723073181250015	4
53.562965181250014	1
54.44304871250001	2
55.27171321250001	3
56.10626148333334	4
56.92166098333335	1
57.779213708333344	2
58.59563120833334	3
59.36869729375001	4
60.11693829375001	1
61.03973020833334	2
61.893307708333346	3
62.76100143750001	4
63.62784393750001	1
64.50076305	2
65.35311455	3
66.20369326666666	4
67.07256876666668	1
67.89163579791666	2
68.72928379791666	3
69.52161868958333	4
70.32884468958332	1
71.17960970416665	2
72.00378020416665	3
72.81795070416665	4
73.64212120416664	1
74.47806579791664	2
75.30571379791664	3
76.11158770416664	4
76.93575820416663	1
77.76777809999996	2
78.61093359999995	3
79.43466107291663	4
80.19413107291662	1
81.03714270833328	2
81.86356020833328	3
82.69194071249994	4
83.54060521249995	1
84.40262243749996	2
85.25946493749996	3
86.1086508833333	4
86.94528238333329	1
87.79387426666662	2
88.62274976666663	3
89.47162526666663	4
90.35050076666664	1
91.2072243520833	2
92.04508335208331	3
92.91901765416664	4
93.76238415416664	1
94.62575065416664	2
95.46911715416663	3
96.34033304999997	4
97.18268454999998	1
98.0611113520833	2
98.9089703520833	3
99.7668293520833	4
100.61468835208332	1
101.49254735208332	2
102.34040635208332	3
103.1666841	4
103.9998396	1
104.84084318541667	2
105.68298218541668	3
106.43822551458334	4
107.23523751458333	1
108.15053490625	2
109.01860490625	3
109.87509365416668	4
110.69846015416668	1
111.54024671250001	2
112.35891121250002	3
113.20795615416668	4
113.97416265416669	1
114.85568488333335	2
115.69231638333336	3
116.54521340625003	4
117.35612340625003	1
118.18076788333336	2
119.00739938333336	3
119.79086968958337	4
120.58809568958337	1
121.46709185208336	2
122.29779085208337	3
123.15538290208336	4
124.01120590208336	1
124.90291660416669	2
125.7654791041667	3
126.64607860000004	4
127.48639410000003	1
128.3633581854167	2
129.2054971854167	3
130.0340919291667	4
130.8392804291667	1
131.65250854583337	2
132.46545304583336	3
133.28232224375003	4
134.09975924375004	1
134.90915662708335	2
135.72883762708335	3
136.5424407041667	4
137.3666112041667	1
138.19863110000003	2
139.06178660000003	3
139.88298040625006	4
140.70389040625003	1
141.55264718125005	2
142.42253918125004	3
143.25850648333338	4
144.13390598333336	1
144.9844309916667	2
145.8314844916667	3
146.66360270416672	4
147.48777320416673	1
148.33156588333338	2
149.17819738333338	3
150.00894118125004	4
150.82883318125005	1
151.68480048333336	2
152.52019998333336	3
153.31440129375002	4
154.11264229375004	1
154.98347251458338	2
155.8448045145834	3
156.68259225833336	4
157.52697375833336	1
158.36958640625005	2
159.19049640625002	3
159.99413029375003	4
160.78237129375003	1
161.61965725833338	2
162.49403875833337	3
163.34842025833336	4
164.17280175833335	1
165.00718325833336	2
165.83156475833334	3
166.6267110729167	4
167.44618107291672	1
168.30039220833336	2
169.19396970833338	3
170.0259672666667	4
170.8648427666667	1
171.7021357041667	2
172.5163062041667	3
173.31870785208338	4
174.14940685208336	1