0.0	1
0.5	1
1.0	2
1.5	3
2.02	4
2.54	1
3.02	2
3.54	3
4.04	4
4.492798	1
4.935595999999999	2
5.318393999999999	3
5.801191999999999	4
6.273989999999998	1
6.7679899999999975	2
7.249988999999998	3
7.721987999999998	4
8.197986999999998	1
8.683985999999997	2
9.177318999999997	3
9.670651999999997	4
10.153984999999997	1
10.648649999999996	2
11.133314999999996	3
11.577979999999997	4
12.077979999999997	1
12.547979999999997	2
13.035979999999997	3
13.523979999999996	4
14.011979999999996	1
14.513979999999997	2
14.993979999999997	3
15.473979999999997	4
15.973979999999997	1
16.453979999999998	2
16.943979999999996	3
17.427979999999998	4
17.91198	1
18.401980000000002	2
18.881980000000002	3
19.33798	4
19.84798	1
20.30798	2
20.80398	3
21.28398	4
21.722644	1
22.181307999999998	2
22.659971999999996	3
23.147971999999996	4
23.601971	1
24.06597	2
24.53597	3
25.02597	4
25.46597	1
25.92597	2
26.41597	3
26.905970000000003	4
27.36597	1
27.865970000000004	2
28.345970000000005	3
28.825970000000005	4
29.305970000000006	1
29.803970000000003	2
30.291970000000003	3
30.769970000000004	4
31.259970000000003	1
31.739970000000003	2
32.243970000000004	3
32.71597	4
33.207969999999996	1
33.675968	2
34.163966	3
34.633965999999994	4
35.11396599999999	1
35.60396599999999	2
36.08396599999999	3
36.563965999999986	4
37.05996599999999	1
37.563965999999986	2
38.04396599999999	3
38.503965999999984	4
38.99396599999998	1
39.465964999999976	2
39.95596499999998	3
40.44596499999998	4
40.92996399999998	1
41.41996399999998	2
41.899963999999976	3
42.37996399999997	4
42.85996399999997	1
43.339963999999966	2
43.81996399999996	3
44.30996399999996	4
44.78596399999995	1
45.29796399999995	2
45.80196399999995	3
46.24596299999995	4
46.749961999999954	1
47.20396099999996	2
47.69596099999995	3
48.17195999999995	4
48.64795899999995	1
49.145291999999955	2
49.65262499999995	3
50.09995799999996	4
50.591957999999956	1
51.07395799999995	2
51.55395799999995	3
52.01995799999996	4
52.45995799999996	1
52.91995799999996	2
53.399957999999955	3
53.88995799999995	4
54.35795599999995	1
54.815953999999955	2
55.285953999999954	3
55.789952999999954	4
56.223951999999954	1
56.687950999999956	2
57.19395099999995	3
57.65794999999995	4
58.105947999999955	1
58.59394599999995	2
59.083945999999955	3
59.56394599999995	4
60.04394599999995	1
60.523945999999945	2
61.01594599999994	3
61.497945999999935	4
61.99194599999994	1
62.46594599999994	2
62.97194599999994	3
63.45194599999994	4
63.93194599999994	1
64.42444599999993	2
64.92694599999993	3
65.40394599999993	4
65.88394599999994	1
66.37794599999994	2
66.85794599999994	3
67.32794599999994	4
67.81394499999995	1
68.28994399999995	2
68.77394399999994	3
69.24794399999993	4
69.72394299999993	1
70.20994199999994	2
70.68994199999995	3
71.16994199999995	4
71.65994199999994	1
72.13994199999995	2
72.62060699999995	3
73.11127199999996	4
73.59193699999996	1
74.06393599999996	2
74.54593499999996	3
75.02593499999996	4
75.50593499999997	1
75.98593499999997	2
76.46593499999997	3
76.94593499999998	4
77.43593499999997	1
77.91326799999997	2
78.39060099999998	3
78.85793399999999	4
79.33593399999998	1
79.82393399999997	2
80.29193399999997	3
80.76993399999996	4
81.24593299999997	1
81.73193199999996	2
82.21193199999996	3
82.68193199999997	4
83.16193199999998	1
83.64193199999998	2
84.12193199999999	3
84.60193199999999	4
85.081932	1
85.545931	2
86.025931	3
86.505931	4
86.98593100000001	1
87.46593100000001	2
87.92993000000001	3
88.40993000000002	4
88.87993000000002	1
89.37993000000002	2
89.85993000000002	3
90.33993000000002	4
90.81993000000003	1
91.29993000000003	2
91.78793000000003	3
92.26793000000004	4
92.76393000000003	1
93.24393000000003	2
93.72393000000004	3
94.20393000000004	4
94.68393000000005	1
95.16393000000005	2
95.62992900000006	3
96.10592800000006	4
96.58392800000006	1
97.09192800000005	2
97.57192800000006	3
98.05192800000006	4
98.52992800000007	1
99.02792800000006	2
99.51592800000006	3
100.01392800000006	4
100.51192800000007	1
100.97992800000006	2
101.47792800000006	3
101.96592800000006	4
102.44392800000006	1
102.92659300000005	2
103.40925800000005	3
103.89192300000005	4
104.37992300000005	1
104.85792300000006	2
105.35325500000005	3
105.83858700000005	4
106.32391900000005	1
106.81031800000005	2
107.28671700000007	3
107.77311600000007	4
108.25951500000008	1
108.73591400000008	2
109.23591300000008	3
109.72591200000008	4
110.21991100000008	1
110.71191100000009	2
111.21191100000009	3
111.67391100000009	4
112.15791100000008	1
112.65191100000007	2
113.13191100000007	3
113.60324300000008	4
114.05457500000007	1
114.51590700000007	2
115.00390700000007	3
115.49190700000007	4
115.95190700000006	1
116.41190700000006	2
116.89190700000006	3
117.36190700000007	4
117.81790700000008	1
118.29390700000008	2
118.78590700000008	3
119.25790700000009	4
119.72190600000009	1
120.18590500000009	2
120.6779050000001	3
121.1699050000001	4
121.6499050000001	1
122.1399050000001	2
122.6279050000001	3
123.1159050000001	4
123.6079050000001	1
124.08990500000012	2
124.57790500000011	3
125.06590500000011	4
125.54590500000012	1
126.04790400000013	2
126.54390400000013	3
127.01990400000011	4
127.49590300000011	1
127.97190200000011	2
128.4599020000001	3
128.9159010000001	4
129.38190000000012	1
129.8678990000001	2
130.33189900000013	3
130.82189900000012	4
131.2998970000001	1
131.7478950000001	2
132.2278950000001	3
132.70389500000007	4
133.14989500000007	1
133.6058950000001	2
134.09189500000008	3
134.53189400000008	4