0.0	1
0.5	2
1.0	3
1.5	4
2.0	1
2.304899	2
2.6097979999999996	3
2.9146969999999994	4
3.219596	1
4.134293	2
5.038990000000001	1
5.957986000000001	2
6.876982000000001	1
7.788343000000001	2
8.709704	1
9.621065	2
10.532426	1
11.439119	2
12.365812	1
13.262505	2
14.169198000000002	1
15.075891000000002	2
15.972584000000003	1
16.914278000000003	2
17.824472000000004	1
18.744666000000006	2
19.649028000000005	1
20.553390000000004	2
21.461486	1
22.379582	2
23.277677999999998	1
24.215773999999996	2
25.133869999999995	1
26.050507999999994	2
26.966416999999993	1
27.882325999999992	2
28.79823499999999	1
29.724143999999992	2
30.63005299999999	1
31.535961999999987	2
32.45187099999999	1
33.37241799999999	2
34.28028399999999	1
35.17814999999999	2
36.08741599999999	1
37.00948199999999	2
37.921547999999994	1
38.833614	2
39.738476	1
40.663337999999996	2
41.578199999999995	1
42.493061999999995	2
43.392092	1
44.301122	2
45.210152	1
46.132053	2
47.043954	1
47.955855	2
48.867756	1
49.782407	2
50.688433	1
51.614459000000004	2
52.52048500000001	1
53.44651100000001	2
54.36253700000001	1
55.27012100000001	2
56.18848400000001	1
57.10684700000001	2
58.02258600000001	1
58.93307700000001	2
59.83356800000001	1
60.747639000000014	2
61.64850000000001	1
62.57028700000001	2
63.48753700000001	1
64.40478700000001	2
65.32067700000002	1
66.223847	2
67.137017	1
68.060187	2
68.95805299999999	1
69.86591899999999	2
70.77597099999998	1
71.71039499999999	2
72.63481899999998	1
73.53924299999998	2
74.44366699999998	1
75.34809099999997	2
76.26225099999996	1
77.17641099999996	2
78.09057099999995	1
79.01403499999996	2
79.92715099999997	1
80.84026699999997	2
81.72671899999997	1
82.65317099999999	2
83.58962299999999	1
84.49607499999999	2
85.422527	1
86.33897900000001	2
87.24543100000001	1
88.14615900000003	2
89.06402500000002	1
89.97189100000001	2
90.88975700000002	1
91.79995300000002	2
92.71131400000002	1
93.62384500000002	2
94.53696100000002	1
95.44007700000002	2
96.35319300000002	1
97.27718100000003	2
98.19160500000002	1
99.10602900000002	2
100.02045300000002	1
100.94487700000002	2
101.84624000000001	1
102.75148100000001	2
103.64672200000001	1
104.57537500000002	2
105.50073400000002	1
106.41843100000003	2
107.33229700000003	1
108.24616300000002	2
109.16002900000002	1
110.07389500000002	2
110.96666000000002	1
111.89942500000001	2
112.81219	1
113.724955	2
114.62771999999998	1
115.55361399999998	2
116.46950799999998	1
117.38540199999997	2
118.30129599999997	1
119.21718999999996	2
120.12953299999997	1
121.03477399999997	2
121.94001499999997	1
122.83891199999997	2
123.74963699999996	1
124.67036199999997	2
125.57108699999996	1
126.50507299999997	2
127.41905899999996	1
128.33304499999994	2
129.24703099999994	1
130.16101699999993	2
131.07500299999992	1
131.98898899999992	2
132.88297499999993	1
133.81751899999992	2
134.71206299999994	1
135.63660699999994	2
136.53107699999993	1
137.47539899999992	2
138.38972099999992	1
139.31404299999994	2
140.22836499999994	1
141.14268699999994	2
142.04700899999992	1
142.96133099999992	2
143.85565299999993	1
144.78075899999993	2
145.69625699999995	1
146.62175499999995	2
147.53725299999996	1
148.45275099999998	2
149.368249	1
150.283747	2
151.168451	1
152.09156700000003	2
153.00468300000003	1
153.91779900000003	2
154.83091500000003	1
155.75403100000003	2
156.66714700000003	1
157.56676300000004	2
158.47462900000005	1
159.38249500000006	2
160.29074900000006	1
161.20977900000005	2
162.10880900000006	1
163.02967700000005	2
163.95422100000005	1
164.85876500000006	2
165.77330900000007	1
166.67690100000007	2
167.58001700000005	1
168.50313300000008	2
169.40622900000008	1
170.31932500000008	2
171.22242100000008	1
172.1481780000001	2
173.07533600000008	1
173.9852960000001	2
174.88965800000008	1
175.80402000000007	2
176.70923000000008	1
177.63444000000007	2
178.53965000000008	1
179.46486000000007	2
180.38007000000007	1
181.28528000000009	2
182.20904200000007	1
183.11990800000007	2
184.03077400000006	1
184.94164000000006	2
185.85250600000006	1
186.75837000000007	2
187.67673300000007	1