0.0	1
0.7228910000000001	2
1.4457820000000001	3
2.168673	4
2.8915640000000002	1
3.6144550000000004	2
4.337346	3
5.051631	4
5.765916000000001	1
6.498807	2
7.211698	3
7.934589	4
8.65748	1
9.398221	2
10.148962	3
10.899702999999999	4
11.640443999999999	1
12.354728999999999	2
13.089013999999999	3
13.793299	4
14.477584	1
15.175258	2
15.882931999999998	3
16.588814	4
17.294696	1
18.008981	2
18.723266	3
19.397422	4
20.071578	1
20.759251999999996	2
21.466925999999997	3
22.182807999999994	4
22.878689999999995	1
23.584571999999994	2
24.28045399999999	3
24.98633599999999	4
25.76555599999999	1
26.497372999999993	2
27.17918999999999	3
27.83100699999999	4
28.47034799999999	1
29.11968899999999	2
29.789029999999993	3
30.513185999999994	4
31.197341999999992	1
31.87915899999999	2
32.560976	3
33.222792999999996	4
33.89461	1
34.536784000000004	2
35.178958	3
35.84113200000001	4
36.483306000000006	1
37.128466	2
37.763626	3
38.418786	4
39.063945999999994	1
39.702242999999996	2
40.34054	3
40.978837	4
41.627134000000005	1
42.272294	2
42.907453999999994	3
43.55261399999999	4
44.19777399999999	1
44.842933999999985	2
45.48809399999998	3
46.140267999999985	4
46.80244199999999	1
47.46178299999999	2
48.11112399999998	3
48.780464999999985	4
49.43980599999998	1
50.16269699999998	2
50.82203799999998	3
51.46137899999997	4
52.14071999999997	1
52.802893999999974	2
53.44506799999998	3
54.09724199999998	4
54.74941599999998	1
55.40875699999998	2
56.05809799999997	3
56.71743899999997	4
57.37677999999997	1
58.02895399999997	2
58.69112799999998	3
59.333301999999975	4
59.99547599999998	1
60.64063599999998	2
61.255795999999975	3
61.93095599999997	4
62.566115999999965	1
63.232781999999965	2
63.93944799999996	3
64.57611399999996	4
65.24277999999997	1
65.90793999999998	2
66.53309999999998	3
67.18825999999999	4
67.85341999999999	1
68.54307499999999	2
69.21273	3
69.902385	4
70.57204	1
71.234214	2
71.886388	3
72.538562	4
73.190736	1
73.89841000000001	2
74.59608400000002	3
75.28375800000002	4
75.95143200000001	1
76.59659200000002	2
77.25175200000002	3
77.89691200000003	4
78.57207200000003	1
79.22141300000003	2
79.88075400000002	3
80.54009500000002	4
81.19943600000002	1
81.86459600000003	2
82.50975600000004	3
83.14491600000004	4
83.79007600000004	1
84.44941700000004	2
85.10875800000004	3
85.75809900000003	4
86.40744000000004	1
87.05260000000004	2
87.68776000000004	3
88.33292000000004	4
88.97808000000005	1
89.64742100000005	2
90.28676200000004	3
90.94610300000004	4
91.62544400000004	1
92.29211000000005	2
92.96877600000005	3
93.62544200000006	4
94.32210800000007	1
94.98144900000007	2
95.63079000000006	3
96.28013100000005	4
96.93947200000005	1
97.60164600000006	2
98.25382000000006	3
98.88599400000007	4
99.53816800000007	1
100.19034200000007	2
100.85251600000007	3
101.49469000000008	4
102.13686400000007	1
102.79516100000006	2
103.43345800000006	3
104.08861800000007	4
104.73377800000007	1
105.40793400000007	2
106.10209000000006	3
106.75624600000006	4
107.43040200000006	1
108.08974300000006	2
108.73908400000005	3
109.39842500000005	4
110.08258100000005	1
110.75673700000004	2
111.43089300000004	3
112.12259900000004	4
112.88430500000004	1
113.55097100000005	2
114.21763700000005	3
114.88430300000006	4
115.56096900000007	1
116.26062400000008	2
116.95027900000008	3
117.63993400000008	4
118.28958900000008	1
118.95893000000008	2
119.63827100000007	3
120.28761200000007	4
120.94695300000006	1
121.61629400000007	2
122.27563500000007	3
122.93230100000007	4
123.58896700000007	1
124.24114100000007	2
124.88331500000007	3
125.53548900000007	4
126.18766300000007	1
126.82596000000007	2
127.47425700000007	3
128.10255400000005	4
128.76085100000006	1
129.40601100000006	2
130.05117100000007	3
130.68633100000005	4
131.36149100000006	1
132.03330800000006	2
132.69512500000005	3
133.36694200000005	4
134.02875900000004	1
134.74057600000003	2
135.39275000000004	3
136.03492400000005	4
136.70709800000006	1
137.40891500000004	2
138.08073200000004	3
138.73254900000003	4
139.40436600000004	1
140.04952600000004	2
140.70468600000004	3
141.34984600000004	4
142.01500600000006	1
142.66718000000006	2
143.33935400000004	3
143.98152800000005	4
144.63370200000006	1
145.26587600000005	2
145.93805000000006	3
146.59022400000006	4
147.23239800000007	1
147.89655400000007	2
148.5807100000001	3
149.2473760000001	4
149.90404200000006	1
150.57819800000007	2
151.28235400000008	3
151.93902000000008	4
152.5956860000001	1
153.28336000000007	2
153.98103400000008	3
154.6887080000001	4
155.4387080000001	1
156.1887080000001	2
156.93820200000008	3
157.69769600000006	4
158.39940200000007	1
159.21887500000005	2
160.00834800000004	3
160.79782100000003	4
161.57704100000004	1
162.36627100000004	2
163.10550100000003	3
163.88473100000002	4
164.653961	1
165.44477100000003	2
166.25558100000003	3
166.99728700000003	4
167.73899300000002	1
168.498487	2
169.277981	3
170.007475	4
170.81939300000002	1
171.58109900000002	2
172.33109900000002	3
173.08109900000002	4
173.83109900000002	1
174.60032900000002	2
175.349823	3
176.10931699999998	4
176.86881099999997	1
177.60955199999998	2
178.350293	3
179.091034	4
179.813925	1
180.583155	2
181.36237500000001	3
182.131605	4
182.976675	1