0.01	1
0.358	2
0.6859999999999999	3
1.034	4
1.392	1
1.7399999999999998	2
2.078	3
2.4259999999999997	4
2.7839999999999994	1
3.1297499999999996	2
3.4754999999999994	3
3.821249999999999	4
4.156999999999999	1
4.511999999999999	2
4.846999999999999	3
5.201999999999998	4
5.536999999999998	1
5.891999999999998	2
6.236999999999997	3
6.581999999999997	4
6.916999999999997	1
7.261999999999997	2
7.606999999999997	3
7.951999999999996	4
8.296999999999997	1
8.641999999999998	2
8.986999999999998	3
9.331999999999999	4
9.677	1
10.022	2
10.367	3
10.712000000000002	4
11.057000000000002	1
11.400500000000003	2
11.754000000000003	3
12.097500000000004	4
12.431000000000004	1
12.776374000000004	2
13.121748000000004	3
13.467122000000003	4
13.812496000000003	1
14.158621000000004	2
14.514746000000004	3
14.850871000000005	4
15.196996000000006	1
15.540871000000006	2
15.884746000000007	3
16.228621000000004	4
16.572496000000005	1
16.917121000000005	2
17.271746000000007	3
17.606371000000006	4
17.950996000000007	1
18.296370000000007	2
18.641744000000006	3
18.987118000000006	4
19.332492000000006	1
19.677117000000006	2
20.03174200000001	3
20.366367000000007	4
20.710992000000008	1
21.05561700000001	2
21.41024200000001	3
21.75486700000001	4
22.08949200000001	1
22.43561700000001	2
22.791742000000013	3
23.127867000000013	4
23.473992000000013	1
23.817117000000014	2
24.160242000000014	3
24.503367000000015	4
24.846492000000016	1
25.191866000000015	2
25.547240000000016	3
25.892614000000016	4
26.227988000000014	1
26.581863000000016	2
26.915738000000015	3
27.259613000000016	4
27.613488000000018	1
27.95811300000002	2
28.30273800000002	3
28.64736300000002	4
28.99198800000002	1
29.33736200000002	2
29.68273600000002	3
30.02811000000002	4
30.37348400000002	1
30.709609000000018	2
31.05573400000002	3
31.40185900000002	4
31.74798400000002	1
32.09485900000002	2
32.43173400000001	3
32.77860900000001	4
33.12548400000001	1
33.46710900000001	2
33.81873400000001	3
34.160359000000014	4
34.501984000000014	1
34.846609000000015	2
35.191234000000016	3
35.535859000000016	4
35.88048400000002	1
36.22510900000002	2
36.579734000000016	3
36.92435900000002	4
37.26898400000002	1
37.61435800000002	2
37.95973200000002	3
38.29510600000002	4
38.64048000000002	1
38.98510500000002	2
39.33973000000002	3
39.68435500000002	4
40.01898000000002	1
40.36885500000002	2
40.718730000000015	3
41.05860500000001	4
41.398480000000006	1
41.74610500000001	2
42.103730000000006	3
42.44135500000001	4
42.77898000000001	1
43.12910500000001	2
43.46923000000001	3
43.81935500000001	4
44.15948000000001	1
44.51035500000001	2
44.85123000000001	3
45.202105	4
45.54298	1
45.888354	2
46.233728	3
46.579102	4
46.924476	1
47.269101	2
47.613726	3
47.958351	4
48.302976	1
48.63835	2
48.993724	3
49.339098	4
49.684472	1
50.029097	2
50.373722	3
50.708347	4
51.052972000000004	1
51.397597000000005	2
51.742222000000005	3
52.086847000000006	4
52.43147200000001	1
52.776846000000006	2
53.122220000000006	3
53.467594000000005	4
53.812968000000005	1
54.157593000000006	2
54.502218000000006	3
54.84684300000001	4
55.19146800000001	1
55.53684200000001	2
55.892216000000005	3
56.227590000000006	4
56.572964000000006	1
56.916932	2
57.2609	3
57.614867999999994	4
57.95883599999999	1
58.30280399999999	2
58.646771999999984	3
58.99073999999998	4
59.33470799999998	1
59.680175999999975	2
60.02564399999997	3
60.37111199999997	4
60.70657999999997	1
61.061297999999965	2
61.406015999999966	3
61.750733999999966	4
62.08545199999997	1
62.430919999999965	2
62.77638799999996	3
63.13185599999996	4
63.467323999999955	1
63.82129199999995	2
64.16525999999995	3
64.50922799999995	4
64.85319599999995	1
65.19866399999995	2
65.54413199999995	3
65.88959999999994	4
66.22506799999994	1
66.56903599999994	2
66.92300399999995	3
67.26697199999995	4
67.61093999999996	1
67.94640799999995	2
68.29187599999995	3
68.63734399999994	4
68.98281199999994	1
69.32827999999994	2
69.68374799999994	3
70.01921599999993	4
70.36468399999993	1
70.70865199999993	2
71.05261999999993	3
71.39658799999994	4
71.74055599999994	1
72.08602399999994	2
72.44149199999994	3
72.77695999999993	4
73.12242799999993	1
73.46639599999993	2
73.82036399999994	3
74.16433199999994	4
74.50829999999995	1
74.85301799999995	2
75.19773599999995	3
75.54245399999995	4
75.87717199999994	1
76.23263999999995	2
76.56810799999994	3
76.92357599999994	4
77.26904399999994	1
77.61376199999994	2
77.95847999999994	3
78.30319799999994	4
78.63791599999993	1
78.99263399999994	2
79.33735199999994	3
79.68206999999994	4
80.01678799999993	1
80.37150599999994	2
80.71622399999994	3
81.06094199999994	4
81.39565999999994	1
81.75112799999994	2
82.09659599999993	3
82.44206399999993	4
82.77753199999992	1
83.12449999999993	2
83.47146799999993	3
83.81843599999993	4
84.15540399999995	1
84.50237199999995	2
84.84933999999996	3
85.19630799999996	4
85.54327599999996	1
85.88724399999997	2
86.23121199999997	3
86.57517999999997	4
86.91914799999998	1
87.26461599999998	2
87.61008399999997	3
87.95555199999997	4
88.30101999999997	1
88.64423799999997	2
88.98745599999997	3
89.33067399999996	4
89.67389199999995	1
90.01635999999995	2
90.36882799999994	3
90.71129599999993	4
91.06376399999994	1
91.39848199999993	2
91.74319999999993	3
92.08791799999993	4
92.43263599999993	1
92.77585399999994	2
93.11907199999993	3
93.47228999999993	4
93.81550799999992	1
94.16097599999992	2
94.49644399999991	3
94.85191199999991	4
95.1873799999999	1
95.53134799999991	2
95.87531599999991	3
96.22928399999992	4
96.57325199999993	1
96.91871999999992	2
97.26418799999992	3
97.60965599999992	4
97.94512399999991	1
98.29984199999991	2
98.64455999999991	3
98.98927799999991	4
99.33399599999991	1
99.67871399999991	2
100.02343199999991	3
100.36814999999991	4
100.71286799999992	1
101.04983599999991	2
101.39680399999992	3
101.74377199999992	4
102.08073999999993	1
102.42995799999993	2
102.76917599999992	3
103.11839399999991	4
103.4576119999999	1
103.8038299999999	2
104.1500479999999	3
104.4862659999999	4
104.8324839999999	1
105.1689519999999	2
105.5054199999999	3
105.8718879999999	4
106.21835599999989	1
106.56232399999989	2
106.9062919999999	3
107.2602599999999	4
107.61422799999991	1
107.9479459999999	2
108.3016639999999	3
108.63538199999991	4
108.98909999999991	1
109.33306799999991	2
109.67703599999992	3
110.02100399999992	4
110.37497199999993	1
110.70694799999993	2
111.04892399999993	3
111.39089999999993	4
111.75287599999993	1
112.07561899999993	2
112.41836199999993	3
112.78110499999993	4
113.12384799999992	1
113.47390599999993	2
113.80396399999994	3
114.15402199999994	4
114.50407999999995	1
114.83588799999994	2
115.17769599999994	3
115.51950399999994	4
115.86131199999994	1
116.20096499999994	2
116.55061799999994	3
116.91027099999994	4
117.24992399999994	1
117.60382699999994	2
117.94772999999995	3
118.30163299999995	4
118.63553599999995	1
118.96718899999995	2
119.31884199999995	3
119.67049499999995	4
120.02214799999994	1
120.36555099999994	2
120.70895399999993	3
121.04235699999994	4
121.37575999999993	1
121.74331299999993	2
122.09086599999993	3
122.42841899999995	4
122.77597199999995	1
123.09563699999995	2
123.45530199999996	3
123.81496699999997	4
124.15463199999996	1
124.49854699999996	2
124.85246199999996	3
125.18637699999995	4
125.53029199999995	1
125.87795699999995	2
126.22562199999996	3
126.57328699999997	4
126.91095199999998	1
127.25636699999998	2
127.61178199999998	3
127.94719699999999	4
128.29261199999996	1
128.63952599999996	2
128.98643999999996	3
129.33335399999996	4
129.68026799999996	1
130.02343199999996	2
130.36659599999996	3
130.70975999999996	4
131.05292399999996	1
131.39683899999997	2
131.74075399999998	3
132.094669	4
132.43858400000002	1
132.78399900000002	2
133.12941400000003	3
133.47482900000003	4
133.810244	1
134.16105400000004	2
134.51186400000003	3
134.85267400000004	4
135.19348400000004	1
135.53909200000004	2
135.88470000000004	3
136.23030800000004	4
136.56591600000004	1
136.91452400000006	2
137.26313200000007	3
137.60174000000006	4
137.95034800000008	1
138.29370500000007	2
138.63706200000007	3
138.98041900000007	4
139.33377600000009	1
139.67013400000008	2
140.01649200000008	3
140.3628500000001	4
140.7092080000001	1
141.0529050000001	2
141.3966020000001	3
141.74029900000008	4
142.08399600000007	1
142.42844300000007	2
142.77289000000007	3
143.11733700000008	4
143.4717840000001	1
143.80636900000007	2
144.1609540000001	3
144.49553900000006	4
144.84012400000006	1
145.19245900000007	2
145.54479400000005	3
145.88712900000004	4
146.22946400000004	1
146.57404900000003	2
146.91863400000003	3
147.26321900000002	4
147.59780400000002	1
147.94699200000002	2
148.29618000000002	3
148.635368	4
148.984556	1
149.328494	2
149.68243200000003	3
150.01637000000002	4
150.36030800000003	1
150.70676200000003	2
151.05321600000002	3
151.39967000000001	4
151.746124	1
152.08957800000002	2
152.43303200000003	3
152.77648600000003	4
153.11994000000004	1
153.47303100000005	2
153.80612200000002	3
154.15921300000002	4
154.502304	1
154.84812100000002	2
155.19393800000003	3
155.53975500000004	4
155.87557200000003	1
156.22743600000004	2
156.56930000000003	3
156.921164	4
157.263028	1
157.597891	2
157.952754	3
158.287617	4
158.63248000000002	1
158.97959400000002	2
159.32670800000002	3
159.67382200000003	4
160.02093600000003	1
160.35579900000002	2
160.71066200000004	3
161.04552500000003	4
161.39038800000003	1
161.73675200000002	2
162.09311600000004	3
162.42948	4
162.775844	1
163.116208	2
163.466572	3
163.806936	4
164.1473	1
164.495914	2
164.844528	3
165.193142	4
165.541756	1
165.88212	2
166.23248399999997	3
166.57284799999996	4
166.91321199999996	1
167.26364399999994	2
167.61407599999995	3
167.95450799999995	4
168.31493999999992	1
168.7179789999999	2
169.11101799999992	3
169.50405699999993	4
169.87709599999994	1