0.0	1
0.49847300000000005	2
1.0069460000000001	3
1.5254190000000003	4
2.0338920000000003	1
2.5338920000000003	2
3.0338920000000003	3
3.5338920000000003	4
4.023892	1
4.529402	2
5.034912	3
5.530422000000001	4
6.035932000000001	1
6.537545000000001	2
7.0391580000000005	3
7.550771	4
8.052384	1
8.547733000000001	2
9.053082000000002	3
9.558431000000002	4
10.063780000000003	1
10.567893000000003	2
11.082006000000003	3
11.576119000000004	4
12.090232000000004	1
12.595357000000003	2
13.100482000000003	3
13.605607000000003	4
14.110732000000002	1
14.613821000000002	2
15.106910000000001	3
15.619999	4
16.123088	1
16.629784	2
17.136480000000002	3
17.643176000000004	4
18.149872000000006	1
18.651550000000004	2
19.153228000000002	3
19.654906	4
20.146584	1
20.652253	2
21.167922	3
21.673591000000002	4
22.169260000000005	1
22.676036000000003	2
23.182812000000002	3
23.689588	4
24.196364	1
24.709369999999996	2
25.212375999999995	3
25.715381999999995	4
26.218387999999994	1
26.722185999999994	2
27.225983999999993	3
27.729781999999993	4
28.233579999999993	1
28.736903999999992	2
29.24022799999999	3
29.74355199999999	4
30.23687599999999	1
30.74153999999999	2
31.236203999999987	3
31.760867999999984	4
32.25553199999998	1
32.76103699999998	2
33.246541999999984	3
33.77204699999998	4
34.27755199999998	1
34.783946999999976	2
35.290341999999974	3
35.79673699999997	4
36.30313199999997	1
36.80260399999997	2
37.302075999999964	3
37.811547999999966	4
38.311019999999964	1
38.81992299999996	2
39.308825999999954	3
39.81772899999995	4
40.32663199999995	1
40.82571899999995	2
41.344805999999956	3
41.84389299999996	4
42.34297999999996	1
42.85046899999996	2
43.35795799999996	3
43.855446999999955	4
44.37293599999996	1
44.87087599999995	2
45.388815999999956	3
45.88675599999995	4
46.394695999999946	1
46.895833999999944	2
47.39697199999994	3
47.908109999999944	4
48.40924799999994	1
48.914911999999944	2
49.42057599999995	3
49.92623999999995	4
50.43190399999995	1
50.92755699999995	2
51.433209999999946	3
51.92886299999994	4
52.42451599999994	1
52.94092399999994	2
53.44733199999994	3
53.96373999999994	4
54.46014799999993	1
54.96230999999993	2
55.47447199999993	3
55.976633999999926	4
56.48879599999993	1
56.99115999999993	2
57.49352399999993	3
57.99588799999993	4
58.49825199999993	1
59.00127499999993	2
59.50429799999993	3
59.99732099999992	4
60.510343999999925	1
61.015530999999925	2
61.520717999999924	3
62.02590499999992	4
62.53109199999992	1
63.03216199999992	2
63.53323199999992	3
64.04430199999992	4
64.53537199999991	1
65.05517899999991	2
65.5649859999999	3
66.0747929999999	4
66.57459999999989	1
67.07858499999989	2
67.58256999999989	3
68.08655499999989	4
68.59053999999989	1
69.09547299999988	2
69.61040599999988	3
70.10533899999987	4
70.61027199999987	1
71.11072799999987	2
71.61118399999987	3
72.12163999999987	4
72.62209599999987	1
73.13173999999987	2
73.64138399999986	3
74.14102799999985	4
74.64067199999985	1
75.15417799999985	2
75.64768399999986	3
76.15118999999986	4
76.66469599999985	1
77.18289299999986	2
77.69108999999986	3
78.17928699999987	4
78.67748399999988	1
79.17733699999987	2
79.68718999999987	3
80.19704299999988	4
80.69689599999988	1
81.21138199999989	2
81.71586799999989	3
82.22035399999989	4
82.72483999999989	1
83.21574399999989	2
83.71664799999989	3
84.2175519999999	4
84.72845599999991	1
85.23994799999991	2
85.76143999999992	3
86.26293199999992	4
86.76442399999992	1
87.25521899999993	2
87.75601399999992	3
88.25680899999992	4
88.7676039999999	1
89.26832099999991	2
89.77903799999991	3
90.28975499999991	4
90.80047199999991	1
91.29844699999991	2
91.79642199999991	3
92.2943969999999	4
92.80237199999989	1
93.31385599999989	2
93.82533999999988	3
94.32682399999989	4
94.83830799999988	1
95.32660699999988	2
95.84490599999988	3
96.34320499999988	4
96.85150399999989	1
97.35468099999989	2
97.85785799999988	3
98.36103499999987	4
98.86421199999987	1
99.35783699999986	2
99.87146199999987	3
100.36508699999986	4
100.86871199999986	1
101.36682999999987	2
101.87494799999986	3
102.39306599999985	4
102.90118399999984	1
103.40678999999984	2
103.90239599999985	3
104.41800199999984	4
104.92360799999985	1
105.41589299999985	2
105.92817799999985	3
106.43046299999985	4
106.93274799999985	1
107.43459799999985	2
107.93644799999986	3
108.44829799999987	4
108.94014799999987	1
109.44917499999987	2
109.95820199999987	3
110.45722899999988	4
110.96625599999989	1
111.46896799999989	2
111.98167999999988	3
112.48439199999989	4
112.98710399999989	1
113.49385699999989	2
114.0006099999999	3
114.49736299999991	4
115.00411599999991	1
115.5073039999999	2
116.0104919999999	3
116.5136799999999	4
117.02686799999988	1
117.53064099999987	2
118.03441399999987	3
118.52818699999987	4
119.02195999999986	1
119.53248299999987	2
120.03300599999987	3
120.54352899999986	4
121.04405199999987	1
121.55276599999986	2
122.06147999999986	3
122.56019399999987	4
123.06890799999987	1
123.56518299999986	2
124.07145799999986	3
124.57773299999987	4
125.09400799999987	1
125.60090599999988	2
126.11780399999988	3
126.6147019999999	4
127.1215999999999	1
127.6066019999999	2
128.1316039999999	3
128.6266059999999	4
129.1316079999999	1
129.64465799999988	2
130.14770799999988	3
130.6407579999999	4
131.15380799999988	1
131.66348699999992	2
132.1631659999999	3
132.67284499999988	4
133.17252399999987	1
133.66617099999988	2
134.17981799999987	3
134.68346499999987	4
135.17711199999988	1
135.6841099999999	2
136.1911079999999	3
136.6981059999999	4
137.1951039999999	1
137.7028289999999	2
138.2005539999999	3
138.7082789999999	4
139.21600399999988	1
139.72665299999989	2
140.2273019999999	3
140.7279509999999	4
141.23859999999993	1
141.74188899999993	2
142.23517799999993	3
142.72846699999994	4
143.22175599999994	1
143.73908099999994	2
144.25640599999994	3
144.77373099999994	4
145.28105599999995	1
145.78284599999995	2
146.28463599999995	3
146.78642599999995	4
147.28821599999995	1
147.79479999999995	2
148.30138399999996	3
148.80796799999996	4
149.31455199999996	1
149.80720899999994	2
150.30986599999994	3
150.81252299999994	4
151.30517999999995	1
151.80791399999995	2
152.33064799999997	3
152.83338199999997	4
153.33611599999998	1
153.85457899999997	2
154.353042	3
154.861505	4
155.369968	1
155.874816	2
156.37966400000002	3
156.88451200000003	4
157.37936000000002	1
157.88566800000004	2
158.39197600000003	3
158.88828400000003	4
159.38459200000003	1
159.90477	2
160.414948	3
160.90512600000002	4
161.41530400000002	1
161.929237	2
162.43317	3
162.93710299999998	4
163.44103599999997	1
163.93672899999999	2
164.442422	3
164.93811499999998	4
165.453808	1
165.95209	2
166.450372	3
166.94865399999998	4
167.44693599999997	1
167.95875699999996	2
168.47057799999996	3
168.98239899999996	4
169.49421999999996	1
169.99304799999996	2
170.49187599999996	3
170.99070399999997	4
171.48953199999997	1
171.99539199999998	2
172.51125199999998	3
173.017112	4
173.522972	1
174.02145000000002	2
174.519928	3
175.028406	4
175.536884	1
176.03914899999998	2
176.551414	3
177.053679	4
177.54594399999996	1
178.05977199999998	2
178.56359999999998	3
179.06742799999998	4
179.57125599999998	1
180.07650599999997	2
180.58175599999996	3
181.07700599999993	4
181.58225599999992	1
182.08679299999991	2
182.5913299999999	3
183.08586699999992	4
183.6004039999999	1
184.1056509999999	2
184.60089799999992	3
185.1061449999999	4
185.6113919999999	1
186.11788399999992	2
186.62437599999993	3
187.13086799999994	4
187.63735999999994	1
188.14657699999992	2
188.6457939999999	3
189.1450109999999	4
189.6542279999999	1
190.17479299999988	2
190.6453579999999	3
191.15592299999992	4
191.69648799999993	1
192.19836799999993	2
192.70024799999993	3
193.20212799999993	4
193.70400799999993	1
194.21206999999993	2
194.72013199999992	3
195.22819399999992	4
195.7362559999999	1
196.2374309999999	2
196.7386059999999	3
197.23978099999988	4
197.74095599999987	1
198.24799099999987	2
198.75502599999987	3
199.26206099999987	4
199.76909599999988	1
200.28152599999987	2
200.78395599999988	3
201.2763859999999	4
201.7788159999999	1
202.2816159999999	2
202.7844159999999	3
203.28721599999992	4
203.79001599999992	1
204.29667999999992	2
204.80334399999992	3
205.31000799999993	4
205.81667199999993	1
206.31908499999992	2
206.8214979999999	3
207.3239109999999	4
207.8263239999999	1
208.3328299999999	2
208.8393359999999	3
209.33584199999987	4
209.84234799999987	1