0.01	1
0.5	2
1.0	3
1.5	4
2.0	1
2.5	2
3.0	3
3.5	4
4.0	1
4.5	2
5.0	3
5.5	4
6.0	1
6.5	2
7.0	3
7.5	4
8.0	1
8.5	2
9.0	3
9.5	4
10.0	1
10.5	2
11.0	3
11.48	4
12.0	1
12.5	2
13.0	3
13.5	4
14.0	1
14.5	2
15.0	3
15.5	4
16.0	1
16.5	2
17.0	3
17.5	4
18.0	1
18.5	2
19.0	3
19.5	4
20.0	1
20.5	2
21.0	3
21.5	4
22.0	1
22.5	2
23.0	3
23.5	4
24.0	1
24.5	2
25.0	3
25.5	4
26.0	1
26.5	2
27.0	3
27.5	4
28.0	1
28.5	2
29.0	3
29.5	4
30.0	1
30.5	2
31.0	3
31.5	4
32.0	1
32.5	2
33.0	3
33.5	4
34.0	1
34.5	2
35.0	3
35.5	4
36.0	1
36.5	2
37.0	3
37.51	4
38.01	1
38.51	2
39.01	3
39.51	4
40.01	1
40.51	2
41.01	3
41.5	4
42.0	1
42.5	2
43.0	3
43.5	4
44.0	1
44.5	2
45.0	3
45.5	4
46.0	1
46.51	2
47.02	3
47.52	4
48.02	1
48.5	2
49.0	3
49.5	4
50.0	1
50.5	2
51.0	3
51.5	4
51.99	1
52.5	2
53.0	3
53.5	4
54.0	1
54.5	2
55.01	3
55.51	4
56.01	1
56.51	2
57.01	3
57.51	4
58.0	1
58.5	2
59.01	3
59.5	4
60.0	1
60.5	2
61.0	3
61.5	4
62.0	1
62.5	2
63.0	3
63.5	4
64.02	1
64.51	2
65.01	3
65.51	4
66.0	1
66.5	2
67.0	3
67.51	4
68.0	1
68.5	2
68.99	3
69.49	4
69.99	1
70.49	2
71.01	3
71.49	4
72.0	1
72.5	2
73.0	3
73.5	4
74.0	1
74.5	2
75.0	3
75.5	4
76.0	1
76.5	2
77.0	3
77.5	4
78.0	1
78.5	2
79.0	3
79.5	4
80.01	1
80.51	2
81.01	3
81.51	4
82.01	1
82.51	2
83.01	3
83.51	4
84.01	1
84.51	2
85.01	3
85.51	4
86.01	1
86.51	2
87.01	3
87.5	4
88.0	1
88.51	2
89.01	3
89.51	4
90.01	1
90.51	2
90.99	3
91.5	4
92.0	1
92.5	2
93.0	3
93.5	4
94.0	1
94.5	2
95.0	3
95.5	4
96.0	1
96.51	2
97.01	3
97.51	4
98.01	1
98.51	2
99.0	3
99.5	4
100.0	1
100.5	2
101.0	3
101.51	4
102.01	1
102.51	2
103.01	3
103.51	4
104.01	1
104.5	2
105.0	3
105.51	4
106.01	1
106.51	2
107.01	3
107.51	4
108.01	1
108.52	2
109.01	3
109.51	4
110.01	1
110.51	2
111.01	3
111.51	4
112.01	1
112.51	2
113.01	3
113.51	4
114.01	1
114.51	2
115.01	3
115.51	4
116.01	1
116.51	2
117.01	3
117.51	4
118.01	1
118.51	2
119.01	3
119.51	4
120.01	1
120.52	2
121.02	3
121.52	4
122.01	1
122.51	2
123.01	3
123.51	4
124.01	1
124.51	2
125.01	3
125.51	4
126.01	1
126.51	2
127.01	3
127.51	4
128.0	1
128.51	2
129.01	3
129.51	4
130.01	1
130.51	2
131.0	3
131.51	4
132.01	1
132.51	2
133.01	3
133.51	4
134.01	1
134.51	2
135.01	3
135.51	4
136.0	1
136.51	2
137.01	3
137.51	4
138.01	1
138.51	2
139.01	3
139.51	4
140.01	1
140.51	2
141.01	3
141.51	4
142.01	1
142.51	2
143.01	3
143.51	4
144.01	1
144.51	2
145.01	3
145.51	4
146.01	1
146.51	2
147.0	3
147.5	4
148.0	1
148.5	2
149.0	3
149.52	4
149.99	1
150.46	2
151.0	3
151.52	4
152.01	1
152.53	2
153.0	3
153.51	4
154.0	1
154.5	2
154.99	3
155.45	4
155.99	1
156.5	2
157.0	3
157.47	4
157.98	1
158.5	2
159.0	3
159.52	4
160.0	1
160.5	2
161.0	3
161.52	4
162.0	1
162.51	2
163.01	3
163.51	4
164.01	1
164.51	2
165.01	3
165.51	4
166.01	1
166.51	2
167.01	3
167.51	4
168.01	1
168.51	2
169.01	3
169.51	4
170.0	1
170.51	2
171.01	3
171.51	4
172.01	1
172.51	2
173.01	3
173.5	4
174.0	1
174.51	2
175.01	3
175.51	4
176.01	1
176.51	2
177.01	3
177.51	4
178.01	1
178.51	2
179.01	3
179.51	4
180.01	1
180.51	2
181.01	3
181.51	4
182.01	1
182.51	2
183.01	3
183.51	4
184.01	1
184.51	2
185.01	3
185.51	4
186.01	1
186.52	2
187.01	3
187.51	4
188.01	1
188.51	2
189.01	3
189.51	4
190.01	1
190.51	2
191.01	3
191.51	4
192.01	1
192.51	2
193.01	3
193.51	4
194.01	1
194.51	2
195.01	3
195.51	4
196.01	1
196.51	2
197.01	3
197.51	4
198.01	1
198.51	2
199.01	3
199.51	4
200.01	1
200.51	2
201.01	3
201.51	4
202.01	1
202.51	2
203.01	3
203.51	4
204.01	1
204.51	2
205.01	3
205.51	4
206.01	1
206.51	2
207.01	3
207.51	4
208.01	1
208.51	2
209.01	3
209.51	4
210.01	1
210.51	2
211.01	3
211.51	4
212.01	1
212.51	2
213.01	3
213.51	4
214.01	1