0.0	1
0.4	2
0.8500000000000001	3
1.1700000000000002	4
1.57	1
1.97	2
2.33	3
2.77	4
3.19	1
3.59	2
3.9899999999999998	3
4.3999999999999995	4
4.79	1
5.19	2
5.590000000000001	3
5.990000000000001	4
6.3900000000000015	1
6.790000000000002	2
7.190000000000002	3
7.5900000000000025	4
7.990000000000002	1
8.390000000000002	2
8.790000000000003	3
9.190000000000003	4
9.590000000000003	1
9.990000000000004	2
10.390000000000004	3
10.800000000000004	4
11.200000000000005	1
11.600000000000005	2
11.990000000000006	3
12.390000000000006	4
12.790000000000006	1
13.190000000000007	2
13.590000000000007	3
13.990000000000007	4
14.390000000000008	1
14.790000000000008	2
15.190000000000008	3
15.590000000000009	4
15.990000000000007	1
16.390000000000004	2
16.790000000000003	3
17.19	4
17.6	1
18.0	2
18.389999999999997	3
18.789999999999996	4
19.199999999999996	1
19.599999999999994	2
19.98999999999999	3
20.38999999999999	4
20.79999999999999	1
21.189999999999987	2
21.589999999999986	3
21.989999999999984	4
22.399999999999984	1
22.799999999999983	2
23.18999999999998	3
23.58999999999998	4
23.99999999999998	1
24.399999999999977	2
24.799999999999976	3
25.199999999999974	4
25.599999999999973	1
25.99999999999997	2
26.39999999999997	3
26.79999999999997	4
27.199999999999967	1
27.599999999999966	2
28.009999999999966	3
28.409999999999965	4
28.79999999999996	1
29.19999999999996	2
29.59999999999996	3
30.00999999999996	4
30.399999999999956	1
30.799999999999955	2
31.199999999999953	3
31.59999999999995	4
31.99999999999995	1
32.39999999999995	2
32.79999999999995	3
33.199999999999946	4
33.599999999999945	1
33.99999999999994	2
34.39999999999994	3
34.79999999999994	4
35.19999999999994	1
35.609999999999935	2
36.009999999999934	3
36.40999999999993	4
36.79999999999993	1
37.19999999999993	2
37.59999999999993	3
38.00999999999993	4
38.409999999999926	1
38.809999999999924	2
39.199999999999925	3
39.59999999999992	4
39.99999999999992	1
40.39999999999992	2
40.79999999999992	3
41.19999999999992	4
41.599999999999916	1
42.00999999999991	2
42.40999999999991	3
42.80999999999991	4
43.19999999999991	1
43.59999999999991	2
43.99999999999991	3
44.409999999999904	4
44.8099999999999	1
45.2099999999999	2
45.6099999999999	3
46.0099999999999	4
46.3999999999999	1
46.7999999999999	2
47.199999999999896	3
47.60999999999989	4
48.00999999999989	1
48.40999999999989	2
48.80999999999989	3
49.20999999999989	4
49.59999999999989	1
49.999999999999886	2
50.399999999999885	3
50.80999999999988	4
51.20999999999988	1
51.60999999999988	2
52.00999999999988	3
52.409999999999876	4
52.809999999999874	1
53.20999999999987	2
53.60999999999987	3
54.00999999999987	4
54.40999999999987	1
54.80999999999987	2
55.209999999999866	3
55.609999999999864	4
55.999999999999865	1
56.399999999999864	2
56.79999999999986	3
57.19999999999986	4
57.59999999999986	1
57.99999999999986	2
58.39999999999986	3
58.799999999999855	4
59.199999999999854	1
59.59999999999985	2
59.99999999999985	3
60.39999999999985	4
60.79999999999985	1
61.209999999999845	2
61.60999999999984	3
62.00999999999984	4
62.39999999999984	1
62.79999999999984	2
63.19999999999984	3
63.59999999999984	4
63.99999999999984	1
64.39999999999984	2
64.79999999999984	3
65.19999999999985	4
65.59999999999985	1
65.99999999999986	2
66.39999999999986	3
66.79999999999987	4
67.19999999999987	1
67.60999999999989	2
68.00999999999989	3
68.4099999999999	4
68.7999999999999	1
69.1999999999999	2
69.59999999999991	3
69.99999999999991	4
70.39999999999992	1
70.79999999999993	2
71.19999999999993	3
71.59999999999994	4
71.99999999999994	1
72.39999999999995	2
72.79999999999995	3
73.19999999999996	4
73.59999999999997	1
74.00999999999998	2
74.40999999999998	3
74.80999999999999	4
75.19999999999999	1
75.6	2
76.0	3
76.4	4
76.80000000000001	1
77.20000000000002	2
77.60000000000002	3
78.00000000000003	4
78.40000000000003	1
78.80000000000004	2
79.20000000000005	3
79.61000000000006	4
80.00000000000006	1