0.0	1
0.458015	2
0.90603	3
1.364045	4
1.82206	1
2.280075	2
2.73809	3
3.196105	4
3.66412	1
4.122135	2
4.58015	3
5.038164999999999	4
5.496179999999999	1
5.954194999999999	2
6.412209999999998	3
6.870224999999998	4
7.328239999999997	1
7.786254999999997	2
8.244269999999997	3
8.702284999999996	4
9.160299999999996	1
9.618314999999996	2
10.076329999999995	3
10.534344999999995	4
10.992359999999994	1
11.450374999999994	2
11.908389999999994	3
12.366404999999993	4
12.824419999999993	1
13.282434999999992	2
13.740449999999992	3
14.198464999999992	4
14.646479999999992	1
15.114494999999991	2
15.57250999999999	3
16.03052499999999	4
16.48853999999999	1
16.94655499999999	2
17.40456999999999	3
17.86258499999999	4
18.32059999999999	1
18.778614999999988	2
19.24662999999999	3
19.70464499999999	4
20.16265999999999	1
20.610674999999986	2
21.068689999999986	3
21.526704999999986	4
21.984719999999985	1
22.452734999999986	2
22.910749999999986	3
23.358764999999984	4
23.816779999999984	1
24.284794999999985	2
24.732809999999983	3
25.190824999999982	4
25.648839999999982	1
26.10685499999998	2
26.56486999999998	3
27.02288499999998	4
27.48089999999998	1
27.93891499999998	2
28.39692999999998	3
28.85494499999998	4
29.31295999999998	1
29.77097499999998	2
30.22898999999998	3
30.687004999999978	4
31.115019999999976	1
31.583034999999978	2
32.04104999999998	3
32.49906499999998	4
32.96707999999999	1
33.42509499999999	2
33.89310999999999	3
34.351124999999996	4
34.80914	1
35.267155	2
35.725170000000006	3
36.18318500000001	4
36.64120000000001	1
37.099215000000015	2
37.55723000000002	3
38.01524500000002	4
38.473260000000025	1
38.93127500000003	2
39.38929000000003	3
39.847305000000034	4
40.30532000000004	1
40.76333500000004	2
41.221350000000044	3
41.67936500000005	4
42.13738000000005	1
42.59539500000005	2
43.053410000000056	3
43.51142500000006	4
43.96944000000006	1
44.427455000000066	2
44.88547000000007	3
45.34348500000007	4
45.801500000000075	1
46.25951500000008	2
46.71753000000008	3
47.175545000000085	4
47.63356000000009	1
48.09157500000009	2
48.549590000000094	3
49.0076050000001	4
49.4656200000001	1
49.923635000000104	2
50.38165000000011	3
50.83966500000011	4
51.29768000000011	1
51.75569500000012	2
52.21371000000012	3
52.67172500000012	4
53.129740000000126	1
53.58775500000013	2
54.04577000000013	3
54.503785000000136	4
54.96180000000014	1
55.41981500000014	2
55.877830000000145	3
56.33584500000015	4
56.79386000000015	1
57.251875000000155	2
57.70989000000016	3
58.16790500000016	4
58.625920000000164	1
59.08393500000017	2
59.54195000000017	3
59.999965000000174	4
60.45798000000018	1
60.91599500000018	2
61.37401000000018	3
61.832025000000186	4
62.29004000000019	1
62.74805500000019	2
63.206070000000196	3
63.6740850000002	4
64.13210000000021	1
64.59011500000021	2
65.03813000000021	3
65.4861450000002	4
65.95416000000021	1
66.41217500000022	2
66.87019000000022	3
67.32820500000022	4
67.78622000000023	1
68.24423500000023	2
68.70225000000023	3
69.16026500000024	4
69.61828000000024	1
70.07629500000024	2
70.53431000000025	3
70.99232500000025	4
71.45034000000025	1
71.90835500000026	2
72.36637000000026	3
72.82438500000026	4
73.28240000000027	1
73.74041500000027	2
74.19843000000027	3
74.64644500000027	4
75.08446000000028	1
75.59247500000028	2
76.05049000000028	3
76.49850500000029	4
76.94652000000029	1
77.4045350000003	2
77.8625500000003	3
78.3205650000003	4
78.7785800000003	1
79.2365950000003	2
79.69461000000031	3
80.15262500000031	4
80.61064000000032	1
81.06865500000032	2
81.52667000000032	3
81.98468500000033	4
82.44270000000033	1
82.90071500000033	2
83.35873000000034	3
83.81674500000034	4
84.27476000000034	1
84.73277500000034	2
85.19079000000035	3
85.64880500000035	4
86.10682000000035	1
86.56483500000036	2
87.02285000000036	3
87.48086500000036	4
87.93888000000037	1
88.39689500000037	2
88.85491000000037	3
89.31292500000038	4
89.77094000000038	1
90.22895500000038	2
90.68697000000039	3
91.14498500000039	4
91.60300000000039	1
92.0610150000004	2
92.5190300000004	3
92.9770450000004	4
93.4350600000004	1
93.89307500000041	2
94.35109000000041	3
94.80910500000041	4
95.26712000000042	1
95.72513500000042	2
96.18315000000042	3
96.64116500000043	4
97.09918000000043	1
97.55719500000043	2
98.00521000000043	3
98.47322500000044	4
98.93124000000044	1
99.38925500000045	2
99.84727000000045	3
100.30528500000045	4
100.76330000000046	1
101.22131500000046	2
101.67933000000046	3
102.13734500000047	4
102.59536000000047	1
103.05337500000047	2
103.51139000000047	3
103.96940500000048	4
104.42742000000048	1
104.88543500000048	2
105.34345000000049	3
105.80146500000049	4
106.2594800000005	1
106.7374950000005	2
107.1855100000005	3
107.64352500000051	4
108.10154000000051	1
108.54955500000051	2
109.00757000000051	3
109.46558500000052	4
109.92360000000052	1
110.38161500000052	2
110.82963000000052	3
111.29764500000053	4
111.75566000000053	1
112.21367500000053	2
112.67169000000054	3
113.12970500000054	4
113.58772000000054	1
114.04573500000055	2
114.50375000000055	3
114.96176500000055	4
115.41978000000056	1
115.87779500000056	2
116.33581000000056	3
116.79382500000057	4
117.25184000000057	1
117.70985500000057	2
118.15787000000057	3
118.62588500000058	4
119.11390000000058	1
119.55191500000059	2
119.99993000000059	3
120.45794500000059	4
120.9159600000006	1
121.3739750000006	2
121.8319900000006	3
122.2900050000006	4
122.74802000000061	1
123.20603500000061	2
123.66405000000061	3
124.12206500000062	4
124.58008000000062	1
125.03809500000062	2
125.49611000000063	3
125.95412500000063	4
126.41214000000063	1
126.87015500000064	2
127.32817000000064	3
127.78618500000064	4
128.24420000000063	1
128.70221500000062	2
129.1602300000006	3
129.6182450000006	4
130.0762600000006	1
130.53427500000058	2
130.99229000000057	3
131.45030500000055	4
131.90832000000054	1
132.36633500000053	2
132.82435000000052	3
133.2823650000005	4
133.7403800000005	1
134.1983950000005	2
134.65641000000048	3
135.11442500000047	4
135.57244000000046	1
136.03045500000044	2
136.48847000000043	3
136.94648500000042	4
137.4045000000004	1
137.8625150000004	2
138.3205300000004	3
138.77854500000038	4
139.23656000000037	1
139.69457500000036	2
140.15259000000034	3
140.61060500000033	4
141.06862000000032	1
141.5266350000003	2
141.9846500000003	3
142.4426650000003	4
142.90068000000028	1
143.35869500000027	2
143.81671000000026	3
144.27472500000025	4
144.73274000000023	1
145.19075500000022	2
145.6487700000002	3
146.1067850000002	4
146.5648000000002	1
147.02281500000018	2
147.48083000000017	3
147.93884500000016	4
148.39686000000015	1
148.85487500000013	2
149.31289000000012	3
149.7709050000001	4
150.2289200000001	1
150.6869350000001	2
151.14495000000008	3
151.60296500000007	4
152.06098000000006	1
152.51899500000005	2
152.97701000000004	3
153.43502500000002	4
153.89304	1
154.351055	2
154.80907	3
155.26708499999998	4
155.71509999999998	1
156.18311499999996	2
156.64112999999995	3
157.09914499999994	4
157.55715999999993	1
158.0151749999999	2
158.4731899999999	3
158.9312049999999	4
159.38921999999988	1
159.84723499999987	2
160.30524999999986	3
160.76326499999985	4
161.22127999999984	1
161.67929499999983	2
162.13730999999981	3
162.5953249999998	4
163.0533399999998	1
163.51135499999978	2
163.96936999999977	3
164.42738499999976	4
164.88539999999975	1
165.34341499999974	2
165.80142999999973	3
166.25944499999972	4
166.7174599999997	1
167.1754749999997	2
167.63348999999968	3
168.09150499999967	4
168.54951999999966	1
169.00753499999965	2
169.46554999999964	3
169.92356499999963	4
170.38157999999962	1
170.8395949999996	2
171.2976099999996	3
171.75562499999958	4
172.21363999999957	1
172.67165499999956	2
173.12966999999955	3
173.58768499999954	4
174.04569999999953	1
174.50371499999952	2
174.9617299999995	3
175.4197449999995	4
175.87775999999948	1
176.33577499999947	2
176.79378999999946	3
177.25180499999945	4
177.70981999999944	1
178.16783499999943	2
178.62584999999942	3
179.0838649999994	4
179.5418799999994	1