0.0	1
0.5366719999999999	2
1.0733439999999999	3
1.610016	4
2.136688	1
2.6833599999999995	2
3.2100319999999996	3
3.7467039999999994	4
4.293375999999999	1
4.820048	2
5.35672	3
5.903392	4
6.450064	1
6.971803	2
7.503542	3
8.025281	4
8.55702	1
9.048759	2
9.600498	3
10.122237	4
10.623976	1
11.125715000000001	2
11.647454000000002	3
12.169193000000002	4
12.690932000000002	1
13.262671000000001	2
13.764410000000002	3
14.276149000000002	4
14.797888000000002	1
15.329627000000002	2
15.851366000000002	3
16.373105000000002	4
16.894844000000003	1
17.416583000000003	2
17.938322000000003	3
18.460061000000003	4
18.981800000000003	1
19.503539000000004	2
20.025278000000004	3
20.537017000000006	4
21.068756000000004	1
21.590495000000004	2
22.112234000000004	3
22.633973000000005	4
23.145712000000007	1
23.667451000000007	2
24.189190000000007	3
24.710929000000007	4
25.232668000000007	1
25.754407000000008	2
26.276146000000008	3
26.777885000000005	4
27.319624000000008	1
27.851363000000006	2
28.36310200000001	3
28.88484100000001	4
29.406580000000005	1
29.928319000000005	2
30.450058000000006	3
30.971797000000006	1
31.493536000000006	2
32.015275	3
32.537014	1
33.058752999999996	2
33.590492	3
34.112230999999994	4
34.63396999999999	1
35.15570899999999	2
35.677447999999984	3
36.19918699999998	4
36.72092599999998	1
37.242664999999974	2
37.76440399999997	3
38.27614299999996	4
38.79788199999996	1
39.319620999999955	2
39.84135999999995	3
40.36309899999995	4
40.884837999999945	1
41.40657699999994	2
41.92831599999994	3
42.450054999999935	4
42.98179399999994	1
43.50353299999993	2
44.015271999999925	3
44.53701099999992	4
45.05874999999992	1
45.580488999999915	2
46.10222799999991	3
46.62396699999991	4
47.145705999999905	1
47.6674449999999	2
48.1891839999999	3
48.710922999999895	4
49.23266199999989	1
49.75440099999989	2
50.276139999999884	3
50.79787899999988	4
51.31961799999988	1
51.841356999999874	2
52.36309599999987	3
52.86483499999987	4
53.406573999999864	1
53.92831299999986	2
54.46005199999986	3
54.98179099999986	4
55.503530000000005	1
56.005269	2
56.53700799999999	3
57.05874699999999	1
57.59048599999999	2
58.11222499999999	3
58.633964000000006	1
59.145703	2
59.667441999999994	3
60.199180999999996	4
60.72091999999999	1
61.24265899999999	2
61.75439799999998	3
62.27613699999998	4
62.797875999999974	1
63.31961499999997	2
63.84135399999997	3
64.37309299999997	4
64.89483199999997	1
65.41657099999996	2
65.92830999999997	3
66.45004899999996	4
66.98178799999995	1
67.50352699999995	2
68.01526599999995	3
68.53700499999995	4
69.05874399999995	1
69.58048299999994	2
70.10222199999994	3
70.62396099999994	4
71.14569999999993	1
71.66743899999993	2
72.18917799999993	3
72.72091699999991	4
73.24265599999991	1
73.76439499999991	2
74.27613399999991	3
74.7878729999999	4
75.3096119999999	1
75.8513509999999	2
76.37308999999989	3
76.89482899999989	4
77.4065679999999	1
77.92830699999989	2
78.45004599999989	3
78.98178499999987	4
79.50352399999987	1
80.01526299999988	2
80.53700199999987	3
81.05874099999987	4
81.58047999999987	1
82.10221899999986	2
82.62395799999986	3
83.14569699999986	4
83.66743599999985	1
84.18917499999985	2
84.72091399999984	3
85.24265299999983	4
85.76439199999983	1
86.27613099999984	2
86.79786999999983	3
87.32960899999982	4
87.85134799999982	1
88.37308699999981	2
88.89482599999981	3
89.40656499999982	4
89.92830399999981	1
90.45004299999981	2
90.9817819999998	3
91.5035209999998	4
92.0152599999998	1
92.5369989999998	2
93.05873799999979	3
93.58047699999979	4
94.10221599999979	1
94.61395499999978	2
95.13569399999977	3
95.64743299999977	4
96.18917199999977	1
96.71091099999977	2
97.23264999999977	3
97.75438899999976	4
98.27612800000001	1
98.79786700000001	2
99.31960600000001	3
99.831345	1
100.37308399999999	2
100.89482299999999	3
101.40656200000002	1
101.92830100000002	2
102.45004000000002	3
102.97177900000001	4
103.49351800000001	1
104.015257	2
104.536996	3
105.058735	4
105.580474	1
106.10221299999999	2
106.62395199999999	3
107.14569099999999	4
107.66742999999998	1
108.18916899999998	2
108.71090799999998	3
109.23264699999997	4
109.75438599999997	1
110.27612499999996	2
110.79786399999996	3
111.31960299999996	4
111.84134199999995	1
112.36308099999995	2
112.88481999999995	3
113.40655899999994	4
113.92829799999994	1
114.45003699999994	2
114.97177599999993	3
115.49351499999993	4
116.00525399999992	1
116.52699299999992	2
117.04873199999992	3
117.58047099999992	4
118.10220999999991	1
118.62394899999991	2
119.14568799999991	3
119.6674269999999	4
120.1891659999999	1
120.7109049999999	2
121.2326439999999	3
121.74438299999989	4
122.27612199999989	1
122.79786099999988	2
123.31959999999988	3
123.84133899999988	4
124.36307800000002	1
124.88481700000001	2
125.40655600000001	3
125.928295	1
126.450034	2
126.971773	3
127.50351200000001	1
128.015251	2
128.52699	3
129.058729	4
129.580468	1
130.102207	2
130.623946	3
131.145685	4
131.66742399999998	1
132.18916299999998	2
132.71090199999998	3
133.242641	4
133.76438	1
134.27611899999997	2
134.79785799999996	3
135.31959699999996	4
135.85133599999998	1
136.37307499999997	2
136.88481399999995	3
137.40655299999995	4
137.92829199999994	1
138.45003099999994	2
138.97176999999994	3
139.49350899999993	4
140.01524799999993	1
140.53698699999993	2
141.05872599999992	3
141.58046499999992	4
142.11220399999993	1
142.63394299999993	2
143.1456819999999	3
143.6574209999999	4
144.1791599999999	1
144.7108989999999	2
145.2326379999999	3
145.7543769999999	4
146.2761159999999	1
146.79785499999988	2
147.31959399999988	3
147.84133299999988	4
148.36307199999987	1
148.88481099999987	2
149.40654999999987	3
149.92828899999986	4
150.45002799999986	1
150.97176699999986	2
151.49350599999985	3
152.01524499999985	4
152.53698399999985	1
153.05872299999984	2
153.58046199999984	3
154.10220099999984	4
154.62393999999983	1
155.13567899999984	2
155.66741799999983	3
156.18915699999982	4
156.71089599999982	1
157.23263499999982	2
157.7543739999998	3
158.2761129999998	4
158.7978519999998	1
159.3195909999998	2
159.8413299999998	3
160.3630689999998	4
160.8848079999998	1
161.4065469999998	2
161.9282859999998	3
162.45002499999978	4
162.97176399999978	1
163.49350299999978	2
164.01524199999977	3
164.53698099999977	4
165.05871999999977	1
165.57045899999977	2
166.10219799999976	3
166.63393699999978	4
167.13567599999976	1
167.66741499999975	2
168.18915399999975	3
168.71089299999974	4
169.23263199999974	1
169.75437099999974	2
170.27610999999973	3
170.79784899999973	4
171.31958799999973	1
171.84132699999972	2
172.37306599999974	3
172.89480499999974	4
173.4065439999997	1
173.9282829999997	2
174.4500219999997	3
174.98176099999972	4
175.50349999999972	1
176.0152389999997	2
176.5369779999997	3
177.0587169999997	4
177.58045599999969	1
178.10219499999968	2
178.62393399999968	3
179.14567299999968	4
179.66741199999967	1
180.18915099999967	2
180.71088999999967	3
181.23262899999966	4
181.75436799999966	1
182.27610699999966	2
182.79784599999965	3
183.31958499999965	4
183.84132399999964	1
184.37306299999966	2
184.89480199999966	3
185.40654099999963	4
185.92827999999963	1
186.45001899999963	2
186.97175799999962	3
187.49349699999962	4
188.01523599999962	1
188.52697499999962	2
189.04871399999962	3
189.56045299999963	4
190.1021919999996	1
190.6239309999996	2
191.1456699999996	3
191.6674089999996	4
192.1891479999996	1
192.7108869999996	2
193.23262599999958	3
193.75436499999958	4
194.27610399999958	1
194.79784299999957	2
195.31958199999957	3
195.83132099999958	4
196.35305999999957	1
196.86479899999958	2
197.35653799999957	3
197.90827699999957	4
198.45001599999955	1
198.97175499999955	2
199.51349399999955	3
200.01523299999954	4
200.53697199999954	1
201.04871099999954	2
201.57044999999954	3
202.10218899999953	4
202.62392799999952	1
203.13566699999953	2
203.66740599999952	3
204.1891449999995	4
204.7108839999995	1
205.2326229999995	2
205.7443619999995	3
206.2761009999995	4
206.7978399999995	1
207.3195789999995	2
207.8413179999995	3
208.3630569999995	4
208.88479599999948	1
209.40653499999948	2
209.91827399999949	3
210.45001299999947	4
210.97175199999947	1
211.49349099999947	2
212.00522999999947	3
212.52696899999947	4
213.05870799999946	1
213.58044699999945	2
214.10218599999945	3
214.62392499999945	4
215.13566399999945	1
215.66740299999944	2
216.18914199999944	3
216.71088099999943	4
217.21261999999945	1
217.76435899999944	2
218.26609799999943	3
218.79783699999942	4
219.31957599999942	1
219.85131499999943	2
220.3630539999994	3
220.8747929999994	4
221.3965319999994	1
221.9282709999994	2
222.4500099999994	3
222.9717489999994	4
223.4934879999994	1
224.0052269999994	2
224.5269659999994	3
225.0487049999994	4
225.58044399999937	1
226.10218299999937	2
226.62392199999937	3
227.13566099999937	4
227.65739999999937	1
228.17913899999937	2
228.71087799999935	3
229.23261699999935	4
229.75435599999935	1
230.27609499999934	2
230.79783399999934	3
231.31957299999934	4
231.84131199999933	1
232.36305099999933	2
232.88478999999933	3
233.40652899999932	4
233.92826799999932	1
234.45000699999932	2
234.9717459999993	3
235.4934849999993	4
236.0152239999993	1
236.5369629999993	2
237.0487019999993	3
237.5804409999993	4
238.1021799999993	1