0.01	1
0.36585300000000004	2
0.7317060000000001	3
1.0975590000000002	4
1.4634120000000002	1
1.8292650000000001	2
2.1851180000000006	3
2.5609710000000003	4
2.9268240000000003	1
3.2926770000000003	2
3.6585300000000003	3
4.024383	4
4.4002360000000005	1
4.766089000000001	2
5.131942000000001	3
5.497795000000002	4
5.863648000000002	1
6.219501000000003	2
6.585354000000003	3
6.951207000000004	4
7.317060000000004	1
7.692913000000004	2
8.058766000000004	3
8.424619000000003	4
8.790472000000003	1
9.156325000000002	2
9.522178000000002	3
9.888031000000002	4
10.253884000000001	1
10.619737	2
10.97559	3
11.351443	4
11.717296	1
12.083148999999999	2
12.449001999999998	3
12.814854999999998	4
13.180707999999997	1
13.536560999999997	2
13.912413999999997	3
14.278266999999996	4
14.644119999999996	1
15.009972999999995	2
15.375825999999995	3
15.741678999999994	4
16.107531999999996	1
16.473384999999997	2
16.839237999999998	3
17.195090999999998	4
17.570944	1
17.926797	2
18.302650000000003	3
18.668503000000005	4
19.034356000000006	1
19.400209000000007	2
19.756062000000007	3
20.12191500000001	4
20.48776800000001	1
20.863621000000013	2
21.219474000000012	3
21.585327000000014	4
21.951180000000015	1
22.317033000000016	2
22.69288600000002	3
23.05873900000002	4
23.424592000000022	1
23.790445000000023	2
24.146298000000023	3
24.522151000000026	4
24.888004000000027	1
25.25385700000003	2
25.61971000000003	3
25.98556300000003	4
26.351416000000032	1
26.707269000000032	2
27.083122000000035	3
27.448975000000036	4
27.814828000000038	1
28.18068100000004	2
28.54653400000004	3
28.91238700000004	4
29.278240000000043	1
29.644093000000044	2
30.009946000000046	3
30.375799000000047	4
30.741652000000048	1
31.10750500000005	2
31.47335800000005	3
31.82921100000005	4
32.19506400000005	1
32.57091700000005	2
32.93677000000005	3
33.302623000000054	4
33.668476000000055	1
34.03432900000006	2
34.40018200000006	3
34.75603500000006	4
35.13188800000006	1
35.49774100000006	2
35.86359400000006	3
36.219447000000066	4
36.58530000000007	1
36.95115300000007	2
37.31700600000007	3
37.69285900000007	4
38.05871200000007	1
38.42456500000007	2
38.790418000000074	3
39.156271000000075	4
39.522124000000076	1
39.88797700000008	2
40.25383000000008	3
40.61968300000008	4
40.98553600000008	1
41.35138900000008	2
41.717242000000084	3
42.083095000000085	4
42.44894800000009	1
42.81480100000009	2
43.18065400000009	3
43.53650700000009	4
43.91236000000009	1
44.27821300000009	2
44.644066000000095	3
45.009919000000096	4
45.3657720000001	1
45.7416250000001	2
46.1074780000001	3
46.4733310000001	4
46.8391840000001	1
47.195037000000106	2
47.570890000000105	3
47.92674300000011	4
48.30259600000011	1
48.66844900000011	2
49.03430200000011	3
49.40015500000011	4
49.76600800000011	1
50.131861000000114	2
50.497714000000116	3
50.86356700000012	4
51.22942000000012	1
51.58527300000012	2
51.96112600000012	3
52.32697900000012	4
52.692832000000124	1
53.058685000000125	2
53.424538000000126	3
53.79039100000013	4
54.14624400000013	1
54.52209700000013	2
54.88795000000013	3
55.25380300000013	4
55.619656000000134	1
55.97550900000014	2
56.35136200000014	3
56.71721500000014	4
57.08306800000014	1
57.44892100000014	2
57.81477400000014	3
58.18062700000014	4
58.53648000000015	1
58.912333000000146	2
59.27818600000015	3
59.64403900000015	4
59.99989200000015	1
60.36574500000015	2
60.74159800000015	3
61.107451000000154	4
61.473304000000155	1
61.83915700000016	2
62.19501000000016	3
62.57086300000016	4
62.92671600000016	1
63.30256900000016	2
63.66842200000016	3
64.03427500000016	4
64.40012800000017	1
64.75598100000016	2
65.13183400000017	3
65.49768700000017	4
65.86354000000017	1
66.22939300000017	2
66.58524600000017	3
66.95109900000017	4
67.31695200000017	1
67.69280500000018	2
68.05865800000018	3
68.42451100000018	4
68.79036400000018	1
69.15621700000018	2
69.52207000000018	3
69.88792300000019	4
70.25377600000019	1
70.61962900000019	2
70.97548200000018	3
71.34133500000019	4
71.70718800000019	1
72.0830410000002	2
72.4488940000002	3
72.8147470000002	4
73.1806000000002	1
73.5464530000002	2
73.9123060000002	3
74.2781590000002	4
74.6440120000002	1
75.0098650000002	2
75.3757180000002	3
75.7415710000002	4
76.10742400000021	1
76.47327700000021	2
76.83913000000021	3
77.20498300000021	4
77.57083600000021	1
77.93668900000021	2
78.30254200000022	3
78.66839500000022	4
79.03424800000022	1
79.40010100000022	2
79.75595400000022	3
80.13180700000022	4
80.49766000000022	1
80.86351300000022	2
81.21936600000022	3
81.58521900000022	4
81.96107200000023	1
82.32692500000023	2
82.69277800000023	3
83.05863100000023	4
83.42448400000023	1
83.79033700000024	2
84.15619000000024	3
84.52204300000024	4
84.88789600000024	1
85.25374900000024	2
85.61960200000024	3
85.97545500000024	4
86.35130800000024	1
86.71716100000025	2
87.08301400000025	3
87.44886700000025	4
87.81472000000025	1
88.18057300000025	2
88.53642600000025	3
88.91227900000025	4
89.27813200000026	1
89.64398500000026	2
90.00983800000026	3
90.37569100000026	4
90.74154400000026	1
91.10739700000026	2
91.47325000000026	3
91.83910300000026	4
92.20495600000027	1
92.57080900000027	2
92.92666200000026	3
93.30251500000027	4
93.66836800000027	1
94.03422100000027	2
94.40007400000027	3
94.75592700000027	4
95.13178000000028	1
95.49763300000028	2
95.86348600000028	3
96.22933900000028	4
96.58519200000028	1
96.96104500000028	2
97.32689800000028	3
97.69275100000029	4
98.05860400000029	1
98.42445700000029	2
98.79031000000029	3
99.15616300000029	4
99.52201600000029	1
99.8878690000003	2
100.2537220000003	3
100.6195750000003	4
100.97542800000029	1
101.3512810000003	2
101.7071340000003	3
102.0829870000003	4
102.4488400000003	1
102.8146930000003	2
103.1805460000003	3
103.5463990000003	4
103.91225200000031	1
104.27810500000031	2
104.64395800000031	3
105.00981100000031	4
105.37566400000031	1
105.74151700000031	2
106.10737000000032	3
106.47322300000032	4
106.83907600000032	1
107.20492900000032	2
107.57078200000032	3
107.93663500000032	4
108.30248800000032	1
108.66834100000032	2
109.03419400000033	3
109.40004700000033	4
109.76590000000033	1
110.13175300000033	2
110.49760600000033	3
110.86345900000033	4
111.22931200000033	1
111.59516500000034	2
111.96101800000034	3
112.32687100000034	4
112.69272400000034	1
113.04857700000034	2
113.42443000000034	3
113.79028300000034	4
114.14613600000034	1
114.52198900000035	2
114.88784200000035	3
115.25369500000035	4
115.60954800000034	1
115.97540100000035	2
116.34125400000035	3
116.70710700000035	4
117.08296000000036	1
117.44881300000036	2
117.81466600000036	3
118.18051900000036	4
118.54637200000036	1
118.91222500000036	2
119.27807800000036	3
119.64393100000036	4
120.00978400000037	1
120.36563700000036	2
120.74149000000037	3
121.10734300000037	4
121.47319600000037	1
121.83904900000037	2
122.20490200000037	3
122.57075500000037	4
122.92660800000002	1
123.29246100000002	2
123.65831400000002	1
124.03416700000002	2
124.39002000000002	3
124.75587300000002	4
125.13172600000003	1
125.49757900000003	2
125.86343200000003	3
126.21928500000003	4
126.58513800000003	1
126.96099100000004	2
127.32684400000004	3
127.69269700000004	4
128.05855000000003	1
128.424403	2
128.790256	3
129.146109	4
129.52196199999997	1
129.88781499999996	2
130.25366799999995	3
130.61952099999993	4
130.98537399999992	1
131.3512269999999	2
131.7170799999999	3
132.08293299999988	4
132.44878599999987	1
132.81463899999986	2
133.18049199999984	3
133.54634499999983	4
133.91219799999982	1
134.2780509999998	2
134.6439039999998	3
135.00975699999978	4
135.36560999999978	1
135.74146299999975	2
136.10731599999974	3
136.47316899999973	4
136.83902199999972	1
137.2048749999997	2
137.5707279999997	3
137.9265809999997	4
138.30243399999966	1
138.66828699999965	2
139.03413999999964	3
139.39999299999963	4
139.75584599999962	1
140.1316989999996	2
140.4975519999996	3
140.86340499999957	4
141.22925799999956	1
141.58511099999956	2
141.96096399999954	3
142.32681699999952	4
142.6926699999995	1
143.0585229999995	2
143.42437599999948	3
143.79022899999947	4
144.15608199999946	1
144.52193499999944	2
144.88778799999943	3
145.25364099999942	4
145.6194939999994	1
145.9753469999994	2
146.35119999999938	3
146.71705299999937	4
147.08290599999935	1
147.44875899999934	2
147.81461199999933	3
148.18046499999932	4
148.5463179999993	1
148.9121709999993	2
149.27802399999928	3
149.64387699999926	4
150.00972999999925	1
150.37558299999924	2
150.74143599999923	3
151.1072889999992	4
151.4731419999992	1
151.8389949999992	2
152.20484799999917	3
152.57070099999916	4
152.93655399999915	1
153.30240699999914	2
153.66825999999912	3
154.0341129999991	4
154.3999659999991	1
154.7558189999991	2
155.13167199999907	3
155.48752499999907	4
155.86337799999905	1
156.22923099999903	2
156.58508399999903	3
156.960936999999	4
157.326789999999	1
157.69264299999898	2
158.05849599999897	3
158.42434899999895	4
158.79020199999894	1
159.14605499999894	2
159.52190799999892	3
159.8877609999989	4
160.2536139999989	1
160.61946699999888	2
160.97531999999887	3
161.34117299999886	4
161.70702599999885	1
162.08287899999883	2
162.4487319999988	3
162.8145849999988	4
163.1804379999988	1
163.54629099999877	2
163.91214399999876	3
164.27799699999875	4
164.64384999999874	1
165.00970299999872	2
165.3755559999987	3
165.7414089999987	4
166.10726199999868	1
166.47311499999867	2
166.83896799999866	3
167.20482099999865	4
167.57067399999863	1
167.93652699999862	2
168.3023799999986	3
168.6682329999986	4
169.03408599999858	1
169.39993899999857	2
169.76579199999856	3
170.13164499999854	4
170.49749799999853	1
170.86335099999852	2
171.2292039999985	3
171.5950569999985	4
171.96090999999848	1
172.31676299999847	2
172.69261599999845	3
173.04846899999845	4
173.42432199999843	1
173.7901749999984	2
174.1560279999984	3
174.5218809999984	4
174.88773399999837	1
175.26358699999838	2
175.62943999999837	3