0.0	1
0.5	2
1.0	3
1.5	4
2.0	1
2.3875	2
2.7750000000000004	3
3.1625000000000005	4
3.5500000000000007	1
3.917500000000001	2
4.3050000000000015	3
4.692500000000002	4
5.080000000000002	1
5.4601250000000014	2
5.83025	3
6.220375000000001	4
6.6105	1
6.990625	2
7.370749999999999	3
7.750874999999999	4
8.130999999999998	1
8.511156999999999	2
8.891314	3
9.271471	4
9.651628	1
10.031785000000001	2
10.412058000000002	3
10.792331000000003	4
11.172604000000003	1
11.552877000000004	2
11.943150000000005	3
12.323423000000005	4
12.703696000000006	1
13.083969000000007	2
13.464242000000008	3
13.844515000000008	4
14.224788000000009	1
14.59506100000001	2
14.975761000000011	3
15.356461000000012	4
15.737161000000013	1
16.117861000000012	2
16.498561000000013	3
16.879261000000014	4
17.259961000000015	1
17.640661000000016	2
18.021361000000017	3
18.402061000000018	4
18.79276100000002	1
19.17346100000002	2
19.554161000000022	3
19.934861000000023	4
20.305561000000022	1
20.686261000000023	2
21.066961000000024	3
21.447661000000025	4
21.828361000000026	1
22.209061000000027	2
22.589761000000028	3
22.98046100000003	4
23.36090500000003	1
23.74134900000003	2
24.121793000000032	3
24.502237000000033	4
24.882681000000034	1
25.263125000000034	2
25.643569000000035	3
26.024013000000036	4
26.404457000000036	1
26.784901000000037	2
27.155345000000036	3
27.535789000000037	4
27.916233000000037	1
28.296677000000038	2
28.67712100000004	3
29.05756500000004	4
29.43800900000004	1
29.81845300000004	2
30.19889700000004	3
30.579341000000042	4
30.970162000000045	1
31.350983000000046	2
31.731804000000047	3
32.112625000000044	4
32.49344600000004	1
32.87426700000004	2
33.24508800000004	3
33.625909000000036	4
34.00673000000003	1
34.38755100000003	2
34.76837200000003	3
35.149193000000025	4
35.54001400000002	1
35.92083500000002	2
36.301656000000015	3
36.68247700000001	4
37.06329800000001	1
37.44411900000001	2
37.824940000000005	3
38.195761000000005	4
38.576582	1
38.957403	2
39.338224	3
39.719044999999994	4
40.09986599999999	1
40.48068699999999	2
40.86207999999999	3
41.243472999999994	4
41.624866	1
41.996258999999995	2
42.397652	3
42.779045	4
43.15043800000001	1
43.53183100000001	2
43.913224000000014	3
44.29461700000002	4
44.666010000000014	1
45.04740300000002	2
45.42879600000002	3
45.81018900000002	4
46.20158200000003	1
46.58297500000003	2
46.964368000000036	3
47.344637000000034	4
47.72490600000003	1
48.095175000000026	2
48.475444000000024	3
48.85571300000002	4
49.23598200000002	1
49.61625100000002	2
49.99652000000002	3
50.37678900000002	4
50.757058000000015	1
51.13732700000001	2
51.51759600000001	3
51.89786500000001	4
52.288134000000014	1
52.66840300000001	2
53.04867200000001	3
53.42894100000001	4
53.80921000000001	1
54.189479000000006	2
54.569748000000004	3
54.950017	4
55.330286	1
55.710555	2
56.090824	3
56.471092999999996	4
56.851361999999995	1
57.23163099999999	2
57.61189999999999	3
57.99216899999999	4
58.37243799999999	1
58.75270699999999	2
59.132975999999985	3
59.51324499999998	4
59.89351399999998	1
60.27378299999998	2
60.65405199999998	3
61.03432099999998	4
61.414589999999976	1
61.794858999999974	2
62.17512799999997	3
62.55515199999997	4
62.93517599999997	1
63.31519999999997	2
63.69522399999997	3
64.07524799999996	4
64.45527199999997	1
64.83529599999997	2
65.21531999999998	3
65.59534399999998	4
65.97536799999999	1
66.355392	2
66.735416	3
67.11544	4
67.49546400000001	1
67.87548800000002	2
68.25551200000002	3
68.63553600000003	4
69.01556000000004	1
69.39558400000004	2
69.77560800000005	3
70.15563200000005	4
70.53565600000006	1
70.91568000000007	2
71.29570400000007	3
71.67572800000008	4
72.05647200000008	1
72.43721600000009	2
72.8179600000001	3
73.1987040000001	4
73.57944800000011	1
73.96019200000012	2
74.35093600000013	3
74.73168000000014	4
75.11242400000015	1
75.49316800000015	2
75.87391200000016	3
76.25465600000017	4
76.62540000000017	1
77.00614400000016	2
77.38647800000017	3
77.76681200000017	4
78.14714600000018	1
78.54748000000019	2
78.9278140000002	3
79.2981480000002	4
79.6784820000002	1
80.0588160000002	2
80.43915000000021	3
80.81948400000022	4
81.19981800000022	1
81.58015200000023	2
81.96048600000023	3
82.34364700000023	4
82.71680800000023	1
83.09996900000023	2
83.48313000000023	3
83.85629100000024	4
84.23945200000024	1
84.62261300000024	2
85.00577400000024	3
85.38512800000025	4
85.77448200000025	1
86.15383600000025	2
86.53319000000026	3
86.91254400000027	4
87.29189800000027	1
87.67125200000028	2
88.05060600000029	3
88.42996000000029	4
88.8208710000003	1
89.20178200000029	2
89.58269300000029	3
89.96360400000029	4
90.34451500000029	1
90.71542600000028	2
91.09633700000028	3
91.47724800000027	4
91.85815900000027	1
92.23877700000027	2
92.61939500000027	3
93.00001300000027	4
93.38063100000026	1
93.76124900000026	2
94.14186700000026	3
94.52248500000026	4
94.90310300000026	1
95.28372100000026	2
95.66433900000025	3
96.04495700000025	4
96.41557500000026	1
96.79619300000026	2
97.17681100000026	3
97.55742900000025	4
97.93804700000025	1
98.31866500000025	2
98.70928300000024	3
99.08990100000024	4
99.47051900000024	1
99.85113700000024	2
100.23175500000023	3
100.61237300000023	4
100.99299100000023	1
101.37360900000023	2
101.75422700000023	3
102.12484500000024	4
102.50546300000023	1
102.88608100000023	2
103.26669900000023	3
103.64731700000023	4
104.02793500000023	1
104.40800600000023	2
104.78807700000023	3
105.16814800000023	4
105.54821900000023	1
105.92829000000023	2
106.30836100000023	3
106.68843200000023	4
107.06850300000023	1
107.44857400000024	2
107.82864500000024	3
108.20871600000024	4
108.59878700000023	1
108.97885800000023	2
109.35892900000023	3
109.73900000000023	4
110.11907100000023	1
110.49914200000023	2
110.87921300000023	3
111.25928400000024	4
111.63935500000024	1
112.00942600000025	2
112.39949700000024	3
112.77956800000024	4
113.15963900000024	1
113.53971000000024	2
113.91978100000024	3
114.29985200000024	4
114.67992300000024	1
115.05999400000024	2
115.44006500000025	3
115.82013600000025	4
116.20020700000025	1
116.58027800000025	2
116.96034900000025	3
117.34042000000025	4
117.72049100000025	1
118.10056200000025	2
118.48063300000025	3
118.86070400000025	4
119.24077500000026	1
119.62084600000026	2
120.00091700000026	3
120.38098800000026	4
120.76130000000026	1
121.14161200000026	2
121.52192400000027	3
121.90223600000027	4
122.28254800000028	1
122.66286000000028	2
123.04317200000028	3
123.42348400000029	4
123.80379600000029	1
124.1841080000003	2
124.5644200000003	3
124.9447320000003	4
125.3250440000003	1
125.70535600000031	2
126.08566800000031	3
126.46598000000031	4
126.83629200000033	1
127.21660400000033	2
127.60691600000033	3
127.98722800000033	4
128.36754000000033	1
128.74785200000034	2
129.12816400000034	3
129.50847600000034	4
129.88878800000035	1
130.26910000000035	2
130.64941200000035	3
131.02972400000036	4
131.41003600000036	1
131.79034800000036	2
132.17066000000037	3
132.55097200000037	4
132.92128400000036	1
133.31159600000038	2
133.69190800000038	3
134.07222000000039	4
134.4525320000004	1
134.8341070000004	2
135.21568200000038	3
135.59725700000038	4
135.97883200000038	1
136.36040700000038	2
136.74198200000038	3
137.11355700000036	4
137.49513200000035	1
137.87670700000035	2
138.25828200000035	3
138.62985700000036	4
139.02143200000035	1
139.40300700000034	2
139.78458200000034	3
140.16615700000034	4
140.54773200000034	1
140.92609700000034	2
141.31446200000036	3
141.69282700000036	4
142.07119200000037	1
142.44955700000037	2
142.82792200000037	3
143.20827600000038	4
143.5886300000004	1
143.9689840000004	2
144.34933800000042	3
144.72969200000043	4
145.12004600000043	1
145.50040000000044	2
145.88075400000045	3
146.26110800000046	4
146.64146200000047	1
147.02181600000048	2
147.4021700000005	3
147.7825240000005	4
148.16287800000052	1
148.54323200000053	2
148.92358600000054	3
149.30394000000055	4
149.68429400000056	1
150.06464800000057	2
150.4350020000006	3
150.8153560000006	4
151.19571000000062	1
151.57606400000063	2
151.95701500000064	3
152.33796600000065	4
152.71891700000066	1
153.09986800000067	2
153.48081900000068	3
153.8617700000007	4
154.2427210000007	1
154.6236720000007	2
155.00462300000072	3
155.3755740000007	4
155.76652500000074	1
156.14747600000075	2
156.52842700000076	3
156.90937800000077	4
157.29032900000078	1
157.6712800000008	2
158.0522310000008	3
158.4331820000008	4
158.81413300000082	1
159.16508400000083	2
159.55603500000083	3
159.94698600000083	4
160.33793700000086	1
160.71888800000087	2
161.09983900000088	3
161.4807900000009	4
161.8617410000009	1
162.24269200000091	2
162.62364300000092	3
163.00392600000092	4
163.3842090000009	1
163.7644920000009	2
164.1447750000009	3
164.51505800000086	4
164.89534100000085	1
165.27562400000085	2
165.65590700000084	3
166.03619000000083	4
166.42647300000084	1
166.80675600000083	2
167.18703900000082	3
167.56732200000081	4
167.9476050000008	1
168.3278880000008	2
168.7081710000008	3
169.08845400000078	4
169.46873700000077	1
169.84902000000076	2
170.22930300000075	3
170.60958600000075	4
170.98986900000074	1
171.37015200000073	2
171.75043500000072	3
172.1307180000007	4
172.5110010000007	1
172.8912840000007	2
173.2715670000007	3
173.65185000000068	4
174.03213300000067	1
174.41241600000066	2
174.79269900000065	3
175.17298200000064	4
175.55326500000064	1
175.94354800000062	2
176.3238310000006	3
176.7041140000006	4
177.0843970000006	1
177.46468000000058	2
177.8354240000006	3
178.21616800000058	4
178.59691200000057	1
178.97765600000056	2
179.35840000000056	3
179.73914400000055	4
180.12988800000053	1
180.51063200000053	2
180.89137600000052	3
181.2721200000005	4
181.6528640000005	1
182.0336080000005	2
182.4143520000005	3
182.7850960000005	4
183.1660070000005	1
183.5469180000005	2
183.9278290000005	3
184.30874000000048	4
184.68965100000048	1
185.07056200000048	2
185.45147300000048	3
185.83238400000047	4
186.21329500000047	1
186.59420600000047	2
186.96511700000045	3
187.34602800000044	4
187.72693900000044	1
188.11785000000046	2
188.49876100000046	3
188.87967200000045	4
189.26058300000045	1
189.64149400000045	2
190.02240500000045	3
190.40331600000044	4
190.78422700000044	1
191.15513800000042	2
191.53604900000042	3
191.91696000000042	4
192.29737100000042	1
192.67778200000043	2
193.05819300000044	3
193.43860400000045	4
193.81901500000046	1
194.19942600000047	2
194.57983700000048	3
194.9602480000005	4
195.3406590000005	1
195.7210700000005	2
196.10148100000052	3
196.48189200000053	4
196.87230300000056	1
197.24271400000055	2
197.62312500000056	3
198.00353600000057	4
198.3939470000006	1
198.7743580000006	2
199.1547690000006	3
199.5251800000006	4
199.9055910000006	1
200.2857250000006	2
200.6658590000006	3
201.0459930000006	4
201.4261270000006	1
201.8062610000006	2
202.1863950000006	3
202.5665290000006	4
202.9466630000006	1
203.3267970000006	2
203.7069310000006	3
204.0870650000006	4
204.4771990000006	1
204.8573330000006	2
205.2374670000006	3
205.6176010000006	4
205.9977350000006	1
206.3778690000006	2
206.7580030000006	3
207.1381370000006	4
207.5182710000006	1
207.8984050000006	2
208.2785390000006	3
208.6586730000006	4
209.0388070000006	1
209.4189410000006	2
209.79907500000058	3
210.17920900000058	4
210.55934300000058	1
210.93947700000058	2
211.31961100000058	3
211.69974500000058	4
212.08987900000056	1
212.47001300000056	2
212.85014700000056	3
213.23028100000056	4
213.61041500000056	1
213.99098400000057	2
214.37155300000057	3
214.75212200000058	4
215.1326910000006	1
215.5132600000006	2
215.8938290000006	3
216.27439800000062	4
216.65496700000062	1
217.02553600000064	2
217.40610500000065	3
217.78667400000066	4
218.17724300000066	1
218.55781200000067	2
218.93838100000067	3
219.31895000000068	4
219.6995190000007	1
220.0800880000007	2
220.4605340000007	3
220.8409800000007	4
221.22142600000072	1
221.60187200000072	2
221.98231800000073	3
222.36276400000074	4
222.74321000000074	1
223.11365600000076	2
223.49410200000077	3
223.87454800000077	4
224.26499400000077	1
224.63544000000078	2
225.0158860000008	3
225.3963320000008	4
225.7767780000008	1
226.1572240000008	2
226.53767000000082	3
226.91811600000082	4
227.29856200000083	1
227.67900800000083	2
228.05982900000083	3
228.44065000000083	4
228.82147100000083	1
229.20229200000082	2
229.5931130000008	3
229.9739340000008	4
230.3547550000008	1