17.2185675	35
17.443805	38
17.443805	38
17.894280000000002	35
17.894280000000002	42
18.347668000000002	35
18.347668000000002	38
18.347668000000002	42
18.801056000000003	42
19.022750000000002	35
19.244444	38
19.244444	42
19.471138	35
19.697832000000002	35
19.697832000000002	42
20.140117000000004	35
20.140117000000004	38
20.140117000000004	42
20.582402000000002	35
20.582402000000002	42
20.8035445	35
21.024687	38
21.024687	42
21.245829500000003	35
21.466972000000002	35
21.466972000000002	42
21.909257000000004	35
21.909257000000004	38
21.909257000000004	42
22.351542000000002	35
22.351542000000002	42
22.5726845	35
22.793827	38
22.793827	42
23.0049695	35
23.216112000000003	35
23.216112000000003	42
23.672285000000002	38
23.672285000000002	42
24.108458000000002	35
24.108458000000002	42
24.3265445	35
24.544631000000003	38
24.544631000000003	42
24.980804000000003	35
24.980804000000003	42
25.434221000000004	35
25.434221000000004	38
25.434221000000004	42
25.877638000000005	35
25.877638000000005	42
26.099346500000003	35
26.321055000000005	38
26.321055000000005	42
26.542763500000003	35
26.764472000000005	35
26.764472000000005	42
27.187889000000002	35
27.187889000000002	38
27.187889000000002	42
27.631306000000002	35
27.631306000000002	42
27.8530145	35
28.074723000000002	38
28.074723000000002	42
28.2964315	35
28.518140000000002	35
28.518140000000002	42
28.946906000000002	35
28.946906000000002	38
28.946906000000002	42
29.375672	35
29.375672	42
29.595055000000006	35
29.814438000000003	38
29.814438000000003	42
30.243204000000006	35
30.243204000000006	42
30.463398000000005	35
30.683592000000004	38
30.683592000000004	42
31.123980000000007	35
31.123980000000007	42
31.339174000000003	35
31.554368000000004	38
31.554368000000004	38
31.994756000000006	35
31.994756000000006	42
32.42832600000001	38
32.42832600000001	42
32.851896	42
33.068681000000005	35
33.28546600000001	38
33.28546600000001	42
33.512251000000006	35
33.739036000000006	35
33.739036000000006	42
34.17260600000001	35
34.17260600000001	38
34.17260600000001	42
34.606176000000005	35
34.606176000000005	42
34.82296100000001	35
35.03974600000001	38
35.03974600000001	42
35.261531000000005	35
35.48331600000001	35
35.48331600000001	42
35.92421300000001	35
35.92421300000001	38
35.92421300000001	42
36.35511000000001	35
36.35511000000001	42
36.57055850000001	35
36.78600700000001	38
36.78600700000001	42
37.006455500000015	35
37.22690400000001	35
37.22690400000001	42
37.66862500000001	35
37.66862500000001	38
37.66862500000001	42
38.10034600000001	35
38.10034600000001	42
38.31120650000001	35
38.522067000000014	38
38.522067000000014	38
38.74292750000001	47
38.96378800000001	35
38.96378800000001	42
39.41475500000001	35
39.41475500000001	38
39.41475500000001	42
39.84572200000001	42
40.06620550000001	35
40.28668900000001	38
40.28668900000001	42
40.72765600000001	35
40.72765600000001	42
40.943139500000015	35
41.15862300000001	35
41.15862300000001	38
41.15862300000001	42
41.37910650000001	35
41.59959000000001	35
41.59959000000001	42
41.820073500000014	35
42.04055700000001	38
42.04055700000001	42
42.491524000000005	35
42.491524000000005	42
42.7082965	35
42.92506900000001	38
42.92506900000001	42
43.368614	35
43.368614	42
43.585386500000006	35
43.802159	38
43.802159	42
44.22570400000001	35
44.22570400000001	42
44.440717000000014	35
44.65573000000001	38
44.65573000000001	42
45.09575600000001	35
45.09575600000001	42
45.53578200000001	35
45.53578200000001	42
45.985808000000006	38
45.985808000000006	47
46.20582100000001	35
46.20582100000001	47
46.42583400000001	38
46.42583400000001	47
46.64584700000001	35
46.64584700000001	47
46.865860000000005	38
46.865860000000005	47
47.08087300000001	35
47.08087300000001	47
47.29588600000001	38
47.29588600000001	47
47.51589900000001	35
47.51589900000001	47
47.735912000000006	38
47.735912000000006	47
47.953342000000006	35
47.953342000000006	47
48.17077200000001	38
48.17077200000001	47
48.383202000000004	35
48.383202000000004	47
48.595632	35
48.595632	42
49.04049200000001	35
49.04049200000001	42
49.47535200000001	38
49.47535200000001	47
49.702782000000006	35
49.702782000000006	47
49.930212000000004	38
49.930212000000004	47
50.147642000000005	35
50.147642000000005	47
50.365072000000005	38
50.365072000000005	47
50.582502000000005	35
50.582502000000005	47
50.799932000000005	38
50.799932000000005	47
51.017362	35
51.017362	47
51.234792000000006	38
51.234792000000006	47
51.45324250000001	35
51.45324250000001	47
51.671693000000005	38
51.671693000000005	47
51.88514350000001	35
51.88514350000001	47
52.098594000000006	38
52.31704450000001	38
52.535495000000004	38
52.75394550000001	47
52.97239600000001	35
52.97239600000001	49
66.30417500000001	35
66.54273400000001	38
66.54273400000001	38
66.98985200000001	35
66.98985200000001	42
67.43865500000001	35
67.43865500000001	38
67.43865500000001	42
67.87745800000002	42
68.09685950000002	35
68.31626100000001	38
68.31626100000001	42
68.53066250000002	35
68.74506400000001	35
68.74506400000001	42
69.18386700000002	35
69.18386700000002	38
69.18386700000002	42
69.62267000000001	35
69.62267000000001	42
69.84207150000002	35
70.061473	38
70.061473	42
70.28087450000001	35
70.50027600000001	35
70.50027600000001	42
70.939079	35
70.939079	38
70.939079	42
71.36788200000001	35
71.36788200000001	42
71.58728350000001	35
71.806685	38
71.806685	42
72.0260865	35
72.24548800000001	35
72.24548800000001	42
72.68348900000001	38
72.68348900000001	42
73.11149000000002	35
73.11149000000002	42
73.32049050000002	35
73.52949100000001	38
73.52949100000001	42
73.96749200000002	35
73.96749200000002	42
74.40125200000003	35
74.40125200000003	38
74.40125200000003	42
74.83501200000002	35
74.83501200000002	42
75.05689200000002	35
75.27877200000003	38
75.27877200000003	42
75.50565200000001	35
75.50565200000001	49
75.73253200000002	42
75.94697600000002	35
76.16142000000002	35
76.16142000000002	38
76.16142000000002	42
76.58030800000002	35
76.58030800000002	42
76.79975200000001	35
77.01919600000002	38
77.01919600000002	49
77.45808400000001	35
77.45808400000001	42
77.90185600000002	35
77.90185600000002	38
77.90185600000002	42
78.33562800000001	35
78.33562800000001	42
78.55251400000002	35
78.76940000000002	38
78.76940000000002	42
79.20317200000002	35
79.20317200000002	42
79.42321600000002	35
79.64326000000003	38
79.64326000000003	42
80.08334800000003	35
80.08334800000003	42
80.29839200000002	35
80.51343600000001	38
80.51343600000001	42
80.84350200000002	42
80.95352400000002	42
81.37974400000002	38
81.37974400000002	42
81.81596400000001	35
81.81596400000001	42
82.039074	35
82.26218400000002	38
82.26218400000002	42
82.48029400000001	35
82.48029400000001	42
82.91651400000002	35
83.13462400000002	38
83.13462400000002	42
83.56084400000002	35
83.56084400000002	42
83.77895400000001	35
83.99706400000001	38
83.99706400000001	38
84.220174	47
84.44328400000002	35
84.44328400000002	42
90.82974650000001	35
91.05496700000003	38
91.05496700000003	38
91.48540800000002	35
91.48540800000002	42
91.94040500000003	35
91.94040500000003	38
91.94040500000003	42
92.38540200000003	42
92.60290050000003	35
92.82039900000002	38
92.82039900000002	42
93.04289750000002	35
93.26539600000002	35
93.26539600000002	42
93.70286700000003	35
93.70286700000003	38
93.70286700000003	42
94.14033800000003	35
94.14033800000003	42
94.35907350000002	35
94.57780900000003	38
94.57780900000003	42
94.79654450000002	35
95.01528000000002	35
95.01528000000002	42
95.45275100000002	35
95.45275100000002	38
95.45275100000002	42
95.88022200000002	35
95.88022200000002	42
96.09895750000003	35
96.31769300000002	38
96.31769300000002	42
96.75516400000002	35
96.75516400000002	42
96.97052000000002	35
97.18587600000002	38
97.18587600000002	42
97.61658800000002	35
97.61658800000002	42
97.83194400000002	35
98.04730000000002	38
98.04730000000002	42
98.48801200000003	35
98.48801200000003	42
98.92861300000003	35
98.92861300000003	38
98.92861300000003	42
99.36921400000003	35
99.36921400000003	42
99.58951450000002	35
99.80981500000003	38
99.80981500000003	42
100.03011550000002	35
100.25041600000003	35
100.25041600000003	42
100.69101700000003	35
100.69101700000003	38
100.69101700000003	42
101.13161800000003	35
101.13161800000003	42
101.34691850000003	35
101.56221900000003	38
101.56221900000003	42
101.99282000000004	35
101.99282000000004	42
102.20805850000004	35
102.42329700000003	38
102.42329700000003	42
102.85377400000004	35
102.85377400000004	42
103.07401250000004	35
103.29425100000003	38
103.29425100000003	42
103.72472800000003	35
103.72472800000003	42
103.93996650000003	35
104.15520500000002	38
104.15520500000002	42
104.58568200000003	35
104.58568200000003	42
104.80092050000003	35
105.01615900000003	38
105.01615900000003	38
105.23639750000002	47
105.45663600000003	35
105.45663600000003	42
105.90797400000004	35
105.90797400000004	38
105.90797400000004	42
106.33931200000004	42
106.55998100000004	35
106.78065000000004	38
106.78065000000004	42
107.00131900000004	35
107.22198800000004	35
107.22198800000004	42
107.43396400000005	35
107.64594000000004	38
107.64594000000004	42
107.86291600000003	35
108.07989200000003	35
108.07989200000003	42
108.29686800000003	35
108.51384400000003	38
108.51384400000003	42
108.73582000000003	35
108.95779600000004	35
108.95779600000004	42
109.17477200000003	35
109.39174800000004	38
109.39174800000004	42
109.60872400000004	35
109.82570000000004	35
109.82570000000004	42
110.04267600000004	35
110.25965200000005	38
110.25965200000005	42
110.48162800000003	35
110.70360400000004	35
110.70360400000004	42
110.91037050000006	35
111.11713700000004	38
111.11713700000004	42
111.56067000000003	42
111.77743650000004	35
111.99420300000004	38
111.99420300000004	38
112.42773600000004	35
112.42773600000004	42
112.86486700000003	35
112.86486700000003	38
112.86486700000003	42
113.30199800000004	35
113.30199800000004	42
113.52056350000004	35
113.73912900000003	38
113.73912900000003	42
113.95769450000004	35
114.17626000000004	35
114.17626000000004	42
114.39482550000004	35
114.61339100000004	38
114.61339100000004	42
115.05052200000004	35
115.05052200000004	42
115.26908750000004	35
115.48765300000004	38
115.48765300000004	42
115.70621850000003	35
115.92478400000005	35
115.92478400000005	42
116.14334950000004	35
116.36191500000004	38
116.36191500000004	42
116.58048050000004	35
116.79904600000003	35
116.79904600000003	42
117.01761150000004	35
117.23617700000004	38
117.23617700000004	42
117.45474250000004	35
117.67330800000003	35
117.67330800000003	42
117.88490200000004	35
118.09649600000003	38
118.09649600000003	42
118.53968400000004	35
118.53968400000004	42
118.98287200000004	35
118.98287200000004	42
119.41606000000004	35
119.41606000000004	38
119.41606000000004	47
119.63767300000005	47
119.85928600000004	35
119.85928600000004	38
119.85928600000004	47
120.08089900000004	47
120.30251200000005	38
120.30251200000005	47
120.51912500000005	35
120.51912500000005	47
120.73573800000004	38
120.73573800000004	47
120.95235100000005	35
120.95235100000005	47
121.16896400000003	38
121.16896400000003	47
121.38483500000004	35
121.38483500000004	47
121.60070600000003	38
121.60070600000003	47
121.82157700000003	47
122.04244800000004	35
122.04244800000004	42
122.47419000000004	35
122.47419000000004	42
122.90593200000004	35
122.90593200000004	38
122.90593200000004	47
123.12645300000004	47
123.34697400000003	35
123.34697400000003	38
123.34697400000003	47
123.56749500000004	47
123.78801600000004	38
123.78801600000004	47
124.00853700000003	35
124.00853700000003	47
124.22905800000004	38
124.22905800000004	47
124.44957900000003	35
124.44957900000003	47
124.67010000000003	38
124.67010000000003	47
124.88313100000003	35
124.88313100000003	47
125.09616200000004	38
125.09616200000004	47
125.31419300000003	35
125.31419300000003	47
125.53222400000004	38
125.74525500000004	38
125.95828600000004	35
125.95828600000004	38
126.17131700000004	47
126.38434800000005	35
126.38434800000005	42
139.656259	35
139.87779	38
139.87779	38
140.340852	35
140.340852	42
140.799414	35
140.799414	38
140.799414	42
141.227976	42
141.43725700000002	35
141.64653800000002	38
141.64653800000002	42
141.86581900000002	35
142.0851	35
142.0851	42
142.516774	35
142.516774	38
142.516774	42
142.948448	35
142.948448	42
143.169285	35
143.390122	38
143.390122	42
143.605959	35
143.821796	35
143.821796	42
144.26346999999998	35
144.26346999999998	38
144.26346999999998	42
144.685144	35
144.685144	42
144.905981	35
145.126818	38
145.126818	42
145.34265499999998	35
145.558492	35
145.558492	42
145.996874	35
145.996874	38
145.996874	42
146.42525600000002	35
146.42525600000002	42
146.644447	35
146.863638	38
146.863638	42
147.30202	35
147.30202	42
147.721798	35
147.721798	38
147.721798	42
148.151576	35
148.151576	42
148.376465	35
148.601354	38
148.601354	42
148.82124299999998	35
148.82124299999998	42
149.041132	42
149.254048	35
149.466964	35
149.466964	38
149.466964	42
149.902796	35
149.902796	42
150.120712	35
150.33862799999997	38
150.33862799999997	42
150.66550199999998	38
150.77445999999998	35
150.77445999999998	42
151.21029199999998	35
151.21029199999998	38
151.21029199999998	42
151.636124	35
151.636124	42
151.85404	35
152.071956	38
152.071956	42
152.507788	35
152.507788	42
152.721753	35
152.935718	38
152.935718	42
153.154683	35
153.373648	35
153.373648	42
153.587613	35
153.801578	38
153.801578	42
154.015543	35
154.229508	35
154.229508	42
154.4445	35
154.65949200000003	38
154.65949200000003	42
155.099476	35
155.099476	42
155.31946800000003	35
155.53946000000002	38
155.53946000000002	42
155.95944400000002	35
155.95944400000002	42
156.1788535	35
156.39826300000004	38
156.39826300000004	42
156.61267250000003	35
156.82708200000005	35
156.82708200000005	42
157.04149150000003	35
157.25590100000005	38
157.25590100000005	42
157.58501525000003	38
157.69472000000002	35
157.69472000000002	42
158.11653900000002	35
158.11653900000002	38
158.11653900000002	42
158.54835800000004	35
158.54835800000004	42
158.76426750000002	35
158.98017700000003	38
158.98017700000003	42
159.20108650000003	35
159.421996	35
159.421996	42
159.636907	35
159.851818	38
159.851818	42
160.066729	35
160.28164	35
160.28164	42
160.496551	35
160.711462	38
160.711462	42
161.13128400000002	35
161.13128400000002	42
161.35119500000002	35
161.57110600000001	38
161.57110600000001	42
162.010928	35
162.010928	42
162.44075	38
162.44075	42
162.870572	35
162.870572	42
163.08646950000002	35
163.302367	38
163.302367	42
163.734162	35
163.734162	42
163.94005950000002	35
164.14595700000004	38
164.14595700000004	38
164.36685450000002	47
164.58775200000002	35
164.58775200000002	42
165.01954700000002	35
165.01954700000002	38
165.01954700000002	42
165.451342	35
165.451342	42
165.66723950000002	35
165.88313700000003	38
165.88313700000003	42
166.09903450000002	35
166.31493200000003	35
166.31493200000003	42
166.75046000000003	38
166.75046000000003	42
167.18598800000004	35
167.18598800000004	42
167.39875200000003	35
167.61151600000002	38
167.61151600000002	42
168.04704400000003	35
168.04704400000003	42
168.26480800000004	35
168.48257200000003	38
168.48257200000003	42
168.92810000000003	35
168.92810000000003	42
169.36362800000003	35
169.36362800000003	38
169.36362800000003	42
169.77915600000003	35
169.77915600000003	42
169.99361150000004	35
170.20806700000003	38
170.20806700000003	42
170.63697800000003	35
170.63697800000003	42
170.85143350000004	35
171.06588900000003	38
171.06588900000003	42
171.29034450000003	35
171.51480000000004	35
171.51480000000004	42
171.94305200000002	35
171.94305200000002	38
171.94305200000002	42
172.37130400000004	35
172.37130400000004	42
172.58543000000003	35
172.79955600000002	38
172.79955600000002	42
173.01368200000005	35
173.22780800000004	35
173.22780800000004	42
173.65606000000002	35
173.65606000000002	38
173.65606000000002	42
174.09431200000003	35
174.09431200000003	42
174.30843800000002	35
174.52256400000002	38
174.52256400000002	42
174.73669000000004	35
174.95081600000003	35
174.95081600000003	42
175.16728250000003	35
175.38374900000002	38
175.38374900000002	42
175.80668200000005	35
175.80668200000005	42
176.23961500000004	35
176.23961500000004	38
176.23961500000004	42
176.67254800000003	35
176.67254800000003	42
176.88401450000003	35
177.09548100000006	38
177.09548100000006	42
177.52841400000005	35
177.52841400000005	42
177.74488050000005	35
177.96134700000005	38
177.96134700000005	38
178.18281350000004	47
178.40428000000003	35
178.40428000000003	42
178.83721300000005	35
178.83721300000005	38
178.83721300000005	42
179.27014600000004	35
179.27014600000004	42
179.48661250000004	35
179.70307900000003	38
179.70307900000003	42
179.91954550000003	35
180.13601200000005	35
180.13601200000005	42
180.56894500000004	38
180.56894500000004	42
181.00187800000003	35
181.00187800000003	42
181.21834450000003	35
181.43481100000005	38
181.43481100000005	42
181.64627750000005	35
181.85774400000005	35
181.85774400000005	42
182.31334200000003	35
182.31334200000003	38
182.31334200000003	42
182.73894000000004	35
182.73894000000004	42
182.96173900000005	35
183.18453800000003	38
183.18453800000003	42
183.40233700000005	35
183.62013600000003	35
183.62013600000003	42
184.04573400000004	35
184.04573400000004	38
184.04573400000004	42
184.48133200000004	35
184.48133200000004	42
184.69413100000006	35
184.90693000000005	38
184.90693000000005	42
185.12972900000005	35
185.35252800000004	35
185.35252800000004	42
185.56032700000003	35
185.76812600000002	38
185.76812600000002	42
186.21372400000004	35
186.21372400000004	42
186.43152300000006	35
186.64932200000004	38
186.64932200000004	42
186.87712100000005	35
186.87712100000005	42
187.10492000000005	42
187.31875450000004	35
187.53258900000006	38
187.53258900000006	42
187.95025800000005	35
187.95025800000005	42
188.16409250000007	35
188.37792700000006	38
188.37792700000006	42
188.80559600000007	35
188.80559600000007	42
189.24324100000007	35
189.24324100000007	38
189.24324100000007	42
189.68088600000007	35
189.68088600000007	42
189.89970850000006	35
190.11853100000008	38
190.11853100000008	42
190.55617600000008	35
190.55617600000008	42
190.7718030000001	35
190.98743000000007	38
190.98743000000007	42
191.41868400000007	35
191.41868400000007	42
191.63431100000008	35
191.84993800000007	38
191.84993800000007	42
192.17337850000007	38
192.2811920000001	35
192.2811920000001	42
192.7024460000001	35
192.7024460000001	38
192.7024460000001	42
193.14370000000008	35
193.14370000000008	42
193.3593270000001	35
193.57495400000008	38
193.57495400000008	42
193.79558100000008	35
193.79558100000008	42
194.01620800000006	42
194.23183500000007	35
194.44746200000006	38
194.44746200000006	42
194.8687160000001	35
194.8687160000001	42
195.08434300000008	35
195.2999700000001	38
195.2999700000001	38
195.52059700000007	47
195.74122400000007	35
195.74122400000007	42