5.062624	35
5.54134675	35
6.0200695	35
6.339218	35
6.81044075	35
7.605812	35
8.086029425	35
8.566285174999999	35
8.886455674999999	35
9.366711424999998	35
10.167137675	35
10.647393424999999	35
11.127649174999998	35
11.447819674999998	35
11.928075425	35
12.728501674999999	35
13.208757424999998	35
13.694013175	35
14.019183674999999	35
14.019183674999999	38
15.299865674999998	35
15.299865674999998	49
15.620036174999997	42
15.780121424999999	35
15.940206674999999	38
15.940206674999999	42
16.260377175	35
16.260377175	42
16.580547675000002	35
16.580547675000002	42
16.900718174999998	42
17.060803425	35
17.220888675	38
17.220888675	42
17.541059174999997	38
17.541059174999997	42
17.861229675	35
17.861229675	42
18.181400175	42
18.341485425	35
18.501570675	38
18.501570675	42
18.821741175	35
18.821741175	42
19.141911675	35
19.141911675	42
19.462082175	42
19.622167424999997	35
19.782252675	38
19.782252675	42
20.102423175000002	38
20.102423175000002	42
20.422593674999998	35
20.422593674999998	42
20.742764175	42
20.902849425	35
21.062934674999997	38
21.062934674999997	42
21.383105175	35
21.383105175	42
21.703275674999997	35
21.703275674999997	42
22.023446175	42
22.183531425	35
22.343616675	38
22.343616675	42
22.663787175	38
22.663787175	42
22.983957675	35
22.983957675	42
23.299128174999996	42
23.456713425	35
23.614298674999997	38
23.614298674999997	42
23.934469174999997	35
23.934469174999997	42
24.254639675	35
24.254639675	42
24.574810174999996	42
24.734895424999998	35
24.894980675	38
24.894980675	42
25.215151174999995	38
25.215151174999995	42
25.535321675	35
25.535321675	42
25.855492174999995	42
26.015577424999996	35
26.175662674999998	38
26.175662674999998	42
26.495833174999994	35
26.495833174999994	42
26.816003674999997	35
26.816003674999997	42
27.136174174999994	42
27.296259424999995	35
27.456344674999997	38
27.456344674999997	42
27.776515175	38
27.776515175	42
28.096685674999996	35
28.096685674999996	42
28.416856175	42
28.576941424999994	35
28.737026674999996	38
28.737026674999996	42
29.057197175	35
29.057197175	42
29.377367674999995	35
29.377367674999995	42
29.697538175	42
29.857623425	35
30.017708674999994	38
30.017708674999994	42
30.337879174999998	38
30.337879174999998	42
30.658034022916663	35
30.658034022916663	42
30.97786302291666	42
31.137777522916664	35
31.297692022916664	38
31.297692022916664	42
31.617521022916662	35
31.617521022916662	42
31.937350022916664	35
31.937350022916664	42
32.25717902291666	42
32.417093522916666	35
32.577008022916665	38
32.577008022916665	42
32.896837022916664	38
32.896837022916664	42
33.21666602291666	35
33.21666602291666	42
33.53649502291666	42
33.69640952291666	35
33.85632402291667	38
33.85632402291667	42
34.176153022916665	35
34.176153022916665	42
34.495982022916664	35
34.495982022916664	42
35.13564002291666	35
35.13564002291666	38
35.775298022916665	35
35.775298022916665	49
36.095127022916664	42
36.25504152291666	35
36.41495602291666	38
36.41495602291666	42
36.73478502291666	35
36.73478502291666	42
37.05461402291667	35
37.05461402291667	42
37.374443022916665	42
37.534357522916665	35
37.694272022916664	38
37.694272022916664	42
38.01410102291666	38
38.01410102291666	42
38.33393002291666	35
38.33393002291666	42
38.65375902291666	42
38.81367352291666	35
38.973588022916665	38
38.973588022916665	42
39.293417022916664	35
39.293417022916664	42
39.61324602291666	35
39.61324602291666	42
39.93307502291666	42
40.09298952291667	35
40.25290402291667	38
40.25290402291667	42
40.572733022916665	38
40.572733022916665	42
40.892562022916664	35
40.892562022916664	42
41.21239102291666	42
41.37230552291666	35
41.53222002291666	38
41.53222002291666	42
41.85204902291666	35
41.85204902291666	42
42.171878022916665	35
42.171878022916665	42
42.491707022916664	42
42.65162152291666	35
42.81153602291666	38
42.81153602291666	42
43.13136502291666	38
43.13136502291666	42
43.45119402291667	35
43.45119402291667	42
43.771023022916665	42
43.930937522916665	35
44.090852022916664	38
44.090852022916664	42
44.41068102291666	35
44.41068102291666	42
44.73051002291666	35
44.73051002291666	42
45.05033902291666	42
45.210253522916666	35
45.370168022916666	38
45.370168022916666	42
45.689997022916664	38
45.689997022916664	42
46.00982602291666	35
46.00982602291666	42
46.32965502291666	42
46.48956952291667	35
46.64948402291667	38
46.64948402291667	42
46.969313022916666	35
46.969313022916666	42
47.289142022916664	35
47.289142022916664	42
47.60897102291666	42
47.76888552291666	35
47.92880002291666	38
47.92880002291666	42
48.24862902291666	38
48.24862902291666	42
48.568458022916666	35
48.568458022916666	42
48.888287022916664	42
49.04820152291666	35
49.20811602291666	38
49.20811602291666	42
49.52794502291667	35
49.52794502291667	42
49.84777402291667	35
49.84777402291667	42
50.167603022916666	42
50.327517522916665	35
50.487432022916664	38
50.487432022916664	42
50.80726102291666	38
50.80726102291666	42
51.12709002291666	35
51.12709002291666	42
51.44691902291666	42
51.60683352291666	35
51.766748022916666	38
51.766748022916666	42
52.086577022916664	35
52.086577022916664	42
52.40640602291666	35
52.40640602291666	42
52.72623502291667	42
52.88614952291667	35
53.04606402291667	38
53.04606402291667	42
53.365893022916666	38
53.365893022916666	42
53.685722022916664	35
53.685722022916664	42
54.00555102291666	42
54.16546552291666	35
54.32538002291666	38
54.32538002291666	42
54.64520902291666	35
54.64520902291666	42
54.965038022916666	35
54.965038022916666	42
55.28986702291667	42
55.452281522916664	35
55.61469602291666	38
55.61469602291666	42
55.93452502291667	38
55.93452502291667	42
56.254354022916665	35
56.254354022916665	49
56.574183022916664	42
56.73409752291666	35
56.89401202291666	38
56.89401202291666	42
57.21384102291666	35
57.21384102291666	42
57.53367002291666	35
57.53367002291666	42
57.85349902291666	42
58.01341352291666	35
58.173328022916664	38
58.173328022916664	42
58.49315702291666	38
58.49315702291666	42
58.81298602291666	35
58.81298602291666	42
59.13281502291667	42
59.292729522916666	35
59.452644022916665	38
59.452644022916665	42
59.772473022916664	35
59.772473022916664	42
60.09230202291666	35
60.09230202291666	42
60.41213102291666	42
60.57204552291666	35
60.73196002291666	38
60.73196002291666	42
61.05178902291666	38
61.05178902291666	42
61.371618022916664	35
61.371618022916664	42
61.69144702291666	42
61.85136152291666	35
62.01127602291666	38
62.01127602291666	42
62.33110502291667	35
62.33110502291667	42
62.650934022916665	35
62.650934022916665	42
62.970763022916664	42
63.13067752291666	35
63.29059202291666	38
63.29059202291666	42
63.61042102291666	38
63.61042102291666	42
63.93025002291666	35
63.93025002291666	42
64.25007902291667	42
64.40999352291668	35
64.56990802291666	38
64.56990802291666	42
64.88973702291666	35
64.88973702291666	42
65.20956602291666	35
65.20956602291666	42
65.52939502291666	42
65.68930952291667	35
65.84922402291667	38
65.84922402291667	42
66.16905302291667	38
66.16905302291667	42
66.48888202291667	35
66.48888202291667	42
66.80871102291667	42
66.96862552291667	35
67.12854002291667	38
67.12854002291667	42
67.44836902291668	35
67.44836902291668	42
67.76819802291668	35
67.76819802291668	42
68.08802702291668	42
68.24794152291666	35
68.40785602291668	38
68.40785602291668	42
68.72768502291667	38
68.72768502291667	42
69.04751402291667	35
69.04751402291667	42
69.36734302291667	42
69.52725752291667	35
69.68717202291667	38
69.68717202291667	42
70.00700102291667	35
70.00700102291667	42
70.32683002291667	35
70.32683002291667	42
70.64665902291667	42
70.80657352291668	35
70.96648802291666	38
70.96648802291666	42
71.28631702291666	38
71.28631702291666	42
71.60614602291666	35
71.60614602291666	42
71.92597502291666	42
72.08588952291667	35
72.24580402291667	38
72.24580402291667	42
72.56563302291667	35
72.56563302291667	42
72.88546202291667	35
72.88546202291667	42
73.20529102291667	42
73.36520552291667	35
73.52512002291667	38
73.52512002291667	42
73.84494902291668	38
73.84494902291668	42
74.16477802291668	35
74.16477802291668	42
74.48460702291668	42
74.64452152291666	35
74.80443602291668	38
74.80443602291668	42
75.12426502291667	35
75.12426502291667	42
75.44409402291667	35
75.44409402291667	42
75.76392302291667	42
75.92383752291667	35
76.08375202291667	38
76.08375202291667	42
76.40358102291667	38
76.40358102291667	42
76.72341002291667	35
76.72341002291667	49
77.04323902291667	42
77.20315352291668	35
77.36306802291666	38
77.36306802291666	42
77.68289702291666	35
77.68289702291666	42
78.00272602291666	35
78.00272602291666	42
78.32255502291666	42
78.48246952291667	35
78.64238402291667	38
78.64238402291667	42
78.96221302291667	38
78.96221302291667	42
79.28204202291667	35
79.28204202291667	42
79.60187102291667	42
79.76178552291667	35
79.92170002291667	38
79.92170002291667	42
80.24152902291668	35
80.24152902291668	42
80.56135802291668	35
80.56135802291668	42
80.88118702291668	42
81.04110152291666	35
81.20101602291668	38
81.20101602291668	42
81.52084502291667	38
81.52084502291667	42
81.84067402291667	35
81.84067402291667	42
82.16050302291667	42
82.32041752291667	35
82.48033202291667	38
82.48033202291667	42
82.80016102291667	35
82.80016102291667	42
83.11999002291667	35
83.11999002291667	42
83.43981902291667	42
83.59973352291668	35
83.75964802291666	38
83.75964802291666	42
84.07947702291666	38
84.07947702291666	42
84.39930602291666	35
84.39930602291666	42
84.71913502291666	42
84.87904952291667	35
85.03896402291667	38
85.03896402291667	42
85.35879302291667	35
85.35879302291667	42
85.67862202291667	35
85.67862202291667	42
85.99845102291667	42
86.15836552291667	35
86.31828002291667	38
86.31828002291667	42
86.63810902291668	38
86.63810902291668	42
86.95793802291668	35
86.95793802291668	42
87.27809287083333	42
87.43817812083333	35
87.59826337083332	38
87.59826337083332	42
87.91843387083333	35
87.91843387083333	42
88.23860437083333	35
88.23860437083333	42
88.55877487083333	42
88.71886012083333	35
88.87894537083332	38
88.87894537083332	42
89.19911587083332	38
89.19911587083332	42
89.51928637083333	35
89.51928637083333	42
89.83945687083333	42
89.99954212083333	35
90.15962737083333	38
90.15962737083333	42
90.47979787083332	35
90.47979787083332	42
90.79996837083333	35
90.79996837083333	42
91.12013887083333	42
91.28022412083332	35
91.44030937083333	38
91.44030937083333	42
91.76047987083332	38
91.76047987083332	42
92.08065037083333	35
92.08065037083333	42
92.40082087083333	42
92.56090612083332	35
92.72099137083333	38
92.72099137083333	42
93.04116187083332	35
93.04116187083332	42
93.36133237083332	35
93.36133237083332	42
93.68150287083333	42
93.84158812083332	35
94.00167337083333	38
94.00167337083333	42
94.32184387083332	38
94.32184387083332	42
94.64201437083332	35
94.64201437083332	42
94.96218487083333	42
95.12227012083333	35
95.28235537083333	38
95.28235537083333	42
95.60252587083333	35
95.60252587083333	42
95.92269637083332	35
95.92269637083332	42
96.24286687083332	42
96.40295212083332	35
96.56303737083333	38
96.56303737083333	42
96.88320787083333	38
96.88320787083333	42
97.20337837083333	35
97.20337837083333	47
97.52354887083332	47
97.68363412083333	35
97.84371937083333	38
97.84371937083333	38
98.16388987083333	35
98.16388987083333	47
98.48406037083332	35
98.48406037083332	47
98.80423087083332	47
98.96431612083333	35
99.12440137083333	38
99.12440137083333	38
99.76474237083333	49
99.92232762083333	42
100.07991287083331	42
100.39508337083332	35
100.39508337083332	42
100.55516862083331	42
100.71525387083332	42
101.03542437083333	42
101.19550962083332	42
101.35559487083333	42
101.67576537083332	35
101.67576537083332	42
101.83585062083333	42
101.99593587083332	42
102.31610637083332	42
102.47619162083332	42
102.63627687083331	42
102.95644737083332	35
102.95644737083332	42
103.11653262083333	42
103.27661787083332	42
103.59678837083332	42
103.75687362083332	42
103.91695887083333	42
104.23712937083332	35
104.23712937083332	42
104.39721462083332	42
104.55729987083332	42
104.87747037083332	42
105.03755562083332	42
105.19764087083333	42
105.51781137083333	35
105.51781137083333	42
105.67789662083332	42
105.83798187083332	42
106.15815237083332	42
106.31823762083332	42
106.47832287083332	42
106.79849337083331	35
106.79849337083331	42
106.95857862083332	42
107.11866387083332	42
107.43883437083332	42
107.59891962083333	42
107.75900487083332	42
108.07917537083333	35
108.07917537083333	42
108.23926062083332	42
108.39934587083332	42
108.71951637083332	42
108.87960162083331	42
109.03968687083332	42
109.35985737083332	35
109.35985737083332	38
109.51994262083332	38
109.68002787083333	35
110.00019837083332	35
110.00019837083332	49
110.32036887083332	42
110.48045412083331	35
110.64053937083332	38
110.64053937083332	42
110.96070987083331	35
110.96070987083331	42
111.28088037083332	35
111.28088037083332	42
111.60105087083332	42
111.76113612083333	35
111.92122137083332	38
111.92122137083332	42
112.24139187083333	38
112.24139187083333	42
112.56156237083331	35
112.56156237083331	42
112.88173287083332	42
113.04181812083331	35
113.20190337083332	38
113.20190337083332	42
113.52207387083332	35
113.52207387083332	42
113.84224437083333	35
113.84224437083333	42
114.16241487083332	42
114.32250012083333	35
114.48258537083332	38
114.48258537083332	42
114.80275587083332	38
114.80275587083332	42
115.12292637083331	35
115.12292637083331	42
115.44309687083332	42
115.60318212083332	35
115.76326737083332	38
115.76326737083332	42
116.08343787083332	35
116.08343787083332	42
116.40360837083333	35
116.40360837083333	42
116.72377887083331	42
116.88386412083332	35
117.04394937083332	38
117.04394937083332	42
117.36411987083332	38
117.36411987083332	42
117.68429037083332	35
117.68429037083332	42
118.00412790833332	42
118.16404240833332	35
118.32395690833332	38
118.32395690833332	42
118.64378590833331	35
118.64378590833331	42
118.96361490833331	35
118.96361490833331	42
120.24293090833332	35
120.24293090833332	49
120.56275990833332	42
120.72267440833332	35
120.88258890833332	38
120.88258890833332	42
121.20241790833332	35
121.20241790833332	42
121.52224690833332	35
121.52224690833332	42
121.84207590833331	42
122.00199040833331	35
122.16190490833331	38
122.16190490833331	42
122.48173390833333	38
122.48173390833333	42
122.80156290833332	35
122.80156290833332	42
123.12139190833332	42
123.28130640833332	35
123.44122090833332	38
123.44122090833332	42
123.76104990833332	35
123.76104990833332	42
124.08087890833332	35
124.08087890833332	42
124.40070790833332	42
124.56062240833332	35
124.72053690833332	38
124.72053690833332	42
125.04036590833331	38
125.04036590833331	42
125.36019490833331	35
125.36019490833331	42
125.68002390833333	42
125.83993840833332	35
125.99985290833332	38
125.99985290833332	42
126.31968190833332	35
126.31968190833332	42
126.63951090833332	35
126.63951090833332	42
126.95933990833332	42
127.11925440833332	35
127.27916890833332	38
127.27916890833332	42
127.59899790833332	38
127.59899790833332	42
127.91882690833332	35
127.91882690833332	42
128.23865590833333	42
128.3985704083333	35
128.55848490833333	38
128.55848490833333	42
128.87831390833333	35
128.87831390833333	42
129.19814290833332	35
129.19814290833332	42
129.51797190833332	42
129.6778864083333	35
129.83780090833332	38
129.83780090833332	42
130.15762990833332	38
130.15762990833332	42
130.47745890833332	35
130.47745890833332	42
130.79728790833332	42
130.95720240833333	35
131.11711690833332	38
131.11711690833332	42
131.4369459083333	35
131.4369459083333	42
131.7567749083333	35
131.7567749083333	42
132.0766039083333	42
132.23651840833332	35
132.3964329083333	38
132.3964329083333	42
132.7162619083333	38
132.7162619083333	42
133.0360909083333	35
133.0360909083333	42
133.3559199083333	42
133.51583440833332	35
133.67574890833333	38
133.67574890833333	42
133.99557790833333	35
133.99557790833333	42
134.31540690833333	35
134.31540690833333	42
134.63523590833333	42
134.7951504083333	35
134.95506490833333	38
134.95506490833333	42
135.27489390833333	38
135.27489390833333	42
135.59472290833332	35
135.59472290833332	42
135.91455190833332	42
136.0744664083333	35
136.23438090833332	38
136.23438090833332	42
136.55420990833332	35
136.55420990833332	42
136.87403890833332	35
136.87403890833332	42
137.19386790833332	42
137.35378240833333	35
137.51369690833332	38
137.51369690833332	42
137.8335259083333	38
137.8335259083333	42
138.1533549083333	35
138.1533549083333	42
138.4731839083333	42
138.63309840833332	35
138.7930129083333	38
138.7930129083333	42
139.1128419083333	35
139.1128419083333	42
139.4326709083333	35
139.4326709083333	42
140.72198690833332	35
140.72198690833332	49
141.03681590833332	42
141.1942304083333	35
141.35164490833333	38
141.35164490833333	42
141.67147390833333	35
141.67147390833333	42
141.99130290833332	35
141.99130290833332	42
142.31113190833332	42
142.4710464083333	35
142.63096090833332	38
142.63096090833332	42
142.95078990833332	38
142.95078990833332	42
143.27061890833332	35
143.27061890833332	42
143.59044790833332	42
143.75036240833333	35
143.91027690833332	38
143.91027690833332	42
144.23010590833331	35
144.23010590833331	42
144.5499349083333	35
144.5499349083333	42
144.8697639083333	42
145.02967840833333	35
145.1895929083333	38
145.1895929083333	42
145.5094219083333	38
145.5094219083333	42
145.82925090833334	35
145.82925090833334	42
146.1490799083333	42
146.30899440833332	35
146.46890890833333	38
146.46890890833333	42
146.78873790833333	35
146.78873790833333	42
147.10856690833333	35
147.10856690833333	42
147.42839590833333	42
147.5883104083333	35
147.74822490833333	38
147.74822490833333	42
148.06805390833333	38
148.06805390833333	42
148.38788290833332	35
148.38788290833332	42
148.70771190833332	42
148.8676264083333	35
149.02754090833332	38
149.02754090833332	42
149.34736990833332	35
149.34736990833332	42
149.66719890833332	35
149.66719890833332	42
149.98702790833332	42
150.14694240833333	35
150.30685690833332	38
150.30685690833332	42
150.62668590833331	38
150.62668590833331	42
150.9465149083333	35
150.9465149083333	42
151.2663439083333	42
151.42625840833333	35
151.5861729083333	38
151.5861729083333	42
151.90600190833334	35
151.90600190833334	42
152.2258309083333	35
152.2258309083333	42
152.54565990833333	42
152.70557440833332	35
152.8654889083333	38
152.8654889083333	42
153.18531790833333	38
153.18531790833333	42
153.50514690833333	35
153.50514690833333	42
153.82997590833332	42
153.9923904083333	35
154.15480490833332	38
154.15480490833332	42
154.47463390833332	35
154.47463390833332	42
154.79446290833332	35
154.79446290833332	42
155.1142919083333	42
155.27420640833333	35
155.4341209083333	38
155.4341209083333	42
155.7539499083333	38
155.7539499083333	42
156.0737789083333	35
156.0737789083333	42
156.3936079083333	42
156.55352240833332	35
156.7134369083333	38
156.7134369083333	42
157.0332659083333	35
157.0332659083333	42
157.3530949083333	35
157.3530949083333	42
157.6729239083333	42
157.83283840833332	35
157.9927529083333	38
157.9927529083333	42
158.3125819083333	38
158.3125819083333	42
158.63241090833333	35
158.63241090833333	42
158.9522399083333	42
159.1121544083333	35
159.27206890833332	38
159.27206890833332	42
159.5918979083333	35
159.5918979083333	42
159.91172690833332	35
159.91172690833332	42
160.23155590833332	42
160.3914704083333	35
160.55138490833332	38
160.55138490833332	42
160.87121390833332	38
160.87121390833332	42
161.19104290833332	35
161.19104290833332	49
161.5108719083333	42
161.6707864083333	35
161.8307009083333	38
161.8307009083333	42
162.1505299083333	35
162.1505299083333	42
162.4703589083333	35
162.4703589083333	42
162.7901879083333	42
162.95010240833332	35
163.1100169083333	38
163.1100169083333	42
163.4298459083333	38
163.4298459083333	42
163.7496749083333	35
163.7496749083333	42
164.0695039083333	42
164.22941840833332	35
164.3893329083333	38
164.3893329083333	42
164.70916190833333	35
164.70916190833333	42
165.0289909083333	35
165.0289909083333	42
165.34881990833333	42
165.5087344083333	35
165.6686489083333	38
165.6686489083333	42
165.98847790833332	38
165.98847790833332	42
166.30830690833332	35
166.30830690833332	42
166.62813590833332	42
166.7880504083333	35
166.94796490833332	38
166.94796490833332	42
167.26779390833332	35
167.26779390833332	42
167.58762290833332	35
167.58762290833332	42
167.90745190833331	42
168.06736640833333	35
168.2272809083333	38
168.2272809083333	42
168.5471099083333	38
168.5471099083333	42
168.86695029166663	35
168.86695029166663	42
169.18712079166664	42
169.34720604166662	35
169.50729129166663	38
169.50729129166663	42
169.82746179166662	35
169.82746179166662	42
170.14763229166664	35
170.14763229166664	42
170.46780279166663	42
170.62788804166664	35
170.78797329166665	38
170.78797329166665	42
171.10814379166663	38
171.10814379166663	42
171.42831429166662	35
171.42831429166662	42
171.74848479166664	42
171.90857004166662	35
172.06865529166663	38
172.06865529166663	42
172.38882579166662	35
172.38882579166662	42
172.70899629166664	35
172.70899629166664	42
173.02916679166663	42
173.18925204166663	35
173.34933729166664	38
173.34933729166664	42
173.66950779166663	38
173.66950779166663	42
173.98967829166662	35
173.98967829166662	42
174.30984879166664	42
174.46993404166662	35
174.63001929166663	38
174.63001929166663	42
174.95018979166665	35
174.95018979166665	42
175.27036029166663	35
175.27036029166663	42
175.59053079166662	42
175.75061604166663	35
175.91070129166664	38
175.91070129166664	42
176.23087179166663	38
176.23087179166663	42
176.55104229166662	35
176.55104229166662	42
176.87121279166664	42
177.03129804166664	35
177.19138329166663	38
177.19138329166663	42
177.51155379166664	35
177.51155379166664	42
177.83172429166663	35
177.83172429166663	42
178.15189479166662	42
178.31198004166663	35
178.47206529166664	38
178.47206529166664	42
178.79223579166663	38
178.79223579166663	42
179.11240629166664	35
179.11240629166664	42
179.43257679166663	42
179.59266204166664	35
179.75274729166662	38
179.75274729166662	42
180.07291779166664	35
180.07291779166664	42
180.39308829166663	35
180.39308829166663	42
180.71325879166665	42
180.87334404166663	35
181.03342929166664	38
181.03342929166664	42
181.35359979166662	38
181.35359979166662	42
181.67377029166664	35
181.67377029166664	42
181.99394079166663	42
182.15402604166664	35
182.31411129166662	38
182.31411129166662	42
182.63428179166664	35
182.63428179166664	42
182.95445229166663	35
182.95445229166663	42
183.26962279166665	42
183.42720804166663	35
183.58479329166664	38
183.58479329166664	42
183.90496379166663	38
183.90496379166663	42
184.22513429166665	35
184.22513429166665	42
184.54530479166664	42
184.70539004166665	35
184.86547529166666	38
184.86547529166666	42
185.18564579166664	35
185.18564579166664	42
185.50581629166663	35
185.50581629166663	42
185.82598679166665	42
185.98607204166663	35
186.14615729166664	38
186.14615729166664	42
186.46632779166663	38
186.46632779166663	42
186.78649829166665	35
186.78649829166665	42
187.10166879166664	42
187.25925404166665	35
187.41683929166663	38
187.41683929166663	42
187.73700979166665	35
187.73700979166665	42
188.05718029166664	35
188.05718029166664	42
188.37735079166666	42
188.53743604166664	35
188.69752129166665	38
188.69752129166665	42
189.01769179166666	38
189.01769179166666	42
189.33786229166665	35
189.33786229166665	42
189.65803279166664	42
189.81811804166665	35
189.97820329166666	38
189.97820329166666	42
190.29837379166665	35
190.29837379166665	42
190.61854429166664	35
190.61854429166664	42
190.93871479166665	42
191.09880004166666	35
191.25888529166664	38
191.25888529166664	42
191.57905579166663	38
191.57905579166663	42
191.89922629166665	35
191.89922629166665	42
192.21939679166664	42
192.37948204166665	35
192.53956729166666	38
192.53956729166666	42
192.85973779166665	35
192.85973779166665	42
193.17990829166666	35
193.17990829166666	42
193.50007879166665	42
193.66016404166663	35
193.82024929166664	38
193.82024929166664	42
194.14041979166666	38
194.14041979166666	42
194.46059029166665	35
194.46059029166665	42
194.78076079166664	42
194.94084604166665	35
195.10093129166665	38
195.10093129166665	42
195.42110179166664	35
195.42110179166664	42
195.74127229166663	35
195.74127229166663	42
196.06144279166665	42
196.22152804166666	35
196.38161329166664	38
196.38161329166664	42
196.70178379166666	38
196.70178379166666	42
197.02195429166665	35
197.02195429166665	42
197.34212479166666	42
197.50221004166664	35
197.66229529166665	38
197.66229529166665	42
197.98246579166664	35
197.98246579166664	42
198.30263629166666	35
198.30263629166666	42
198.62280679166665	42
198.78289204166666	35
198.94297729166664	38
198.94297729166664	42
199.26314779166665	38
199.26314779166665	42
199.58331829166664	35
199.58331829166664	42
199.90348879166663	42
200.06357404166664	35
200.22365929166665	38
200.22365929166665	42
200.54382979166664	35
200.54382979166664	42
200.86400029166666	35
200.86400029166666	42
201.18417079166665	42
201.34425604166665	35
201.50434129166666	38
201.50434129166666	42
201.82451179166665	38
201.82451179166665	42
202.14468229166664	35
202.14468229166664	42
202.45985279166666	42
202.61743804166662	35
202.77502329166663	38
202.77502329166663	42
203.09519379166662	35
203.09519379166662	42
203.41536429166663	35
203.41536429166663	42
203.73553479166662	42
203.89562004166663	35
204.0557052916666	38
204.0557052916666	42
204.37587579166663	38
204.37587579166663	42
204.69604629166662	35
204.69604629166662	42
205.01621679166664	42
205.17630204166662	35
205.33638729166663	38
205.33638729166663	42
205.65655779166664	35
205.65655779166664	42
205.97672829166663	35
205.97672829166663	42
206.29689879166662	42
206.45698404166663	35
206.61706929166664	38
206.61706929166664	42
206.93723979166663	38
206.93723979166663	42
207.25741029166662	35
207.25741029166662	42
207.57758079166663	42
207.73766604166664	35
207.89775129166662	38
207.89775129166662	42
208.2179217916666	35
208.2179217916666	42
208.53809229166663	35
208.53809229166663	42
208.85826279166662	42
209.01834804166663	35
209.17843329166664	38
209.17843329166664	42
209.49860379166662	38
209.49860379166662	42
209.81877429166664	35
209.81877429166664	42