18.979204000000003	35
18.979204000000003	47
19.212759500000004	47
19.32953725	47
19.446315000000002	47
19.6898705	35
19.6898705	47
19.933426000000004	47
20.052703750000003	47
20.171981500000005	47
20.410537	47
20.644092500000003	47
20.877648	35
20.877648	47
21.1162035	47
21.23548125	47
21.354759	47
21.5933145	35
21.5933145	47
21.831870000000002	47
22.070425500000002	47
22.5475365	47
22.786092	35
22.786092	47
23.0246475	47
23.143925250000002	47
23.263203	47
23.5017585	35
23.5017585	47
23.740314	47
23.85959175	47
23.978869500000002	47
24.217425000000002	47
24.455980500000003	47
24.694536	35
24.694536	47
24.938091500000002	47
25.059869250000002	47
25.181647	47
25.420202500000002	35
25.420202500000002	47
25.658758000000002	47
25.892313500000004	47
26.364424500000002	47
26.602980000000002	35
26.602980000000002	47
26.71900775	47
26.835035500000004	47
26.95106325	47
27.067091	47
27.3091465	35
27.3091465	47
27.551202000000004	47
27.669729750000002	47
27.788257500000004	47
28.025313000000004	47
28.2623685	47
28.499424	35
28.499424	47
28.7364795	47
28.855007250000003	47
28.973535000000002	47
29.2155905	35
29.2155905	47
29.457646000000004	47
29.694701500000004	47
30.168812500000005	47
30.405868000000005	35
30.405868000000005	47
30.649423500000005	47
30.77120125	47
30.892979000000004	47
31.131534500000004	35
31.131534500000004	47
31.370090000000005	47
31.486867750000005	47
31.603645500000006	47
31.837201000000004	47
32.075756500000004	47
32.314312	35
32.314312	47
32.552867500000005	47
32.67214525	47
32.791423	47
33.0299785	35
33.0299785	47
33.268534	47
33.5070895	47
34.222756000000004	35
34.222756000000004	47
34.456311500000005	47
34.57308925	47
34.68986700000001	47
34.9284225	35
34.9284225	47
35.166978	47
35.28875575	47
35.4105335	47
35.654089	47
35.88764450000001	47
36.1212	35
36.1212	47
36.359755500000006	47
36.47903325	47
36.598311	47
36.836866500000006	35
36.836866500000006	47
37.075422	47
37.31397750000001	47
37.552533000000004	47
37.7910885	47
38.029644000000005	35
38.029644000000005	47
38.2681995	47
38.38747725	47
38.506755000000005	47
38.7503105	35
38.7503105	47
38.993866000000004	47
39.11064375	47
39.227421500000005	47
39.460977	47
39.69453250000001	47
39.92808800000001	35
39.92808800000001	47
40.166643500000006	47
40.28592125000001	47
40.405199	47
40.653754500000005	35
40.653754500000005	47
40.90231	47
41.1508655	47
41.61797650000001	47
41.83653200000001	35
41.83653200000001	47
41.955059750000004	47
42.0735875	47
42.19211525000001	47
42.310643000000006	47
42.5476985	35
42.5476985	47
42.78475400000001	47
42.90578175	47
43.0268095	47
43.268865000000005	47
43.5059205	47
43.742976000000006	35
43.742976000000006	47
43.9800315	47
44.09855925	47
44.21708700000001	47
44.4591425	35
44.4591425	47
44.701198	47
44.9382535	47
45.175309	47
45.4123645	47
45.64942	35
45.64942	47
45.8864755	47
46.00500325	47
46.123531	47
46.360586500000004	35
46.360586500000004	47
46.597642	47
46.71616975	47
46.834697500000004	47
47.071753	47
47.308808500000005	47
47.545864	35
47.545864	47
47.7859205	47
47.90594875	47
48.025977000000005	47
48.2710335	35
48.2710335	47
48.516090000000005	47
48.766146500000005	47
49.45631600000001	35
49.45631600000001	42
49.6898715	42
49.80664925	42
49.923427000000004	42
50.166982499999996	35
50.166982499999996	42
50.410538	42
50.529815750000004	42
50.6490935	42
50.887649	42
51.1262045	42
51.364760000000004	35
51.364760000000004	42
51.6033155	42
51.72259325	42
51.841871	42
52.075426500000006	35
52.075426500000006	42
52.308982	42
52.5525375	42
52.796093	42
52.91537075	42
53.0346485	42
53.15392625	42
53.273204	35
53.273204	42
53.5102595	42
53.62878725	42
53.747315	42
53.9843705	35
53.9843705	42
54.221426	42
54.33995375	42
54.4584815	42
54.695537	42
54.81406475	42
54.9325925	42
55.169648	35
55.169648	42
55.411703499999994	42
55.53273125	42
55.653759	42
55.8908145	35
55.8908145	42
56.127869999999994	42
56.3699255	42
56.611981	42
56.72800875000001	42
56.8440365	42
56.96006425	42
57.076091999999996	35
57.308147500000004	47
57.42417525	47
57.540203	47
57.7872585	35
57.7872585	47
58.034314	47
58.15284175	47
58.271369500000006	47
58.508425	47
58.745480500000006	47
58.982536	35
58.982536	47
59.2210915	47
59.34036925	47
59.459647000000004	47
59.6982025	35
59.6982025	47
59.936758000000005	47
60.1803135	47
60.657424500000005	47
60.890980000000006	35
60.890980000000006	47
61.1245355	47
61.241313250000005	47
61.358090999999995	47
61.5966465	35
61.5966465	47
61.835201999999995	47
61.95447975	47
62.0737575	47
62.312312999999996	47
62.5508685	47
62.789424	35
62.789424	47
63.266535	47
63.5050905	35
63.743646	47
63.9822015	47
64.220757	47
64.34003475	47
64.45931250000001	47
64.697868	35
64.697868	47
64.93142350000001	47
65.04820124999999	47
65.164979	47
65.4085345	35
65.4085345	47
65.65209	47
65.77136775000001	47
65.8906455	47
66.12920100000001	47
66.3627565	47
66.596312	35
66.596312	47
66.8348675	47
66.95414525	47
67.073423	47
67.3119785	35
67.3119785	47
67.550534	47
67.7890895	47
68.2562005	47
68.484756	35
68.484756	47
68.73181149999999	47
68.85533925	47
68.978867	47
69.2209225	35
69.2209225	47
69.462978	47
69.58150575	47
69.7000335	47
69.937089	47
70.17414450000001	47
70.41120000000001	35
70.41120000000001	47
70.64975550000001	47
70.76903325	47
70.888311	47
71.1268665	35
71.1268665	47
71.36542200000001	47
71.60397750000001	47
72.0810885	47
72.31964400000001	35
72.31964400000001	47
72.43392175	47
72.54819950000001	47
72.66247725	47
72.776755	47
73.0153105	35
73.0153105	47
73.253866	47
73.37814375	47
73.5024215	47
73.750977	47
73.9845325	47
74.21808800000001	35
74.21808800000001	47
74.45164349999999	47
74.56842125	47
74.685199	47
74.92875450000001	35
74.92875450000001	47
75.17231000000001	47
75.4108655	47
75.88797650000001	47
76.126532	35
76.126532	47
76.3635875	47
76.48211524999999	47
76.60064299999999	47
76.84269850000001	35
76.84269850000001	47
77.084754	47
77.20328175	47
77.3218095	47
77.558865	47
77.79592050000001	47
78.032976	35
78.032976	47
78.2712635	47
78.39040725000001	47
78.509551	47
78.7628385	47
79.2494135	47
79.939276	35
79.939276	49
80.6541385	35
80.892426	38
81.84557600000001	35
82.5604385	35
82.798726	38
83.75187600000001	35
84.4617385	35
84.695026	38
85.648176	35
86.3730385	35
86.611326	38
87.564476	35
88.2693385	35
88.507626	38
89.470776	35
90.18563850000001	35
90.42392600000001	38
91.367076	35
92.0819385	35
92.320226	38
93.273376	35
93.9882385	35
94.226526	38
95.179676	35
95.179676	47
95.41296349999999	47
95.52960725	47
95.64625099999999	47
95.88953850000001	35
95.88953850000001	47
96.132826	38
96.132826	47
96.3711135	47
96.609401	47
96.8476885	47
97.085976	35
97.085976	47
97.3175435	47
97.43332724999999	47
97.54911100000001	47
97.79567850000002	35
97.79567850000002	47
98.042246	38
98.042246	47
98.27881350000001	47
98.75194850000001	47
98.98851599999999	35
98.98851599999999	47
99.21700999999999	47
99.331257	47
99.44550400000001	47
99.69399800000001	35
99.69399800000001	47
99.942492	38
100.05923899999999	47
100.175986	47
100.40948	47
100.647974	47
100.886468	35
100.886468	47
101.129962	47
101.251709	47
101.373456	47
101.61195000000001	35
101.61195000000001	47
101.85044400000001	38
101.969691	47
102.088938	47
102.565926	47
102.80442000000001	35
102.80442000000001	47
102.921167	47
103.15466099999999	47
103.271408	47
103.509902	35
103.509902	47
103.748396	38
103.867643	47
103.98689	47
104.225384	47
104.463878	47
104.70237199999998	35
104.70237199999998	47
105.045113	47
105.15936000000002	47
105.40785400000001	35
105.40785400000001	47
105.656348	38
105.656348	47
105.894842	47
106.37183	47
106.61032399999999	35
106.61032399999999	47
106.84381799999998	47
106.96056499999999	47
107.07731199999999	47
107.320806	35
107.320806	47
107.5643	38
107.683547	47
107.802794	47
108.041288	47
108.27478199999999	47
108.508276	35
108.508276	47
108.866017	35
108.866017	47
108.98526399999999	47
109.22375799999999	35
109.22375799999999	47
109.46225199999999	38
109.46225199999999	47
109.700746	47
125.65398400000001	35
125.65398400000001	42
125.887478	42
126.00422499999999	42
126.120972	42
126.359466	35
126.359466	42
126.59796	42
126.719707	42
126.84145400000001	42
127.08494800000001	42
127.31844199999999	42
127.551936	35
127.551936	42
127.79043	42
127.909677	42
128.028924	42
128.267418	35
128.267418	42
128.505912	42
128.744406	42
128.9829	42
129.102147	42
129.221394	42
129.340641	42
129.459888	35
129.459888	42
129.698382	42
129.817629	42
129.936876	42
130.17537	35
130.17537	42
130.413864	42
130.533111	42
130.652358	42
130.890852	42
131.007599	42
131.124346	42
131.35784	35
131.35784	42
131.601334	42
131.723081	42
131.844828	42
132.083322	35
132.083322	42
132.321816	42
132.44106299999999	42
132.56031	42
132.798804	42
132.915551	42
133.032298	42
133.149045	42
133.265792	35
133.49813949999998	47
133.61431324999998	47
133.73048699999998	47
133.97283449999998	35
133.97283449999998	47
134.215182	47
134.33635575	47
134.4575295	47
134.699877	47
134.93722449999999	47
135.17457199999998	35
135.17457199999998	47
135.41191949999998	47
135.53059324999998	47
135.649267	47
135.8866145	35
135.8866145	47
136.123962	47
136.37130950000002	47
136.618657	47
136.8510045	47
137.083352	35
137.3156995	47
137.43187325	47
137.548047	47
137.7903945	35
137.7903945	47
138.03274199999998	47
138.15141574999998	47
138.27008949999998	47
138.50743699999998	47
138.74478449999998	47
138.98213199999998	35
138.98213199999998	47
139.10137899999998	47
139.22062599999998	47
139.33987299999998	47
139.45911999999998	47
139.697614	35
139.697614	47
139.936108	47
140.179602	47
140.423096	42
140.65659	42
140.89008399999997	35
140.89008399999997	42
141.11857799999999	42
141.232825	42
141.347072	42
141.595566	35
141.595566	42
141.84405999999998	42
141.963307	42
142.082554	42
142.321048	42
142.437795	42
142.55454199999997	42
142.78803599999998	35
142.78803599999998	42
143.02152999999998	42
143.138277	42
143.255024	42
143.50351799999999	35
143.50351799999999	42
143.62776499999998	42
143.75201199999998	42
143.87125899999998	42
143.99050599999998	42
144.22899999999998	42
144.345747	42
144.462494	42
144.579241	42
144.695988	35
144.695988	42
144.93448199999997	42
145.05372899999998	42
145.17297599999998	42
145.41146999999998	35
145.41146999999998	42
145.64996399999998	42
145.766711	42
145.883458	42
146.116952	42
146.360446	42
146.60394	35
146.60394	42
146.842434	42
146.961681	42
147.080928	42
147.31942199999997	35
147.31942199999997	42
147.43866899999998	42
147.55791599999998	42
147.67966299999998	42
147.80140999999998	42
147.92315699999997	42
148.04490399999997	42
148.16165099999998	42
148.27839799999998	42
148.39514499999999	42
148.511892	35
148.740386	47
148.85463299999998	47
148.96887999999998	47
149.21237399999998	35
149.21237399999998	47
149.455868	47
149.57761499999998	47
149.69936199999998	47
149.94285599999998	47
150.17634999999999	47
150.409844	35
150.409844	47
150.6521915	47
150.77336524999998	47
150.89453899999998	47
151.13188649999998	35
151.13188649999998	47
151.36923399999998	47
151.61658149999997	47
152.0912765	47
152.31862399999997	35
152.31862399999997	47
152.43729774999997	47
152.55597149999997	47
152.67464524999997	47
152.793319	47
153.0306665	35
153.0306665	47
153.268014	47
153.38918775	47
153.5103615	47
153.75270899999998	47
153.98505649999998	47
154.217404	35
154.217404	47
154.460898	47
154.58264499999999	47
154.70439199999998	47
154.942886	35
154.942886	47
155.18138	47
155.41987399999996	47
159.94126799999998	35
159.94126799999998	49
160.6533105	35
160.890658	38
161.850048	35
162.56209049999998	35
162.79943799999998	38
163.74882799999997	35
164.44930999999997	35
164.702804	38
165.65677999999997	35
166.37226199999998	35
166.61075599999998	38
167.56473199999996	35
168.27521399999998	35
168.50870799999998	38
169.472684	35
170.18472649999998	35
170.42207399999998	38
171.37146399999997	35
171.37146399999997	49
172.0835065	35
172.320854	38
173.280244	35
173.985726	35
174.22422	38
174.46271399999998	42
174.70120799999998	42
174.93970199999998	42
175.17819599999999	35
175.41169	42
175.528437	42
175.645184	42
175.883678	35
175.883678	42
176.122172	38
176.360666	49
177.076148	35
177.076148	42
177.314642	42
177.433889	42
177.553136	42
177.79163	35
178.030124	38
178.268618	42
178.387865	42
178.507112	42
178.750606	42
178.9941	35
178.9941	42
179.336841	42
179.689582	35
179.689582	49
179.928076	38
180.16657	49
180.526811	49
180.648558	49
180.892052	35
181.24229300000002	49
181.597534	35
181.597534	49
181.836028	38
182.074522	49
182.313016	49
182.55651	49
182.800004	35
182.800004	49
183.15602525	49
183.274699	49
183.5120465	35
183.5120465	49
183.749394	38
183.749394	49
183.9867415	49
184.224089	49
184.34276275	49
184.698784	35
184.698784	49
185.05480525000002	49
185.17347900000001	49
185.4108265	35
185.4108265	49
185.648174	38
185.648174	49
185.8855215	49
186.00419525	49
186.122869	49
186.3602165	49
186.597564	35
186.597564	49
186.836058	47
186.955305	47
187.074552	47
187.318046	35
187.318046	47
187.56154	47
187.80003399999998	47
188.272022	47
188.505516	35
188.505516	47
188.73901	47
188.855757	47
188.97250400000001	47
189.21099800000002	35
189.21099800000002	47
189.69298600000002	47
190.174974	47
190.413468	47
190.763709	47
190.880456	47
191.11395000000002	47
191.347444	47
191.595938	47
192.32142000000002	47
192.679161	47
192.798408	47
193.036902	47
193.275396	47
193.51389	47
193.990878	47
194.229372	47
194.34611900000002	47
194.46286600000002	47
194.57961300000002	47
194.69636000000003	47
194.934854	47
195.173348	47
195.292595	47
195.411842	47
195.650336	47
195.88883	47
196.12732400000002	47
196.36467150000001	47
196.48334525	47
196.602019	47
196.8393665	47
197.076714	47
197.32406149999997	47
197.8037565	47
198.036104	47
198.2734515	47
198.39212525	47
198.51079900000002	47
198.74314650000002	47
198.97549400000003	47
199.09666775000002	47
199.21784150000002	47
199.460189	47
199.6975365	47
199.934884	47
200.1772315	47
200.29840525	47
200.419579	47
200.6569265	47
201.1216215	49
201.85366399999998	35
201.85366399999998	49
202.5657065	35
202.803054	38
203.75244400000003	35
204.45792600000001	35
204.45792600000001	49
204.69642000000002	38
204.69642000000002	49
204.934914	49
205.173408	49
205.411902	49
205.650396	35
205.650396	49
206.127384	49
206.370878	35
206.61437200000003	38
206.85286600000003	49
207.558348	35
208.27383	35
208.512324	38
209.45630000000003	35
210.171782	35
210.410276	38
210.87726400000003	49
211.12075800000002	49
211.36425200000002	35
211.36425200000002	49
211.72027325000002	49
211.83894700000002	49
212.0812945	35
212.0812945	49
212.323642	38
212.323642	49
212.5609895	49
212.798337	49
213.0356845	49
213.273032	35
213.273032	49
213.62155325000003	49
213.73772700000004	49
213.97507450000003	35
213.97507450000003	49
214.21242200000003	38
214.21242200000003	49
214.44976950000003	49
214.68711700000003	49
214.92946450000002	49
215.17181200000002	35
215.17181200000002	49
215.52955300000002	49
215.64880000000002	49
215.88729400000003	35
215.88729400000003	49
216.12578800000003	38
216.12578800000003	49
216.364282	49
216.602776	49
216.84127	49
217.079764	35
217.079764	49
217.80524600000004	35
218.04374000000004	38
218.52072800000005	49
218.75422200000003	49
218.987716	35
218.987716	49
219.345457	49
219.464704	49
219.70319800000001	35
219.70319800000001	49
219.94169200000002	38
219.94169200000002	49
220.18018600000002	49
220.41868000000002	49
220.65217400000003	49
220.88566800000004	35
220.88566800000004	49
221.243409	49
221.36265600000002	49
221.60115000000002	35
221.60115000000002	49
221.83964400000002	38
221.83964400000002	49
222.07813800000002	49
222.31663200000003	49
222.55512600000003	49
222.79362000000003	35
222.79362000000003	49
223.14386100000004	49
223.26060800000005	49
223.50410200000002	35
223.50410200000002	49
223.74759600000002	38
223.74759600000002	49
223.98109000000002	49
224.21458400000003	49
224.44807800000004	49
224.68157200000002	35
224.68157200000002	49
225.156267	49
225.4036145	35
225.4036145	49
225.650962	38
225.650962	49
226.12565700000002	49
226.36300450000002	49
226.60035200000002	35
226.60035200000002	49
226.94887325000002	49
227.06504700000005	49
227.30739450000004	35
227.30739450000004	49
227.54974200000004	38
227.54974200000004	49
227.79208950000003	49
228.03443700000003	49
228.27178450000002	49
228.50913200000002	35
228.50913200000002	49
228.86515325000002	49
228.98382700000002	49
229.22117450000002	35
229.22117450000002	49
229.45852200000002	38
229.45852200000002	49
229.69586950000001	49
229.933217	49
230.05189075	49
230.407912	35
230.407912	49
230.76565300000001	49
230.88490000000002	49
231.12339400000002	35
231.12339400000002	49
231.36188800000002	38
231.36188800000002	49
231.838876	49
232.07237	49
232.305864	49
232.54435800000002	47
232.66360500000002	47
232.78285200000002	47
233.02634600000002	47
233.26984000000002	47
233.518334	47
234.000322	47
234.23381600000002	47
234.57655700000004	47
234.69080400000004	47
234.92429800000002	47
235.406286	47
235.89327400000002	47
236.13176800000002	47
236.482009	47
236.598756	47
236.83225000000002	47
237.06574400000002	47
237.32423799999998	47
238.02972000000005	47
238.38746100000003	47
238.50670800000003	47
238.745202	47
238.983696	47
239.21219000000002	47
239.689178	47
239.937672	47
240.05691900000002	47
240.17616600000002	47
240.29541300000002	47
240.41466000000003	47
240.65315400000003	47
240.89164800000003	47
241.010895	47
241.130142	47
241.368636	47
241.60213000000002	47
241.83562400000002	47
242.07411800000003	47
242.19336500000003	47
242.31261200000003	47
242.55110600000003	47
242.78960000000004	47
243.03309400000003	47
243.515082	47
243.753576	47
243.98707000000002	47
244.10381700000002	47
244.22056400000002	47
244.45905800000003	47
244.69755200000003	47
244.81679900000003	47
244.93604600000003	47
245.17454000000004	47
245.41303400000004	47
245.65152800000004	47
245.89002200000002	47
246.00926900000002	47
246.12851600000002	47
246.36701000000002	47
246.60550400000002	47
246.84399800000003	47
247.32098600000003	47