3.9473625000000006	42
4.210520000000001	35
4.9999925	35
5.26315	38
6.31578	35
6.5789375	35
7.236831250000001	35
7.368410000000001	35
7.368410000000001	38
7.631567500000001	35
8.28946125	35
8.421040000000001	35
8.684197500000002	35
8.947355	35
9.47367	38
9.7368275	35
10.5263	35
10.789457500000001	35
11.052615000000001	35
11.578930000000001	35
11.578930000000001	38
11.842087500000002	35
12.105245000000002	35
12.368402500000002	35
12.63156	49
12.760638750000002	42
12.889717500000001	42
13.018796250000001	42
13.147875	38
13.279453750000002	42
13.411032500000001	42
13.542611250000002	42
13.674190000000001	42
13.803268750000003	42
13.932347500000002	42
14.061426250000002	35
14.061426250000002	42
14.190505000000002	38
14.322083750000001	42
14.453662500000002	42
14.585241250000001	42
14.716820000000002	42
14.85339875	42
14.989977500000002	42
15.12655625	42
15.263135000000002	38
15.392213750000002	42
15.521292500000003	35
15.521292500000003	42
15.650371250000001	42
15.779450000000002	42
15.911028750000002	42
16.0426075	35
16.0426075	42
16.174186249999998	35
16.174186249999998	42
16.305765	38
16.43734375	42
16.5689225	42
16.70050125	42
16.83208	42
16.961158750000003	42
17.0902375	42
17.219316250000002	42
17.348395000000004	38
17.48497375	42
17.6215525	42
17.75813125	42
17.89471	42
18.026288750000003	42
18.157867500000002	42
18.28944625	35
18.28944625	42
18.421025	38
18.55010375	38
18.679182500000003	47
18.93734	42
19.071418750000003	42
19.2054975	42
19.33957625	42
19.473655	38
19.60523375	42
19.736812500000003	35
19.736812500000003	42
19.868391250000002	42
19.99997	42
20.12654875	42
20.253127500000005	35
20.253127500000005	42
20.37970625	35
20.37970625	42
20.506285000000002	38
20.64036375	42
20.774442500000003	42
20.90852125	42
21.0426	47
21.17417875	42
21.3057575	42
21.43733625	42
21.568915	38
21.70049375	42
21.8320725	42
21.96365125	42
22.09523	42
22.22680875	42
22.3583875	42
22.489966250000002	35
22.489966250000002	42
22.621545	38
22.75312375	42
22.8847025	42
23.016281250000002	42
23.14786	42
23.281938750000002	42
23.4160175	42
23.55009625	42
23.684175000000003	38
23.815753750000002	42
23.9473325	35
23.9473325	42
24.07891125	42
24.210490000000004	42
24.342068750000003	42
24.473647500000002	35
24.473647500000002	42
24.60522625	35
24.60522625	42
24.736805000000004	38
24.868383750000003	42
24.999962500000002	42
25.13154125	42
25.26312	42
25.389698750000004	42
25.516277500000005	42
25.64285625	42
25.769435	38
25.903513750000002	42
26.037592500000002	42
26.17167125	42
26.30575	42
26.439828750000004	42
26.5739075	42
26.70798625	35
26.70798625	42
26.842065	38
26.97364375	42
27.105222500000004	42
27.236801250000003	42
27.368380000000002	42
27.49995875	42
27.631537500000004	42
27.763116250000003	42
27.894695000000002	38
28.02627375	42
28.157852500000004	35
28.157852500000004	42
28.289431250000003	42
28.421010000000003	38
28.547588750000003	42
28.674167500000003	35
28.674167500000003	42
28.800746250000003	42
28.927325000000003	35
28.927325000000003	38
29.06390375	38
29.2004825	35
29.2004825	42
29.337061250000005	38
29.473640000000003	49
29.605218750000002	42
29.7367975	42
29.868376250000004	42
29.999955000000003	38
30.12903375	42
30.258112500000003	42
30.38719125	42
30.516270000000002	42
30.64784875	42
30.7794275	42
30.91100625	35
30.91100625	42
31.042585000000003	38
31.176663750000003	42
31.3107425	42
31.44482125	42
31.578900000000004	42
31.710478750000004	42
31.842057500000003	42
31.973636250000002	42
32.105215	38
32.236793750000004	42
32.3683725	35
32.3683725	42
32.49995125	42
32.631530000000005	42
32.76310875	42
32.8946875	35
32.8946875	42
33.026266250000006	35
33.026266250000006	42
33.157845	38
33.289423750000005	42
33.4210025	42
33.55258125	42
33.684160000000006	42
33.81073875	42
33.937317500000006	42
34.06389625	42
34.190475	38
34.32455375000001	42
34.4586325	42
34.59271125000001	42
34.72679000000001	42
34.86086875	42
34.99494750000001	42
35.12902625	35
35.12902625	42
35.263105	38
35.394683750000006	42
35.5262625	38
35.657841250000004	42
35.78942	35
35.78942	42
35.918498750000005	42
36.0475775	35
36.0475775	42
36.17665625	42
36.305735000000006	35
36.305735000000006	42
36.43731375000001	42
36.568892500000004	35
36.568892500000004	42
36.70047125000001	42
36.83205	47
36.963628750000005	47
37.09520750000001	47
37.22678625	47
37.358365000000006	47
37.49244375	47
37.62652250000001	47
37.76060125000001	47
37.89468	35
37.89468	49
38.026258750000004	42
38.15783750000001	42
38.28941625	42
38.420995000000005	35
38.420995000000005	38
38.6841525	42
38.94731	35
38.94731	42
39.2104675	42
39.473625000000006	35
39.473625000000006	38
39.60520375	42
39.736782500000004	42
39.86836125000001	42
39.99994	35
39.99994	42
40.2630975	42
40.526255000000006	35
40.526255000000006	38
40.789412500000005	42
41.05257	35
41.3157275	42
41.57888500000001	35
41.57888500000001	38
41.71046375	42
41.842042500000005	42
41.97362125	42
42.1052	35
42.1052	42
42.23427875000001	42
42.3633575	42
42.492436250000004	42
42.621515	35
42.621515	38
42.88967250000001	42
43.157830000000004	35
43.157830000000004	42
43.4209875	42
43.684145	35
43.684145	38
43.947302500000006	42
44.210460000000005	35
44.210460000000005	42
44.34203875	42
44.4736175	42
44.605196250000006	42
44.736775	35
44.736775	38
44.868353750000004	47
44.934143125000006	47
44.99993250000001	47
45.13151125	47
45.197300625000004	47
45.263090000000005	47
45.263090000000005	35
45.5212475	47
45.650326250000006	47
45.779405000000004	35
45.779405000000004	38
45.779405000000004	47
46.04756250000001	47
46.181641250000006	47
46.315720000000006	35
46.315720000000006	49
46.44729875	42
46.578877500000004	42
46.71045625000001	42
46.842035	35
46.842035	38
47.1051925	42
47.36835000000001	35
47.36835000000001	42
47.631507500000005	42
47.894665	35
47.894665	38
48.026243750000006	42
48.1578225	42
48.289401250000004	42
48.42098000000001	35
48.42098000000001	42
48.684137500000006	42
48.947295000000004	35
48.947295000000004	38
49.2104525	42
49.47361000000001	35
49.736767500000006	42
49.999925000000005	35
49.999925000000005	38
50.13150375000001	42
50.2630825	42
50.394661250000006	42
50.52624	35
50.52624	42
50.65531875	42
50.784397500000004	42
50.91347625	42
51.04255500000001	35
51.04255500000001	38
51.31071250000001	42
51.57887	35
51.57887	42
51.84202750000001	42
52.105185000000006	35
52.105185000000006	38
52.368342500000004	42
52.6315	35
52.6315	42
52.763078750000005	42
52.89465750000001	42
53.026236250000004	42
53.15781500000001	35
53.15781500000001	38
53.28939375	42
53.420972500000005	42
53.55255125000001	42
53.68413	35
53.9422875	42
54.20044500000001	35
54.20044500000001	38
54.332023750000005	42
54.46360250000001	42
54.59518125000001	42
54.726760000000006	35
54.726760000000006	49
55.12149625000001	35
55.38715375000001	35
55.789390000000004	38
56.57886250000001	35
56.842020000000005	35
57.236756250000006	35
57.499913750000005	35
57.89465	38
58.27438625	35
58.66912250000001	35
58.93728000000001	35
59.33201625000001	35
59.59767375000001	35
59.99991000000001	38
60.39464625000001	35
60.7893825	35
61.05254000000001	35
61.05254000000001	49
61.8420125	35
61.8420125	38
61.973591250000005	38
62.10517000000001	35
62.10517000000001	38
62.236748750000004	38
62.36832750000001	38
62.49990625	35
62.565695625000004	35
62.49990625	38
62.631485000000005	38
62.76306375000001	38
62.8946425	38
63.026221250000006	38
63.15780000000001	35
63.684115000000006	35
64.21043	35
64.736745	35
65.26306000000001	35
65.789375	35
66.31569	35
66.842005	35
67.36832000000001	35
67.89463500000001	35
68.42095	35
68.947265	35
69.47358000000001	35
69.99989500000001	35
70.52620999999999	35
70.90594625	35
70.96923562500001	35
71.03252500000002	38
71.16910375000002	35
71.30568250000002	35
71.57884	35
72.095155	35
72.095155	38
72.62147	35
73.147785	35
73.147785	38
73.6841	35
74.21041500000001	35
74.21041500000001	38
74.73673000000001	35
74.9998875	42
75.263045	35
75.263045	38
75.39462375000001	42
75.52620250000001	42
75.65778125000001	42
75.78935999999999	35
76.29567500000003	35
76.29567500000003	38
76.84199000000001	35
77.368305	35
77.368305	38
77.89462	35
78.02619875	42
78.15777750000001	42
78.28935625000001	42
78.420935	35
78.420935	38
78.6840925	42
78.94725000000001	35
79.20540749999999	42
79.463565	35
79.463565	38
79.463565	42
79.59764375000002	42
79.66468312500001	42
79.73172250000002	42
79.86580125	42
79.99988	35
79.99988	49
80.526195	35
80.526195	38
81.05251000000001	35
81.57882500000001	35
81.57882500000001	38
82.10514	35
82.631455	35
82.631455	38
83.15777000000001	35
83.68408500000001	35
83.68408500000001	38
84.2104	35
84.726715	35
84.726715	38
85.26303	35
85.78934500000001	35
85.78934500000001	38
86.31566000000001	35
86.841975	35
86.841975	38
87.1001325	38
87.22921125	38
87.35829	35
87.35829	38
87.48986875	38
87.6214475	38
87.75302625	38
87.88460500000001	35
87.88460500000001	38
88.01868375000001	38
88.15276250000001	38
88.28684125000001	38
88.42092000000001	35
88.42092000000001	49
88.55249875000001	42
88.6840775	42
88.81565625	42
88.947235	35
88.947235	38
89.21039250000001	42
89.34197125000001	42
89.47355	35
89.73670750000001	42
89.99986500000001	35
89.99986500000001	38
90.13144375	42
90.2630225	42
90.39460125000001	42
90.52618000000001	35
90.52618000000001	42
90.7893375	42
91.05249500000001	35
91.05249500000001	38
91.31565250000001	42
91.57881	35
91.84196750000001	42
92.10512500000002	35
92.10512500000002	38
92.23670375	42
92.3682825	42
92.49986125000001	42
92.63144000000001	35
92.63144000000001	42
92.76051875	42
92.8895975	42
93.01867625	42
93.147755	35
93.147755	38
93.41591250000002	42
93.68407	35
93.68407	42
93.94722750000001	42
94.210385	35
94.210385	38
94.47354250000001	42
94.73670000000001	35
94.73670000000001	42
94.86827875	42
94.9998575	42
95.13143625000001	42
95.26301500000001	35
95.26301500000001	38
95.39459375000001	42
95.52617250000002	42
95.65775125	42
95.78932999999999	35
96.0424875	42
96.29564500000002	35
96.29564500000002	38
96.43222375000002	42
96.56880250000003	42
96.70538125000003	42
96.84196000000001	35
96.84196000000001	49
96.97353875	42
97.1051175	42
97.23669625000001	42
97.36827500000001	35
97.36827500000001	38
97.6314325	42
97.89459000000001	35
98.15774750000001	42
98.420905	35
98.420905	38
98.55248375000001	42
98.68406250000001	42
98.81564125000001	42
98.94722000000002	35
99.2103775	42
99.47353500000001	35
99.47353500000001	38
99.7366925	42
99.99985000000001	35
100.26300750000001	42
100.526165	35
100.526165	38
100.65774375000001	42
100.78932250000001	42
100.92090125000001	42
101.05247999999999	35
101.05247999999999	42
101.17905875	42
101.30563749999999	42
101.43221625	42
101.55879500000003	35
101.55879500000003	38
101.82695250000002	42
102.09511000000002	35
102.36326750000002	42
102.63142500000001	35
102.63142500000001	38
102.89458250000001	42
103.15774	35
103.28931875	42
103.42089750000001	42
103.55247625000001	42
103.68405500000001	35
103.68405500000001	38
103.81563375	42
103.9472125	42
104.07879125000001	42
104.21037	35
104.46352749999998	42
104.71668500000003	35
104.71668500000003	38
104.85326375000002	42
104.98984250000004	42
105.12642125000002	42
105.263	35
105.263	49
105.52615750000001	42
105.65773625000001	35
105.65773625000001	42
105.78931500000002	42
105.92089375	35
106.05247250000001	42
106.18405125000001	42
106.31563000000001	38
106.5787875	38
106.5787875	42
106.71036625	38
106.84194500000001	42
106.97352375000001	42
107.10510250000002	35
107.10510250000002	38
107.23668125	42
107.36826	35
107.36826	42
107.63141750000001	42
107.76299625000001	35
107.89457499999997	42
108.01865374999998	35
108.14273249999998	42
108.39089000000003	38
108.39089000000003	38
108.65904750000001	42
108.79312625000001	35
108.79312625000001	42
108.92720500000003	42
109.06378375000004	42
109.20036250000004	35
109.20036250000004	42
109.33694125000002	42
109.47352000000001	35
109.47352000000001	42
109.60509875000001	42
109.73667750000001	42
109.86825625000002	35
109.86825625000002	42
109.999835	42
110.13141375000001	35
110.26299250000001	42
110.52615000000002	38
110.52615000000002	42
110.7893075	42
110.92088625000001	35
111.05246500000001	42
111.3156225	35
111.3156225	42
111.57878	35
111.57878	42
111.70785875	42
111.8369375	42
111.96601625	42
112.09509500000001	42
112.22917375000002	42
112.36325250000002	38
112.36325250000002	35
112.43029187500001	38
112.49733125000002	38
112.63141000000002	38
112.76298875	38
112.89456750000001	38
112.89456750000001	35
112.96035687500002	38
113.02614625000001	38
113.15772500000001	38
113.28930375000002	42
113.4208825	35
113.4208825	42
113.55246125000001	42
113.68404000000001	35
113.68404000000001	49
113.81561875000001	42
113.94719750000002	42
114.07877625	35
114.07877625	42
114.34193375000001	35
114.47351250000001	42
114.60509125000002	42
114.73667	38
114.86824875	42
114.99982750000001	38
115.13140625000001	38
115.39456375	42
115.5261425	35
115.5261425	38
115.65772125000001	42
115.78930000000001	35
116.05245750000002	42
116.18403625	35
116.44719375000001	35
116.44719375000001	42
116.57877250000001	42
116.84192999999999	38
116.84192999999999	38
117.1000875	42
117.22916625	35
117.22916625	42
117.35824500000001	42
117.48982375	42
117.6214025	35
117.6214025	42
117.75298125	42
117.88456000000001	35
117.88456000000001	42
118.01613875000001	42
118.1477175	42
118.27929625	35
118.54245375	35
118.54245375	42
118.67403250000001	42
118.80561125	35
118.80561125	42
118.93719000000002	38
119.07126875000002	35
119.07126875000002	42
119.20534750000002	42
119.33942625000002	35
119.60508375	42
119.73666250000001	35
119.73666250000001	42
119.86824125000001	42
119.99982000000001	35
119.99982000000001	42
120.13139875000002	42
120.2629775	42
120.39455625000001	42
120.52613500000001	35
120.65771375000001	35
120.65771375000001	42
120.78929250000002	38
120.85508187500001	38
120.92087125	38
120.92087125	35
121.05245000000001	38
121.18402875000001	35
121.18402875000001	38
121.31560750000001	38
121.38139687500001	38
121.44718625000002	38
121.578765	35
121.578765	38
121.71034375	35
121.71034375	42
121.84192250000001	42
121.97350125000001	35
121.97350125000001	42
122.10508000000002	35
122.10508000000002	49
138.94716000000003	35
138.94716000000003	49
139.473475	35
139.99979000000002	35
140.526105	35
141.05242	35
141.57873500000002	35
142.10505	35
142.63136500000002	35
143.15768	35
143.683995	35
144.21031000000002	35
144.736625	35
145.26294000000001	35
145.78925500000003	35
146.30557000000002	35
146.43964875000003	35
146.57372750000002	38
146.70780625	35
146.70780625	38
146.84188500000002	35
146.84188500000002	38
147.10504250000002	35
147.3682	35
147.3682	42
147.6313575	42
147.76293625000002	42
147.894515	35
147.894515	42
148.02609375	42
148.15767250000002	42
148.42083000000002	35
148.42083000000002	42
148.6839875	42
148.947145	35
148.947145	42
149.2103025	42
149.34188125	42
149.47346000000002	35
149.47346000000002	42
149.73661750000002	42
149.86819625	42
149.999775	35
149.999775	42
150.13135375000002	42
150.2629325	42
150.52609	35
150.52609	42
150.78924750000002	42
151.05240500000002	35
151.05240500000002	42
151.31556250000003	42
151.44714125000002	42
151.57872	35
151.57872	42
151.8418775	42
151.97345625000003	42
152.10503500000002	35
152.10503500000002	42
152.23661375	42
152.36819250000002	42
152.49977125	42
152.63135000000003	35
152.63135000000003	42
152.76292875000001	42
152.8945075	42
153.157665	35
153.157665	42
153.4208225	42
153.55240125	42
153.68398000000002	35
153.68398000000002	42
153.94713750000003	42
154.07871625	42
154.210295	35
154.210295	42
154.34187375000002	42
154.4734525	42
154.73661	35
154.73661	42
154.86818875	35
154.99976750000002	38
155.13134625	35
155.13134625	38
155.26292500000002	35
155.26292500000002	38
155.5260825	35
155.5260825	42
155.65766125000002	42
155.78924	35
155.78924	49
156.0523975	42
156.31555500000002	42
156.57871250000002	42
156.84187	42
157.1050275	42
157.368185	42
157.63134250000002	42
157.89450000000002	42
158.15765750000003	42
158.420815	42
158.6839725	42
158.94713000000002	42
159.21028750000002	42
159.47344500000003	42
159.7366025	42
159.99976	42
160.26291750000001	42
160.52607500000002	42
160.78923250000003	42
161.05239	42
161.3155475	42
161.578705	42
161.84186250000002	42
162.10502000000002	42
162.3681775	42
162.631335	42
162.8944925	42
163.15765000000002	42
163.40580750000004	42
163.653965	42
163.79304375	42
163.9321225	42
164.21028	35
164.21028	49
164.34185875000003	42
164.47343750000002	49
164.60501625	42
164.73659500000002	35
164.73659500000002	38
164.99975250000003	49
165.26291	35
165.26291	42
165.52106750000002	49
165.65014625000003	35
165.77922500000003	35
165.77922500000003	38
165.91080375	42
166.04238250000003	35
166.04238250000003	49
166.17396125000002	42
166.30554000000004	35
166.30554000000004	42
166.5736975	49
166.841855	35
166.841855	38
167.10501250000002	49
167.36817000000002	35
167.63132750000003	49
167.76290625000001	42
167.894485	35
167.894485	38
168.02606375000002	42
168.1576425	49
168.28922125000003	42
168.4208	35
168.4208	42
168.54987875	42
168.67895750000002	49
168.80803625000001	42
168.93711500000003	35
168.93711500000003	38
169.2052725	49
169.47343	35
169.47343	42
169.7365875	49
169.99974500000002	35
169.99974500000002	38
170.26290250000002	49
170.39448125	35
170.52606	35
170.52606	42
170.65763875000002	42
170.7892175	35
170.7892175	49
170.92079625000002	42
171.052375	35
171.052375	38
171.18395375000003	42
171.31553250000002	49
171.44711125	42
171.57869000000002	35
171.83184750000004	49
172.085005	38
172.22158375	35
172.22158375	42
172.3581625	35
172.3581625	49
172.49474125	42
172.63132000000002	35
172.63132000000002	49
172.76289875	42
172.89447750000002	49
173.02605625	42
173.15763500000003	35
173.15763500000003	38
173.28921375000002	42
173.4207925	49
173.68395	35
173.81302875000003	42
173.94210750000002	49
174.07118625	35
174.20026500000003	35
174.20026500000003	38
174.33434375000002	42
174.46842250000003	35
174.46842250000003	49
174.60250125000002	42
174.73658	35
174.73658	42
174.9997375	49
175.26289500000001	35
175.26289500000001	38
175.39447375	42
175.52605250000002	49
175.78921000000003	35
176.0523675	35
176.315525	35
176.315525	38
176.44710375000003	42
176.5786825	49
176.71026125	42
176.84184000000002	35
176.84184000000002	42
176.96841875	42
177.09499750000003	49
177.22157625000003	42
177.34815500000002	35
177.34815500000002	38
177.48473375	42
177.6213125	49
177.89446999999998	35
178.02604875000003	42
178.15762750000002	49
178.42078500000002	35
178.42078500000002	38
178.55236375	42
178.68394250000003	49
178.81552125000002	35
178.9471	42
179.07867875000002	42
179.2102575	49
179.34183625000003	42
179.47341500000002	38
179.60499375	35
179.60499375	42
179.73657250000002	49
179.86815125	42
179.99973000000003	35
180.06301937500004	35
180.12630875000002	38
180.2528875	35
180.2528875	49
180.50604500000003	35
180.50604500000003	38
180.64012375000001	38
180.7742025	35
180.7742025	42
180.90828125	38
181.04236000000003	35
181.04236000000003	49
183.15762	38
183.4207775	35
183.68393500000002	38
183.94709250000002	35
184.21025000000003	38
184.4734075	35
184.60498625000002	38
184.736565	38
184.86814375000003	38
184.99972250000002	35
185.26288000000002	35
185.26288000000002	49
185.789195	35
186.31551000000002	35
186.84182500000003	35
187.36814	35
187.63129750000002	35
187.89445500000002	35
188.15761250000003	35
188.42077	35
188.42077	38
188.55234875000002	38
188.6839275	35
188.6839275	38
188.81550625000003	38
188.94708500000002	38
189.07866375	38
189.21024250000002	35
189.21024250000002	38
189.34182125	38
189.47340000000003	35
189.47340000000003	49
189.60497875000001	42
189.7365575	42
189.86813625000002	42
189.999715	35
189.999715	38
190.26287250000001	42
190.52603000000002	35
190.52603000000002	42
190.78918750000003	42
191.05234500000003	35
191.05234500000003	38
191.18392375000002	42
191.3155025	42
191.44708125000002	42
191.57866	35
191.57866	42
191.84181750000002	42
192.10497500000002	35
192.10497500000002	38
192.36813250000003	42
192.63129	35
192.8944475	42
193.02602625000003	42
193.15760500000002	35
193.15760500000002	38
193.28918375	42
193.42076250000002	42
193.55234125	42
193.68392000000003	35
193.68392000000003	42
193.81549875000002	42
193.9470775	42
194.07865625000002	42
194.210235	35
194.210235	38
194.47339250000002	42
194.73655000000002	35
194.73655000000002	42
194.99970750000003	42
195.262865	35
195.262865	38
195.262865	42
195.5260225	42
195.65760125000003	42
195.78918000000002	35
195.78918000000002	42
195.92075875	42
196.05233750000002	42
196.18391625	42
196.31549500000003	35
196.31549500000003	38
196.44707375000002	47
196.51286312500002	47
196.5786525	47
196.71023125000002	47
196.77602062500003	47
196.84181	47
196.84181	35
197.09996750000005	47
197.22904625000004	47
197.35812500000006	35
197.35812500000006	38
197.35812500000006	47
197.6262825	47
197.76036125	47
197.89444	35
197.89444	49
198.02601875000002	49
198.1575975	49
198.28917625000003	49
198.420755	35
198.420755	38
198.68391250000002	42
198.94707000000002	35
198.94707000000002	42
199.20522750000006	42
199.46338500000005	35
199.46338500000005	38
199.530424375	42
199.59746375	42
199.7315425	42
199.9997	35
199.9997	42
200.26285750000002	42
200.52601500000003	35
200.52601500000003	38
200.7891725	42
201.05233	35
201.18390875000003	35
201.18390875000003	42
201.31548750000002	42
201.44706625	35
201.44706625	42
201.57864500000002	35
201.57864500000002	38
201.71022375	42
201.84180250000003	42
201.97338125000002	42
202.10496	35
202.10496	42
202.23153875000006	42
202.35811750000005	42
202.48469625000007	42
202.61127500000003	35
202.61127500000003	38
202.88443249999997	42
203.15759	35
203.15759	42
203.4207475	42
203.683905	35
203.683905	38
203.94706250000002	42
204.21022000000002	35
204.21022000000002	42
204.34179875	42
204.47337750000003	42
204.60495625000001	42
204.73653500000003	35
204.73653500000003	38
204.86811375000002	42
204.9996925	42
205.13127125000003	42
205.26285000000001	35
205.52100750000005	42
205.65008625000004	42
205.77916500000006	35
205.77916500000006	38
205.91074375000002	42
206.04232250000004	42
206.30548000000002	35
206.30548000000002	49
206.70021625000004	35
207.0999525	35
207.36811	38
208.15758250000002	35
208.42074000000002	35
208.81547625000002	35
209.07863375000002	35
209.47337000000002	38
209.86060625000005	35
210.2528425	35
210.51600000000002	35
210.91073625000004	35
211.17389375000002	35
211.43705125000002	35
211.50284062500003	35
211.56863000000004	38
211.97086625	35
212.36810250000002	35
212.63126000000003	35
213.4157325	35
213.54981125	35
213.68389	38
213.94704750000002	35
214.21020500000003	35
214.4733625	35
214.73652	35
214.73652	49
214.86809875000003	42
214.99967750000002	42
215.13125625	35
215.13125625	42
215.26283500000002	42
215.39441375	42
215.52599250000003	35
215.52599250000003	42
215.65757125000002	42
215.78915	38
215.92072875000002	42
216.0523075	42
216.18388625000003	42
216.31546500000002	42
216.44704375	42
216.57862250000002	35
216.57862250000002	42
216.71020125	42
216.84178000000003	35
216.84178000000003	42
216.97335875000002	42
217.1049375	42
217.23651625000002	35
217.23651625000002	42
217.368095	42
217.49967375000003	35
217.49967375000003	42
217.63125250000002	42
217.76283125000003	42
217.89441000000002	38
218.02348875000004	42
218.15256750000006	42
218.28164625000005	35
218.28164625000005	42
218.41072500000007	42
218.54480375	42
218.6788825	35
218.6788825	42
218.81296125	42
218.94704	35
218.94704	42
219.07861875000003	42
219.21019750000002	42
219.34177625	35
219.34177625	42
219.47335500000003	42
219.60493375000001	35
219.60493375000001	42
219.73651250000003	42
219.86809125000002	35
219.93388062500003	35
219.86809125000002	42
219.99967	38
219.99967	42
220.12874875000006	42
220.25782750000005	42
220.38690625000007	35
220.38690625000007	42
220.51598500000006	42
220.65006375	42
220.7841425	35
220.7841425	42
220.91822125	42
221.0523	35
221.0523	42
221.18387875000002	42
221.3154575	42
221.44703625000002	42
221.578615	42
221.71019375000003	42
221.84177250000002	35
221.84177250000002	42
221.97335125	35
221.97335125	42
222.10493000000002	38
222.23650875	42
222.36808750000003	35
222.36808750000003	42
222.49966625000002	42
222.631245	35
222.631245	42
222.76282375000002	42
222.8944025	35
222.8944025	42
223.02598125000003	42
223.15756000000002	35
223.15756000000002	49
223.94203250000004	35
224.20019000000005	38
225.26282	35
225.5259775	35
226.17637125000005	35
226.30545000000006	35
226.30545000000006	38
226.5736075	35
227.23650125000003	35
227.36808000000002	35
227.63123750000003	35
227.89439500000003	35
228.42071	38
228.68386750000002	35
229.47334	35
229.7364975	35
229.99965500000002	35
230.52597000000003	35
230.52597000000003	38
230.7891275	35
231.052285	35
231.31544250000002	35
231.57860000000002	35
232.3680725	35
232.63123000000002	38
233.68386	35
233.94701750000002	35
234.60491125000001	35
234.73649000000003	35
234.73649000000003	38
234.9996475	35
235.65754125	35
235.78912000000003	35
236.05227750000003	35
236.315435	35
236.84175000000002	38
237.10490750000002	35
237.89438	35
238.15753750000002	35
238.42069500000002	35
238.94701000000003	35
238.94701000000003	38
239.21516749999998	35
239.48332499999998	35
239.72648250000015	35
239.96964000000017	35
239.96964000000017	49
240.77911250000002	35
241.04227000000003	38
242.1049	35
242.36805750000002	35
243.01845125000006	35
243.14753000000005	35
243.14753000000005	38
243.41068750000002	35
244.06858125000002	35
244.20016000000004	35
244.46331750000004	35
244.72647500000002	35
245.26279	38
245.52094750000006	35
246.30542000000003	35
246.5735775	35
246.841735	35
247.35805000000005	35
247.35805000000005	38
247.6262075	35
247.894365	35
248.15252250000006	35
248.41068000000007	35
249.2051525	35
249.47331	38
250.51594000000003	35
250.7840975	35
251.43949125000006	35
251.56857000000005	35
251.56857000000005	38
251.8367275	35
252.49962125000002	35
252.63120000000004	35
252.8943575	35
253.15751500000002	35
253.68383000000003	38
253.94198750000007	35
254.72646000000003	35
254.9946175	35
255.262775	35
255.78909000000002	35
255.78909000000002	38
256.0472475000001	35
256.30540500000006	35
256.5635625000001	35