4.169472	35
4.169472	49
4.385960689583333	42
4.604261	35
4.604261	38
4.712052439583333	42
4.820749689583333	42
5.03905	35
5.2564445	42
5.473839	35
5.473839	38
5.581630439583333	38
5.6912335	35
5.6912335	38
5.799024939583333	38
5.908628	35
5.908628	38
6.1260224999999995	42
6.3434170000000005	35
6.3434170000000005	38
6.45211425	42
6.559905689583333	42
6.778206	35
6.9946946895833335	42
7.212994999999999	35
7.212994999999999	42
7.320786439583333	42
7.4303895	35
7.4303895	42
7.53908675	42
7.647784	35
7.647784	42
7.8651785	42
8.082573	35
8.082573	38
8.19127025	42
8.299061689583334	42
8.517362	35
8.733850689583333	42
8.952150999999999	35
8.952150999999999	38
9.059942439583333	38
9.168639689583333	35
9.168639689583333	38
9.27824275	38
9.386940000000001	35
9.386940000000001	38
9.6043345	42
9.821729	35
9.821729	38
9.93042625	42
10.0391235	42
10.256518	35
10.473006689583334	42
10.691307	35
10.691307	42
10.80000425	42
10.907795689583333	35
10.907795689583333	42
11.01739875	42
11.126096	35
11.126096	42
11.342584689583335	42
11.560885	35
11.560885	38
11.668676439583335	42
11.7782795	42
11.995674	35
12.2130685	42
12.430463000000001	35
12.430463000000001	38
12.53916025	38
12.646951689583334	35
12.646951689583334	38
12.755648939583333	38
12.865252	35
12.865252	38
13.081740689583333	42
13.300041000000002	35
13.300041000000002	38
13.407832439583332	42
13.5174355	42
13.73483	35
13.952224500000002	42
14.169618999999999	35
14.169618999999999	42
14.278316250000001	42
14.3870135	35
14.3870135	42
14.494804939583334	42
14.604408000000001	35
14.604408000000001	42
14.820896689583334	42
15.039197	35
15.039197	38
15.146988439583334	42
15.255685689583332	42
15.473986000000002	35
15.6913805	42
15.908775	35
15.908775	38
16.016566439583336	38
16.126169500000003	35
16.126169500000003	38
16.233960939583337	38
16.343564	35
16.343564	38
16.560052689583337	42
16.778353000000003	35
16.778353000000003	38
16.994841689583335	42
17.213142	35
17.429630689583337	42
17.647931000000003	35
17.647931000000003	49
18.082720000000002	35
18.082720000000002	49
18.300114500000003	42
18.517509000000004	35
18.517509000000004	38
18.733997689583337	42
18.952298000000003	35
19.168786689583335	42
19.387087	35
19.387087	38
19.603575689583337	42
19.71317875	42
19.821876000000003	35
19.821876000000003	42
20.039270500000004	42
20.256665000000005	35
20.256665000000005	38
20.474059500000003	42
20.691454000000004	35
20.907942689583336	42
21.126243000000002	35
21.126243000000002	42
21.234034439583336	42
21.34273168958334	35
21.34273168958334	42
21.452334750000002	42
21.561032000000004	35
21.561032000000004	42
21.778426500000002	42
21.995821000000003	35
21.995821000000003	38
22.213215500000004	42
22.430610000000005	35
22.648004500000003	42
22.865399000000004	35
22.865399000000004	38
23.081887689583336	42
23.19058493958334	42
23.300188000000002	35
23.300188000000002	42
23.51667668958334	42
23.734977000000004	35
23.734977000000004	38
23.952371500000005	42
24.169766000000003	35
24.387160500000004	42
24.604555000000005	35
24.604555000000005	42
24.713252250000004	42
24.821043689583338	35
24.821043689583338	42
24.929740939583336	42
25.039344000000003	35
25.039344000000003	42
25.255832689583336	42
25.474133000000005	35
25.474133000000005	38
25.690621689583338	42
25.908922000000004	35
26.126316500000005	42
26.343711000000003	35
26.343711000000003	38
26.561105500000004	42
26.668896939583338	42
26.778500000000005	35
26.778500000000005	42
26.994988689583337	42
27.213289000000003	35
27.213289000000003	38
27.429777689583336	42
27.648078000000005	35
27.864566689583338	42
28.082867000000004	35
28.082867000000004	42
28.190658439583338	42
28.300261500000005	35
28.300261500000005	42
28.40805293958334	42
28.517656000000002	35
28.517656000000002	42
28.735050500000003	42
28.952445000000004	35
28.952445000000004	38
29.168933689583337	42
29.387234000000003	35
29.603722689583336	42
29.822023000000005	35
29.822023000000005	38
30.039417500000003	42
30.148114750000005	42
30.256812000000004	35
30.256812000000004	42
30.474206500000005	42
30.691601000000006	35
30.691601000000006	38
30.90808968958334	42
31.126390000000004	35
31.126390000000004	49
31.27131966666667	35
31.27131966666667	49
31.416249333333337	35
31.416249333333337	49
31.561179000000003	35
31.561179000000003	49
31.706108666666672	35
31.706108666666672	49
31.85103833333334	35
31.85103833333334	49
31.995968000000005	35
31.995968000000005	49
32.2133625	42
32.430757	35
32.430757	38
32.6481515	42
32.865546	35
33.08203468958333	42
33.300335	35
33.300335	38
33.51682368958333	42
33.62642675	42
33.735124	35
33.735124	42
33.951612689583335	42
34.169913	35
34.169913	38
34.3923075	42
34.614702	35
34.832096500000006	42
35.049491	35
35.049491	42
35.15818825	42
35.26597968958334	35
35.26597968958334	42
35.37467693958334	42
35.484280000000005	35
35.484280000000005	42
35.69578952291666	42
35.909069	35
35.909069	38
36.12555768958333	42
36.343858000000004	35
36.5612525	42
36.778647	35
36.778647	38
36.996041500000004	42
37.103832939583334	42
37.213436	35
37.213436	42
37.42992468958334	42
37.648225000000004	35
37.648225000000004	38
37.86471368958333	42
38.083014	35
38.3004085	42
38.517803	35
38.517803	42
38.62559443958333	42
38.7351975	35
38.7351975	42
38.842988939583336	42
38.952592	35
38.952592	42
39.16908068958333	42
39.387381	35
39.387381	38
39.603869689583334	42
39.82217	35
40.038658689583336	42
40.256959	35
40.256959	38
40.4743535	42
40.58305075	42
40.691748000000004	35
40.691748000000004	42
40.9091425	42
41.126537	35
41.126537	38
41.343025689583335	42
41.561326	35
41.77781468958334	42
41.996115	35
41.996115	42
42.103906439583334	42
42.21260368958333	35
42.21260368958333	42
42.32220675	42
42.430904	35
42.430904	42
42.6482985	42
42.865693	35
42.865693	38
43.0830875	42
43.300482	35
43.51697068958333	42
43.735271000000004	35
43.735271000000004	38
43.951759689583334	42
44.06136275	42
44.17006	35
44.17006	42
44.386548689583336	42
44.604849	35
44.604849	38
44.8222435	42
45.039638000000004	35
45.039638000000004	49
45.183661856250005	35
45.183661856250005	49
45.32859152291667	35
45.32859152291667	49
45.474427	35
45.474427	49
45.61935666666667	35
45.61935666666667	49
45.76428633333334	35
45.76428633333334	49
45.909216	35
45.909216	49
56.344152	49
56.48908166666667	49
56.63401133333333	49
56.778941	49
56.926277356250004	49
57.074540356250004	49
57.22373000000001	49
57.364441356250005	49
57.50603768958334	49
57.648519	49
57.79254285625	49
57.93837833333333	49
58.083308	49
58.22823766666667	49
58.373167333333335	49
58.518097000000004	49
58.66302666666667	49
58.80705052291667	49
58.952886	35
58.952886	49
59.09690985625	35
59.09690985625	49
59.24183952291667	35
59.24183952291667	49
59.387675	35
59.387675	49
59.53169885625	35
59.53169885625	49
59.676628522916666	35
59.676628522916666	49
59.822464000000004	35
59.822464000000004	49
60.03895268958333	42
60.257253000000006	35
60.257253000000006	38
60.257253000000006	42
60.473741689583335	42
60.692042	35
60.692042	42
60.909436500000005	42
61.126831	35
61.126831	38
61.126831	42
61.3442255	42
61.45201693958334	42
61.561620000000005	35
61.561620000000005	42
61.7790145	42
61.996409	35
61.996409	38
61.996409	42
62.212897689583336	42
62.431198	35
62.431198	42
62.64768668958334	42
62.865987000000004	35
62.865987000000004	42
63.0833815	35
63.0833815	42
63.19207875	42
63.300776	35
63.300776	42
63.518170500000004	42
63.735565	35
63.735565	38
63.735565	42
63.95205368958334	42
64.170354	35
64.170354	42
64.38684268958335	42
64.60514300000001	35
64.60514300000001	38
64.60514300000001	42
64.82163168958334	42
64.93123475	42
65.03993200000001	35
65.03993200000001	42
65.2623265	42
65.484721	35
65.484721	38
65.484721	42
65.70211549999999	42
65.91951	35
65.91951	42
66.13599868958333	35
66.13599868958333	38
66.13599868958333	42
66.354299	35
66.354299	42
66.57078768958333	42
66.68039075	42
66.78908799999999	35
66.78908799999999	49
67.00557668958334	42
67.223877	35
67.223877	38
67.223877	42
67.4412715	42
67.658666	35
67.658666	42
67.8760605	42
68.09345499999999	35
68.09345499999999	38
68.09345499999999	42
68.30496452291666	42
68.41116177291667	42
68.51824400000001	35
68.51824400000001	42
68.73473268958334	42
68.953033	35
68.953033	38
68.953033	42
69.1704275	42
69.387822	35
69.387822	42
69.6052165	42
69.82261100000001	35
69.82261100000001	42
70.0400055	35
70.0400055	42
70.14779693958333	42
70.2574	35
70.2574	42
70.47388868958333	42
70.692189	35
70.692189	38
70.692189	42
70.90867768958334	42
71.12697800000001	35
71.12697800000001	42
71.3443725	42
71.561767	35
71.561767	38
71.561767	42
71.7791615	42
71.88695293958334	42
71.996556	35
71.996556	42
72.21304468958334	42
72.43134500000001	35
72.43134500000001	38
72.43134500000001	42
72.64783368958334	42
72.866134	35
72.866134	49
73.01106366666667	35
73.01106366666667	49
73.15508752291667	35
73.15508752291667	49
73.300923	35
73.300923	49
73.44494685625	35
73.44494685625	49
73.58987652291667	35
73.58987652291667	49
73.735712	35
73.735712	49
73.9531065	42
74.170501	35
74.170501	38
74.170501	42
74.38698968958333	42
74.60529	35
74.60529	42
74.82177868958334	42
75.040079	35
75.040079	38
75.040079	42
75.26154685624999	42
75.37367075	42
75.48486799999999	35
75.48486799999999	42
75.70226249999999	42
75.919657	35
75.919657	38
75.919657	42
76.1370515	42
76.354446	35
76.354446	42
76.57093468958332	42
76.78923499999999	35
76.78923499999999	42
77.00572368958333	35
77.00572368958333	42
77.11532675	42
77.224024	35
77.224024	42
77.4414185	42
77.658813	35
77.658813	38
77.658813	42
77.87620749999999	42
78.09360199999999	35
78.09360199999999	42
78.30511152291668	42
78.51839100000001	35
78.51839100000001	38
78.51839100000001	42
78.73487968958334	42
78.84357693958334	42
78.95318	35
78.95318	42
79.16966868958333	42
79.387969	35
79.387969	38
79.387969	42
79.60536350000001	42
79.82275800000001	35
79.82275800000001	42
80.0401525	35
80.0401525	38
80.0401525	42
80.257547	35
80.257547	42
80.47403568958333	42
80.58273293958334	42
80.692336	35
80.692336	49
80.90882468958334	42
81.127125	35
81.127125	38
81.127125	42
81.34361368958334	42
81.561914	35
81.561914	42
81.7793085	42
81.996703	35
81.996703	38
81.996703	42
82.21409750000001	42
82.32188893958333	42
82.431492	35
82.431492	42
82.64798068958333	42
82.866281	35
82.866281	38
82.866281	42
83.08276968958334	42
83.30107000000001	35
83.30107000000001	42
83.51755868958334	42
83.735859	35
83.735859	42
83.9532535	35
83.9532535	42
84.06104493958334	42
84.170648	35
84.170648	42
84.3880425	42
84.60543700000001	35
84.60543700000001	38
84.60543700000001	42
84.82192568958334	42
85.040226	35
85.040226	42
85.25671468958333	42
85.475015	35
85.475015	38
85.475015	42
85.69240950000001	42
85.80110675	42
85.90980400000001	35
85.90980400000001	49
86.354593	35
86.354593	49
86.78938199999999	35
86.78938199999999	49
87.224171	35
87.224171	49
87.65896	35
87.65896	49
87.87635449999999	42
88.09374899999999	35
88.09374899999999	38
88.09374899999999	42
88.3061435	42
88.518538	35
88.518538	42
88.74000585625001	42
88.96332699999999	35
88.96332699999999	38
88.96332699999999	42
89.17981568958332	42
89.28941875	42
89.398116	35
89.398116	42
89.61460468958333	42
89.832905	35
89.832905	38
89.832905	42
90.0452995	42
90.257694	35
90.257694	42
90.4750885	42
90.69248300000001	35
90.69248300000001	42
90.90897168958334	35
90.90897168958334	42
91.01766893958333	42
91.127272	35
91.127272	42
91.34873985625	42
91.57206099999999	35
91.57206099999999	38
91.57206099999999	42
91.78357052291666	42
91.99685000000001	35
91.99685000000001	42
92.2142445	42
92.431639	35
92.431639	38
92.431639	42
92.6490335	42
92.75682493958334	42
92.866428	35
92.866428	42
93.08291668958334	42
93.30121700000001	35
93.30121700000001	38
93.30121700000001	42
93.51770568958334	42
93.736006	35
93.736006	42
93.9534005	35
93.9534005	38
93.9534005	42
94.170795	35
94.170795	42
94.38818950000001	42
94.49598093958333	42
94.60558400000001	35
94.60558400000001	49
94.82207268958334	42
95.040373	35
95.040373	38
95.040373	42
95.25686168958333	42
95.475162	35
95.475162	42
95.69165068958334	42
95.909951	35
95.909951	38
95.909951	42
96.1323455	42
96.24354275	42
96.35473999999999	35
96.35473999999999	42
96.57213449999999	42
96.789529	35
96.789529	38
96.789529	42
97.00601768958333	42
97.224318	35
97.224318	42
97.44080668958333	42
97.65910699999999	35
97.65910699999999	38
97.65910699999999	42
97.87559568958334	35
97.87559568958334	42
97.98519875	42
98.093896	35
98.093896	42
98.3062905	42
98.518685	35
98.518685	38
98.518685	42
98.7360795	42
98.953474	35
98.953474	42
99.16996268958334	42
99.38826300000001	35
99.38826300000001	38
99.38826300000001	42
99.60475168958334	42
99.71435475	42
99.823052	35
99.823052	42
100.03954068958333	42
100.257841	35
100.257841	38
100.257841	42
100.47523550000001	42
100.69263000000001	35
100.69263000000001	49
100.83665385625001	35
100.83665385625001	49
100.98158352291667	35
100.98158352291667	49
101.127419	35
101.127419	49
101.27234866666667	35
101.27234866666667	49
101.41727833333334	35
101.41727833333334	49
101.562208	35
101.562208	38
101.562208	49
101.77869668958334	49
101.99699700000002	35
101.99699700000002	38
101.99699700000002	49
102.21939150000001	49
102.44178599999998	35
102.44178599999998	38
102.44178599999998	49
102.65418049999998	49
102.86657500000001	35
102.86657500000001	38
102.86657500000001	49
103.08306368958334	49
103.301364	35
103.301364	38
103.301364	49
103.51785268958334	49
103.736153	35
103.736153	38
103.736153	49
103.95264168958334	49
104.17094200000001	35
104.17094200000001	38
104.17094200000001	49
104.38833650000001	49
104.605731	35
104.605731	38
104.605731	49
104.8231255	35
104.8231255	49
105.04052	35
105.04052	38
105.04052	49
105.25700868958334	49
105.47530900000001	35
105.47530900000001	38
105.47530900000001	49
105.69179768958334	49
105.91009800000002	35
105.91009800000002	38
105.91009800000002	49
106.13156585625	49
106.35488699999999	35
106.35488699999999	38
106.35488699999999	49
106.5722815	49
106.789676	35
106.789676	38
106.789676	49
107.0070705	49
107.224465	35
107.224465	38
107.224465	49
107.44095368958332	49
107.65925399999999	35
107.65925399999999	38
107.65925399999999	49
107.87574268958333	35
107.87574268958333	49
108.094043	35
108.094043	38
108.094043	49
108.3114375	49
108.528832	35
108.528832	38
108.528832	49
108.74622649999999	49
108.96362099999999	35
108.96362099999999	38
108.96362099999999	49
109.1810155	49
109.39841	35
109.39841	38
109.39841	49
109.61489868958333	49
109.83319899999998	35
109.83319899999998	38
109.83319899999998	49
110.04470852291665	49
110.25798800000001	35
110.25798800000001	38
110.25798800000001	49
110.47538250000001	49
110.692777	35
110.692777	38
110.692777	49
110.9101715	49
111.127566	35
111.127566	38
111.127566	49
111.34405468958334	49
111.56235500000001	35
111.56235500000001	38
111.56235500000001	49
111.77884368958334	35
111.77884368958334	49
111.997144	35
111.997144	38
111.997144	49
112.21363268958333	49
112.431933	35
112.431933	38
112.431933	49
112.64932750000001	49
112.86672200000001	35
112.86672200000001	38
112.86672200000001	49
113.08411650000001	49
113.301511	35
113.301511	38
113.301511	49
113.51799968958333	49
113.7363	35
113.7363	38
113.7363	49
113.95278868958334	49
114.17108900000001	35
114.17108900000001	38
114.17108900000001	49
114.38757768958334	49
114.605878	35
114.605878	49
114.74990185625	35
114.74990185625	49
114.89483152291668	35
114.89483152291668	49
115.040667	35
115.040667	49
115.18469085625	35
115.18469085625	49
115.32962052291667	35
115.32962052291667	49
115.47545600000001	35
115.47545600000001	49
129.398704	49
139.83363999999997	49
139.992935875	49
140.1256824375	49
140.258429	49
140.421474875	49
140.5573464375	49
140.69321799999997	49
140.85251387499997	49
140.9852604375	49
141.11800699999998	49
141.27730287499998	49
141.4100494375	49
141.54279600000004	49
142.43237399999998	35
142.43237399999998	38
142.43237399999998	49
142.867163	35
142.867163	38
142.867163	49
143.301952	35
143.301952	49
143.51934649999998	42
143.736741	35
143.736741	38
143.9541355	42
144.17153	35
144.38801868958333	42
144.60631899999998	35
144.60631899999998	38
144.82280768958333	42
144.93241075	42
145.04110799999998	35
145.04110799999998	42
145.25759668958332	42
145.475897	35
145.475897	38
145.6932915	42
145.910686	35
146.12808049999998	42
146.345475	35
146.345475	42
146.45417225	42
146.56196368958334	35
146.56196368958334	42
146.6706609395833	42
146.780264	35
146.780264	42
146.99675268958333	42
147.21505299999998	35
147.21505299999998	38
147.43154168958333	42
147.649842	35
147.8672365	42
148.084631	35
148.084631	38
148.30202549999998	42
148.40981693958332	42
148.51942	35
148.51942	42
148.73590868958334	42
148.954209	35
148.954209	38
149.17069768958333	42
149.388998	35
149.6063925	42
149.82378699999998	35
149.82378699999998	42
149.93157843958332	42
150.0411815	35
150.0411815	42
150.14897293958333	42
150.258576	35
150.258576	42
150.47506468958332	42
150.693365	35
150.693365	38
150.90985368958331	42
151.128154	35
151.34464268958334	42
151.562943	35
151.562943	38
151.7803375	42
151.88903475	42
151.99773199999998	35
151.99773199999998	42
152.2151265	42
152.43252099999998	35
152.43252099999998	38
152.64900968958332	42
152.86731	35
153.08379868958332	42
153.302099	35
153.302099	42
153.40989043958334	42
153.5185876895833	35
153.5185876895833	42
153.62819075	42
153.736888	35
153.736888	42
153.9542825	42
154.171677	35
154.171677	38
154.3890715	42
154.60646599999998	35
154.82295468958333	42
155.041255	35
155.041255	38
155.25774368958332	42
155.36734675	42
155.476044	35
155.476044	42
155.69343849999998	42
155.910833	35
155.910833	38
156.12822749999998	42
156.345622	35
156.345622	49
156.48964585625	35
156.48964585625	49
156.63457552291666	35
156.63457552291666	49
156.780411	35
156.780411	49
156.92534066666667	35
156.92534066666667	49
157.07027033333333	35
157.07027033333333	49
157.21519999999998	35
157.21519999999998	38
157.21519999999998	49
157.43168868958332	49
157.649989	35
157.649989	38
157.649989	49
157.8673835	49
158.084778	35
158.084778	38
158.084778	49
158.30217249999998	49
158.519567	35
158.519567	38
158.519567	49
158.73605568958334	49
158.954356	35
158.954356	38
158.954356	49
159.17084468958333	49
159.38914499999998	35
159.38914499999998	38
159.38914499999998	49
159.60563368958333	49
159.82393399999998	35
159.82393399999998	38
159.82393399999998	49
160.0413285	49
160.258723	35
160.258723	38
160.258723	49
160.4761175	35
160.4761175	49
160.693512	35
160.693512	38
160.693512	49
160.91000068958334	49
161.128301	35
161.128301	38
161.128301	49
161.34478968958334	49
161.56309	35
161.56309	38
161.56309	49
161.77957868958333	49
161.99787899999998	35
161.99787899999998	38
161.99787899999998	49
162.2152735	49
162.432668	35
162.432668	38
162.432668	49
162.6500625	49
162.867457	35
162.867457	38
162.867457	49
163.08394568958332	49
163.302246	35
163.302246	38
163.302246	49
163.51873468958334	49
163.737035	35
163.737035	38
163.737035	49
163.9544295	35
163.9544295	49
164.171824	35
164.171824	38
164.171824	49
164.3892185	49
164.60661299999998	35
164.60661299999998	38
164.60661299999998	49
164.82310168958332	49
165.041402	35
165.041402	38
165.041402	49
165.25789068958332	49
165.476191	35
165.476191	38
165.476191	49
165.69267968958331	49
165.91098	35
165.91098	38
165.91098	49
166.1283745	49
166.345769	35
166.345769	38
166.345769	49
166.5631635	49
166.78055799999998	35
166.78055799999998	38
166.78055799999998	49
166.99704668958333	49
167.215347	35
167.215347	38
167.215347	49
167.43183568958332	35
167.43183568958332	49
167.650136	35
167.650136	38
167.650136	49
167.86662468958332	49
168.084925	35
168.084925	38
168.084925	49
168.30231949999998	49
168.519714	35
168.519714	38
168.519714	49
168.7371085	49
168.954503	35
168.954503	38
168.954503	49
169.17099168958333	49
169.38929199999998	35
169.38929199999998	38
169.38929199999998	49
169.60578068958333	49
169.824081	35
169.824081	38
169.824081	49
170.04056968958332	49
170.25887	35
170.25887	49
170.40289385625	35
170.40289385625	49
170.54782352291667	35
170.54782352291667	49
170.693659	35
170.693659	49
170.83768285624998	35
170.83768285624998	49
170.98261252291667	35
170.98261252291667	49
171.128448	35
171.128448	49
171.34493668958334	42
171.563237	35
171.563237	38
171.563237	42
171.77972568958333	42
171.99802599999998	35
171.99802599999998	42
172.2154205	42
172.432815	35
172.432815	38
172.432815	42
172.6502095	42
172.75800093958333	42
172.867604	35
172.867604	42
173.08409268958331	42
173.302393	35
173.302393	38
173.302393	42
173.51888168958334	42
173.737182	35
173.737182	42
173.95367068958333	42
174.17197099999998	35
174.17197099999998	42
174.3893655	35
174.3893655	42
174.49806275	42
174.60676	35
174.60676	42
174.8241545	42
175.041549	35
175.041549	38
175.041549	42
175.25803768958332	42
175.476338	35
175.476338	42
175.69282668958334	42
175.911127	35
175.911127	38
175.911127	42
176.12761568958334	42
176.23721874999998	42
176.345916	35
176.345916	42
176.5633105	42
176.78070499999998	35
176.78070499999998	38
176.78070499999998	42
176.9980995	42
177.215494	35
177.215494	42
177.43198268958332	35
177.43198268958332	38
177.43198268958332	42
177.650283	35
177.650283	42
177.86677168958332	42
177.97637475	42
178.085072	35
178.085072	49
178.30156068958334	42
178.519861	35
178.519861	38
178.519861	42
178.7372555	42
178.95465	35
178.95465	42
179.1720445	42
179.38943899999998	35
179.38943899999998	38
179.38943899999998	42
179.60592768958332	42
179.71462493958333	42
179.824228	35
179.824228	42
180.04071668958332	42
180.259017	35
180.259017	38
180.259017	42
180.47641149999998	42
180.693806	35
180.693806	42
180.9112005	42
181.128595	35
181.128595	42
181.34508368958333	35
181.34508368958333	42
181.45378093958334	42
181.56338399999999	35
181.56338399999999	42
181.77987268958333	42
181.998173	35
181.998173	38
181.998173	42
182.21466168958332	42
182.432962	35
182.432962	42
182.6503565	42
182.867751	35
182.867751	38
182.867751	42
183.08514549999998	42
183.19293693958332	42
183.30254	35
183.30254	42
183.51902868958334	42
183.737329	35
183.737329	38
183.737329	42
183.95381768958333	42
184.17211799999998	35
184.17211799999998	49
184.31704766666667	35
184.31704766666667	49
184.46107152291665	35
184.46107152291665	49
184.606907	35
184.606907	49
184.75093085625	35
184.75093085625	49
184.89586052291665	35
184.89586052291665	49
185.041696	35
185.041696	49
185.25909049999999	42
185.476485	35
185.476485	38
185.476485	42
185.69297368958334	42
185.911274	35
185.911274	42
186.12776268958334	42
186.346063	35
186.346063	38
186.346063	42
186.56255168958333	42
186.67215475	42
186.78085199999998	35
186.78085199999998	42
186.9982465	42
187.215641	35
187.215641	38
187.215641	42
187.4330355	42
187.65043	35
187.65043	42
187.86691868958331	42
188.085219	35
188.085219	42
188.30170768958334	35
188.30170768958334	42
188.41131074999998	42
188.52000800000002	35
188.52000800000002	42
188.74240250000005	42
188.96479699999998	35
188.96479699999998	38
188.96479699999998	42
189.17719149999996	42
189.38958600000004	35
189.38958600000004	42
189.61105385625004	42
189.834375	35
189.834375	38
189.834375	42
190.04588452291662	42
190.15208177291663	42
190.259164	35
190.259164	42
190.47565268958334	42
190.693953	35
190.693953	38
190.693953	42
190.9113475	42
191.128742	35
191.128742	42
191.3461365	35
191.3461365	38
191.3461365	42
191.56353099999998	35
191.56353099999998	42
191.78001968958333	42
191.88871693958333	42
191.99832	35
191.99832	49
192.21480868958332	42
192.433109	35
192.433109	38
192.433109	42
192.64959768958332	42
192.867898	35
192.867898	42
193.0852925	42
193.302687	35
193.302687	38
193.302687	42
193.5200815	42
193.62787293958334	42
193.737476	35
193.737476	42
193.95396468958333	42
194.172265	35
194.172265	38
194.172265	42
194.38875368958333	42
194.607054	35
194.607054	42
194.82354268958332	42
195.041843	35
195.041843	42
195.25923749999998	35
195.25923749999998	42
195.36702893958332	42
195.476632	35
195.476632	42
195.69312068958334	42
195.911421	35
195.911421	38
195.911421	42
196.12790968958333	42
196.34620999999999	35
196.34620999999999	42
196.56269868958333	42
196.780999	35
196.780999	38
196.780999	42
196.9983935	42
197.10709075	42
197.215788	35
197.215788	49
197.650577	35
197.650577	49
198.085366	35
198.085366	49
198.520155	35
198.520155	49
198.95494399999998	35
198.95494399999998	49
199.1723385	42
199.389733	35
199.389733	38
199.389733	42
199.6071275	42
199.824522	35
199.824522	42
200.04101068958332	42
200.259311	35
200.259311	38
200.259311	42
200.47579968958334	42
200.58540275	42
200.6941	35
200.6941	42
200.91058868958334	42
201.128889	35
201.128889	38
201.128889	42
201.3462835	42
201.563678	35
201.563678	42
201.7810725	42
201.998467	35
201.998467	42
202.21495568958332	35
202.21495568958332	42
202.32365293958333	42
202.433256	35
202.433256	42
202.64974468958334	42
202.868045	35
202.868045	38
202.868045	42
203.0854395	42
203.302834	35
203.302834	42
203.5202285	42
203.73762299999999	35
203.73762299999999	38
203.73762299999999	42
203.95411168958333	42
204.06280893958333	42
204.172412	35
204.172412	42
204.38890068958332	42
204.607201	35
204.607201	38
204.607201	42
204.82368968958332	42
205.04199	35
205.04199	42
205.2593845	35
205.2593845	38
205.2593845	42
205.476779	35
205.476779	42
205.6941735	42
205.80196493958334	42
205.911568	35
205.911568	49
206.12805668958333	42
206.34635699999998	35
206.34635699999998	38
206.34635699999998	42
206.56284568958333	42
206.781146	35
206.781146	42
206.99763468958332	42
207.215935	35
207.215935	38
207.215935	42
207.43332949999999	42
207.54112093958332	42
207.650724	35
207.650724	42
207.8681185	42
208.085513	35
208.085513	38
208.085513	42
208.30200168958334	42
208.520302	35
208.520302	42
208.73679068958333	42
208.955091	35
208.955091	38
208.955091	42
209.17157968958333	35
209.17157968958333	42
209.28118275	42
209.38988	35
209.38988	42
209.6072745	42
209.824669	35
209.824669	38
209.824669	42
210.04206349999998	42
210.259458	35
210.259458	42
210.47594668958334	42
210.694247	35
210.694247	38
210.694247	42
210.91073568958333	42
211.02033875	42
211.12903599999999	35
211.12903599999999	42
211.3464305	42
211.563825	35
211.563825	38
211.563825	42
211.7812195	42
211.998614	35
211.998614	49
212.14263785625	35
212.14263785625	49
212.28756752291667	35
212.28756752291667	49
212.433403	35
212.433403	49
212.57833266666665	35
212.57833266666665	49
212.72326233333334	35
212.72326233333334	49
212.868192	35
212.868192	38
212.868192	49
213.08468068958334	49
213.302981	35
213.302981	38
213.302981	49
213.5203755	49
213.73776999999998	35
213.73776999999998	38
213.73776999999998	49
213.9551645	49
214.172559	35
214.172559	38
214.172559	49
214.38904768958332	49
214.607348	35
214.607348	38
214.607348	49
214.82383668958332	49
215.042137	35
215.042137	38
215.042137	49
215.25862568958334	49
215.476926	35
215.476926	38
215.476926	49
215.6943205	49
215.911715	35
215.911715	38
215.911715	49
216.1291095	35
216.1291095	49
216.346504	35
216.346504	38
216.346504	49
216.56299268958333	49
216.781293	35
216.781293	38
216.781293	49
216.99778168958332	49
217.216082	35
217.216082	38
217.216082	49
217.43257068958334	49
217.650871	35
217.650871	38
217.650871	49
217.8682655	49
218.08566	35
218.08566	38
218.08566	49
218.3030545	49
218.52044899999999	35
218.52044899999999	38
218.52044899999999	49
218.73693768958333	49
218.955238	35
218.955238	38
218.955238	49
219.17172668958332	35
219.17172668958332	49
219.39002700000003	35
219.39002700000003	38
219.39002700000003	49
219.61242150000004	49
219.834816	35
219.834816	38
219.834816	49
220.04721049999998	49
220.259605	35
220.259605	38
220.259605	49
220.47609368958334	49
220.694394	35
220.694394	38
220.694394	49
220.91088268958333	49
221.129183	35
221.129183	38
221.129183	49
221.34567168958333	49
221.563972	35
221.563972	38
221.563972	49
221.7813665	49
221.998761	35
221.998761	38
221.998761	49
222.21615549999999	49
222.43355	35
222.43355	38
222.43355	49
222.65003868958334	49
222.868339	35
222.868339	38
222.868339	49
223.08482768958334	35
223.08482768958334	49
223.303128	35
223.303128	38
223.303128	49
223.51961668958333	49
223.737917	35
223.737917	38
223.737917	49
223.9553115	49
224.172706	35
224.172706	38
224.172706	49
224.3901005	49
224.607495	35
224.607495	38
224.607495	49
224.82398368958334	49
225.042284	35
225.042284	38
225.042284	49
225.25877268958334	49
225.477073	35
225.477073	38
225.477073	49
225.69356168958333	49
225.91186199999999	35
225.91186199999999	38
225.91186199999999	49
226.346651	35
226.346651	38
226.346651	49
226.78144	35
226.78144	38
226.78144	49
240.69468799999999	35
240.69468799999999	49
242.21554368958334	35
242.433844	35
244.173	35
244.173	49
245.69385568958333	35
245.912156	35
247.651312	35
247.651312	49
249.16807350000005	35
249.390468	35
249.390468	49
250.9122295	35
251.129624	35
251.129624	49
251.78090168958335	35
251.999202	35
251.999202	49
252.6513855	35
252.86878000000004	35
252.86878000000004	49
253.09117450000005	49
253.31356899999997	49
253.52507852291663	35
253.52507852291663	49
253.738358	35
253.738358	49
254.173147	35
254.173147	49
254.607936	35
254.607936	49
254.8253305	42
255.042725	35
255.042725	38
255.15142225	42
255.2601195	42
255.477514	35
255.69400268958333	42
255.912303	35
255.912303	42
256.0200944395834	42
256.12879168958335	35
256.12879168958335	42
256.23839475	42
256.34709200000003	35
256.34709200000003	42
256.5635806895834	42
256.781881	35
256.781881	38
256.88967243958336	42
256.9992755	42
257.21667	35
257.43406450000003	42
257.651459	35
257.651459	42
257.76015625	42
257.86794768958333	35
257.86794768958333	42
257.97664493958337	42
258.086248	35
258.086248	42
258.30273668958336	42
258.52103700000004	35
258.52103700000004	38
258.62882843958334	42
258.7384315	42
258.955826	35
259.1732205	42
259.390615	35
259.390615	42
259.49931225	42
259.60710368958337	35
259.60710368958337	42
259.71580093958335	42
259.825404	35
259.825404	42
260.04189268958334	42
260.260193	35
260.260193	38
260.3679844395833	42
260.47668168958336	42
260.694982	35
260.9123765	42
261.129771	35
261.129771	42
261.2375624395833	42
261.3471655	35
261.3471655	42
261.4549569395833	42
261.56456000000003	35
261.56456000000003	49
261.7810486895833	42
261.999349	35
261.999349	38
262.10804625	42
262.21583768958334	42
262.434138	35
262.434138	38
262.65062668958336	42
262.868927	35
262.868927	42
262.97671843958335	42
263.0863215	35
263.0863215	42
263.1941129395833	42
263.303716	35
263.303716	42
263.5211105	42
263.738505	35
263.738505	38
263.84720225	42
263.9549936895833	42
264.173294	35
264.38978268958334	42
264.608083	35
264.608083	42
264.71587443958333	42
264.8245716895833	35
264.8245716895833	42
264.93417475	42
265.042872	35
265.042872	42
265.2602665	42
265.477661	35
265.477661	38
265.58635825	42
265.6950555	42
265.91245	35
266.1289386895833	42
266.347239	35
266.347239	42
266.4550304395833	42
266.56372768958335	35
266.56372768958335	42
266.67333075	42
266.782028	35
266.782028	42
266.9994225	42
267.216817	35
267.216817	38
267.4342115	42
267.651606	35
268.086395	35
268.521184	35
268.521184	38
268.521184	49
268.73767268958335	49
268.95597300000003	35
268.95597300000003	38
268.95597300000003	49
269.1733675	49
269.390762	35
269.390762	38
269.390762	49
269.6081565	49
269.825551	35
269.825551	38
269.825551	49
270.04203968958336	35
270.04203968958336	49
270.26034	35
270.26034	38
270.26034	49
270.47682868958333	49
270.695129	35
270.695129	38
270.695129	49
270.91161768958335	49
271.129918	35
271.129918	38
271.129918	49
271.3473125	49
271.564707	35
271.564707	38
271.564707	49
271.7821015	35
271.7821015	49
271.999496	35
271.999496	38
271.999496	49
272.2159846895833	49
272.434285	35
272.434285	38
272.434285	49
272.65077368958333	49
272.869074	35
272.869074	38
272.869074	49
273.08556268958336	49
273.303863	35
273.303863	38
273.303863	49
273.5212575	35
273.5212575	49
273.738652	35
273.738652	38
273.738652	49
273.9560465	49
274.173441	35
274.173441	38
274.173441	49
274.3899296895833	49
274.60823	35
274.60823	38
274.60823	49
274.82471868958334	49
275.043019	35
275.043019	38
275.043019	49
275.2604135	35
275.2604135	49
275.477808	35
275.477808	38
275.477808	49
275.6952025	49
275.912597	35
275.912597	38
275.912597	49
276.12908568958335	49
276.34738600000003	35
276.34738600000003	38
276.34738600000003	49
276.5638746895833	49
276.782175	35
276.782175	38
276.782175	49
276.99866368958334	35
276.99866368958334	49
277.216964	35
277.216964	38
277.216964	49
277.4343585	49
277.651753	35
277.651753	38
277.651753	49
277.8691475	49
278.086542	35
278.086542	38
278.086542	49
278.30303068958335	49
278.521331	35
278.521331	38
278.521331	49
278.7378196895833	35
278.7378196895833	49
278.95612	35
278.95612	38
278.95612	49
279.17260868958334	49
279.390909	35
279.390909	38
279.390909	49
279.6083035	49
279.825698	35
279.825698	38
279.825698	49
280.0430925	49
280.260487	35
280.260487	38
280.260487	49
280.47697568958336	35
280.47697568958336	49
280.695276	35
280.695276	38
280.695276	49
280.9117646895833	49
281.130065	35
281.130065	38
281.130065	49
281.34655368958335	49
281.564854	35
281.564854	49
281.999643	35
281.999643	49
282.434432	35
282.434432	49
295.478102	49
295.62212585625	49
295.7670555229167	49
295.912891	49
296.05691485625	49
296.20184452291664	49
296.34768	35
296.34768	49
308.531772	49
308.67248335625	49
308.81407968958337	49
308.956561	49
309.10058485625	49
309.24642033333333	49
309.39135	49
309.53627966666664	49
309.68120933333336	49
309.826139	49
309.97106866666667	49
310.11509252291665	49
310.260928	35
310.260928	49