6.2205200000000005	35
6.2205200000000005	42
6.6099275	38
6.6099275	49
6.8695325	42
6.999335	35
6.999335	42
7.3887425	38
7.3887425	49
7.648347500000001	42
7.77815	35
7.77815	42
8.167557500000001	38
8.167557500000001	49
8.4271625	42
8.556965	35
8.556965	42
8.9463725	38
8.9463725	49
9.205977500000001	42
9.33578	35
9.33578	42
9.730187500000001	38
9.730187500000001	49
9.993125833333334	42
10.124595000000001	35
10.124595000000001	42
10.5140025	38
10.5140025	49
10.7736075	42
10.903410000000001	35
10.903410000000001	42
11.2928175	38
11.2928175	42
11.5524225	42
11.682225	35
11.682225	42
12.0716325	38
12.0716325	42
12.46104	35
12.46104	42
12.845447499999999	38
12.845447499999999	49
13.101719166666667	42
13.229855	35
13.229855	42
13.619262500000001	38
13.619262500000001	49
13.8788675	42
14.00867	35
14.00867	42
14.398077500000001	38
14.398077500000001	49
14.6576825	42
14.787485	35
14.787485	42
15.176892500000001	38
15.176892500000001	49
15.436497500000002	42
15.5663	35
15.5663	42
15.955707499999999	38
15.955707499999999	49
16.2153125	42
16.345115	35
16.345115	42
16.739522500000003	38
16.739522500000003	49
17.00246083333333	42
17.13393	35
17.13393	42
17.5233375	35
17.5233375	38
17.5233375	49
17.912745	35
17.912745	38
17.912745	49
18.69156	35
18.69156	42
19.0809675	38
19.0809675	42
19.3405725	42
19.470375	35
19.470375	42
19.8597825	38
19.8597825	42
20.119387500000002	42
20.249190000000002	35
20.249190000000002	42
20.6385975	38
20.6385975	42
20.8982025	42
21.028005	35
21.028005	42
21.4174125	38
21.4174125	42
21.6770175	42
21.806820000000002	35
21.806820000000002	42
22.1962275	38
22.1962275	42
22.4558325	42
22.585635	35
22.585635	42
22.9750425	38
22.9750425	42
23.2346475	42
23.36445	35
23.36445	42
23.753857500000002	38
23.753857500000002	42
24.0134625	42
24.143265	35
24.143265	42
24.5326725	38
24.5326725	42
24.7922775	42
24.92208	35
24.92208	42
25.306487500000003	38
25.306487500000003	42
25.56275916666667	42
25.690894999999998	35
25.690894999999998	42
26.0803025	38
26.0803025	42
26.3399075	42
26.46971	35
26.46971	42
26.8591175	38
26.8591175	42
27.1187225	42
27.248525	35
27.248525	42
27.637932499999998	38
27.637932499999998	42
27.8975375	42
28.02734	35
28.02734	42
28.4167475	38
28.4167475	42
28.6763525	42
28.806155	35
28.806155	42
29.2005625	38
29.2005625	42
29.46350083333333	42
29.59497	35
29.59497	42
29.9843775	38
29.9843775	42
30.2439825	42
30.373785	35
30.373785	42
30.763192500000002	38
30.763192500000002	42
31.1526	35
31.1526	42
31.5420075	38
31.5420075	42
31.8016125	42
31.931415	35
31.931415	42
32.3208225	38
32.3208225	42
32.5804275	42
32.71023	35
32.71023	42
33.0996375	38
33.0996375	42
33.3592425	42
33.489045000000004	35
33.489045000000004	42
33.873452500000006	38
33.873452500000006	42
34.12972416666667	42
34.25786	35
34.25786	42
34.647267500000005	38
34.647267500000005	42
34.906872500000006	42
35.036675	35
35.036675	42
35.42608250000001	38
35.42608250000001	42
35.6856875	42
35.815490000000004	35
35.815490000000004	42
36.2048975	38
36.2048975	42
36.4645025	42
36.594305000000006	35
36.594305000000006	42
36.9837125	38
36.9837125	42
37.2433175	42
37.37312	35
37.37312	42
37.762527500000004	38
37.762527500000004	42
38.022132500000005	42
38.151935	35
38.151935	42
38.5463425	38
38.5463425	42
38.80928083333334	42
38.94075	35
38.94075	42
39.3301575	38
39.3301575	42
39.5897625	42
39.719565	35
39.719565	42
40.1089725	38
40.1089725	42
40.3685775	42
40.498380000000004	35
40.498380000000004	42
40.882787500000006	38
40.882787500000006	42
41.13905916666667	42
41.267195	35
41.267195	42
41.656602500000005	38
41.656602500000005	42
41.916207500000006	42
42.04601	35
42.04601	42
42.4404175	38
42.4404175	42
42.70335583333333	42
42.834825	35
42.834825	42
43.2242325	38
43.2242325	42
43.4838375	42
43.613640000000004	35
43.613640000000004	42
43.998047500000006	38
43.998047500000006	42
44.25431916666667	42
44.382455	35
44.382455	42
44.771862500000005	38
44.771862500000005	42
45.031467500000005	42
45.16127	35
45.16127	42
45.550677500000006	38
45.550677500000006	42
45.81028250000001	42
45.940085	35
45.940085	42
46.3294925	38
46.3294925	42
46.5890975	42
46.718900000000005	35
46.718900000000005	42
47.1083075	38
47.1083075	42
47.3679125	42
47.49771500000001	35
47.49771500000001	42
47.887122500000004	38
47.887122500000004	42
48.146727500000004	42
48.27653	35
48.27653	42
48.665937500000005	38
48.665937500000005	42
48.925542500000006	42
49.055345	35
49.055345	42
49.4497525	38
49.4497525	42
49.71269083333333	42
49.84416	35
49.84416	42
50.2335675	38
50.2335675	42
50.4931725	42
50.622975000000004	35
50.622975000000004	42
51.0123825	38
51.0123825	42
51.2719875	42
51.40179	35
51.40179	42
51.7911975	38
51.7911975	42
52.0508025	42
52.180605	35
52.180605	42
52.570012500000004	38
52.570012500000004	42
52.829617500000005	42
52.95942	35
52.95942	42
53.3488275	38
53.3488275	42
53.6084325	42
53.738235	35
53.738235	42
54.122642500000005	38
54.122642500000005	42
54.37891416666667	42
54.50705000000001	35
54.50705000000001	42
54.896457500000004	38
54.896457500000004	42
55.156062500000004	42
55.285865	35
55.285865	42
55.6802725	38
55.6802725	42
55.94321083333334	42
56.07468	35
56.07468	42
56.464087500000005	38
56.464087500000005	42
56.7236925	42
56.853495	35
56.853495	42
57.2429025	38
57.2429025	42
57.5025075	42
57.632310000000004	35
57.632310000000004	42
58.0217175	38
58.0217175	42
58.2813225	42
58.411125000000006	35
58.411125000000006	42
58.79553250000001	38
58.79553250000001	42
59.05180416666667	42
59.17994	35
59.17994	42
59.569347500000006	38
59.569347500000006	42
59.82895250000001	42
59.958755000000004	35
59.958755000000004	42
60.3481625	38
60.3481625	42
60.6077675	42
60.737570000000005	35
60.737570000000005	42
61.1269775	38
61.1269775	42
61.3865825	42
61.51638500000001	35
61.51638500000001	42
61.905792500000004	38
61.905792500000004	42
62.165397500000005	42
62.2952	35
62.2952	42
62.6796075	38
62.6796075	42
62.935879166666666	42
63.064015	35
63.064015	42
63.4634225	38
63.4634225	42
63.72969416666667	42
63.86283	35
63.86283	42
64.2522375	38
64.2522375	42
64.5118425	42
64.641645	35
64.641645	42
65.0310525	38
65.0310525	42
65.29065750000001	42
65.42046	35
65.42046	42
65.8098675	38
65.8098675	42
66.0694725	42
66.199275	35
66.199275	42
66.58368250000001	38
66.58368250000001	42
66.83995416666666	42
66.96809	35
66.96809	42
67.3574975	38
67.3574975	42
67.6171025	42
67.746905	35
67.746905	42
68.1363125	38
68.1363125	42
68.3959175	42
68.52571999999999	35
68.52571999999999	42
68.92012749999999	38
68.92012749999999	49
69.18306583333333	42
69.314535	35
69.314535	42
69.7039425	38
69.7039425	49
69.9635475	42
70.09335	35
70.09335	42
70.4827575	38
70.4827575	49
70.7423625	42
70.87216500000001	35
70.87216500000001	42
71.2615725	38
71.2615725	49
71.52117750000001	42
71.65098	35
71.65098	42
72.04038750000001	38
72.04038750000001	49
72.2999925	42
72.429795	35
72.429795	42
72.81420250000001	38
72.81420250000001	49
73.07047416666666	42
73.19861	35
73.19861	42
73.58801749999999	38
73.58801749999999	42
73.8476225	42
73.977425	35
73.977425	42
74.3668325	38
74.3668325	49
74.75623999999999	35
74.75623999999999	42
75.1456475	38
75.1456475	49
75.4052525	42
75.535055	35
75.535055	42
75.9294625	38
75.9294625	49
76.19240083333334	42
76.32387	35
76.32387	42
76.7132775	38
76.7132775	49
76.9728825	42
77.10268500000001	35
77.10268500000001	42
77.4920925	38
77.4920925	49
77.7516975	42
77.8815	35
77.8815	42
78.2709075	38
78.2709075	49
78.5305125	42
78.660315	35
78.660315	42
79.0497225	38
79.0497225	49
79.30932750000001	42
79.43913	35
79.43913	42
79.8285375	35
79.8285375	38
79.8285375	49
80.217945	35
80.217945	38
80.217945	49
80.99676000000001	35
80.99676000000001	42
81.3861675	38
81.3861675	42
81.6457725	42
81.775575	35
81.775575	42
82.16498250000001	38
82.16498250000001	42
82.4245875	42
82.55439	35
82.55439	42
82.9437975	38
82.9437975	42
83.20340250000001	42
83.333205	35
83.333205	42
83.7226125	38
83.7226125	42
83.9822175	42
84.11202	35
84.11202	42
84.5014275	38
84.5014275	42
84.7610325	42
84.89083500000001	35
84.89083500000001	42
85.2802425	38
85.2802425	42
85.53984750000001	42
85.66965	35
85.66965	42
86.0540575	38
86.0540575	42
86.31032916666666	42
86.438465	35
86.438465	42
86.8278725	38
86.8278725	42
87.08747749999999	42
87.21728	35
87.21728	42
87.60668749999999	38
87.60668749999999	42
87.8662925	42
87.996095	35
87.996095	42
88.39050250000001	38
88.39050250000001	42
88.65344083333333	42
88.78491	35
88.78491	42
89.1743175	38
89.1743175	42
89.43392250000001	42
89.563725	35
89.563725	42
89.95313250000001	38
89.95313250000001	42
90.2127375	42
90.34254	35
90.34254	42
90.7319475	38
90.7319475	42
90.9915525	42
91.12135500000001	35
91.12135500000001	42
91.5107625	38
91.5107625	42
91.7703675	42
91.90017	35
91.90017	42
92.28957750000001	38
92.28957750000001	42
92.5491825	42
92.678985	35
92.678985	42
93.06339249999999	38
93.06339249999999	42
93.31966416666667	42
93.4478	35
93.4478	42
93.8372075	38
93.8372075	42
94.0968125	42
94.226615	35
94.226615	42
94.6160225	38
94.6160225	42
94.8756275	42
95.00543	35
95.00543	42
95.3998375	38
95.3998375	42
95.66277583333334	42
95.794245	35
95.794245	42
96.18365250000001	38
96.18365250000001	42
96.4432575	42
96.57306	35
96.57306	42
96.9624675	38
96.9624675	42
97.22207250000001	42
97.351875	35
97.351875	42
97.73628249999999	38
97.73628249999999	42
97.99255416666666	42
98.12069	35
98.12069	42
98.5100975	38
98.5100975	42
98.7697025	42
98.899505	35
98.899505	42
99.2889125	38
99.2889125	42
99.5485175	42
99.67832	35
99.67832	42
100.0677275	38
100.0677275	42
100.3273325	42
100.457135	35
100.457135	42
100.8465425	38
100.8465425	42
101.10614749999999	42
101.23595	35
101.23595	42
101.62535749999999	38
101.62535749999999	42
101.8849625	42
102.014765	35
102.014765	42
102.40917250000001	38
102.40917250000001	42
102.67211083333333	42
102.80358	35
102.80358	42
103.1929875	38
103.1929875	42
103.45259250000001	42
103.582395	35
103.582395	42
103.9668025	38
103.9668025	42
104.22307416666666	42
104.35121	35
104.35121	42
104.7406175	38
104.7406175	42
105.00022249999999	42
105.130025	35
105.130025	42
105.5194325	38
105.5194325	42
105.7790375	42
105.90884	35
105.90884	42
106.2982475	38
106.2982475	42
106.5578525	42
106.68765499999999	35
106.68765499999999	42
107.0770625	38
107.0770625	42
107.3366675	42
107.46647	35
107.46647	42
107.8558775	38
107.8558775	42
108.1154825	42
108.245285	35
108.245285	42
108.63969250000001	38
108.63969250000001	42
108.90263083333333	42
109.03410000000001	35
109.03410000000001	42
109.4235075	38
109.4235075	42
109.68311250000001	42
109.812915	35
109.812915	42
110.20232250000001	38
110.20232250000001	42
110.4619275	42
110.59173	35
110.59173	42
110.9811375	38
110.9811375	42
111.24074250000001	42
111.370545	35
111.370545	42
111.75495249999999	38
111.75495249999999	42
112.01122416666666	42
112.13936	35
112.13936	42
112.5287675	38
112.5287675	42
112.7883725	42
112.918175	35
112.918175	42
113.3125825	38
113.3125825	42
113.57552083333334	42
113.70699	35
113.70699	42
114.09639750000001	38
114.09639750000001	42
114.3560025	42
114.485805	35
114.485805	42
114.8752125	38
114.8752125	42
115.26462000000001	35
115.26462000000001	49
115.6540275	38
115.6540275	42
115.9136325	42
116.043435	35
116.043435	42
116.4328425	38
116.4328425	42
116.82225000000001	35
116.82225000000001	49
117.2116575	38
117.2116575	42
117.47126250000001	42
117.601065	35
117.601065	42
117.99047250000001	38
117.99047250000001	42
118.2500775	42
118.37988	35
118.37988	42
118.7692875	38
118.7692875	42
119.0288925	42
119.15869500000001	35
119.15869500000001	42
119.5481025	47
119.5481025	49
119.8077075	42
119.93751	35
119.93751	42
120.32691750000001	38
120.32691750000001	49
120.5865225	42
120.716325	35
120.716325	42
121.1057325	38
121.1057325	49
121.36533750000001	42
121.49514	35
121.49514	42
121.88454750000001	38
121.88454750000001	49
122.1441525	42
122.273955	35
122.273955	42
122.6633625	38
122.6633625	49
122.9229675	42
123.05277000000001	35
123.05277000000001	42
123.4421775	38
123.4421775	49
123.70178250000001	42
123.831585	35
123.831585	42
124.22099250000001	38
124.22099250000001	49
124.4805975	42
124.6104	35
124.6104	42
124.9998075	38
124.9998075	42
125.25941250000001	42
125.38921500000001	35
125.38921500000001	42
125.77862250000001	38
125.77862250000001	42
126.16803	35
126.16803	42
126.5574375	38
126.5574375	49
126.8170425	42
126.94684500000001	35
126.94684500000001	42
127.3362525	38
127.3362525	49
127.59585750000001	42
127.72566	35
127.72566	42
128.1150675	38
128.1150675	49
128.3746725	38
128.504475	35
128.504475	42
128.89388250000002	38
128.89388250000002	49
129.1534875	42
129.28329	35
129.28329	42
129.6726975	38
129.6726975	49
129.9323025	42
130.062105	35
130.062105	42
130.4515125	38
130.4515125	49
130.84092	35
130.84092	38
130.84092	42
131.23032750000002	38
131.23032750000002	49
131.619735	35
131.619735	38
131.619735	49