7.651551999999999	35
7.651551999999999	49
9.242553999999998	38
9.242553999999998	38
9.6203045	35
9.809179749999998	47
9.809179749999998	47
9.998054999999999	35
10.19443025	35
10.390805499999999	47
10.390805499999999	47
10.587180749999998	35
10.783555999999999	35
10.783555999999999	49
12.34748	38
12.443350249999998	38
12.539220499999999	38
12.635090749999998	38
12.730961	38
13.3086825	35
13.502923	38
13.502923	38
13.891404	35
13.891404	49
15.465214	38
15.465214	38
15.66069025	35
15.8561665	35
16.051642750000003	47
16.051642750000003	47
16.247119	35
16.44759525	35
16.6480715	47
16.6480715	47
16.84854775	35
17.049024	35
17.049024	49
18.595876	38
18.595876	38
18.787982500000002	38
18.980089	38
19.1721955	38
19.1721955	38
19.364302000000002	38
19.5589085	38
19.753515	38
19.9481215	38
20.142728	35
20.142728	49
20.3369685	38
20.531209	42
20.725449500000003	35
20.919690000000003	38
20.919690000000003	42
21.298171	42
21.4874115	35
21.676652	35
21.676652	42
21.8708925	38
22.065133	42
22.2593735	35
22.453613999999998	42
22.6503545	35
22.847095	38
22.847095	42
23.0438355	38
23.240576	35
23.240576	42
23.435715750000004	38
23.6308555	42
23.825995250000002	35
24.021135	38
24.021135	42
24.401414500000005	42
24.59155425	35
24.781694	35
24.781694	42
24.97433375	38
25.1669735	42
25.359613250000002	35
25.552253	42
25.74489275	35
25.9375325	38
25.9375325	42
26.13017225	38
26.322812	35
26.322812	42
26.5168845	38
26.710956999999997	42
26.905029499999998	35
27.099102000000002	38
27.099102000000002	42
27.472247	42
27.6588195	35
27.845391999999997	35
27.845391999999997	42
28.039464499999998	38
28.233536999999995	42
28.4276095	35
28.621682	42
28.8132545	35
29.004827	38
29.004827	42
29.1963995	38
29.387971999999998	35
29.387971999999998	42
29.586679249999996	38
29.785386499999994	42
29.98409375	35
30.182800999999998	38
30.182800999999998	42
30.555215499999996	42
30.741422749999995	35
30.927629999999997	35
30.927629999999997	42
31.121337249999996	38
31.315044499999996	42
31.508751749999995	35
31.702458999999998	42
31.898666249999998	35
32.0948735	38
32.0948735	47
32.29108075	35
32.487288	35
32.487288	49
32.895374999999994	42
33.0994185	35
33.303462	35
33.303462	49
33.701549	42
34.099636000000004	38
34.099636000000004	38
34.482723	35
34.6742665	47
34.6742665	47
34.86581	35
35.0648535	35
35.0648535	47
35.263897	47
35.263897	47
35.661984000000004	35
35.661984000000004	49
36.07186850000001	42
36.27681075	35
36.481753000000005	35
36.481753000000005	49
36.881637500000004	42
37.281522	38
37.281522	42
37.67140650000001	38
37.67140650000001	38
38.061291000000004	38
38.251233250000006	38
38.346204375000006	38
38.44117550000001	38
38.63111775	35
38.82106	35
38.82106	49
39.218080500000006	42
39.416590750000005	35
39.615101	35
39.615101	49
40.0071215	42
40.399142	38
40.399142	38
40.7961625	35
40.99467275	47
40.99467275	47
41.39669325	35
41.60020349999999	47
41.60020349999999	47
42.007224	35
42.007224	49
42.405705	42
42.6049455	35
42.804186	35
42.804186	49
43.18266700000001	42
43.561148	35
43.561148	42
43.7553885	38
43.85250875	38
43.949629	38
44.1438695	38
44.240989750000004	38
44.33811	38
44.5273505	38
44.62197075	38
44.716591	38
45.095071999999995	35
45.095071999999995	49
45.476082999999996	38
45.666588499999996	35
45.666588499999996	49
46.0550995	47
46.253105	38
46.550113249999995	38
46.649116	35
46.649116	49
47.03012699999999	38
47.220632499999994	35
47.220632499999994	49
47.411137999999994	38
47.505140749999995	38
47.5991435	38
47.69314625	38
47.787149	47
47.881151749999994	47
47.975154499999995	47
48.069157249999996	47
48.16316	35
48.16316	49
48.5537755	38
48.74908325	35
48.74908325	49
49.13969875	47
49.3350065	38
49.627968124999995	38
49.725622	35
49.725622	49
52.886165999999996	38
52.886165999999996	49
53.2839165	42
53.482791750000004	38
53.681667	42
53.87054225	35
54.0594175	38
54.0594175	42
54.24829275	35
54.437168	35
54.437168	42
54.8299185	42
55.02629375	38
55.222669	42
55.414044249999996	35
55.605419499999996	38
55.605419499999996	42
55.79679475	38
55.98817	35
55.98817	42
56.1852765	38
56.382383000000004	42
56.579489499999994	35
56.776596	38
56.776596	42
57.155809	42
57.345415499999994	35
57.535022	35
57.535022	42
57.7296285	38
57.924234999999996	42
58.1188415	35
58.313448	42
58.5055545	35
58.697661	38
58.697661	42
58.8897675	38
59.081874	35
59.081874	42
59.2739805	38
59.466087	42
59.6581935	35
59.8503	38
59.8503	42
60.229513	42
60.419119499999994	35
60.608726	35
60.608726	42
60.80083249999999	38
60.99293899999999	42
61.185045499999994	35
61.377151999999995	42
61.5717585	35
61.76636499999999	38
61.76636499999999	42
61.9609715	38
62.155578	35
62.155578	42
62.351446	38
62.54731399999999	42
62.743182	35
62.939049999999995	38
62.939049999999995	42
63.31578599999999	42
63.50415399999999	35
63.692522	35
63.692522	42
63.88339	38
64.074258	42
64.265126	35
64.45599399999999	42
64.646862	35
64.83773	38
64.83773	38
65.028598	38
65.219466	35
65.219466	42
65.41834024999999	38
65.6172145	42
65.81608874999999	35
66.014963	38
66.014963	42
66.39271149999999	42
66.58158574999999	35
66.77046	35
66.77046	42
66.96183425	38
67.15320849999999	42
67.34458274999999	35
67.535957	42
67.73233124999999	35
67.9287055	38
67.9287055	42
68.12507975	38
68.321454	35
68.321454	42
68.51327025	38
68.7050865	42
68.89690275	35
69.088719	38
69.088719	42
69.46735149999999	42
69.65666775	35
69.845984	35
69.845984	42
70.04280025	38
70.23961650000001	42
70.43643275000001	35
70.633249	42
70.82756525	35
71.0218815	38
71.0218815	42
71.21619775	38
71.410514	35
71.410514	42
71.60364725000001	38
71.79678050000001	42
71.98991375000001	35
72.183047	38
72.183047	42
72.5493135	42
72.73244675000001	35
72.91558	35
72.91558	42
73.10621325000001	38
73.2968465	42
73.48747975	35
73.678113	42
73.87624625000001	35
74.0743795	38
74.0743795	42
74.27251275	38
74.470646	35
74.470646	42
74.66407875	38
74.8575115	42
75.05094425	35
75.244377	38
75.244377	42
75.6212425	42
75.80967525	35
75.998108	35
75.998108	42
76.19154075	38
76.3849735	42
76.57840625	35
76.771839	38
77.1537045	38
77.249170875	38
77.34463725	38
77.440103625	38
77.53557	35
77.53557	49
78.14721600000001	35
78.35109800000001	35
78.35109800000001	49
78.74386200000001	42
78.94024399999999	35
79.136626	38
79.136626	38
79.54439	35
79.74827200000001	47
79.74827200000001	47
79.95215400000001	35
80.153536	35
80.35491800000001	38
80.35491800000001	38
80.757682	35
80.757682	49
81.550846	35
81.550846	49
81.94242799999999	42
82.33400999999999	38
82.33400999999999	38
82.46287066666666	38
82.59173133333334	38
82.720592	38
82.84945266666666	38
82.97831333333333	38
83.107174	38
83.107174	38
83.312965	35
83.518756	47
83.518756	47
83.72454700000002	35
83.930338	35
83.930338	49
84.34398600000002	42
84.55081000000001	35
84.757634	35
84.757634	49
85.171282	42
85.58493000000001	38
85.58493000000001	38
85.97357800000002	35
86.167902	47
86.167902	47
86.56155000000001	47
86.760874	47
86.760874	47
87.15952200000001	35
87.15952200000001	49
87.97975100000001	35
87.97975100000001	49
88.77998000000001	35
88.77998000000001	49
88.97753725000001	38
89.076315875	38
89.17509450000001	38
89.37265175000002	38
89.47143037500001	38
89.57020900000002	38
89.76526625000001	38
89.862794875	38
89.96032350000002	38
90.35043800000001	35
90.35043800000001	49
90.733771	38
90.92543750000002	35
90.92543750000002	49
91.31377050000002	35
91.51043700000001	38
91.70710350000003	38
91.80543675000003	38
91.90377000000002	35
91.90377000000002	49
92.29210300000001	38
92.48626950000002	35
92.48626950000002	49
92.68043600000001	38
92.77251925000002	38
92.8646025	38
92.95668575	38
93.04876900000001	47
93.14085225000001	47
93.23293550000001	47
93.32501875000001	47
93.41710200000001	35
93.41710200000001	49
93.81398350000002	38
94.01242425000002	35
94.01242425000002	49
94.40930575000003	47
94.60774650000002	38
94.80618725000002	38
94.90540762500002	38
95.00462800000001	35
95.00462800000001	49
97.92374050000002	42
98.33093600000002	38
98.33093600000002	49
98.73075100000001	49
98.93065850000004	35
99.13056600000003	38
99.13056600000003	49
99.52538100000002	49
99.72278850000002	35
99.92019600000003	49
100.11760350000003	38
100.31501100000003	49
100.51241850000002	35
100.70982600000002	49
100.90723350000003	35
101.10464100000003	47
101.10464100000003	49
101.30204850000003	47
101.49945600000002	49
101.69642200000003	38
101.89338800000003	49
102.09035400000002	35
102.28732000000002	38
102.28732000000002	49
102.66625200000003	35
102.66625200000003	49
103.04518400000002	38
103.18149466666668	38
103.31780533333337	35
103.45411600000003	47
103.59042666666669	47
103.72673733333336	35
103.86304800000002	38
103.86304800000002	38
104.05751400000003	35
104.25198000000003	38
104.25198000000003	38
104.64091200000001	35
104.64091200000001	49
106.24843800000001	38
106.24843800000001	49
106.65031950000001	38
106.65031950000001	49
107.05220100000001	38
107.05220100000001	49
107.35361212500001	38
107.45408250000001	38
107.55455287500001	35
107.85596400000001	35
107.85596400000001	49
109.48408600000002	38
109.58396862500003	38
109.68385125000002	38
109.78373387500002	38
109.88361650000003	38
110.47791225000002	35
110.67267750000002	47
110.67267750000002	47
111.06220800000001	35
111.06220800000001	49
112.70973400000001	38
112.70973400000001	38
113.10661550000002	38
113.30505625	38
113.30505625	38
113.50349700000001	38
113.69943775000002	35
113.89537850000002	47
113.89537850000002	47
114.28726000000002	35
114.28726000000002	49
115.87711600000002	35
115.87711600000002	49
116.07584800000002	38
116.17521400000001	38
116.27458000000001	38
116.47331200000002	35
116.67204400000001	35
116.67204400000001	47
116.67204400000001	47
116.87327600000002	47
117.07450800000001	35
117.07450800000001	47
117.07450800000001	47
117.27574000000001	47
117.27574000000001	47
117.476972	35
117.476972	42
117.88885350000001	42
118.09479425	35
118.30073500000002	38
118.30073500000002	42
118.68761650000002	42
118.88105725000003	35
119.074498	35
119.074498	42
119.27543875	38
119.47637950000001	42
119.67732025000001	35
119.87826100000001	42
120.08170175000001	35
120.2851425	38
120.2851425	42
120.48858325	38
120.692024	35
120.692024	42
120.88899	38
121.08595600000001	35
121.08595600000001	42
121.282922	35
121.479888	38
121.479888	42
121.87382000000001	42
122.070786	35
122.267752	35
122.267752	42
122.467218	38
122.666684	42
122.86615	35
123.065616	42
123.26258200000001	35
123.45954800000001	38
123.45954800000001	42
123.65651400000002	38
123.85348	35
123.85348	42
124.05692075	38
124.2603615	42
124.46380225000001	35
124.66724300000001	38
124.66724300000001	42
125.06412450000002	42
125.26256525000001	35
125.461006	35
125.461006	42
125.66194675	38
125.8628875	42
126.06382825	35
126.264769	42
126.46070975	35
126.65665050000001	38
126.65665050000001	42
126.85259125	38
127.04853200000001	35
127.04853200000001	42
127.248731	38
127.44893	42
127.64912900000002	35
127.849328	38
127.849328	42
128.244726	35
128.244726	49
128.442425	35
128.5412745	38
128.640124	38
128.7377235	38
128.835323	38
128.9329225	38
129.030522	38
129.1281215	38
129.225721	38
129.3233205	38
129.42092	47
129.5172695	47
129.613619	47
129.7099685	47
129.806318	47
129.9026675	47
129.999017	47
130.0953665	47
130.191716	35
130.191716	49
130.39250700000002	38
130.593298	49
130.794089	35
130.794089	49
130.99488	38
130.99488	49
131.188171	49
131.38146200000003	35
131.38146200000003	49
131.57475300000002	38
131.57475300000002	49
131.76804400000003	49
131.96633500000002	35
131.96633500000002	49
132.16462600000003	38
132.16462600000003	49
132.362917	49
132.56120800000002	35
132.56120800000002	49
132.75949900000003	35
132.75949900000003	49
132.95779000000002	38
132.95779000000002	49
133.15608100000003	35
133.15608100000003	49
133.354372	35
133.354372	49
133.54912975000002	38
133.54912975000002	49
133.7438875	49
133.93864525	35
133.93864525	49
134.13340300000002	38
134.13340300000002	49
134.32566075000003	49
134.5179185	35
134.5179185	49
134.71017625	38
134.71017625	49
134.902434	49
135.09969174999998	35
135.09969174999998	49
135.29694949999998	38
135.29694949999998	49
135.49420725000002	49
135.69146500000002	35
135.69146500000002	49
135.88622275	35
135.88622275	49
136.0809805	38
136.0809805	49
136.27573825000002	35
136.27573825000002	49
136.47049600000003	35
136.47049600000003	49
136.66716250000002	38
136.66716250000002	49
136.863829	49
137.0604955	35
137.0604955	49
137.257162	38
137.257162	49
137.44882850000002	49
137.64049500000002	35
137.64049500000002	49
137.8321615	38
137.8321615	49
138.023828	49
138.2129945	35
138.2129945	49
138.402161	38
138.402161	49
138.5913275	49
138.780494	35
138.780494	49
138.97216050000003	35
138.97216050000003	49
139.16382700000003	38
139.16382700000003	49
139.35549350000002	35
139.35549350000002	49
139.54716000000002	35
139.54716000000002	49
139.74191775000003	38
139.9366755	49
140.13143325000001	35
140.13143325000001	49
140.32619100000002	38
140.32619100000002	49
140.51594875000004	49
140.70570650000002	35
140.70570650000002	49
140.89546425	38
141.08522200000002	49
141.28497975	35
141.28497975	49
141.4847375	38
141.4847375	49
141.88425300000003	47
141.981631875	38
142.07901075	38
142.176389625	38
142.27376850000002	38
142.46852625000002	35
142.66328400000003	35
142.66328400000003	49
144.33260600000003	35
144.33260600000003	49
145.93192800000006	35
145.93192800000006	49
146.33822450000005	47
146.74452100000005	38
146.84484512500006	38
146.94516925000005	38
147.04549337500006	38
147.14581750000002	38
147.24614162500004	35
147.54711400000005	35
147.54711400000005	49
147.95341050000005	38
148.0888426666667	38
148.22427483333337	38
148.35970700000004	47
148.49680583333335	47
148.6339046666667	47
148.77100350000006	47
148.77100350000006	47
149.18230000000005	35
149.18230000000005	49
150.81748600000006	38
150.81748600000006	49
151.21878250000006	38
151.21878250000006	49
151.62007900000006	38
151.62007900000006	49
151.81822725000006	38
151.91730137500005	38
152.01637550000004	35
152.41267200000004	35
152.41267200000004	49
154.08372800000004	38
154.18066900000005	38
154.27761000000007	38
154.37455100000005	38
154.47149200000004	38
154.56843300000003	38
154.66537400000004	38
154.76231500000003	38
154.85925600000004	38
154.95869700000006	38
155.05813800000004	47
155.15757900000006	47
155.25702000000004	47
155.35646100000005	47
155.45590200000004	47
155.55534300000005	47
155.65478400000006	35
155.65478400000006	49
157.27937600000004	38
157.27937600000004	38
157.48370000000006	35
157.68802400000004	35
157.89234800000006	47
157.89234800000006	47
158.09667200000004	35
158.29349600000006	35
158.49032000000005	47
158.49032000000005	47
158.68714400000005	47
158.88396800000007	35
158.88396800000007	49
160.49382400000005	38
160.49382400000005	38
160.69005600000006	38
160.78817200000006	38
160.88628800000006	38
161.08252000000005	35
161.27875200000005	35
161.27875200000005	47
161.27875200000005	47
161.47748400000006	47
161.67621600000007	35
161.67621600000007	47
161.67621600000007	47
161.87494800000005	47
161.87494800000005	47
162.07368000000005	35
162.07368000000005	42
162.48144400000004	42
162.68532600000003	35
162.88920800000005	38
162.88920800000005	42
163.28697200000005	42
163.48585400000005	35
163.68473600000004	35
163.68473600000004	42
163.88611800000007	38
164.08750000000006	42
164.28888200000006	35
164.49026400000005	42
164.69164600000005	35
164.89302800000004	38
164.89302800000004	42
165.09441000000004	38
165.29579200000006	35
165.29579200000006	42
165.49452400000007	38
165.69325600000008	42
165.89198800000005	35
166.09072000000006	38
166.09072000000006	42
166.47318400000006	42
166.66441600000005	35
166.85564800000006	35
166.85564800000006	42
167.05938000000006	38
167.2631120000001	42
167.46684400000007	35
167.67057600000007	42
167.86930800000007	35
168.06804000000008	38
168.06804000000008	42
168.26677200000006	38
168.46550400000007	35
168.46550400000007	42
168.66335275000006	38
168.86120150000008	42
169.05905025000007	35
169.25689900000006	38
169.25689900000006	42
169.64759650000005	42
169.84294525000004	35
170.03829400000004	35
170.03829400000004	42
170.23614275000006	38
170.43399150000005	42
170.63184025000004	35
170.82968900000006	42
171.03003775000005	35
171.23038650000007	38
171.23038650000007	42
171.43073525000005	38
171.63108400000007	35
171.63108400000007	42
171.82922500000006	38
172.02736600000006	42
172.22550700000008	35
172.42364800000007	38
172.42364800000007	42
172.81993000000006	35
172.81993000000006	49
173.01807100000005	38
173.11714150000006	38
173.21621200000004	38
173.40685300000007	38
173.50217350000005	38
173.59749400000007	38
173.78813500000007	35
173.97877600000007	47
174.17441700000006	47
174.37005800000009	47
174.56569900000008	47
174.76134000000008	35
174.76134000000008	49
174.96109775000008	38
175.16085550000005	49
175.36061325000006	35
175.36061325000006	49
175.56037100000006	38
175.56037100000006	49
175.75262875000007	49
175.94488650000005	35
175.94488650000005	49
176.13714425000006	38
176.13714425000006	49
176.32940200000007	49
176.52415975000005	35
176.52415975000005	49
176.71891750000006	38
176.71891750000006	49
176.91367525000007	49
177.10843300000008	35
177.10843300000008	49
177.30569075000005	35
177.30569075000005	49
177.50294850000006	38
177.50294850000006	49
177.70020625000006	35
177.70020625000006	49
177.89746400000007	35
177.89746400000007	49
178.09428025000008	38
178.09428025000008	49
178.2910965000001	49
178.4879127500001	35
178.4879127500001	49
178.6847290000001	38
178.6847290000001	49
178.8740452500001	49
179.0633615000001	35
179.0633615000001	49
179.2526777500001	38
179.2526777500001	49
179.44199400000008	49
179.6338102500001	35
179.6338102500001	49
179.82562650000008	38
179.82562650000008	49
180.0174427500001	49
180.2092590000001	35
180.2092590000001	49
180.4010752500001	35
180.4010752500001	49
180.59289150000006	38
180.59289150000006	49
180.78470775000008	35
180.78470775000008	49
180.97652400000007	35
180.97652400000007	49
181.17319050000006	38
181.17319050000006	49
181.36985700000008	49
181.56652350000007	35
181.56652350000007	49
181.76319000000007	38
181.76319000000007	49
181.9548565000001	49
182.1465230000001	35
182.1465230000001	49
182.33818950000008	38
182.33818950000008	49
182.52985600000008	49
182.72152250000008	35
182.72152250000008	49
182.91318900000007	38
182.91318900000007	49
183.10485550000007	49
183.29652200000007	35
183.29652200000007	49
183.4906885000001	35
183.4906885000001	49
183.68485500000008	38
183.68485500000008	49
183.87902150000008	35
183.87902150000008	49
184.07318800000007	35
184.07318800000007	49
184.26279600000007	38
184.4524040000001	49
184.64201200000008	35
184.64201200000008	49
184.83162000000007	38
184.83162000000007	49
185.0212280000001	49
185.21083600000009	35
185.21083600000009	49
185.40044400000008	38
185.5900520000001	49
185.7846600000001	35
185.7846600000001	49
185.97926800000008	38
185.97926800000008	49
186.1738760000001	49
186.36848400000008	47
186.56059200000007	38
186.65664600000008	38
186.7527000000001	38
186.94480800000008	35
187.13691600000007	35
187.13691600000007	49
187.5393650000001	38
187.74058950000008	35
187.74058950000008	49
187.94181400000005	38
188.03492625000007	38
188.12803850000006	38
188.22115075000008	38
188.31426300000007	47
188.4073752500001	47
188.50048750000008	47
188.59359975000007	47
188.68671200000009	35
188.68671200000009	49
189.05416100000008	38
189.23788550000006	35
189.23788550000006	49
189.61283450000008	35
189.80405900000008	38
189.99528350000008	38
190.09089575000007	38
190.1865080000001	35
190.1865080000001	49
190.57897200000008	38
190.77520400000006	35
190.77520400000006	49
190.97143600000007	47
191.06830200000007	38
191.16516800000008	38
191.3589000000001	38
191.45576600000007	38
191.55263200000007	38
191.74636400000009	35
191.74636400000009	49
192.1488280000001	42
192.55129200000007	42
192.9637560000001	42
193.37622000000007	35
193.37622000000007	49
194.41420875000006	47
194.62780650000005	47
194.8414042500001	35
195.0550020000001	35
195.0550020000001	49
195.49126100000007	49
195.7093905000001	35
195.9275200000001	38
195.9275200000001	49
196.3437790000001	49
196.55190850000005	35
196.76003800000007	35
196.76003800000007	49
196.96816750000008	38
197.17629700000006	49
197.38442650000007	35
197.5925560000001	49
197.79318550000008	35
197.9938150000001	47
197.9938150000001	49
198.1944445000001	47
198.39507400000008	35
198.39507400000008	49
198.82075400000005	49
199.03359400000008	35
199.24643400000008	38
199.24643400000008	49
199.64211400000008	49
199.83995400000006	35
200.03779400000005	35
200.03779400000005	49
200.45347400000006	49
200.6613140000001	38
200.86915400000007	49
201.07199400000007	35
201.27483400000008	38
201.27483400000008	38
201.68051400000007	35
201.68051400000007	49
202.10420250000007	49
202.31604675000008	35
202.5278910000001	38
202.5278910000001	49
202.93157950000008	49
203.13342375000008	35
203.33526800000007	35
203.33526800000007	49
203.53961225000006	38
203.74395650000008	49
203.94830075000007	35
204.1526450000001	49
204.35948925000008	35
204.56633350000007	38
204.56633350000007	49
204.98002200000008	35
204.98002200000008	49
205.39091750000006	42
205.59636525000008	35
205.80181300000007	38
205.80181300000007	42
206.1977085000001	42
206.3956562500001	38
206.59360400000008	42
206.7865517500001	35
206.9794995000001	47
207.07597337500005	47
207.26892112500008	47
207.36539500000006	47
207.56084275000006	47
207.75629050000006	47
208.1471860000001	35
208.1471860000001	49
208.55575050000007	42
208.76003275000008	35
208.96431500000008	38
208.96431500000008	42
209.36287950000008	42
209.56216175000006	38
209.76144400000007	42
209.95572625000008	35
210.15000850000007	47
210.27953000000008	47
210.4090515000001	35
210.5385730000001	47
210.6714278333334	47
210.80428266666675	35
210.9371375000001	47
210.9371375000001	47
211.33570200000008	35
211.33570200000008	49
211.74570750000007	42
211.9507102500001	35
212.15571300000008	38
212.15571300000008	42
212.55071850000007	42
212.74822125000009	38
212.9457240000001	42
213.1382267500001	35
213.3307295000001	38
213.3307295000001	42
213.52323225000006	35
213.61948362500007	38
213.71573500000008	38
213.91073775000007	35
214.00823912500007	38
214.10574050000008	38
214.49574600000008	35
214.49574600000008	49
214.89986150000007	42
215.10191925000007	35
215.30397700000006	38
215.30397700000006	42
215.69809250000006	38
215.79662137500006	38
215.89515025000006	38
215.99367912500006	38
216.09220800000006	38
216.88043900000005	38
217.16852562500006	38
217.26455450000006	38
217.4566122500001	38
217.6486700000001	35
217.6486700000001	49
217.84439250000008	42
218.0401150000001	38
218.0401150000001	42
218.2358375000001	35
218.2358375000001	42
218.4315600000001	35
218.4315600000001	42
218.6322825000001	42
218.8330050000001	38
218.8330050000001	42
219.03372750000008	35
219.03372750000008	42
219.23445000000007	42
219.43183650000006	35
219.43183650000006	42
219.62922300000005	38
219.62922300000005	42
219.82660950000007	42
220.02399600000007	35
220.02399600000007	42
220.21638250000007	35
220.21638250000007	42
220.40876900000006	38
220.40876900000006	42
220.60615550000009	35
220.60615550000009	42
220.80354200000008	35
220.80354200000008	49
220.99679650000007	42
221.1900510000001	38
221.1900510000001	42
221.3833055000001	35
221.3833055000001	42
221.57656000000006	35
221.57656000000006	42
221.78481450000007	42
221.99306900000008	38
221.99306900000008	42
222.18132350000008	35
222.18132350000008	42
222.36957800000008	42
222.56896450000008	35
222.56896450000008	42
222.76835100000008	38
222.76835100000008	42
222.9627375000001	42
223.1571240000001	35
223.1571240000001	42
223.3515105000001	35
223.3515105000001	42
223.54589700000008	38
223.54589700000008	42
223.7402835000001	35
223.7402835000001	42
223.9346700000001	35
223.9346700000001	49
224.12598950000006	42
224.31730900000008	38
224.31730900000008	42
224.5186285000001	35
224.5186285000001	42
224.7199480000001	35
224.7199480000001	42
224.92126750000008	42
225.1225870000001	38
225.1225870000001	42
225.3139065000001	35
225.3139065000001	42
225.5052260000001	42
225.7041280000001	35
225.7041280000001	42
225.9030300000001	38
225.9030300000001	42
226.0969320000001	42
226.2908340000001	35
226.2908340000001	42
226.4847360000001	35
226.4847360000001	42
226.6786380000001	38
226.6786380000001	42
226.8675400000001	35
226.8675400000001	42
227.05644200000012	35
227.05644200000012	49
227.25131100000013	42
227.4461800000001	38
227.4461800000001	42
227.64104900000012	42
227.8359180000001	35
227.8359180000001	42
228.0357870000001	35
228.0357870000001	42
228.23565600000012	38
228.23565600000012	42
228.4255250000001	42
228.61539400000012	35
228.61539400000012	49
228.71250975000012	38
228.80962550000012	38
228.9067412500001	38
229.0038570000001	38
229.0959727500001	38
229.1880885000001	38
229.2802042500001	38
229.37232000000012	47
229.4619357500001	47
229.5515515000001	38
229.6411672500001	38
229.73078300000012	38
229.82289875000012	38
229.91501450000013	38
230.0071302500001	38
230.0992460000001	35
230.0992460000001	49
230.2926650000001	42
230.48608400000012	38
230.48608400000012	42
230.6845030000001	35
230.6845030000001	42
230.8829220000001	35
230.8829220000001	42
231.0763410000001	42
231.2697600000001	38
231.2697600000001	42
231.45317900000012	35
231.45317900000012	42
231.6365980000001	42
231.8350170000001	35
231.8350170000001	42
232.0334360000001	38
232.0334360000001	42
232.22185500000012	42
232.41027400000013	35
232.41027400000013	42
232.6036930000001	35
232.6036930000001	42
232.7971120000001	38
232.7971120000001	42
232.99053100000012	35
232.99053100000012	42
233.18395000000012	35
233.18395000000012	42
233.37736900000013	42
233.5707880000001	38
233.5707880000001	42
233.7642070000001	35
233.7642070000001	42
233.95762600000012	35
233.95762600000012	42
234.15604500000012	42
234.35446400000012	38
234.35446400000012	42
234.5478830000001	35
234.5478830000001	42
234.7413020000001	42
234.9327875000001	35
234.9327875000001	42
235.1242730000001	38
235.1242730000001	42
235.3107585000001	42
235.4972440000001	35
235.4972440000001	42
235.6937295000001	35
235.6937295000001	42
235.8902150000001	38
235.8902150000001	42
236.0817005000001	35
236.0817005000001	42
236.2731860000001	35
236.2731860000001	49
236.4611220000001	42
236.6490580000001	38
236.6490580000001	42
236.8419940000001	35
236.8419940000001	42
237.03493000000012	35
237.03493000000012	42
237.2328660000001	42
237.43080200000009	38
237.43080200000009	42
237.6187380000001	35
237.6187380000001	42
237.8066740000001	42
238.0046100000001	35
238.0046100000001	42
238.2025460000001	38
238.2025460000001	42
238.3954820000001	42
238.5884180000001	35
238.5884180000001	42
238.7813540000001	35
238.7813540000001	42
238.97429000000008	38
238.97429000000008	42
239.1622260000001	35
239.1622260000001	42
239.3501620000001	35
239.3501620000001	42
239.5440640000001	42
239.73796600000009	38
239.73796600000009	42
239.9268680000001	42
240.11577000000008	35
240.11577000000008	42
240.31967200000008	35
240.31967200000008	42
240.52357400000008	38
240.52357400000008	42
240.7124760000001	42
240.9013780000001	35
240.9013780000001	49
241.0997970000001	35
241.1990065000001	38
241.2982160000001	38
241.39492550000008	38
241.4916350000001	38
241.5883445000001	38
241.6850540000001	38
241.7817635000001	38
241.8784730000001	38
241.9751825000001	38
242.0718920000001	47
242.1661015000001	47
242.26031100000012	47
242.3545205000001	47
242.4487300000001	35
242.4487300000001	49
242.65198450000008	38
242.8552390000001	49
243.0534935000001	35
243.0534935000001	49
243.25174800000008	38
243.25174800000008	49
243.4500025000001	49
243.6482570000001	35
243.6482570000001	49
243.83651150000009	38
243.83651150000009	49
244.02476600000008	49
244.22076700000008	35
244.22076700000008	49
244.4167680000001	38
244.4167680000001	49
244.6127690000001	49
244.8087700000001	35
244.8087700000001	49
245.0047710000001	35
245.0047710000001	49
245.2007720000001	38
245.2007720000001	49
245.3867730000001	35
245.3867730000001	49
245.5727740000001	35
245.5727740000001	49
245.7686110000001	38
245.9644480000001	49
246.1602850000001	35
246.1602850000001	49
246.35612200000008	38
246.35612200000008	49
246.5519590000001	49
246.7477960000001	35
246.7477960000001	49
246.9386330000001	38
246.9386330000001	49
247.1294700000001	49
247.3264385000001	35
247.3264385000001	49
247.5234070000001	38
247.5234070000001	49
247.7153755000001	49
247.9073440000001	35
247.9073440000001	49
248.0993125000001	35
248.0993125000001	49
248.2912810000001	38
248.2912810000001	49
248.47824950000012	35
248.47824950000012	49
248.66521800000012	35
248.66521800000012	49
248.86105500000014	38
249.05689200000012	49
249.25772900000013	35
249.25772900000013	49
249.4585660000001	38
249.4585660000001	49
249.6594030000001	49
249.86024000000012	35
249.86024000000012	49
250.04107700000012	38
250.04107700000012	49
250.2219140000001	49
250.41533300000012	35
250.41533300000012	49
250.60875200000012	38
250.60875200000012	49
250.8021710000001	49
250.9955900000001	35
250.9955900000001	49
251.1990090000001	35
251.1990090000001	49
251.40242800000013	38
251.40242800000013	49
251.59084700000014	35
251.59084700000014	49
251.77926600000012	35
251.77926600000012	49
251.97461950000013	38
252.1699730000001	49
252.37032650000012	35
252.37032650000012	49
252.57068000000012	38
252.57068000000012	49
252.7660335000001	49
252.96138700000012	35
252.96138700000012	49
253.1467405000001	38
253.3320940000001	49
253.5309960000001	35
253.5309960000001	49
253.7298980000001	38
253.7298980000001	49
253.9288000000001	49
254.1277020000001	47
254.31160400000013	38
254.4035550000001	38
254.4955060000001	38
254.6994080000001	35
254.90331000000012	35
254.90331000000012	49
256.5700600000001	35
256.5700600000001	49
258.20681000000013	35
258.20681000000013	49
258.61215850000013	47
259.01750700000014	38
259.22018125000017	38
259.32151837500015	38
259.42285550000014	38
259.5241926250001	35
259.82820400000014	35
259.82820400000014	49
260.23855250000014	38
260.3753353333335	38
260.5121181666668	35
260.64890100000014	47
260.78901716666684	47
260.9291333333335	47
261.0692495000001	47
261.2093656666668	47
261.34948183333347	47
261.4895980000001	35
261.4895980000001	49
261.9366440000002	49
262.1601670000001	35
262.3836900000001	38
262.3836900000001	49
262.7957360000001	49
263.20778200000007	35
263.20778200000007	49
263.4138050000001	38
263.6198280000001	49
263.8258510000001	35
264.03187400000013	49
264.2428970000001	35
264.4539200000001	38
264.4539200000001	49
264.6649430000001	38
264.8759660000001	35
264.8759660000001	49
265.28491300000013	49
265.48938650000014	35
265.69386000000014	38
265.69386000000014	49
266.10780700000015	49
266.5217540000001	35
266.5217540000001	49
266.7287275000001	47
266.9357010000001	49
267.1426745000001	35
267.3496480000001	49
267.5591215000001	35
267.7685950000001	47
267.7685950000001	47
267.9780685000001	35
268.1875420000001	35
268.1875420000001	49
268.6082885000001	49
268.8186617500001	35
269.02903500000014	38
269.02903500000014	49
269.4497815000001	49
269.6601547500001	35
269.8705280000001	35
269.8705280000001	49
270.07590125000013	38
270.2812745000001	49
270.4866477500001	35
270.6920210000001	49
270.8998942500001	35
271.10776750000014	38
271.10776750000014	38
271.3156407500001	38
271.5235140000001	35
271.5235140000001	42
271.9266635000001	42
272.1282382500001	35
272.3298130000001	38
272.3298130000001	42
272.7179625000001	42
272.91203725000014	38
273.1061120000001	42
273.3101867500001	35
273.5142615000001	38
273.6162988750001	38
273.7183362500001	38
273.82037362500006	38
273.9224110000001	38
274.2247731250001	47
274.3255605000001	47
274.52713525000013	35
274.7287100000001	35
274.7287100000001	49
275.1246605000001	42
275.3226357500001	35
275.5206110000001	38
275.5206110000001	42
275.9065615000001	42
276.0995367500001	38
276.2925120000001	42
276.4929872500001	35
276.6934625000001	38
276.8271126666668	38
276.96076283333343	47
277.0944130000001	47
277.2297298333334	38
277.3650466666668	38
277.5003635000001	38
277.5003635000001	38
277.90631400000007	35
277.90631400000007	49
278.3086635000001	42
278.50983825000003	35
278.71101300000004	38
278.71101300000004	42
279.0883625000001	42
279.2770372500001	38
279.46571200000005	42
279.66188675000006	35
279.8580615000001	38
279.98884466666675	38
280.1196278333334	47
280.2504110000001	47
280.3828608333334	47
280.5153106666667	35
280.64776050000006	38
280.64776050000006	38
281.0451100000001	35
281.0451100000001	49
281.44735950000006	42
281.6484842500001	35
281.8496090000001	38
281.8496090000001	42
282.2468585000001	35
282.2468585000001	42
282.5447956250001	38
282.6441080000001	38
284.2631060000001	38
284.2631060000001	49
284.6694545000001	42
285.0758030000001	38
285.0758030000001	42
285.4721515000001	42
285.67032575000013	38
285.8685000000001	42
286.0641742500001	35
286.2598485000001	42
286.4555227500001	35
286.65119700000014	42
286.8518712500001	35
287.0525455000001	38
287.0525455000001	42
287.25321975000014	38
287.4538940000001	38
287.4538940000001	49
287.6532695000001	38
287.8526450000001	42
288.0520205000001	35
288.2513960000001	38
288.2513960000001	49
288.64014700000007	35
288.64014700000007	49
288.8345225000001	38
288.9317102500001	38
289.0288980000001	38
289.1260857500001	38
289.22327350000006	38
289.3204612500001	38
289.4176490000001	38
289.5148367500001	38
289.6120245000001	38
289.70921225000006	38
289.8064000000001	47
289.9035877500001	47
290.0007755000001	47
290.0979632500001	47
290.19515100000007	47
290.2923387500001	47
290.3895265000001	47
290.4867142500001	47
290.5839020000001	35
290.5839020000001	42
290.98615150000006	42
291.1872762500001	35
291.3884010000001	38
291.3884010000001	42
291.7906505000001	42
291.9917752500001	35
292.19290000000007	35
292.19290000000007	49
292.3940247500001	38
292.5951495000001	42
292.79627425000007	35
292.9973990000001	42
293.1985237500001	35
293.39964850000007	38
293.39964850000007	42
293.6007732500001	38
293.8018980000001	35
293.8018980000001	42
294.2086465000001	42
294.4120207500001	35
294.6153950000001	38
294.6153950000001	42
295.0171435000001	42
295.2180177500001	35
295.41889200000014	35
295.41889200000014	42
295.6222662500001	38
295.82564050000013	42
296.0290147500001	35
296.2323890000001	42
296.4332632500001	35
296.6341375000001	38
296.6341375000001	42
296.83501175000015	38
297.0358860000001	35
297.0358860000001	42
297.2359110000001	38
297.43593600000014	42
297.6359610000001	35
297.8359860000001	38
297.8359860000001	42
298.23103600000013	42
298.4285610000001	35
298.6260860000001	35
298.6260860000001	42
298.8236110000001	38
299.0211360000001	42
299.2186610000001	35
299.4161860000001	42
299.61371100000014	35
299.8112360000001	38
299.8112360000001	42
300.0087610000001	38
300.2062860000001	35
300.2062860000001	42
300.4072110000001	38
300.60813600000006	42
300.8090610000001	35
301.0099860000001	38
301.0099860000001	42
301.40683600000006	35
301.40683600000006	49
301.6052610000001	38
301.70447350000006	38
301.8036860000001	38
302.00211100000007	38
302.1013235000001	38
302.20053600000006	38
302.3989610000001	35
302.5973860000001	47
302.79581100000007	47
302.99423600000006	47
303.1926610000001	47
303.3910860000001	35
303.3910860000001	49
303.59701100000007	38
303.80293600000005	49
304.0088610000001	35
304.0088610000001	49
304.21478600000006	38
304.21478600000006	49
304.40571100000005	49
304.59663600000005	35
304.59663600000005	49
304.7875610000001	38
304.7875610000001	49
304.9784860000001	49
305.1794110000001	35
305.1794110000001	49
305.38033600000006	38
305.38033600000006	49
305.5812610000001	49
305.7821860000001	35
305.7821860000001	49
305.98061100000007	35
305.98061100000007	49
306.17903600000005	38
306.17903600000005	49
306.3774610000001	49
306.5758860000001	35
306.5758860000001	49
306.7754612500001	38
306.7754612500001	49
306.9750365000001	49
307.17461175000005	35
307.17461175000005	49
307.37418700000006	38
307.37418700000006	49
307.5662622500001	49
307.7583375000001	35
307.7583375000001	49
307.9504127500001	38
307.9504127500001	49
308.14248800000007	49
308.3395632500001	35
308.3395632500001	49
308.5366385000001	38
308.5366385000001	49
308.7337137500001	49
308.9307890000001	35
308.9307890000001	49
309.1253642500001	35
309.1253642500001	49
309.3199395000001	38
309.3199395000001	49
309.5145147500001	49
309.7090900000001	35
309.7090900000001	49
309.9034655000001	38
309.9034655000001	49
310.09784100000013	49
310.2922165000001	35
310.2922165000001	49
310.48659200000014	38
310.48659200000014	49
310.6809675000001	49
310.8753430000001	35
310.8753430000001	49
311.06971850000014	38
311.06971850000014	49
311.2640940000001	49
311.4584695000001	35
311.4584695000001	49
311.6528450000001	38
311.6528450000001	49
311.8472205000001	49
312.04159600000014	35
312.04159600000014	49
312.2359715000001	49
312.4303470000001	38
312.4303470000001	49
312.62472250000013	35
312.62472250000013	49
312.8190980000001	35
312.8190980000001	49
313.0175737500001	38
313.2160495000001	49
313.4145252500001	35
313.4145252500001	49
313.6130010000001	38
313.6130010000001	49
313.8014767500001	49
313.98995250000013	35
313.98995250000013	49
314.1784282500001	38
314.3669040000001	49
314.5628797500001	35
314.5628797500001	49
314.7588555000001	38
314.7588555000001	49
314.9548312500001	49
315.1508070000001	47
315.3417827500001	38
315.4372706250001	38
315.5327585000001	38
315.7237342500001	35
315.9147100000001	35
315.9147100000001	49
316.3203350000001	38
316.5231475000001	35
316.5231475000001	49
316.7259600000001	38
316.8198662500001	38
316.9137725000001	38
317.0076787500001	38
317.1015850000001	47
317.1954912500001	47
317.2893975000001	47
317.3833037500001	47
317.4772100000001	35
317.4772100000001	49
317.8678350000001	38
318.0631475000001	35
318.0631475000001	49
318.4512725000001	38
318.4512725000001	38
318.7404912500001	47
318.7404912500001	47
319.0297100000001	35
319.0297100000001	49
319.4249725000001	38
319.6226037500001	35
319.6226037500001	49
320.0253662500001	47
320.2304975000001	38
320.4356287500001	38
320.5381943750001	38
320.6407600000001	35
320.6407600000001	49
322.7620680000001	35
322.7620680000001	49
325.0013040000001	35
325.0013040000001	49
325.55641500000013	35
325.55641500000013	49
326.1115260000001	35
326.1115260000001	49
326.2868653333334	35
326.2868653333334	49
326.46220466666676	35
326.46220466666676	49
326.6375440000001	35
326.6375440000001	49
326.8128833333334	35
326.8128833333334	49
326.98822266666673	35
326.98822266666673	49
327.16356200000007	35
327.16356200000007	49
327.32723466666675	35
327.32723466666675	49
327.49090733333344	35
327.49090733333344	49
327.65458000000007	35
327.65458000000007	49
327.8182526666667	35
327.8182526666667	49
327.9819253333334	35
327.9819253333334	49
328.14559800000006	35
328.14559800000006	49
328.31684800000005	35
328.31684800000005	49
328.48809800000004	35
328.48809800000004	49
328.6572073750001	35
328.6572073750001	49
328.8305980000001	35
328.8305980000001	49
328.99970737500007	35
328.99970737500007	49
329.1730980000001	35
329.1730980000001	49
329.3231195000001	35
329.3231195000001	49
329.4731410000001	35
329.4731410000001	49
329.6231625000001	35
329.6231625000001	49
329.7731840000001	35
329.7731840000001	49
329.9232055000001	35
329.9232055000001	49
330.0732270000001	35
330.0732270000001	49
330.22634183333344	35
330.22634183333344	49
330.3794566666667	35
330.3794566666667	49
330.5325715000001	35
330.5325715000001	49
330.6856863333334	35
330.6856863333334	49
330.83880116666677	35
330.83880116666677	49
330.99191600000006	35
330.99191600000006	49
331.16512587500006	35
331.16512587500006	49
331.3190902083334	35
331.3190902083334	49
331.4923000833334	35
331.4923000833334	49
331.68475550000005	35
331.68475550000005	49
331.91570200000007	35
331.91570200000007	49
332.2151944375001	35
332.2151944375001	49
332.47031762500006	35
332.47031762500006	49
332.7143485000001	35
332.7143485000001	49
332.9805640000001	35
332.9805640000001	49
333.2402112812501	35
333.2402112812501	49
333.52458687500007	35
333.52458687500007	49
333.7718700000001	35
333.7718700000001	49
334.1675230000001	35
334.1675230000001	49