10.816752000000001	35
11.753445000000001	42
12.650138	35
13.556831	38
14.433524	35
15.309318	42
16.175112000000002	35
17.050906	38
17.9267	35
18.81397	42
19.711239999999997	35
20.598509999999997	38
21.48578	35
22.373049999999996	42
23.25032	35
24.147589999999997	38
25.04486	35
25.933013	42
26.811165999999997	35
27.699319	38
28.587471999999998	35
29.482383000000002	42
30.337294	35
31.212204999999997	38
32.087116	35
32.957035	42
33.846954	35
34.746872999999994	38
35.636792	35
36.554656	42
37.45252	35
38.350384000000005	38
39.248248000000004	35
39.248248000000004	49
40.170525000000005	49
41.062802000000005	35
41.062802000000005	49
41.965079	38
41.965079	49
42.857356	35
42.857356	49
43.753454000000005	49
44.669552	35
44.669552	49
45.54565	38
45.54565	49
46.441748000000004	35
46.441748000000004	49
47.361088	49
48.260428000000005	35
48.260428000000005	49
49.169768000000005	38
49.169768000000005	49
50.079108000000005	35
50.079108000000005	49
50.98991000000001	49
51.870712000000005	35
51.870712000000005	49
52.77151400000001	38
52.77151400000001	49
53.652316000000006	35
53.652316000000006	49
54.55135200000001	49
55.44038800000001	35
55.44038800000001	49
56.32942400000001	38
56.32942400000001	49
57.19846000000001	35
57.19846000000001	49
58.10396400000001	49
58.97946800000001	35
58.97946800000001	49
59.86497200000001	38
59.86497200000001	49
60.74047600000001	35
60.74047600000001	49
61.655980000000014	49
62.55148400000001	35
62.55148400000001	49
63.41698800000001	38
63.41698800000001	49
63.859740000000016	35
63.859740000000016	49
66.9196	38
67.379118	35
67.83863600000001	35
67.83863600000001	42
68.29624350000002	42
68.753851	38
68.753851	42
69.1914585	42
69.62906600000001	35
69.62906600000001	42
70.08667350000002	42
70.544281	38
70.544281	42
70.9818885	42
71.41949600000001	35
71.41949600000001	42
71.8753175	42
72.33113900000001	38
72.33113900000001	42
72.7769605	42
73.22278200000001	35
73.22278200000001	42
73.6686035	42
74.11442500000001	38
74.11442500000001	42
74.55524650000001	42
74.77565725000001	35
74.99606800000001	35
74.99606800000001	42
75.43972400000001	42
75.88338	38
75.88338	42
76.317036	42
76.53386400000001	35
76.750692	35
76.750692	42
77.20434800000001	42
77.658004	38
77.658004	42
78.09666	42
78.53531600000001	35
78.53531600000001	42
78.98762700000002	42
79.439938	38
79.439938	42
79.882249	42
80.32456	35
80.32456	42
80.76187100000001	42
81.19918200000001	38
81.19918200000001	42
81.42033750000002	42
81.64149300000001	42
81.86264850000002	35
82.08380400000001	35
82.08380400000001	42
82.52625950000001	42
82.968715	38
82.968715	42
83.4011705	42
83.83362600000001	35
83.83362600000001	42
84.27108150000002	42
84.70853700000002	38
84.70853700000002	42
85.14099250000001	42
85.57344800000001	35
85.57344800000001	42
86.01443450000001	42
86.45542100000002	38
86.45542100000002	42
86.8914075	42
87.32739400000001	35
87.32739400000001	42
87.77838050000001	42
88.22936700000002	38
88.22936700000002	42
88.44986025000001	35
88.67035350000002	35
88.67035350000002	42
89.11134000000001	35
89.11134000000001	42
89.5554165	42
89.99949300000002	38
89.99949300000002	42
90.4335695	42
90.86764600000001	35
90.86764600000001	42
91.3217225	42
91.775799	38
91.775799	42
92.21987550000001	42
92.44191375000001	35
92.66395200000001	35
92.66395200000001	42
93.0999385	42
93.535925	38
93.535925	42
93.98191150000001	42
94.42789800000001	42
94.86888450000001	47
94.86888450000001	47
95.30987100000002	47
95.52786425000001	47
95.7458575	47
95.96385075	35
96.181844	35
96.181844	49
96.641659	49
97.101474	38
97.101474	49
97.551289	49
98.001104	35
98.001104	49
98.450919	49
98.900734	38
98.900734	49
99.350549	49
99.80036399999999	35
99.80036399999999	49
100.24708899999999	49
100.69381399999999	38
100.69381399999999	49
101.14053899999999	49
101.58726399999999	35
101.58726399999999	49
102.03398899999999	49
102.48071399999999	38
102.48071399999999	49
102.922439	49
103.364164	35
103.364164	49
103.8229515	49
104.28173899999999	38
104.28173899999999	49
104.7305265	49
105.179314	35
105.179314	49
105.6331015	49
106.086889	38
106.086889	49
106.5406765	49
106.99446400000001	35
106.99446400000001	49
107.45265800000001	49
107.910852	38
107.910852	49
108.349046	49
108.568143	35
108.78724	35
108.78724	49
109.220434	35
109.220434	49
109.65362800000001	38
109.65362800000001	49
110.091822	35
110.091822	49
110.530016	35
110.530016	49
110.98674100000001	49
111.443466	38
111.443466	49
111.885191	49
112.32691600000001	35
112.32691600000001	49
112.78864100000001	49
113.25036600000001	38
113.25036600000001	49
113.68709100000001	49
114.123816	35
114.123816	49
114.569658	49
115.0155	38
115.0155	49
115.456342	49
115.89718400000001	35
115.89718400000001	49
116.34302600000001	49
116.78886800000001	38
116.78886800000001	49
117.00928900000001	35
117.22971000000001	35
117.22971000000001	49
117.67055200000001	35
117.67055200000001	49
118.12639400000002	49
118.58223600000001	38
118.58223600000001	49
119.03807800000001	49
119.49392000000002	35
119.49392000000002	49
119.92476200000002	49
120.35560400000001	38
120.35560400000001	38
120.796446	35
120.796446	49
128.33898000000002	35
128.33898000000002	49
129.24830400000002	42
130.12762800000002	42
130.976952	42
131.856276	35
131.856276	49
132.768249	42
133.660222	42
134.522195	42
135.38416800000002	35
135.38416800000002	49
136.25819600000003	42
137.15222400000002	42
138.02625200000003	42
138.88028000000003	35
138.88028000000003	49
139.80254200000005	42
140.69480400000003	42
141.31150050000002	47
141.51706600000003	38
141.51706600000003	38
142.36932800000002	35
142.36932800000002	49
143.26335600000004	38
143.26335600000004	42
143.69537	42
144.127384	35
144.127384	42
144.56939800000004	42
145.01141200000004	38
145.01141200000004	42
145.44342600000002	42
145.87544000000003	35
145.87544000000003	42
146.31392250000005	42
146.75240500000004	38
146.75240500000004	42
147.18588750000004	42
147.61937000000003	35
147.61937000000003	42
148.04785250000003	35
148.04785250000003	42
148.47633500000003	38
148.47633500000003	42
148.69307625000002	35
148.90981750000003	35
148.90981750000003	42
149.34330000000003	35
149.34330000000003	42
149.78266550000006	42
150.22203100000004	38
150.22203100000004	42
150.65639650000006	42
150.87357925000003	35
151.09076200000004	35
151.09076200000004	42
151.52012750000003	35
151.52012750000003	42
151.94949300000002	38
151.94949300000002	42
152.16417575000003	35
152.37885850000004	35
152.37885850000004	42
152.80822400000002	35
152.80822400000002	49
154.572832	49
155.45013600000001	49
156.33744000000004	49
158.86553200000003	38
158.86553200000003	38
159.29021400000002	47
159.29021400000002	47
159.71489600000004	35
159.71489600000004	49
160.16142850000003	42
160.60796100000002	38
160.60796100000002	42
161.04949350000004	42
161.49102600000003	35
161.49102600000003	42
161.93755850000005	42
162.38409100000004	38
162.38409100000004	42
162.81562350000004	42
163.24715600000005	35
163.24715600000005	42
163.69537550000007	42
164.14359500000006	38
164.14359500000006	42
164.57681450000004	42
165.01003400000005	35
165.01003400000005	42
165.45325350000007	42
165.89647300000004	38
165.89647300000004	42
166.11308275000005	42
166.32969250000002	42
166.54630225000002	35
166.76291200000003	35
166.76291200000003	42
167.20047000000002	42
167.63802800000002	38
167.63802800000002	42
168.07558600000002	42
168.51314400000004	35
168.51314400000004	42
168.95070200000004	42
169.38826000000003	38
169.38826000000003	42
169.82081800000003	42
170.25337600000003	35
170.25337600000003	42
170.70325150000005	42
171.15312700000004	38
171.15312700000004	42
171.59300250000004	42
171.81294025000005	35
172.03287800000004	35
172.03287800000004	42
172.47275350000004	35
172.47275350000004	42
172.91262900000004	38
172.91262900000004	42
173.13006675000005	42
173.3475045	42
173.56494225000003	35
173.78238000000002	35
173.78238000000002	42
174.20966950000002	42
174.63695900000002	38
174.63695900000002	42
175.06924850000004	42
175.50153800000004	35
175.50153800000004	42
175.91382750000002	42
176.32611700000004	38
176.32611700000004	38
176.75340650000004	47
176.75340650000004	47
177.18069600000004	35
177.18069600000004	49
178.03991200000004	35
178.03991200000004	49
178.89912800000005	35
178.89912800000005	49
179.76834400000004	38
179.76834400000004	38
180.62756000000002	35
180.62756000000002	49
181.07912450000003	42
181.53068900000002	38
181.53068900000002	42
181.9572535	42
182.38381800000002	35
182.38381800000002	42
182.8253825	42
183.26694700000002	38
183.26694700000002	42
183.48022925000004	35
183.6935115	35
183.6935115	42
184.120076	35
184.120076	42
184.56140349999998	35
184.56140349999998	42
185.002731	38
185.002731	42
185.4240585	42
185.63472225	38
185.845386	42
186.05354975	35
186.2617135	35
186.2617135	42
186.46987725000002	38
186.678041	38
186.88120475000002	38
187.08436850000004	47
187.28753225	47
187.490696	35
187.490696	49
187.93524150000002	49
188.379787	38
188.379787	49
188.8143325	49
189.24887800000002	35
189.24887800000002	49
189.69842350000005	49
190.14796900000002	38
190.14796900000002	49
190.5775145	49
191.00706000000002	35
191.00706000000002	49
191.45428650000005	49
191.90151300000002	38
191.90151300000002	49
192.3287395	49
192.75596600000003	35
192.75596600000003	49
193.19319250000004	49
193.63041900000002	38
193.63041900000002	49
193.84903225000002	35
194.06764550000003	35
194.06764550000003	49
194.50487200000003	35
194.50487200000003	49
194.95905500000006	49
195.41323800000004	38
195.41323800000004	49
195.85242100000002	49
196.29160400000004	35
196.29160400000004	49
196.73578700000002	49
197.17997000000003	38
197.17997000000003	49
197.39956150000003	35
197.61915300000004	35
197.61915300000004	49
198.05833600000003	35
198.05833600000003	49
198.51092500000004	49
198.963514	38
198.963514	49
199.396103	49
199.82869200000002	35
199.82869200000002	49
200.246281	35
200.246281	49
200.66387	38
200.66387	49
200.8776645	35
201.09145900000001	35
201.09145900000001	49
201.51904800000003	35
201.51904800000003	49
201.97425600000005	49
202.42946400000002	38
202.42946400000002	49
202.86967200000004	49
203.30988000000002	35
203.30988000000002	49
203.75008800000003	49
204.19029600000002	38
204.19029600000002	49
204.40540000000004	35
204.620504	35
204.620504	49
205.050712	35
205.050712	49
205.485288	49
205.91986400000002	38
205.91986400000002	49
206.34944000000002	49
206.779016	35
206.779016	49
207.213592	49
207.64816800000003	38
207.64816800000003	49
207.86545600000002	35
208.08274400000002	35
208.08274400000002	49
208.51732	35
208.51732	49
208.96189600000002	49
209.40647200000004	38
209.40647200000004	49
209.84604800000002	49
210.285624	35
210.285624	49
210.7152	49
211.14477600000004	38
211.14477600000004	38
211.57935200000003	35
211.57935200000003	49