87.41997852708333	49
88.97170152708333	49
91.44104152708331	49
92.93771752708331	49
95.45217752708331	49
96.4873625270833	42
96.4873625270833	49
97.5225475270833	49
98.56773252708331	42
98.56773252708331	49
99.59291752708332	49
100.61822352708332	42
100.61822352708332	49
101.64352952708332	49
102.66883552708332	42
102.66883552708332	49
103.71414152708333	49
104.72815552708333	42
104.72815552708333	49
105.72216952708332	49
106.71618352708332	42
106.71618352708332	49
107.74019752708332	49
108.74644952708333	42
108.74644952708333	49
109.74270152708333	49
110.48989052708332	49
110.73895352708331	42
110.73895352708331	49
111.74520552708331	49
112.77216352708332	49
113.78912152708331	49
114.76607952708332	49
115.77303752708332	49
116.77082152708331	49
117.77860552708333	49
119.77417352708332	49
121.81502752708333	49
123.83588152708332	35
123.83588152708332	49
124.62436627708331	47
124.62436627708331	47
124.88719452708331	47
124.88719452708331	47
125.13502277708332	35
125.38285102708332	35
125.38285102708332	49
126.35916402708332	47
126.35916402708332	47
126.83982052708332	42
127.09014877708331	35
127.34047702708331	47
127.34047702708331	47
127.84113352708331	35
127.84113352708331	49
128.5789782770833	47
128.8249265270833	47
128.8249265270833	47
129.0758747770833	35
129.32682302708332	35
129.32682302708332	49
130.3156160270833	47
130.3156160270833	47
130.5590642770833	47
130.8025125270833	42
130.8025125270833	47
131.03596077708332	47
131.26940902708333	47
131.26940902708333	47
131.5028572770833	47
131.73630552708332	35
131.73630552708332	49
132.2423755270833	42
132.74844552708333	38
132.74844552708333	42
133.2395155270833	42
133.73058552708332	35
133.73058552708332	42
134.2266555270833	42
134.7227255270833	38
134.7227255270833	42
135.2187955270833	42
135.7148655270833	35
135.7148655270833	42
136.2112885270833	42
136.7077115270833	38
136.7077115270833	42
137.2041345270833	42
137.7005575270833	35
137.7005575270833	42
138.20198052708332	42
138.7034035270833	38
138.7034035270833	42
139.1898265270833	42
139.6762495270833	35
139.6762495270833	42
140.18908402708334	42
140.7019185270833	38
140.7019185270833	42
141.1897530270833	42
141.67758752708332	35
141.67758752708332	42
142.1754220270833	42
142.6732565270833	38
142.6732565270833	42
143.1710910270833	42
143.4200082770833	35
143.6689255270833	35
143.6689255270833	42
144.15341202708333	42
144.6378985270833	38
144.6378985270833	42
145.11738502708332	42
145.59687152708332	35
145.59687152708332	42
146.07635802708333	42
146.5558445270833	38
146.5558445270833	42
147.0253310270833	42
147.4948175270833	35
147.4948175270833	42
147.9913005270833	42
148.4877835270833	38
148.4877835270833	42
148.9792665270833	42
149.4707495270833	35
149.4707495270833	42
149.97223252708332	42
150.47371552708333	38
150.47371552708333	42
150.9451985270833	42
151.4166815270833	35
151.4166815270833	42
151.9180435270833	42
152.4194055270833	38
152.4194055270833	42
152.9257675270833	42
153.4321295270833	35
153.4321295270833	42
153.9334915270833	42
154.4348535270833	38
154.4348535270833	42
154.9362155270833	42
155.4375775270833	49
157.3819775270833	49
164.7649365270833	47
164.7649365270833	47
165.2504215270833	47
165.4931640270833	47
165.7359065270833	47
165.7359065270833	47
166.2213915270833	47
166.2213915270833	47
166.4641340270833	47
166.7068765270833	35
166.7068765270833	47
167.1923615270833	35
167.1923615270833	49
167.68625352708332	42
168.1801455270833	38
168.1801455270833	42
168.68403752708332	42
169.1879295270833	35
169.1879295270833	42
169.6868215270833	42
170.1857135270833	38
170.1857135270833	42
170.6796055270833	42
171.17349752708333	35
171.17349752708333	42
171.65786302708332	42
172.14222852708335	38
172.14222852708335	42
172.62159402708332	42
173.10095952708332	35
173.10095952708332	42
173.60032502708336	42
174.09969052708334	38
174.09969052708334	42
174.59405602708333	42
175.08842152708334	35
175.08842152708334	42
175.58984452708333	42
176.09126752708332	38
176.09126752708332	42
176.57769052708335	42
177.06411352708335	35
177.06411352708335	42
177.57053652708333	42
178.07695952708332	38
178.07695952708332	42
178.56338252708335	42
179.04980552708335	35
179.04980552708335	42
179.54023002708334	42
180.03065452708336	38
180.03065452708336	42
180.52107902708335	42
180.76629127708335	35
181.01150352708336	35
181.01150352708336	42
181.51692802708337	42
182.02235252708334	38
182.02235252708334	42
182.26506477708335	35
182.50777702708334	35
182.50777702708334	42
182.99320152708333	35
182.99320152708333	49
184.00040152708334	35
184.00040152708334	42
184.95760152708334	35
184.95760152708334	49
185.94480152708334	35
185.94480152708334	49
186.94200152708333	35
186.94200152708333	49
187.80147902708333	49
187.92426152708333	35
187.92426152708333	49
188.90652152708333	35
188.90652152708333	49
190.86104152708333	35
190.86104152708333	49
192.8891915270833	35
192.8891915270833	49
194.90734152708333	35
194.90734152708333	49
194.90734152708333	49
195.66812427708334	47
195.66812427708334	47
195.92171852708333	47
195.92171852708333	47
196.16781277708333	35
196.41390702708333	35
196.41390702708333	49
197.39328402708333	47
197.39328402708333	47
197.88047252708336	42
198.12156677708336	35
198.12156677708336	47
198.36266102708333	47
198.36266102708333	47
198.60375527708334	35
198.84484952708334	35
198.84484952708334	49
198.84484952708334	49
199.55860652708336	47
199.79652552708336	47
199.79652552708336	47
200.03944452708336	35
200.28236352708336	35
200.28236352708336	49
201.25903952708336	47
201.25903952708336	47
201.74987752708336	42
201.99279652708336	47
202.23571552708336	47
202.23571552708336	47
202.47863452708336	35
202.72155352708336	35
202.72155352708336	49
203.22509302708335	49
203.72863252708336	38
203.72863252708336	49
204.22217202708336	49
204.46894177708336	35
204.71571152708336	35
204.71571152708336	49
205.22425102708337	49
205.73279052708338	38
205.73279052708338	49
206.22633002708335	49
206.71986952708335	35
206.71986952708335	49
207.21029402708334	49
207.70071852708335	38
207.70071852708335	49
208.19114302708334	49
208.68156752708336	35
208.68156752708336	49
209.17199202708335	49
209.66241652708334	38
209.66241652708334	49
209.90762877708335	35
210.15284102708335	35
210.15284102708335	49
210.64326552708334	35
210.64326552708334	49
211.14533252708335	49
211.64739952708334	38
211.64739952708334	49
212.14446652708335	49
212.64153352708334	35
212.64153352708334	49
213.14360052708335	49
213.64566752708336	38
213.64566752708336	49
214.14773452708334	49
214.39876802708335	35
214.64980152708335	35
214.64980152708335	49
215.14731402708335	49
215.64482652708335	38
215.64482652708335	49
216.13233902708333	49
216.37609527708335	35
216.61985152708334	35
216.61985152708334	49
217.09580852708336	47
217.09580852708336	47
217.57176552708336	42
217.81224402708335	47
218.05272252708335	47
218.29320102708334	35
218.53367952708334	35
218.53367952708334	49
219.51247252708333	35
219.51247252708333	49
220.47126552708335	35
220.47126552708335	49
221.46005852708333	35
221.46005852708333	49
222.43885152708336	35
222.43885152708336	49
223.43058752708336	35
223.43058752708336	49
224.41232352708337	35
224.41232352708337	49
226.39579552708338	49
228.37273152708337	49
230.35966752708336	35
230.35966752708336	49
230.35966752708336	49
231.07216752708337	47
231.30966752708338	47
231.30966752708338	47
231.55466752708335	35
231.79966752708336	35
231.79966752708336	49
231.79966752708336	49
232.76466752708336	47
232.76466752708336	47
233.23966752708336	42
233.47716752708337	47
233.71466752708338	47
233.71466752708338	47
233.95216752708336	35
234.18966752708337	35
234.18966752708337	49
234.18966752708337	49
234.90678077708338	47
235.14581852708338	47
235.14581852708338	47
235.38485627708337	35
235.62389402708337	35
235.62389402708337	49
236.58004502708337	47
236.58004502708337	47
237.05812052708336	42
237.29715827708338	47
237.53619602708338	47
237.77523377708337	35
238.01427152708337	35
238.01427152708337	49
238.51287152708335	42
239.01147152708336	38
239.01147152708336	42
239.50507152708335	42
239.75187152708335	35
239.99867152708336	35
239.99867152708336	42
240.50227152708337	42
241.00587152708337	38
241.00587152708337	42
241.48947152708334	42
241.97307152708336	35
241.97307152708336	42
242.45996802708336	42
242.94686452708336	38
242.94686452708336	42
243.43376102708336	42
243.92065752708336	47
244.28582990208335	47
244.77272640208335	47
244.89445052708336	47
245.25587290208335	47
245.61729527708337	35
245.85824352708337	35
245.85824352708337	49
245.85824352708337	49
246.35854702708338	42
246.85885052708338	38
246.85885052708338	42
247.35915402708338	42
247.85945752708338	35
247.85945752708338	42
248.36476102708338	42
248.87006452708337	38
248.87006452708337	42
249.36536802708338	42
249.61301977708337	35
249.86067152708338	35
249.86067152708338	42
250.35968452708337	42
250.85869752708336	38
250.85869752708336	42
251.34771052708336	42
251.59221702708336	35
251.83672352708336	35
251.83672352708336	42
252.3307365270834	42
252.82474952708338	38
252.82474952708338	42
253.0642560270834	35
253.30376252708336	35
253.30376252708336	42
253.78277552708337	35
253.78277552708337	42
254.27602252708337	42
254.76926952708337	38
254.76926952708337	42
255.26251652708336	42
255.50914002708336	35
255.75576352708336	35
255.75576352708336	42
256.2590105270834	42
256.76225752708336	38
256.76225752708336	42
257.24550452708337	42
257.4871280270834	35
257.7287515270834	35
257.7287515270834	42
258.23209002708336	42
258.73542852708334	38
258.73542852708334	42
259.2287670270834	42
259.47543627708336	35
259.7221055270834	35
259.7221055270834	42
260.2204440270834	42
260.71878252708336	38
260.71878252708336	42
261.21212102708336	38
261.21212102708336	38
261.7054595270834	35
261.7054595270834	49
263.6923955270834	35
263.6923955270834	49
265.7030095270834	35
265.7030095270834	49
270.2032055270834	47
270.2032055270834	47
271.1835975270834	47
271.1835975270834	47
272.1689895270834	47
272.1689895270834	47
273.1543815270834	47
273.1543815270834	47
273.64457752708336	35
273.64457752708336	49
273.64457752708336	49
274.14957752708335	42
274.65457752708335	38
274.65457752708335	42
275.39707752708335	35
275.64457752708336	35
275.64457752708336	42
276.14457752708336	42
276.64457752708336	38
276.64457752708336	42
277.37957752708337	35
277.6245775270834	35
277.6245775270834	42
278.1274120270834	42
278.6302465270834	38
278.6302465270834	42
279.12308102708334	42
279.3694982770834	35
279.61591552708336	35
279.61591552708336	42
280.11375002708337	42
280.6115845270834	38
280.6115845270834	42
280.85550177708336	35
281.0994190270834	35
281.0994190270834	42
281.5872535270834	35
281.5872535270834	42
282.0975570270834	42
282.6078605270834	38
282.6078605270834	42
283.1081640270834	42
283.3583157770834	35
283.6084675270834	35
283.6084675270834	42
284.1087710270834	42
284.6090745270834	38
284.6090745270834	42
285.0993780270834	42
285.34452977708344	35
285.5896815270834	35
285.5896815270834	42
286.0844605270834	42
286.5792395270834	38
286.5792395270834	42
287.0640185270834	42
287.3064080270834	35
287.5487975270834	35
287.5487975270834	42
287.7886870270834	47
288.02857652708343	49
288.50835552708344	47
288.74824502708344	47
288.98813452708345	47
289.22802402708345	35
289.46791352708345	35
289.46791352708345	49
289.46791352708345	49
290.43876252708344	35
290.43876252708344	49
291.43961152708346	35
291.43961152708346	49
292.42046052708343	35
292.42046052708343	49
293.40130952708347	35
293.40130952708347	49
294.3934495270835	35
294.3934495270835	49
295.3855895270835	49
297.33680752708347	35
297.33680752708347	49
299.37366952708345	42
301.3705315270835	35
301.3705315270835	49
301.3705315270835	49
302.11486602708345	47
302.36297752708344	47
302.36297752708344	47
302.60858902708344	35
302.8542005270835	35
302.8542005270835	49
302.8542005270835	49
303.8316465270835	47
303.8316465270835	47
304.3178695270835	42
304.5484810270835	35
304.5484810270835	47
304.5484810270835	47
304.7790925270835	35
304.7790925270835	47
304.7790925270835	47
305.0097040270835	35
305.0097040270835	47
305.2403155270835	35
305.2403155270835	49
305.2403155270835	49
305.96781552708353	47
306.2103155270835	47
306.2103155270835	47
306.4503155270835	35
306.6903155270835	35
306.6903155270835	49
306.6903155270835	49
307.6503155270835	47
307.6503155270835	47
308.1303155270835	42
308.1303155270835	47
308.3678155270835	47
308.6053155270835	47
308.84281552708353	35
309.0803155270835	35
309.0803155270835	49
309.0803155270835	49
310.0803155270835	35
310.0803155270835	49
310.0803155270835	49
311.0903155270835	35
311.0903155270835	49
311.0903155270835	49
312.0803155270835	35
312.0803155270835	49
312.0803155270835	49
313.11017552708347	35
313.11017552708347	49
313.11017552708347	49
314.18816852708346	35
314.18816852708346	49
314.18816852708346	49
315.3481715270835	35
315.3481715270835	49
315.3481715270835	49
317.1444350270835	49
317.21927933958347	49
317.2941236520835	49
317.3689679645835	49
317.44381227708345	49
317.5186565895835	49
317.59350090208346	49
317.6683452145835	49
317.7431895270835	49
317.8180338395835	49
317.8928781520835	49
317.96772246458346	49
318.0425667770835	49
318.11741108958347	49
318.1922554020835	49
318.2670997145835	49
318.34194402708346	49
318.4167883395835	49
318.49163265208347	49
318.5664769645835	49
318.6413212770835	49
318.71616558958345	49
318.7910099020835	49
319.24007577708346	49
319.3149200895835	49
319.3897644020835	49
319.4646087145835	49
319.5394530270835	49
319.61429733958346	49
319.6891416520835	49
319.76398596458347	49
319.8388302770835	49
319.9136745895835	49
319.98851890208346	49
320.0633632145835	49
320.13820752708347	49
343.25846552708344	35
343.25846552708344	49
343.25846552708344	49
343.76597802708346	49
344.2734905270834	38
344.2734905270834	49
344.77100302708345	49
345.01975927708344	35
345.2685155270834	35
345.2685155270834	49
345.76602802708345	49
346.2635405270834	38
346.2635405270834	49
346.75105302708346	49
346.99480927708345	35
347.23856552708344	35
347.23856552708344	49
347.7305625270834	49
348.22255952708343	38
348.22255952708343	49
348.7080630270834	49
349.1935665270834	47
349.4385682770834	47
349.4385682770834	47
349.6835700270834	35
349.9285717770834	35
350.1735735270834	47
350.1735735270834	47
350.67557102708344	47
350.67557102708344	47
351.17756852708345	35
351.17756852708345	49
351.17756852708345	49
352.22256852708347	35
352.22256852708347	49
352.22256852708347	49
353.34156852708344	35
353.34156852708344	49
353.34156852708344	49
354.4845745270834	35
354.4845745270834	49
354.4845745270834	49
355.7775935270834	35
355.7775935270834	49
355.7775935270834	49
357.27545021458343	49
357.36473590208345	49
357.4540215895834	49
357.54330727708344	49
357.6325929645834	49
357.72187865208343	49
357.81116433958346	49
357.9004500270834	49
357.98973571458345	49
358.0790214020834	49
358.16830708958344	49
358.2575927770834	49
358.3468784645834	49
358.70723552708347	42
358.79973552708344	42
358.89223552708347	42
358.98473552708344	42
359.0772355270835	42
359.16973552708345	42
359.2622355270835	42
359.35473552708345	42
359.4472355270835	42
359.53973552708345	42
359.6322355270835	42
359.72473552708345	42
359.8172355270835	42
359.90973552708346	42
360.47473552708345	42
361.3297355270834	49
361.42473552708344	49
361.5197355270834	49
361.61473552708344	49
361.7097355270834	49
361.80473552708344	49
361.8997355270834	49
361.99473552708344	49
362.0897355270834	49
362.18473552708343	49