9.891853333333334	38
9.963348	38
10.182832000000001	35
10.402316	35
10.402316	49
10.611375	38
10.820434	35
10.959806666666667	38
11.029493	38
11.238552	35
11.447611	38
11.65667	35
11.796042666666667	38
11.865729	38
12.074788	35
12.211192333333333	38
12.279394499999999	38
12.415798833333334	38
12.484001	35
12.623738666666666	38
12.6936075	38
12.903214	35
13.1128205	38
13.322427	35
13.465498	38
13.537033500000001	38
13.75164	35
13.9529555	38
14.154271	35
14.3605865	38
14.566902	35
14.778217500000002	38
14.989533	35
15.127076666666667	38
15.1958485	38
15.402164	35
15.6040275	38
15.805891	35
16.0227545	38
16.239618	35
16.4464815	38
16.653345	35
16.870208500000004	35
16.870208500000004	38
17.087072	35
17.292777	38
17.498482000000003	35
17.635618666666666	38
17.704186999999997	38
17.909892	35
18.120597	38
18.331302	35
18.471772	38
18.542006999999998	38
18.752712	35
18.958417	38
19.164122	35
19.369827	38
19.575532	35
19.786237	38
19.996942	35
20.137412	38
20.207647	35
20.207647	38
20.418352	35
20.6235695	38
20.828787	35
20.965598666666665	38
21.034004499999998	38
21.239221999999998	35
21.444439499999998	38
21.649656999999998	35
21.786468666666664	38
21.854874499999998	38
22.060091999999997	35
22.266407499999996	38
22.472723	35
22.60693333333333	38
22.674038499999998	38
22.875353999999994	35
23.091669499999995	35
23.091669499999995	38
23.307984999999995	35
23.307984999999995	38
27.077487999999995	35
27.077487999999995	49
27.539871999999995	38
27.751063999999996	38
27.962255999999996	35
27.962255999999996	49
28.595831999999994	38
28.807023999999995	35
28.807023999999995	49
29.444073999999993	38
29.656423999999994	35
29.656423999999994	49
29.868773999999995	38
30.01034066666666	38
30.081123999999996	38
30.288473999999997	38
30.495823999999992	35
30.698298499999993	38
30.90077299999999	35
31.10324749999999	38
31.305721999999992	35
31.51819649999999	38
31.73067099999999	35
31.865653999999992	38
31.933145499999995	38
32.135619999999996	35
32.34138599999999	38
32.547152	35
32.68766266666666	38
32.75791799999999	38
32.968683999999996	35
33.17444999999999	38
33.380216	35
33.52406	38
33.59598199999999	38
33.811747999999994	35
34.015806999999995	38
34.21986599999999	35
34.42892499999999	38
34.63798399999999	35
34.842043	38
35.04610199999999	35
35.18547466666666	38
35.255160999999994	38
35.46421999999999	35
35.673278999999994	38
35.88233799999999	35
36.09139699999999	38
36.30045599999999	35
36.499514999999995	38
36.69857399999999	35
36.83794666666665	38
36.90763299999999	38
37.116691999999986	35
37.329104499999985	38
37.54151699999999	35
37.74892949999999	38
37.95634199999999	35
38.16375449999999	38
38.37116699999999	35
38.57857949999999	38
38.78599199999999	35
38.98175799999999	38
39.17752399999999	35
39.388289999999984	38
39.59905599999999	35
39.80482199999999	38
40.01058799999999	35
40.14776533333332	38
40.21635399999999	38
40.35353133333332	38
40.422119999999985	35
40.62788599999999	38
40.83365199999999	35
41.03941799999999	38
41.24518399999999	35
41.45594999999999	38
41.666715999999994	35
41.80389333333333	38
41.87248199999999	38
42.078247999999995	35
42.281209499999996	38
42.48417099999999	35
42.6871325	38
42.89009399999999	35
43.10305549999999	35
43.10305549999999	38
43.31601699999999	35
43.31601699999999	38
43.52397849999999	38
43.62795924999999	38
43.73193999999999	35
43.73193999999999	38
43.942644999999985	38
44.15334999999999	38
44.364054999999986	38
44.57475999999999	38
44.78546499999999	38
44.996169999999985	38
45.20687499999999	38
45.312227499999985	38
45.41757999999999	35
45.41757999999999	38
45.63438249999999	35
45.851184999999994	35
46.06298749999999	35
46.27478999999999	35
46.48159249999999	35
46.688394999999986	35
46.905197499999986	35
46.905197499999986	38
47.013598749999986	38
47.12199999999999	38
47.32880249999999	38
47.53560499999999	38
47.75240749999999	38
47.96920999999999	38
48.181012499999994	38
48.39281499999999	38
48.60461749999999	38
48.816419999999994	38
49.02822249999999	35
49.02822249999999	42
49.45182749999999	35
49.45182749999999	38
49.66362999999999	35
49.66362999999999	38
49.87043249999999	38
50.07723499999999	38
50.29403749999999	38
50.40243874999999	38
50.510839999999995	35
50.510839999999995	38
50.72764249999999	42
50.836043749999995	38
50.94444499999999	42
51.04784624999999	38
51.1512475	42
51.25464874999999	38
51.35804999999999	42
51.463951249999994	38
51.56985249999999	42
51.67575374999999	38
51.78165499999999	35
51.78165499999999	42
51.88505624999999	38
51.98845749999999	35
51.98845749999999	42
52.09185874999999	38
52.19525999999998	35
52.19525999999998	42
52.297868749999985	38
52.40047749999999	35
52.40047749999999	42
52.50308624999998	38
52.60569499999998	35
52.60569499999998	42
52.708303749999985	38
52.810912499999986	35
52.810912499999986	42
52.91352124999998	38
53.01612999999998	35
53.01612999999998	42
53.12123874999998	38
53.22634749999999	35
53.22634749999999	42
53.43656499999999	38
53.53917374999999	38
53.64178249999999	38
53.744391249999985	38
53.84699999999999	35
53.84699999999999	49
54.05221749999999	38
54.25743499999999	35
54.467652499999986	38
54.677869999999984	35
54.88308749999999	38
55.088304999999984	35
55.22178333333332	38
55.28852249999999	38
55.488739999999986	35
55.69889599999998	38
55.90905199999999	35
56.04582266666666	38
56.114207999999984	38
56.31936399999998	35
56.46280133333331	38
56.534519999999986	35
56.534519999999986	38
56.74967599999999	35
56.74967599999999	38
60.56881199999998	35
60.56881199999998	49
61.42918599999998	35
61.42918599999998	49
62.06946649999998	38
62.27955999999998	35
62.27955999999998	49
62.71206599999998	35
62.71206599999998	38
63.072487666666646	38
63.144571999999975	35
63.144571999999975	38
63.350824999999986	47
63.55707799999998	38
63.76333099999999	38
63.86645749999998	38
63.96958399999998	35
63.96958399999998	49
64.17699649999997	38
64.38440899999998	35
64.58682149999999	38
64.78923399999998	35
64.99664649999998	38
65.20405899999999	35
65.34233399999998	38
65.41147149999999	38
65.61888399999998	35
65.82355249999998	38
66.02822099999997	35
66.23788949999998	38
66.44755799999997	35
66.65222649999997	38
66.85689499999997	35
67.06656349999997	38
67.06656349999997	49
67.27623199999998	35
67.48309549999998	38
67.68995899999997	35
67.82786799999998	38
67.89682249999998	38
68.10368599999998	35
68.31054949999998	38
68.51741299999998	35
68.72427649999997	38
68.93113999999998	35
69.13025999999998	38
69.32937999999999	35
69.53349999999998	38
69.73761999999998	35
69.93673999999999	38
70.13586	35
70.34997999999999	38
70.34997999999999	49
70.56409999999998	35
70.76541549999999	38
70.96673099999998	35
71.17304649999998	38
71.37936199999997	35
71.58567749999997	38
71.79199299999998	35
71.99830849999998	38
72.20462399999998	35
72.40819549999998	38
72.61176699999999	35
72.81533849999998	38
73.01890999999998	35
73.14795766666666	38
73.2124815	38
73.40605299999999	35
73.54843399999999	38
73.61962449999997	38
73.76200549999999	38
73.83319599999999	35
73.83319599999999	49
73.96891033333331	38
74.03676749999998	38
74.24033899999998	35
74.37605333333332	38
74.44391049999999	38
74.64748199999998	35
74.84605349999998	38
75.044625	35
75.24819649999999	38
75.45176799999999	35
75.65972949999998	38
75.867691	35
76.00299866666666	38
76.0706525	38
76.27361399999998	35
76.48657549999997	35
76.48657549999997	38
76.69953699999999	35
76.69953699999999	38
77.12545999999998	35
77.12545999999998	38
77.34335949999998	38
77.56125899999998	38
77.77415849999998	38
77.91609149999998	38
77.98705799999998	35
77.98705799999998	38
78.19495749999999	38
78.40285699999997	38
78.61075649999998	38
78.74935616666664	38
78.81865599999999	35
78.81865599999999	38
79.03106849999999	38
79.24348099999997	38
79.38175599999998	38
79.45089349999998	38
79.58916849999999	38
79.65830599999998	35
79.65830599999998	38
79.79658099999997	38
79.86571849999999	38
80.07313099999998	38
80.21140599999998	35
80.41881849999999	38
80.48795599999998	35
80.48795599999998	38
80.69427149999999	38
80.90058699999999	38
81.11190249999999	38
81.25277949999999	38
81.32321799999998	35
81.32321799999998	38
81.52953349999999	38
81.73584899999999	38
81.94216449999999	38
82.07970816666665	38
82.14847999999999	35
82.14847999999999	38
82.344185	38
82.53988999999999	38
82.75059499999999	38
82.891065	38
82.9613	35
82.9613	38
83.17700499999998	35
83.17700499999998	38
83.39271	35
83.39271	38
83.608415	38
83.75221833333332	38
83.82412	35
83.82412	38
84.03482499999998	38
84.24552999999999	38
84.45623499999999	38
84.59670499999999	38
84.66693999999998	35
84.66693999999998	38
84.87264499999999	38
85.07835	38
85.28905499999999	38
85.429525	38
85.49976	35
85.49976	38
85.71162349999999	38
85.92348699999998	38
86.13035049999999	38
86.26825949999998	38
86.33721399999999	35
86.33721399999999	38
86.54907749999998	35
86.54907749999998	38
86.76094099999999	38
86.9728045	38
87.11404683333333	38
87.184668	35
87.184668	38
87.3915315	38
87.598395	38
87.8052585	38
87.9431675	38
88.01212199999999	35
88.01212199999999	38
88.2189855	38
88.425849	38
88.63771249999999	38
88.77895483333332	38
88.84957599999998	35
88.84957599999998	38
89.05686549999999	38
89.26415499999999	38
89.47644449999999	38
89.61797083333332	38
89.68873399999998	35
89.68873399999998	38
89.83359366666664	38
89.90602349999999	35
89.90602349999999	38
90.12331299999998	38
90.3356025	38
90.47712883333332	38
90.54789199999999	35
90.54789199999999	38
90.74756049999998	38
90.94722899999998	35
91.15189749999999	38
91.35656599999999	35
91.56123449999998	38
91.76590299999998	35
91.90901533333331	38
91.9805715	35
91.9805715	38
92.19523999999998	35
92.19523999999998	38
93.84454	35
94.053049	38
94.261558	35
94.470067	38
94.67857599999999	35
94.887085	38
95.09559399999999	35
95.23793333333333	38
95.309103	35
95.309103	38
95.52261199999998	35
95.52261199999998	38
96.79000899999998	38
96.79000899999998	38
97.00290849999999	35
97.215808	35
97.215808	49
97.42486699999999	38
97.633926	35
97.77329866666666	38
97.842985	38
97.98235766666666	38
98.052044	35
98.26110299999999	38
98.470162	35
98.60953466666666	38
98.679221	38
98.81859366666666	38
98.88828	35
99.099533	35
99.099533	38
99.310786	35
99.310786	38
99.52703899999999	35
99.52703899999999	38
99.74329199999998	35
99.74329199999998	49
99.95454499999998	38
100.09538033333332	38
100.16579799999998	38
100.37705099999998	38
100.51788633333332	38
100.58830399999998	35
100.58830399999998	38
100.79461949999998	38
101.00093499999998	35
101.13514533333331	38
101.20225049999999	38
101.40356599999998	35
101.60988149999999	38
101.81619699999999	35
101.95374066666666	38
102.02251249999999	38
102.228828	35
102.4351435	38
102.64145899999998	35
102.77566933333333	38
102.84277449999998	38
103.04408999999998	35
103.26040549999999	35
103.26040549999999	42
103.47672099999998	35
103.47672099999998	38
106.88859999999998	47
106.88859999999998	47
107.32769199999998	35
107.32769199999998	49
108.17928999999998	35
108.17928999999998	49
109.02088799999999	35
109.02088799999999	38
109.37114799999999	47
109.44119999999998	35
109.44119999999998	38
109.79145999999999	38
109.86151199999999	35
109.86151199999999	47
110.081668	35
110.081668	47
110.301824	38
110.50197999999999	38
110.63541733333332	38
110.70213599999998	35
110.70213599999998	49
110.90345149999999	38
111.104767	35
111.3110825	38
111.51739799999999	35
111.72371349999999	38
111.93002899999999	35
112.070906	38
112.14134449999999	38
112.35265999999999	35
112.55732849999998	38
112.69377416666666	38
112.76199699999998	35
112.76199699999998	38
112.96666549999999	38
113.10311116666665	38
113.17133399999999	35
113.17133399999999	38
113.37600249999998	38
113.51244816666666	38
113.58067099999998	35
113.58067099999998	38
113.7903395	38
113.7903395	42
114.000008	35
114.208517	38
114.41702599999999	35
114.625535	38
114.83404399999999	35
115.03755299999999	38
115.24106199999999	35
115.380068	38
115.44957099999999	38
115.65807999999998	35
115.85939549999999	38
115.99360583333332	38
116.060711	35
116.060711	38
116.2670265	38
116.40457016666666	38
116.47334199999999	35
116.47334199999999	38
116.67465749999998	38
116.80886783333332	38
116.87597299999999	35
116.87597299999999	38
117.0922885	38
117.0922885	42
117.30860399999999	35
117.51436999999999	38
117.72013599999998	35
117.925902	38
118.13166799999999	35
118.33743399999999	38
118.54319999999998	35
118.74896599999998	38
118.95473199999999	35
119.15940049999999	38
119.36406899999999	35
119.50051466666666	38
119.5687375	38
119.70518316666666	38
119.773406	35
119.773406	38
119.90985166666665	38
119.97807449999999	38
120.11452016666667	38
120.18274299999999	35
120.18274299999999	38
120.31918866666666	38
120.3874115	38
120.52385716666666	38
120.59208	35
120.59208	49
120.72299733333334	38
120.788456	38
120.91937333333334	38
120.98483200000001	35
120.98483200000001	38
121.191208	38
121.397584	35
121.59895999999999	38
121.800336	35
122.001712	38
122.203088	35
122.4076945	38
122.612301	35
122.74870533333333	38
122.8169075	38
123.021514	35
123.23612050000001	35
123.23612050000001	38
123.450727	35
123.450727	38
123.6653335	38
123.77263674999999	38
123.87993999999999	38
124.0972295	38
124.31451899999999	38
124.5318085	38
124.74909799999999	38
124.9663875	38
125.18367699999999	38
125.4009665	38
125.61825599999999	35
125.83225249999998	35
126.04624899999999	35
126.26024549999998	35
126.47424199999999	35
126.47424199999999	38
126.68823849999998	35
126.68823849999998	38
126.90223499999999	35
126.90223499999999	38
127.11623149999998	35
127.11623149999998	38
127.33022799999999	35
127.33022799999999	38
127.54422449999998	38
127.75822099999999	38
127.9722175	38
128.186214	38
128.4052105	38
128.62420699999998	38
128.8332035	38
129.0422	38
129.25448949999998	35
129.25448949999998	38
129.25448949999998	42
129.68906850000002	35
129.911358	35
129.911358	38
130.12364749999998	38
130.22979224999997	38
130.335937	38
130.55822650000002	42
130.66937125	38
130.780516	35
130.780516	42
130.88199675	38
130.9834775	42
131.08495824999997	38
131.18643899999998	35
131.18643899999998	42
131.29291974999998	38
131.3994005	42
131.50588125000002	38
131.61236200000002	35
131.61236200000002	42
131.71634275	38
131.8203235	42
131.92430425	38
132.028285	35
132.028285	42
132.13226575000002	38
132.2362465	35
132.2362465	42
132.34022725	38
132.444208	35
132.444208	42
132.54849375	38
132.6527795	35
132.6527795	42
132.75706524999998	38
132.86135099999998	35
132.86135099999998	42
132.96063675	38
133.0599225	35
133.0599225	42
133.15920825	38
133.258494	35
133.258494	42
133.36027975	38
133.4620655	35
133.4620655	42
133.56385125	38
133.665637	35
133.665637	38
133.76742275	38
133.8692085	35
133.8692085	38
133.97099425	38
134.07278	35
134.07278	49
134.20959166666665	38
134.2779975	38
134.41480916666666	38
134.483215	35
134.483215	38
134.62336	38
134.6934325	38
134.8335775	35
134.8335775	38
134.90365	38
135.04046166666666	38
135.10886749999997	38
135.24567916666666	38
135.31408499999998	35
135.31408499999998	38
135.44756333333333	38
135.51430249999999	38
135.71452	35
135.91857899999997	38
136.12263799999997	35
136.2586773333333	38
136.32669699999997	38
136.530756	35
136.749815	35
136.749815	38
136.749815	42
136.968874	35
136.968874	38
136.968874	42
137.386992	35
137.386992	38
137.598245	38
137.809498	38
138.02575099999999	38
138.24200399999998	35
138.24200399999998	38
138.44825699999998	38
138.65451	38
138.865763	38
139.077016	35
139.077016	38
139.27887949999996	38
139.48074299999996	38
139.69760649999998	38
139.91446999999997	35
139.91446999999997	38
140.1213335	38
140.328197	38
140.5450605	38
140.68963616666665	38
140.761924	35
140.761924	38
140.96653049999998	38
141.171137	38
141.38074349999997	38
141.59034999999997	35
141.59034999999997	38
141.79995649999998	38
142.00956299999999	38
142.21916949999996	38
142.42877599999997	35
142.42877599999997	38
142.63063949999997	38
142.83250299999997	38
143.02436649999996	38
143.15227549999997	38
143.21622999999997	35
143.21622999999997	38
143.43309349999998	35
143.43309349999998	38
143.649957	35
143.649957	38
143.8668205	38
144.01139616666663	38
144.08368399999998	35
144.08368399999998	38
144.28993699999998	38
144.49618999999998	38
144.70744299999998	38
144.84827833333333	38
144.91869599999998	35
144.91869599999998	38
145.05953133333333	38
145.12994899999998	38
145.34120199999998	38
145.55245499999998	38
145.69329033333332	38
145.76370799999998	35
145.76370799999998	38
145.978864	38
146.19401999999997	38
146.40417599999998	38
146.54427999999996	38
146.61433199999996	35
146.61433199999996	38
146.82448799999997	38
147.03464399999996	38
147.24479999999997	38
147.38490399999998	38
147.45495599999998	35
147.45495599999998	38
147.6629175	38
147.87087899999997	38
148.07884049999998	38
148.2174815	38
148.286802	35
148.286802	38
148.49476349999998	38
148.702725	38
148.91068649999997	38
149.04932749999998	38
149.11864799999998	35
149.11864799999998	38
149.3254505	38
149.53225299999997	38
149.7290555	38
149.86025716666666	38
149.92585799999998	35
149.92585799999998	38
150.1476605	38
150.369463	38
150.5812655	38
150.72246716666666	38
150.793068	35
150.793068	38
151.0048705	38
151.14607216666667	38
151.216673	38
151.35787466666667	38
151.4284755	38
151.56967716666665	38
151.640278	35
151.640278	38
151.8520805	38
151.99328216666666	38
152.063883	38
152.20175133333333	38
152.27068549999998	38
152.40855383333331	38
152.47748799999997	35
152.47748799999997	38
152.68929049999997	38
152.83049216666663	38
152.90109299999997	38
153.04229466666663	38
153.11289549999998	38
153.25409716666664	38
153.32469799999998	35
153.32469799999998	38
153.4625663333333	38
153.5315005	38
153.66936883333332	38
153.73830299999997	38
153.882838	38
153.95510549999997	38
154.0996405	38
154.17190799999997	35
154.17190799999997	38
154.31018299999997	38
154.37932049999998	38
154.51759549999997	38
154.58673299999998	35
154.58673299999998	38
154.7283413333333	38
154.7991455	38
154.94075383333333	38
155.01155799999998	35
155.01155799999998	38
155.149833	38
155.21897049999998	38
155.3572455	38
155.426383	35
155.426383	38
155.56465799999998	38
155.6337955	38
155.77207049999998	38
155.841208	35
155.841208	38
155.97761233333333	38
156.04581449999998	38
156.1822188333333	38
156.250421	35
156.250421	38
156.39015866666665	38
156.46002749999997	38
156.59976516666663	38
156.66963399999997	35
156.66963399999997	38
156.81270499999997	38
156.8842405	38
157.0273115	38
157.098847	35
157.098847	38
157.23858466666667	38
157.30845349999998	38
157.44819116666667	38
157.51806	35
157.51806	49
157.72437549999998	38
157.930691	35
158.06823466666665	38
158.13700649999998	38
158.343322	35
158.54463749999996	38
158.745953	35
158.88349666666664	38
158.95226849999997	38
159.15858399999996	35
159.36654549999997	38
159.50518649999995	38
159.57450699999995	35
159.57450699999995	38
159.71314799999996	38
159.78246849999996	38
159.92110949999997	38
159.99042999999998	35
159.99042999999998	38
160.20839149999998	35
160.20839149999998	38
160.20839149999998	42
160.42635299999998	35
160.42635299999998	38
160.42635299999998	42
160.63931449999995	38
160.7812888333333	38
160.85227599999996	35
161.05304199999998	38
161.25380799999996	35
161.45957399999998	38
161.66533999999996	35
161.87110599999997	38
162.07687199999998	35
162.21738266666662	38
162.28763799999996	38
162.49840399999997	35
162.49840399999997	38
162.49840399999997	38
163.65473833333328	38
163.72275799999997	38
163.936817	35
164.15087599999998	35
164.15087599999998	49
164.35719149999997	38
164.563507	35
164.76482249999995	38
164.8990328333333	38
164.96613799999997	35
164.96613799999997	38
165.17245349999996	38
165.30999716666662	38
165.37876899999998	35
165.37876899999998	38
165.52297933333332	38
165.59508449999998	35
165.59508449999998	38
165.7392948333333	38
165.81139999999996	35
165.81139999999996	38
167.24560849999997	38
167.24560849999997	42
167.451924	35
167.6621415	38
167.872359	35
168.0725765	38
168.272794	35
168.47801149999998	38
168.68322899999998	35
168.82004066666667	38
168.8884465	38
169.02525816666665	38
169.093664	35
169.29936899999996	38
169.50507399999998	35
169.64221066666664	38
169.71077899999997	38
169.84791566666664	38
169.91648399999997	35
169.91648399999997	38
170.056954	38
170.127189	35
170.127189	38
170.33789399999998	35
170.33789399999998	38
170.779304	35
170.779304	49
171.411419	38
171.62212399999999	35
171.62212399999999	49
172.26423899999998	38
172.48494399999998	35
172.48494399999998	49
172.6845505	38
172.88415700000002	38
173.0987635	38
173.31337	35
173.31337	49
173.5229765	38
173.62777975	38
173.732583	35
173.732583	38
173.83488624999998	38
173.9371895	35
173.9371895	47
174.03949275	47
174.141796	35
174.141796	49
174.98119599999998	35
174.98119599999998	49
175.840596	38
175.943479	38
176.04636200000002	38
176.149245	38
176.252128	35
176.252128	47
176.457894	38
176.66366	47
176.80083733333333	38
176.869426	35
176.869426	47
177.07519200000002	38
177.275958	47
177.40980199999998	38
177.476724	35
177.476724	49
177.6831	38
177.889476	35
178.02372666666668	38
178.090852	38
178.29222800000002	35
178.498604	38
178.70498	35
178.83589733333335	38
178.901356	38
179.097732	35
179.3057545	38
179.513777	35
179.64912533333333	38
179.7167995	38
179.919822	35
180.13284449999998	35
180.13284449999998	38
180.13284449999998	42
180.345867	35
180.345867	38
180.345867	42