30.855626000000008	35
30.855626000000008	47
30.855626000000008	47
31.0009045	47
31.0009045	47
31.146183	42
31.2964615	35
31.2964615	47
31.44674	47
49.18498200000001	35
49.18498200000001	38
49.18498200000001	49
49.47069500000001	35
49.74640800000002	35
49.74640800000002	38
49.74640800000002	38
50.03212100000001	42
50.30783400000001	35
50.30783400000001	38
50.30783400000001	38
50.60354700000001	42
50.889260000000014	35
50.889260000000014	38
50.889260000000014	38
51.174973000000016	42
51.45068600000001	35
51.45068600000001	38
51.45068600000001	38
51.74639900000002	35
51.74639900000002	42
52.03211200000001	35
52.03211200000001	38
52.03211200000001	38
52.30782500000001	35
52.30782500000001	42
52.59353800000001	35
52.59353800000001	38
52.59353800000001	38
52.87925100000001	35
52.87925100000001	42
53.02210750000001	47
53.16496400000001	35
53.16496400000001	47
53.44067700000001	35
53.44067700000001	42
53.72639000000001	38
53.72639000000001	38
58.28832000000002	35
58.28832000000002	47
58.28832000000002	47
58.44049950000001	47
58.44049950000001	47
58.59267900000001	42
58.734858500000016	35
58.734858500000016	49
58.87703800000001	35
58.87703800000001	38
58.87703800000001	49
60.02447400000001	47
61.167352000000015	47
62.31567200000001	47
63.46399200000001	47
64.60231200000001	47
65.72063200000002	47
66.88895200000002	47
68.02727200000001	47
69.16559200000002	47
70.29847000000004	47
71.44590600000001	47
72.59334200000002	47
73.74077800000002	47
74.86821400000001	47
76.02565000000001	47
76.59436800000002	35
76.59436800000002	49
76.59436800000002	49
76.73154750000002	35
76.73154750000002	42
76.86872700000002	35
76.86872700000002	42
77.01090650000002	35
77.01090650000002	42
77.15308600000002	38
77.15308600000002	38
77.43744500000003	42
77.72180400000002	35
77.72180400000002	42
77.86398350000002	35
77.86398350000002	42
78.00616300000002	35
78.00616300000002	42
78.14834250000001	35
78.14834250000001	42
78.29052200000002	38
78.29052200000002	38
78.58488100000001	42
78.84924000000001	35
78.84924000000001	42
78.9964195	35
78.9964195	42
79.14359900000002	35
79.14359900000002	42
79.28577850000002	35
79.28577850000002	42
79.42795800000002	38
79.42795800000002	38
79.722317	42
79.98667600000002	35
79.98667600000002	42
80.13385550000002	35
80.13385550000002	42
80.28103500000002	35
80.28103500000002	42
80.42321450000001	35
80.42321450000001	42
80.56539400000001	38
80.56539400000001	38
80.71257350000002	47
80.85975300000001	47
80.85975300000001	49
81.00193250000001	49
81.144112	35
81.144112	42
81.144112	49
81.2862915	35
81.2862915	42
81.42847100000002	35
81.42847100000002	42
81.57065050000001	35
81.57065050000001	42
81.71283000000001	38
81.71283000000001	38
82.28154800000002	35
82.28154800000002	42
82.42372750000001	35
82.42372750000001	42
82.56590700000001	35
82.56590700000001	42
82.70808650000001	35
82.70808650000001	42
82.850266	38
82.850266	38
83.13462500000001	35
83.13462500000001	42
83.41898400000001	35
83.41898400000001	42
83.56616350000002	35
83.56616350000002	42
83.71334300000001	35
83.71334300000001	42
83.8505225	35
83.8505225	42
83.98770200000001	38
83.98770200000001	38
84.28206100000001	42
84.55642	35
84.55642	42
84.70065100000001	35
84.70065100000001	42
84.844882	35
84.844882	42
84.989113	35
84.989113	42
85.13334400000001	38
85.13334400000001	38
85.277575	38
85.277575	42
85.421806	35
85.421806	38
85.421806	42
85.710268	35
85.710268	42
85.854499	35
85.854499	42
85.99873000000001	35
85.99873000000001	42
86.142961	35
86.142961	42
86.287192	38
86.287192	38
86.575654	42
86.86411600000001	35
86.86411600000001	42
87.003347	35
87.003347	42
87.14257800000001	35
87.14257800000001	42
87.286809	35
87.286809	42
87.43104000000001	38
87.43104000000001	38
87.57527100000001	35
87.719502	42
88.00796400000002	35
88.00796400000002	42
88.15150400000002	35
88.15150400000002	42
88.29504400000002	35
88.29504400000002	42
88.44358400000002	35
88.44358400000002	42
88.59212400000001	38
88.59212400000001	38
88.88920399999999	42
89.15628400000003	35
89.15628400000003	42
89.30846350000002	35
89.30846350000002	42
89.46064299999999	35
89.46064299999999	42
89.59282250000001	35
89.59282250000001	42
89.72500200000002	38
89.72500200000002	38
90.019361	35
90.019361	42
90.29372000000001	35
90.29372000000001	42
90.43589950000002	35
90.43589950000002	42
90.57807900000002	35
90.57807900000002	42
90.72025850000001	35
90.72025850000001	42
90.86243800000003	38
90.86243800000003	38
91.176797	42
91.441156	35
91.441156	42
91.5840125	35
91.5840125	42
91.72686900000001	35
91.72686900000001	42
91.8697255	35
91.8697255	42
92.01258200000001	38
92.01258200000001	38
92.29829500000001	35
92.29829500000001	42
92.58400800000001	35
92.58400800000001	49
92.85972100000002	42
93.00757750000001	35
93.155434	38
93.155434	42
93.441147	35
93.441147	42
93.72686	35
93.72686	42
94.012573	35
94.012573	42
94.15542950000001	38
94.298286	38
94.44114250000001	38
94.583999	38
94.72185550000002	47
94.85971200000002	35
94.85971200000002	49
95.14542500000002	42
95.44113800000001	35
95.44113800000001	38
95.44113800000001	42
95.72685100000001	42
96.01256400000001	35
96.01256400000001	38
96.01256400000001	42
96.30827700000002	42
96.59399000000002	35
96.59399000000002	38
96.59399000000002	42
96.889703	42
97.14541600000003	35
97.14541600000003	38
97.14541600000003	42
97.45112900000001	42
97.73684200000001	35
97.73684200000001	38
97.73684200000001	42
98.02255500000001	35
98.02255500000001	42
98.29826800000001	35
98.29826800000001	38
98.29826800000001	42
98.58398100000001	35
98.58398100000001	42
98.7268375	35
98.86969400000001	35
98.86969400000001	38
98.86969400000001	42
99.14540700000002	35
99.14540700000002	42
99.43112000000002	35
99.43112000000002	38
99.43112000000002	49
99.72615600000002	42
100.01119200000001	38
100.01119200000001	42
100.306228	42
100.433746	35
100.433746	42
100.56126400000002	35
100.56126400000002	49
100.85630000000002	35
100.85630000000002	49
101.14133600000002	38
101.14133600000002	42
101.42637200000001	35
101.42637200000001	49
101.72140800000001	42
101.99644400000003	35
102.27148000000001	38
102.27148000000001	42
102.55651600000002	35
102.55651600000002	42
102.69903400000001	38
102.84155200000002	35
102.84155200000002	38
102.84155200000002	42
102.98407000000002	38
103.12658800000001	35
103.12658800000001	38
103.12658800000001	42
103.27410600000003	38
103.42162400000002	35
103.42162400000002	38
103.42162400000002	42
103.55914200000001	38
103.69666000000001	35
103.69666000000001	38
103.69666000000001	42
103.83917800000002	38
103.98169600000001	35
103.98169600000001	38
103.98169600000001	49
104.26673200000002	42
104.571768	38
104.571768	42
104.85680400000001	42
104.99432200000001	35
104.99432200000001	38
105.13184000000003	35
105.13184000000003	49
105.41687600000002	35
105.41687600000002	49
105.71191200000001	38
105.71191200000001	42
105.98694800000003	35
105.98694800000003	49
106.28198400000001	42
106.55702000000002	35
106.83205600000002	38
106.83205600000002	42
106.97457400000002	42
107.04583300000002	42
107.11709200000001	35
107.11709200000001	42
107.26461	38
107.41212800000002	35
107.41212800000002	38
107.41212800000002	42
107.55464600000002	38
107.69716400000001	35
107.69716400000001	38
107.69716400000001	42
107.83968200000002	38
107.98220000000002	35
107.98220000000002	38
107.98220000000002	42
108.12471800000002	38
108.26723600000003	35
108.26723600000003	38
108.26723600000003	42
108.41975400000001	38
108.57227200000001	35
108.57227200000001	38
108.57227200000001	49
108.85730800000002	42
109.14234400000002	38
109.14234400000002	42
109.42738000000001	42
109.56489800000003	35
109.56489800000003	38
109.70241600000001	35
109.70241600000001	49
109.987452	35
109.987452	49
110.28248800000001	38
110.28248800000001	42
110.56752400000002	35
110.56752400000002	49
110.86256000000002	42
111.14759600000002	35
111.43263200000003	38
111.43263200000003	42
111.57015000000003	42
111.63890900000001	42
111.70766800000001	35
111.70766800000001	42
111.85018600000002	38
111.99270400000002	35
111.99270400000002	42
112.13522200000001	38
112.27774000000002	35
112.27774000000002	42
112.42025800000002	38
112.56277600000001	35
112.56277600000001	38
112.56277600000001	38
112.70529400000001	38
112.84781200000002	35
112.84781200000002	38
112.84781200000002	38
112.99533000000001	38
113.14284800000003	35
113.14284800000003	49
113.42788400000002	35
113.42788400000002	42
113.57040200000002	35
113.71292000000003	35
113.71292000000003	38
113.71292000000003	42
113.85043800000003	42
113.98795600000001	35
113.98795600000001	42
114.13047400000002	35
114.27299200000002	35
114.27299200000002	42
114.55601100000001	42
114.69752050000001	42
114.83903000000002	38
114.83903000000002	42
115.12204900000002	42
115.25855850000002	42
115.39506800000001	35
115.39506800000001	42
115.39506800000001	49
115.676758	35
115.676758	42
115.96844800000001	35
115.96844800000001	38
115.96844800000001	42
116.25013800000002	35
116.25013800000002	42
116.38598300000002	42
116.52182800000001	35
116.52182800000001	49
116.80351800000001	35
116.80351800000001	42
116.94436300000001	42
117.08520800000001	38
117.08520800000001	42
117.366898	35
117.366898	38
117.366898	42
117.507743	42
117.648588	35
117.648588	49
117.93765800000001	35
117.93765800000001	49
118.216728	35
118.216728	38
118.216728	49
118.49579800000001	35
118.49579800000001	42
118.640333	42
118.78486800000002	35
118.78486800000002	49
119.06393800000001	42
119.20347300000002	42
119.34300800000001	35
119.34300800000001	38
119.34300800000001	42
119.62207800000002	42
119.75661300000002	42
119.89114800000002	35
119.89114800000002	49
120.03068300000001	42
120.170218	35
120.170218	42
120.44928800000001	35
120.44928800000001	38
120.44928800000001	42
120.72835800000001	35
120.72835800000001	42
121.007428	35
121.007428	42
121.28649800000001	38
121.28649800000001	42
121.56556800000001	38
121.56556800000001	42
121.844638	35
121.844638	42
122.12370800000001	35
122.12370800000001	49
122.40277800000001	35
122.40277800000001	42
122.54231300000001	35
122.681848	35
122.681848	38
122.681848	42
122.82138300000001	42
122.960918	35
122.960918	42
123.10045300000002	35
123.23998800000001	35
123.23998800000001	42
123.51905800000002	42
123.65359300000001	42
123.78812800000001	38
123.78812800000001	42
124.077198	42
124.216733	42
124.35626800000001	35
124.35626800000001	42
124.35626800000001	49
124.63664100000001	35
124.63664100000001	42
124.91701400000001	35
124.91701400000001	38
124.91701400000001	42
125.18738700000002	35
125.18738700000002	42
125.32757350000001	42
125.46776000000001	35
125.46776000000001	49
125.74813300000001	35
125.74813300000001	42
125.88331950000001	42
126.01850600000002	38
126.01850600000002	42
126.328879	35
126.328879	38
126.328879	42
126.46906550000001	42
126.60925200000001	35
126.60925200000001	49
126.87962500000002	35
126.87962500000002	49
127.15999800000002	35
127.15999800000002	38
127.15999800000002	49
127.44037100000001	35
127.44037100000001	42
127.58055750000001	42
127.72074400000001	35
127.72074400000001	49
128.00111700000002	42
128.14130350000002	42
128.28149000000002	35
128.28149000000002	38
128.28149000000002	42
128.55186300000003	42
128.69204950000002	42
128.83223600000002	35
128.83223600000002	49
128.97275000000002	42
129.11326400000002	35
129.11326400000002	42
129.40429200000003	35
129.40429200000003	38
129.40429200000003	42
129.67532000000003	35
129.67532000000003	42
129.95634800000002	35
129.95634800000002	42
130.237376	38
130.237376	42
130.52840400000002	38
130.52840400000002	42
130.80943200000002	35
130.80943200000002	38
130.80943200000002	42
130.949946	42
131.09046	35
131.09046	49
131.37148800000003	42
131.51200200000002	42
131.65251600000002	35
131.65251600000002	38
131.65251600000002	49
131.933544	42
132.074058	42
132.214572	35
132.214572	49
132.48560000000003	35
132.48560000000003	42
132.77662800000002	35
132.77662800000002	38
132.77662800000002	49
133.057656	35
133.057656	42
133.19317	42
133.328684	49
133.60971200000003	35
133.60971200000003	42
133.75522600000002	49
133.90074	35
133.90074	38
133.90074	49
134.181768	35
134.181768	42
134.47279600000002	35
134.47279600000002	38
134.47279600000002	49
134.74382400000002	35
134.74382400000002	42
135.024852	35
135.024852	38
135.024852	49
135.29588	35
135.29588	49
135.43639400000004	42
135.57690800000003	35
135.57690800000003	49
135.85793600000002	42
135.99845000000002	42
136.13896400000002	35
136.13896400000002	38
136.13896400000002	49
136.41999200000004	42
136.56050600000003	42
136.70102000000003	35
136.70102000000003	49
136.98204800000002	35
136.98204800000002	42
137.263076	35
137.263076	38
137.263076	49
137.54410400000003	35
137.54410400000003	42
137.674618	42
137.80513200000001	49
137.9452535	49
138.08537500000003	42
138.365618	35
138.365618	38
138.365618	49
138.65586100000002	35
138.65586100000002	42
138.936104	35
138.936104	38
138.936104	49
139.216347	35
139.216347	42
139.49659	35
139.49659	38
139.49659	49
139.776833	35
139.776833	49
139.9169545	42
140.057076	35
140.057076	49
140.337319	42
140.4774405	42
140.617562	35
140.617562	38
140.617562	49
140.897805	42
141.0379265	42
141.17804800000002	35
141.17804800000002	49
141.458291	35
141.458291	42
141.73853400000002	35
141.73853400000002	38
141.73853400000002	49
142.018777	35
142.018777	42
142.1588985	42
142.29902	49
142.579263	35
142.579263	42
142.86950600000003	35
142.86950600000003	38
142.86950600000003	49
143.149749	35
143.149749	42
143.42999200000003	35
143.42999200000003	38
143.42999200000003	49
143.710235	35
143.710235	42
143.99047800000002	35
143.99047800000002	38
143.99047800000002	49
144.27072100000004	35
144.27072100000004	49
144.41084250000003	42
153.53874000000002	42
154.08922600000005	42
154.68971199999996	42
155.23019800000003	42
155.80068399999996	42
156.36117000000002	42
156.8916560000001	42
157.452142	42
158.01262799999998	35
158.01262799999998	49
158.29287100000002	49
158.583114	35
158.583114	49
158.873357	35
158.873357	49
159.08353925000003	35
159.15360000000004	38
159.15360000000004	49
159.43384300000002	38
159.43384300000002	49
159.71408600000004	38
159.71408600000004	49
159.99432900000002	38
159.99432900000002	49
160.27457200000003	38
160.27457200000003	49
160.54481500000003	38
160.54481500000003	49
160.81505800000005	38
160.81505800000005	49
161.095301	38
161.095301	49
161.37554400000002	38
161.37554400000002	47
161.65578700000003	35
161.65578700000003	42
161.65578700000003	49
161.8009085	38
161.8009085	47
161.94602999999998	35
161.94602999999998	38
161.94602999999998	47
162.22627300000002	35
162.22627300000002	42
162.49651600000004	35
162.49651600000004	49
162.64163749999997	42
162.786759	35
162.786759	42
163.067002	35
163.067002	38
163.067002	49
163.34724500000002	42
163.48236650000004	42
163.61748800000004	35
163.61748800000004	49
163.75760950000003	42
163.89773100000002	35
164.177974	35
164.177974	38
164.177974	49
164.45821700000002	35
164.45821700000002	42
164.60333849999998	42
164.74846	49
165.028703	35
165.028703	42
165.30894600000002	35
165.30894600000002	38
165.30894600000002	49
165.589189	35
165.589189	42
165.85943200000006	35
165.85943200000006	49
165.99955350000002	42
166.139675	35
166.139675	38
166.139675	49
166.27979650000003	42
166.41991800000002	35
166.41991800000002	38
166.41991800000002	49
166.56003950000002	42
166.700161	35
166.700161	38
166.700161	49
166.84028250000003	42
166.98040400000002	35
166.98040400000002	49
167.1205255	42
167.260647	35
167.260647	42
167.54089000000002	35
167.54089000000002	38
167.54089000000002	49
167.82113300000003	42
167.96125450000002	42
168.10137600000002	35
168.10137600000002	49
168.2414975	42
168.38161900000003	35
168.661862	35
168.661862	38
168.661862	49
168.94210500000003	35
168.94210500000003	42
169.08222650000002	42
169.222348	35
169.222348	49
169.50259100000002	35
169.50259100000002	42
169.782834	35
169.782834	38
169.782834	49
170.06307700000002	35
170.06307700000002	49
170.2031985	42
170.34332	35
170.34332	49
170.48344150000003	42
170.62356300000002	35
170.62356300000002	38
170.62356300000002	49
170.7636845	42
170.90380600000003	35
170.90380600000003	38
170.90380600000003	49
171.04392750000002	42
171.18404900000002	35
171.18404900000002	38
171.18404900000002	49
171.32417050000004	42
171.46429200000003	35
171.46429200000003	49
171.60441350000002	42
171.744535	35
172.03477799999996	35
172.03477799999996	38
172.03477799999996	49
172.315021	42
172.45514250000002	42
172.59526400000001	35
172.59526400000001	49
172.7353855	42
172.87550700000003	35
172.87550700000003	42
173.01562850000002	42
173.15575	35
173.15575	38
173.15575	49
173.435993	35
173.435993	49
173.57111450000008	42
173.70623600000008	35
173.70623600000008	49
173.98647900000003	35
173.98647900000003	42
174.26672200000002	35
174.26672200000002	38
174.26672200000002	49
174.54696500000003	35
174.54696500000003	49
174.68708650000002	42
174.827208	35
174.827208	49
174.9673295	42
175.10745100000003	35
175.10745100000003	38
175.10745100000003	49
175.24757250000002	42
175.387694	35
175.387694	38
175.387694	49
175.66793700000002	35
175.66793700000002	38
175.66793700000002	49
175.80305850000008	42
175.9381800000001	35
175.9381800000001	49
176.21842300000003	49
176.50866599999995	35
176.50866599999995	38
176.50866599999995	49
176.79890899999995	49
177.07915200000002	35
177.07915200000002	38
177.07915200000002	49
177.359395	49
177.63963800000002	35
177.63963800000002	38
177.63963800000002	49
177.919881	35
177.919881	49
178.20012400000002	35
178.20012400000002	38
178.20012400000002	49
178.480367	35
178.480367	49
178.76061	35
178.76061	38
178.76061	49
179.04085300000003	35
179.04085300000003	49
179.321096	35
179.321096	38
179.321096	49
179.601339	35
179.601339	49
179.74146050000002	35
179.881582	35
179.881582	49
180.16182500000002	35
180.16182500000002	42
180.16182500000002	49
180.43206800000007	35
180.43206800000007	38
180.43206800000007	49
180.71231100000003	35
180.71231100000003	49
181.00255399999995	35
181.00255399999995	38
181.00255399999995	49
181.28279700000002	35
181.28279700000002	49
181.56304	35
181.56304	38
181.56304	49
181.85328299999998	35
181.85328299999998	49
182.13352600000005	35
182.13352600000005	38
182.13352600000005	49
182.41376900000003	35
182.41376900000003	49
182.68401200000005	35
182.68401200000005	38
182.68401200000005	49
182.964255	35
182.964255	49
183.24449800000002	35
183.24449800000002	38
183.24449800000002	49
183.53474099999994	35
183.53474099999994	49
183.81498400000004	35
183.81498400000004	38
183.81498400000004	49
184.0852270000001	35
184.0852270000001	49
184.22034850000009	35
184.22034850000009	38
184.3554700000001	35
184.3554700000001	38
184.3554700000001	49
184.635713	35
184.635713	42
184.635713	49
184.91595600000002	35
184.91595600000002	38
184.91595600000002	49
185.19619900000004	35
185.19619900000004	49
185.47644200000002	35
185.47644200000002	38
185.47644200000002	49
185.756685	35
185.756685	49
186.03692800000002	35
186.03692800000002	38
186.03692800000002	49
186.31717100000003	35
186.31717100000003	49
186.59741400000001	35
186.59741400000001	38
186.59741400000001	49
186.87765700000003	35
186.87765700000003	49
187.1479000000001	35
187.1479000000001	38
187.1479000000001	49
187.43814299999994	35
187.43814299999994	49
187.718386	35
187.718386	38
187.718386	49
187.99862900000002	35
187.99862900000002	49
188.27887200000004	35
188.27887200000004	38
188.27887200000004	49
188.55911500000002	35
188.55911500000002	49
188.6942365000001	38
188.82935800000013	42
188.82935800000013	49
189.10960100000003	35
189.10960100000003	49
189.39984399999994	35
189.39984399999994	38
189.39984399999994	38
190.55369200000004	42
191.6775400000001	42
192.83264400000022	42
193.97900400000006	42
195.0853640000003	42
196.27204399999997	42
197.40872400000015	42
198.54540400000005	42
199.69934800000007	42
200.83329200000006	42
201.97723599999995	42
203.12118000000004	42
204.26512400000004	42
205.41906800000007	42
206.55301200000014	42