18.15036	49
18.376761499999997	49
18.603163	38
18.824564499999997	49
18.935265249999997	38
19.272367499999994	49
19.498769	38
19.725170499999997	49
20.176229499999998	49
20.400886999999997	38
20.6255445	38
20.6255445	49
20.73787325	38
20.965030749999997	38
21.079859499999998	38
21.079859499999998	49
21.309516999999996	38
21.534174499999995	49
21.9811045	49
22.203377	38
22.4306495	49
22.54428575	38
22.8851945	49
23.112467	38
23.3347395	49
23.782617737499997	49
24.0081807375	38
24.233743737499996	49
24.346525237499996	38
24.572088237499997	38
24.684869737499998	49
24.910432737499995	38
25.135995737499996	49
25.5871217375	49
25.812684737499996	38
26.038247737499997	49
26.151029237499998	38
26.4943737375	49
26.7249367375	38
26.945499737499997	49
27.391625737499997	49
27.617188737499998	38
27.842751737499995	49
27.9555332375	38
28.181096237499997	38
28.293877737499997	49
28.5194407375	38
28.745003737499996	49
29.196129737499998	49
29.421692737499995	38
29.647255737499997	49
29.760037237499997	38
30.0983817375	49
30.323944737499996	38
30.549507737499997	49
31.000633737499996	49
31.226196737499997	38
31.451759737499998	49
31.564541237499995	38
31.790104237499996	38
31.902885737499997	49
32.128448737499994	38
32.354011737499995	49
32.579574737499996	35
32.579574737499996	49
32.8051377375	38
32.8051377375	49
33.0307007375	35
33.25626373749999	38
33.25626373749999	49
33.369045237499996	38
33.4818267375	35
33.5946082375	38
33.707389737499994	38
33.707389737499994	49
33.932952737499996	35
34.1585157375	38
34.1585157375	49
34.271297237499994	38
34.3840787375	35
34.4943602375	38
34.604641737499996	38
34.604641737499996	49
34.825204737499995	35
35.050767737499996	38
35.050767737499996	49
35.1635492375	38
35.2763307375	35
35.3891122375	38
35.5018937375	38
35.5018937375	49
35.7274567375	35
35.958019737499995	38
35.958019737499995	49
36.0733012375	38
36.1885827375	35
36.301364237499996	38
36.41414573749999	38
36.41414573749999	49
36.639708737499994	35
36.865271737499995	38
36.865271737499995	49
36.97805323749999	38
37.090834737499996	35
37.2036162375	38
37.3163977375	38
37.3163977375	49
37.5419607375	35
37.7675237375	38
37.7675237375	49
37.8803052375	38
37.99308673749999	35
38.1058682375	38
38.218649737499995	38
38.218649737499995	49
38.444212737499996	35
38.6647757375	38
38.6647757375	49
38.77505723749999	38
38.8853387375	35
38.9981202375	38
39.110901737499994	38
39.110901737499994	49
39.3364647375	35
39.562027737499996	38
39.562027737499996	49
39.67480923749999	38
39.7875907375	35
39.9003722375	38
40.0131537375	38
40.0131537375	49
40.2387167375	35
40.469279737499996	38
40.469279737499996	49
40.5845612375	38
40.69984273749999	35
40.812624237499996	38
40.9254057375	38
40.9254057375	49
41.150968737499994	35
41.376531737499995	38
41.376531737499995	49
41.4893132375	38
41.602094737499996	35
41.71487623749999	38
41.8276577375	38
41.8276577375	49
42.0532207375	35
42.27878373749999	38
42.27878373749999	49
42.3915652375	38
42.5043467375	35
42.6146282375	38
42.7249097375	38
42.7249097375	49
42.9454727375	35
43.1710357375	38
43.1710357375	49
43.283817237499996	38
43.39659873749999	35
43.5093802375	38
43.6221617375	38
43.6221617375	49
43.847724737499995	35
44.073287737499996	38
44.073287737499996	49
44.1860692375	38
44.2988507375	35
44.41413223749999	38
44.52941373749999	38
44.52941373749999	49
44.7599767375	35
44.98553973749999	38
44.98553973749999	49
45.098321237499995	38
45.2111027375	35
45.323884237499996	38
45.43666573749999	38
45.43666573749999	49
45.662228737499994	35
45.887791737499995	38
45.887791737499995	49
46.00057323749999	38
46.113354737499996	35
46.2261362375	38
46.3389177375	38
46.3389177375	49
46.56448073749999	35
46.7900437375	38
46.7900437375	49
46.9028252375	38
47.01560673749999	35
47.12838823749999	38
47.241169737499995	38
47.241169737499995	49
47.466732737499996	35
47.6922957375	38
47.6922957375	49
47.805077237499994	38
47.9178587375	35
48.030640237499995	38
48.14342173749999	38
48.14342173749999	49
48.3689847375	35
48.594547737499994	38
48.594547737499994	49
48.70732923749999	38
48.820110737499995	35
48.9328922375	38
49.045673737499996	38
49.045673737499996	49
49.27123673749999	35
49.4967997375	38
49.4967997375	49
49.609581237499995	38
49.72236273749999	35
49.835144237499996	38
49.94792573749999	38
49.94792573749999	49
50.173488737499994	35
50.399051737499995	38
50.399051737499995	49
50.5118332375	38
50.624614737499996	35
50.734896237499996	38
50.845177737499995	38
50.845177737499995	49
51.0657407375	35
51.291303737499994	38
51.291303737499994	49
51.40408523749999	38
51.516866737499996	35
51.6296482375	38
51.7424297375	38
51.7424297375	49
51.9679927375	35
52.198555737499994	38
52.198555737499994	49
52.31383723749999	38
52.42911873749999	35
52.541900237499995	38
52.6546817375	38
52.6546817375	49
52.88024473749999	35
53.105807737499994	38
53.105807737499994	49
53.2185892375	38
53.331370737499995	35
53.44415223749999	38
53.556933737499996	38
53.556933737499996	49
53.7824967375	35
54.00805973749999	38
54.00805973749999	49
54.120841237499995	38
54.2336227375	35
54.346404237499996	38
54.45918573749999	38
54.45918573749999	49
54.684748737499994	35
54.9053117375	38
54.9053117375	49
55.0155932375	38
55.12587473749999	35
55.238656237499995	38
55.3514377375	38
55.3514377375	49
55.57700073749999	35
55.8075637375	38
55.8075637375	49
55.92284523749999	38
56.038126737499994	35
56.15090823749999	38
56.26368973749999	38
56.26368973749999	49
56.489252737499996	35
56.71481573749999	38
56.71481573749999	49
56.8275972375	38
56.9403787375	35
57.053160237499995	38
57.16594173749999	38
57.16594173749999	49
57.3915047375	35
57.617067737499994	38
57.617067737499994	49
57.72984923749999	38
57.84263073749999	35
57.9529122375	38
58.0631937375	38
58.0631937375	49
58.28375673749999	35
58.5093197375	38
58.5093197375	49
58.6221012375	38
58.734882737499994	35
58.84766423749999	38
58.9604457375	38
58.9604457375	49
59.186008737499996	35
59.41157173749999	38
59.41157173749999	49
59.5243532375	38
59.6371347375	35
59.749916237499995	38
59.86269773749999	38
59.86269773749999	49
60.0882607375	35
60.313823737499995	38
60.313823737499995	49
60.42660523749999	38
60.5393867375	35
60.6521682375	38
60.7649497375	38
60.7649497375	49
60.99051273749999	35
61.221075737499994	38
61.221075737499994	49
61.45163873749999	35
61.45163873749999	49
61.6772017375	49
61.789983237499996	38
61.90276473749999	35
61.90276473749999	38
62.01554623749999	38
62.12832773749999	49
62.2411092375	38
62.353890737499995	35
62.353890737499995	38
62.464172237499994	38
62.574453737499994	49
62.68473523750001	38
62.7950167375	35
62.7950167375	38
62.910298237499994	38
63.02557973749999	49
63.14086123749998	38
63.2561427375	35
63.2561427375	38
63.3664242375	38
63.4767057375	49
63.5869872375	38
63.69726873749999	35
63.69726873749999	38
63.8125502375	38
63.92783173749999	49
64.0431132375	38
64.15839473749999	35
64.15839473749999	38
64.2711762375	38
64.3839577375	49
64.4967392375	38
64.60952073749999	35
64.60952073749999	38
64.72230223749999	38
64.8350837375	49
64.9478652375	38
65.0606467375	35
65.0606467375	38
65.17342823749999	38
65.28620973749999	49
65.3989912375	38
65.5117727375	35
65.5117727375	38
65.62455423749999	38
65.73733573749999	49
65.85011723749999	38
65.9628987375	35
65.9628987375	38
66.0756802375	38
66.18846173749999	49
66.30124323749999	38
66.4140247375	35
66.4140247375	38
66.5268062375	38
66.6395877375	49
66.75236923749999	38
66.86515073749999	35
66.86515073749999	38
66.9754322375	38
67.0857137375	49
67.19599523749999	38
67.30627673749999	35
67.30627673749999	38
67.41905823749998	38
67.5318397375	49
67.64462123749999	38
67.75740273749999	35
67.75740273749999	38
67.87018423749998	38
67.98296573749998	49
68.09574723749999	38
68.20852873749999	35
68.20852873749999	38
68.32381023749998	38
68.43909173749998	49
68.5543732375	38
68.6696547375	35
68.6696547375	38
68.7824362375	38
68.89521773749999	49
69.00799923749999	38
69.1207807375	35
69.1207807375	38
69.2335622375	38
69.34634373749999	49
69.45912523749999	38
69.57190673749999	35
69.57190673749999	38
69.6846882375	38
69.7974697375	49
69.91025123749999	38
70.02303273749999	35
70.02303273749999	38
70.1358142375	38
70.2485957375	49
70.3613772375	38
70.47415873749999	35
70.47415873749999	38
70.58444023749999	38
70.6947217375	49
70.8050032375	38
70.91528473749999	35
70.91528473749999	38
71.02806623749998	38
71.14084773749998	49
71.2536292375	38
71.36641073749999	35
71.36641073749999	38
71.47919223749999	38
71.59197373749998	49
71.70475523749998	38
71.81753673749999	35
71.81753673749999	38
71.93031823749999	38
72.04309973749999	49
72.15588123749998	38
72.2686627375	35
72.2686627375	38
72.38144423749999	38
72.49422573749999	49
72.60700723749999	38
72.71978873749998	35
72.71978873749998	38
72.8325702375	38
72.94535173749999	49
73.05813323749999	38
73.17091473749998	35
73.17091473749998	38
73.28619623749998	38
73.40147773749999	49
73.51675923749998	38
73.63204073749999	35
73.63204073749999	38
73.74482223749999	38
73.85760373749999	49
73.9703852375	38
74.0831667375	35
74.0831667375	38
74.19594823749999	38
74.30872973749999	49
74.4215112375	38
74.5342927375	35
74.5342927375	38
74.6445742375	38
74.7548557375	49
74.8651372375	38
74.9754187375	35
74.9754187375	38
75.08820023749999	38
75.20098173749999	49
75.31376323749998	38
75.42654473749998	35
75.42654473749998	38
75.54182623749999	38
75.65710773749998	49
75.77238923749998	38
75.88767073749999	35
75.88767073749999	49
76.0004522375	38
76.1132337375	49
76.2260152375	38
76.33879673749999	35
76.33879673749999	38
76.45157823749999	38
76.5643597375	49
76.6771412375	38
76.78992273749999	35
76.78992273749999	38
76.90270423749999	38
77.01548573749999	49
77.1282672375	38
77.2410487375	35
77.2410487375	38
77.35383023749999	38
77.46661173749999	49
77.57939323749999	38
77.6921747375	35
77.6921747375	38
77.8049562375	38
77.91773773749999	49
78.03051923749999	38
78.1433007375	35
78.1433007375	38
78.2560822375	38
78.36886373749999	49
78.48164523749999	38
78.59442673749999	35
78.59442673749999	38
78.7047082375	38
78.8149897375	49
78.9252712375	38
79.03555273749998	35
79.03555273749998	38
79.15083423749998	38
79.26611573749999	49
79.38139723749998	38
79.49667873749999	35
79.49667873749999	38
79.60696023749999	38
79.7172417375	49
79.8275232375	38
79.93780473749999	35
79.93780473749999	38
80.05058623749999	38
80.16336773749998	49
80.2761492375	38
80.38893073749999	35
80.38893073749999	38
80.50421223749998	38
80.61949373749998	49
80.73477523749997	38
80.8500567375	35
80.8500567375	38
80.9628382375	38
81.07561973749999	49
81.18840123749999	38
81.30118273749999	35
81.30118273749999	38
81.4139642375	38
81.5267457375	49
81.63952723749999	38
81.75230873749999	35
81.75230873749999	38
81.8650902375	38
81.9778717375	49
82.09065323749999	38
82.20343473749999	35
82.20343473749999	38
82.31621623749999	38
82.4289977375	49
82.5417792375	38
82.65456073749999	35
82.65456073749999	38
82.76484223749999	38
82.87512373749999	49
82.9854052375	38
83.09568673749999	35
83.09568673749999	49
83.20846823749999	38
83.32124973749998	49
83.43403123749998	38
83.54681273749999	35
83.54681273749999	38
83.65959423749999	38
83.77237573749998	49
83.88515723749998	38
83.9979387375	35
83.9979387375	38
84.11072023749999	38
84.22350173749999	49
84.33628323749998	38
84.44906473749998	35
84.44906473749998	38
84.56434623749999	38
84.67962773749998	49
84.79490923749998	38
84.91019073749999	35
84.91019073749999	38
85.02297223749999	38
85.1357537375	49
85.2485352375	38
85.36131673749999	35
85.36131673749999	38
85.47409823749999	38
85.5868797375	49
85.6996612375	38
85.81244273749999	35
85.81244273749999	38
85.92522423749999	38
86.03800573749999	49
86.1507872375	38
86.2635687375	35
86.2635687375	38
86.37635023749999	38
86.48913173749999	49
86.60191323749999	38
86.7146947375	35
86.7146947375	38
86.8249762375	38
86.9352577375	49
87.0455392375	38
87.15582073749998	35
87.15582073749998	38
87.26860223749999	38
87.38138373749999	49
87.49416523749998	38
87.6069467375	35
87.6069467375	38
87.7197282375	38
87.83250973749999	49
87.94529123749999	38
88.05807273749998	35
88.05807273749998	38
88.17335423749999	38
88.28863573749999	49
88.40391723749998	38
88.51919873749999	35
88.51919873749999	38
88.63198023749999	38
88.7447617375	49
88.8575432375	38
88.9703247375	35
88.9703247375	38
89.08310623749999	38
89.1958877375	49
89.3086692375	38
89.4214507375	35
89.4214507375	38
89.53423223749999	38
89.64701373749999	49
89.7597952375	38
89.8725767375	35
89.8725767375	38
89.9853582375	38
90.09813973749999	49
90.21092123749999	38
90.3237027375	35
90.3237027375	49
90.5492657375	49
90.77482873749999	35
90.9953917375	38
90.9953917375	49
91.1056732375	38
91.21595473749998	35
91.3287362375	38
91.44151773749999	38
91.44151773749999	49
91.66708073749999	35
91.8926437375	38
91.8926437375	49
92.00542523749999	38
92.11820673749999	35
92.23098823749999	38
92.34376973749998	38
92.34376973749998	49
92.56933273749999	35
92.79489573749998	38
92.79489573749998	49
92.9076772375	38
93.0204587375	35
93.13574023749999	38
93.25102173749998	38
93.25102173749998	49
93.4815847375	35
93.7071477375	38
93.7071477375	49
93.81992923749999	38
93.93271073749999	35
94.0454922375	38
94.1582737375	38
94.1582737375	49
94.38383673749999	35
94.6093997375	38
94.6093997375	49
94.7221812375	38
94.83496273749999	35
94.94524423749999	38
95.0555257375	38
95.0555257375	49
95.27608873749999	35
95.50165173749998	38
95.50165173749998	49
95.6144332375	38
95.72721473749999	35
95.83999623749999	38
95.95277773749999	38
95.95277773749999	49
96.1783407375	35
96.40390373749999	38
96.40390373749999	49
96.51668523749998	38
96.6294667375	35
96.7422482375	38
96.85502973749999	38
96.85502973749999	49
97.08059273749998	35
97.30615573749999	38
97.30615573749999	49
97.41893723749999	38
97.53171873749999	35
97.64450023749998	38
97.7572817375	38
97.7572817375	49
97.98284473749999	35
98.20840773749998	38
98.20840773749998	49
98.3211892375	38
98.43397073749999	35
98.54675223749999	38
98.65953373749998	38
98.65953373749998	49
98.88509673749999	35
99.11065973749999	38
99.11065973749999	49
99.22344123749998	38
99.3362227375	35
99.44900423749999	38
99.56178573749999	38
99.56178573749999	49
99.78734873749998	35
100.01291173749999	38
100.01291173749999	49
100.12569323749999	38
100.23847473749998	35
100.35125623749998	38
100.46403773749999	38
100.46403773749999	49
100.68960073749999	35
100.9151637375	38
100.9151637375	49
101.02794523749999	38
101.14072673749999	35
101.25350823749999	38
101.36628973749998	38
101.36628973749998	49
101.59185273749999	35
101.81741573749999	38
101.81741573749999	49
101.93019723749998	38
102.0429787375	35
102.15576023749999	38
102.26854173749999	38
102.26854173749999	49
102.4941047375	35
102.71966773749999	38
102.71966773749999	49
102.83244923749999	38
102.94523073749998	35
103.0580122375	38
103.17079373749999	38
103.17079373749999	49
103.39635673749999	35
103.6219197375	38
103.6219197375	49
103.73470123749999	38
103.84748273749999	35
103.96026423749998	38
104.07304573749998	38
104.07304573749998	49
104.29860873749999	35
104.52417173749998	38
104.52417173749998	49
104.6369532375	38
104.74973473749999	35
104.74973473749999	49
104.86251623749999	38
104.97529773749999	38
104.97529773749999	49
105.2008607375	35
105.42642373749999	38
105.42642373749999	49
105.53920523749998	38
105.65198673749998	35
105.76726823749999	38
105.88254973749999	38
105.88254973749999	49
106.11311273749997	35
106.3386757375	38
106.3386757375	49
106.4514572375	38
106.56423873749999	35
106.67452023749999	38
106.7848017375	38
106.7848017375	49
107.0053647375	35
107.23092773749998	38
107.23092773749998	49
107.3437092375	38
107.45649073749999	35
107.56927223749999	38
107.68205373749998	38
107.68205373749998	49
107.90761673749999	35
108.13317973749999	38
108.13317973749999	49
108.24596123749998	38
108.3587427375	35
108.47152423749999	38
108.58430573749999	38
108.58430573749999	49
108.80986873749998	35
109.03543173749999	38
109.03543173749999	49
109.14821323749999	38
109.26099473749998	35
109.37627623749998	38
109.49155773749999	38
109.49155773749999	49
109.72212073749998	35
109.94768373749999	38
109.94768373749999	49
110.0604652375	38
110.1732467375	35
110.28602823749999	38
110.39880973749999	38
110.39880973749999	49
110.6243727375	35
110.8449357375	38
110.8449357375	49
110.9552172375	38
111.06549873750001	35
111.17828023749999	38
111.29106173749999	38
111.29106173749999	49
111.51662473749998	35
111.74218773749999	38
111.74218773749999	49
111.85496923749999	38
111.96775073749998	35
112.0805322375	38
112.19331373749999	38
112.19331373749999	49
112.41887673749999	35
112.6444397375	38
112.6444397375	49
112.75722123749999	38
112.87000273749999	35
112.98278423749998	38
113.09556573749998	38
113.09556573749998	49
113.32112873749999	35
113.55169173749998	38
113.55169173749998	49
113.66697323749997	38
113.78225473749998	35
113.8950362375	38
114.00781773749999	38
114.00781773749999	49
114.2333807375	35
114.4589437375	38
114.4589437375	49
114.57172523749999	38
114.68450673749999	35
114.7947882375	38
114.9050697375	38
114.9050697375	49
115.1256327375	35
115.35119573749999	38
115.35119573749999	49
115.46397723749999	38
115.68954023749998	38
115.80232173749998	38
115.80232173749998	49
116.25344773749998	38
116.25344773749998	49
116.3662292375	38
116.59179223749999	38
116.70457373749998	38
116.70457373749998	49
117.15569973749999	38
117.15569973749999	49
117.26848123749998	38
117.49404423749999	38
117.60682573749999	38
117.60682573749999	49
118.05795173749999	38
118.05795173749999	49
118.17073323749999	38
118.39629623749998	38
118.5090777375	38
118.5090777375	49
118.96020373749998	49
119.18576673749999	35
119.18576673749999	49
119.41132973749998	49
119.52411123749998	38
119.63689273749999	35
119.63689273749999	38
119.74967423749999	38
119.86245573749999	49
119.97523723749998	38
120.0880187375	35
120.0880187375	38
120.20080023749999	38
120.31358173749999	49
120.42636323749998	38
120.53914473749998	35
120.53914473749998	38
120.65442623749999	38
120.76970773749999	49
120.88498923749998	38
121.00027073749997	35
121.00027073749997	38
121.11305223749999	38
121.2258337375	49
121.3386152375	38
121.45139673749999	35
121.45139673749999	38
121.56417823749999	38
121.67695973749998	49
121.7897412375	38
121.9025227375	35
121.9025227375	38
122.01530423749999	38
122.12808573749999	49
122.2408672375	38
122.3536487375	35
122.3536487375	38
122.46643023749999	38
122.57921173749999	49
122.69199323749999	38
122.8047747375	35
122.8047747375	38
122.9150562375	38
123.0253377375	49
123.1356192375	38
123.2459007375	35
123.2459007375	38
123.35868223749999	38
123.47146373749999	49
123.58424523749999	38
123.69702673749998	35
123.69702673749998	38
123.8098082375	38
123.92258973749999	49
124.03537123749999	38
124.14815273749998	35
124.14815273749998	38
124.26093423749998	38
124.37371573749999	49
124.48649723749999	38
124.59927873749999	35
124.59927873749999	38
124.71206023749998	38
124.82484173749998	49
124.93762323749999	38
125.05040473749999	35
125.05040473749999	38
125.16318623749999	38
125.27596773749998	49
125.38874923749998	38
125.50153073749999	35
125.50153073749999	38
125.61431223749999	38
125.72709373749998	49
125.83987523749998	38
125.95265673749999	35
125.95265673749999	38
126.06793823749999	38
126.18321973749998	49
126.29850123749998	38
126.41378273749997	35
126.41378273749997	38
126.5265642375	38
126.6393457375	49
126.75212723749999	38
126.86490873749999	35
126.86490873749999	38
126.97519023749999	38
127.0854717375	49
127.1957532375	38
127.3060347375	35
127.3060347375	38
127.41881623749998	38
127.53159773749998	49
127.64437923749999	38
127.75716073749999	35
127.75716073749999	38
127.86994223749998	38
127.98272373749998	49
128.0955052375	38
128.2082867375	35
128.2082867375	38
128.3210682375	38
128.4338497375	49
128.54663123749998	38
128.6594127375	35
128.6594127375	38
128.7721942375	38
128.88497573749999	49
128.9977572375	38
129.11053873749998	35
129.11053873749998	38
129.2258202375	38
129.3411017375	49
129.45638323749998	38
129.5716647375	35
129.5716647375	38
129.6844462375	38
129.79722773749998	49
129.9100092375	38
130.02279073749997	35
130.02279073749997	38
130.1330722375	38
130.2433537375	49
130.3536352375	38
130.4639167375	35
130.4639167375	38
130.57669823749998	38
130.6894797375	49
130.8022612375	38
130.9150427375	35
130.9150427375	38
131.0278242375	38
131.14060573749998	49
131.2533872375	38
131.3661687375	35
131.3661687375	38
131.48145023749998	38
131.5967317375	49
131.71201323749997	38
131.82729473749998	35
131.82729473749998	38
131.9375762375	38
132.04785773749998	49
132.1581392375	38
132.26842073749998	35
132.26842073749998	38
132.3812022375	38
132.4939837375	49
132.60676523749999	38
132.7195467375	35
132.7195467375	38
132.83232823749998	38
132.9451097375	49
133.0578912375	38
133.17067273749998	35
133.17067273749998	38
133.2834542375	38
133.3962357375	49
133.5090172375	38
133.6217987375	35
133.6217987375	49
133.73458023749998	38
133.8473617375	49
133.9601432375	38
134.0729247375	35
134.0729247375	38
134.1857062375	38
134.29848773749998	49
134.4112692375	38
134.5240507375	35
134.5240507375	38
134.6368322375	38
134.7496137375	49
134.86239523749998	38
134.9751767375	35
134.9751767375	38
135.0879582375	38
135.2007397375	49
135.3135212375	38
135.42630273749998	35
135.42630273749998	38
135.5390842375	38
135.6518657375	49
135.7646472375	38
135.8774287375	35
135.8774287375	38
135.99021023749998	38
136.1029917375	49
136.2157732375	38
136.32855473749999	35
136.32855473749999	38
136.4413362375	38
136.55411773749998	49
136.6668992375	38
136.7796807375	35
136.7796807375	38
136.89496223749998	38
137.0102437375	49
137.12552523749997	38
137.24080673749998	35
137.24080673749998	38
137.3510882375	38
137.46136973749998	49
137.5716512375	38
137.6819327375	35
137.6819327375	38
137.7947142375	38
137.9074957375	49
138.02027723749998	38
138.1330587375	35
138.1330587375	38
138.2458402375	38
138.3586217375	49
138.4714032375	38
138.58418473749998	35
138.58418473749998	38
138.6969662375	38
138.8097477375	49
138.9225292375	38
139.0353107375	35
139.0353107375	38
139.14809223749998	38
139.2608737375	49
139.3736552375	38
139.4864367375	35
139.4864367375	38
139.5992182375	38
139.71199973749998	49
139.8247812375	38
139.9375627375	35
139.9375627375	38
140.05034423749998	38
140.1631257375	49
140.27590723749998	38
140.3886887375	35
140.3886887375	38
140.5014702375	38
140.61425173749998	49
140.7270332375	38
140.83981473749998	35
140.83981473749998	38
140.9525962375	38
141.0653777375	49
141.17815923749998	38
141.2909407375	35
141.2909407375	38
141.4037222375	38
141.5165037375	49
141.6292852375	38
141.74206673749998	35
141.74206673749998	38
141.8548482375	38
141.9676297375	49
142.0804112375	38
142.1931927375	35
142.1931927375	38
142.30847423749998	38
142.4237557375	49
142.5390372375	38
142.65431873749998	35
142.65431873749998	38
142.7646002375	38
142.87488173749998	49
142.9851632375	38
143.0954447375	35
143.0954447375	38
143.20822623749999	38
143.3210077375	49
143.43378923749998	38
143.5465707375	35
143.5465707375	38
143.6593522375	38
143.77213373749998	49
143.8849152375	38
143.99769673749998	35
143.99769673749998	38
144.1104782375	38
144.2232597375	49
144.33604123749998	38
144.4488227375	35
144.4488227375	38
144.56160423749998	38
144.6743857375	49
144.7871672375	38
144.89994873749998	35
144.89994873749998	38
145.0127302375	38
145.1255117375	49
145.2382932375	38
145.3510747375	35
145.3510747375	38
145.46385623749998	38
145.5766377375	49
145.6894192375	38
145.8022007375	35
145.8022007375	38
145.9174822375	38
146.03276373749998	49
146.14804523749999	38
146.2633267375	35
146.2633267375	38
146.37610823749998	38
146.4888897375	49
146.60167123749997	38
146.71445273749998	35
146.71445273749998	38
146.8247342375	38
146.93501573749998	49
147.0452972375	38
147.15557873749998	35
147.15557873749998	38
147.2683602375	38
147.3811417375	49
147.49392323749998	38
147.6067047375	35
147.6067047375	38
147.71948623749998	38
147.8322677375	49
147.9450492375	38
148.05783073749998	35
148.05783073749998	49
148.28339373749998	49
148.5089567375	35
148.7345197375	38
148.7345197375	49
148.8473012375	38
148.9600827375	35
149.18564573749998	49
149.4112087375	35
149.6367717375	49
149.8623347375	35
150.0878977375	49
150.31346073749998	35
150.5390237375	38
150.5390237375	49
150.65180523749999	38
150.7645867375	35
150.9901497375	49
151.21571273749998	35
151.44127573749998	49
151.66683873749997	35
151.8924017375	49
152.1179647375	35
152.34352773749998	38
152.34352773749998	49
152.4563092375	38
152.56909073749998	35
152.79465373749997	49
153.0202167375	35
153.2457797375	49
153.47134273749998	35
153.69690573749997	49
153.9224687375	35
154.1480317375	38
154.1480317375	49
154.26081323749997	38
154.37359473749999	35
154.59915773749998	49
154.82472073749997	35
155.0502837375	49
155.2758467375	35
155.50140973749998	49
155.72697273749998	35
155.95253573749997	38
155.95253573749997	49
156.06531723749998	38
156.1780987375	35
156.4036617375	49
156.62922473749998	35
156.85478773749998	49
157.08035073749997	35
157.3059137375	49
157.5314767375	35
157.75703973749998	38
157.75703973749998	49
157.8698212375	38
157.98260273749997	35
158.2081657375	49
158.4337287375	35
158.65929173749998	49
158.88485473749998	35
159.11041773749997	49
159.3359807375	35
159.5615437375	38
159.5615437375	49
159.67432523749997	38
159.78710673749998	35
160.01266973749998	49
160.23823273749997	35
160.4637957375	49
160.6893587375	35
160.91492173749998	49
161.14048473749997	35
161.3660477375	38
161.3660477375	49
161.47882923749998	38
161.5916107375	35
161.81717373749999	49
162.04273673749998	35
162.26829973749997	49
162.4938627375	35
162.4938627375	49
162.7194257375	49
162.94498873749998	35
163.17055173749998	38
163.17055173749998	49
163.2833332375	38
163.39611473749997	35
163.6216777375	49
163.8472407375	35
164.07280373749998	49
164.29836673749998	35
164.52392973749997	49
164.7494927375	35
164.97505573749999	38
164.97505573749999	49
165.08783723749997	38
165.20061873749998	35
165.42618173749997	49
165.6517447375	35
165.8773077375	49
166.10287073749998	35
166.32843373749998	49
166.55399673749997	35
166.7795597375	38
166.7795597375	49
166.89234123749998	38
167.0051227375	35
167.23068573749998	49
167.45624873749998	35
167.68181173749997	49
167.9073747375	35
168.1329377375	49
168.35850073749998	35
168.58406373749997	38
168.58406373749997	49
168.69684523749999	38
168.80962673749997	35
169.0351897375	49
169.26075273749998	35
169.48631573749998	49
169.71187873749997	35
169.9374417375	49
170.1630047375	35
170.38856773749998	38
170.38856773749998	49
170.5013492375	38
170.61413073749998	35
170.83969373749997	49
171.0652567375	35
171.2908197375	49
171.51638273749998	35
171.74194573749998	49
171.96750873749997	35
172.1930717375	38
172.1930717375	49
172.30585323749997	38
172.41863473749999	35
172.64419773749998	49
172.86976073749997	35
173.0953237375	49
173.3208867375	35
173.54644973749998	49
173.77201273749998	35
173.99757573749997	38
173.99757573749997	49
174.11035723749998	38
174.2231387375	35
174.4487017375	49
174.67426473749998	35
174.89982773749998	49
175.12539073749997	35
175.3509537375	49
175.5765167375	35
175.80207973749998	38
175.80207973749998	49
175.9148612375	38
176.02764273749997	35
176.25320573749997	49
176.4787687375	35
176.4787687375	38
176.70433173749998	49
176.92989473749998	49
184.13449885416665	35
184.13449885416665	49
184.13449885416665	49
191.13695185416665	35
191.36251485416662	35
191.36251485416662	49
191.58307785416662	49
191.80364085416664	38
192.02920385416667	49
192.14198535416665	38
192.48032985416665	49
192.70589285416665	38
192.93145585416664	49
193.38258185416666	49
193.60814485416665	38
193.83370785416665	49
193.94648935416666	38
194.28483385416666	49
194.5103968541667	38
194.74095985416668	49
195.19708585416663	49
195.42264885416665	38
195.64821185416665	49
195.76099335416666	38
196.09933785416663	49
196.32490085416663	38
196.55046385416665	49
197.00158985416664	49
197.22715285416663	38
197.45271585416666	49
197.56549735416664	38
197.90384185416664	49
198.12940485416664	38
198.35496785416666	35
198.35496785416666	49
198.58053085416665	35
198.58053085416665	49
198.80609385416665	49
199.03165685416664	38
199.25721985416664	49
199.37000135416665	38
199.70834585416665	49
199.93390885416665	38
200.15947185416664	49
200.61059785416666	49
200.83616085416665	38
201.06172385416664	49
201.17450535416666	38
201.51284985416663	49
201.73841285416665	38
201.96397585416665	49
202.18953885416664	35
202.18953885416664	49
202.41510185416664	49
202.64066485416663	38
202.86622785416665	49
202.97900935416664	38
203.31735385416664	49
203.54291685416666	38
203.77347985416665	49
204.1143243541666	49
204.33488735416663	38
204.44516885416664	35
204.44516885416664	38
204.55795035416665	38
204.67073185416663	38
204.78351335416664	38
204.89629485416665	35
204.89629485416665	38
205.00907635416664	38
205.12185785416665	38
205.23463935416663	35
205.23463935416663	38
205.34742085416664	35
205.34742085416664	38
205.46020235416665	38
205.57298385416664	35
205.57298385416664	38
205.68576535416665	38
205.79854685416663	35
205.79854685416663	49
206.02410985416665	49
206.13689135416664	38
206.24967285416665	35
206.24967285416665	38
206.36245435416663	38
206.47523585416664	49
206.58801735416665	38
206.70079885416664	35
206.70079885416664	38
206.81358035416665	38
206.92636185416666	49
207.03914335416664	38
207.15192485416668	35
207.15192485416668	38
207.26720635416666	38
207.38248785416667	49
207.49776935416665	38
207.61305085416663	35
207.61305085416663	38
207.72583235416664	38
207.83861385416662	49
207.95139535416664	38
208.06417685416662	35
208.06417685416662	38
208.1744583541666	38
208.28473985416662	49
208.3950213541666	38
208.50530285416664	35
208.50530285416664	38
208.61808435416665	38
208.73086585416664	49
208.84364735416665	38
208.95642885416663	35
208.95642885416663	38
209.06921035416664	38
209.18199185416665	49
209.29477335416664	38
209.40755485416665	35
209.40755485416665	38
209.52033635416663	38
209.63311785416664	49
209.74589935416665	38
209.85868085416664	35
209.85868085416664	38
209.97146235416665	38
210.08424385416663	49
210.19702535416664	38
210.30980685416665	35
210.30980685416665	38
210.42258835416663	38
210.53536985416665	49
210.64815135416666	38
210.76093285416664	35
210.76093285416664	38
210.87371435416665	38
210.98649585416663	49
211.09927735416665	38
211.21205885416663	35
211.21205885416663	38
211.32484035416664	38
211.43762185416665	49
211.55040335416663	38
211.66318485416664	35
211.66318485416664	38
211.77596635416666	38
211.88874785416664	49
212.00152935416665	38
212.1143108541666	35
212.1143108541666	38
212.22459235416662	38
212.3348738541666	49
212.44515535416662	38
212.5554368541667	35
212.5554368541667	38
212.67071835416667	38
212.78599985416668	49
212.90128135416668	38
213.01656285416664	35
213.01656285416664	49
213.12934435416665	38
213.24212585416666	49
213.35490735416664	38
213.46768885416665	35
213.46768885416665	38
213.58047035416664	38
213.69325185416665	49
213.80603335416663	38
213.91881485416664	35
213.91881485416664	38
214.03159635416665	38
214.14437785416663	49
214.25715935416665	38
214.36994085416666	35
214.36994085416666	38
214.48272235416664	38
214.59550385416665	49
214.70828535416663	38
214.82106685416665	35
214.82106685416665	38
214.93384835416663	38
215.04662985416664	49
215.15941135416665	38
215.27219285416663	35
215.27219285416663	38
215.38497435416664	38
215.49775585416666	49
215.61053735416664	38
215.72331885416665	35
215.72331885416665	38
215.83610035416663	38
215.94888185416664	49
216.06166335416663	38
216.17444485416664	35
216.17444485416664	38
216.28722635416665	38
216.40000785416663	49
216.51278935416664	38
216.62557085416665	35
216.62557085416665	38
216.73835235416664	38
216.85113385416665	49
216.96391535416666	38
217.0766968541666	35
217.0766968541666	38
217.1869783541666	38
217.2972598541666	49
217.40754135416663	38
217.51782285416667	35
217.51782285416667	38
217.63310435416668	38
217.7483858541667	49
217.86366735416667	38
217.97894885416665	35
217.97894885416665	38
218.09173035416666	38
218.20451185416664	49
218.31729335416665	38
218.43007485416663	35
218.43007485416663	38
218.54285635416664	38
218.65563785416663	49
218.76841935416664	38
218.88120085416665	35
218.88120085416665	38
218.99398235416663	38
219.10676385416664	49
219.21954535416666	38
219.33232685416664	35
219.33232685416664	38
219.44510835416665	38
219.55788985416663	49
219.67067135416664	38
219.78345285416663	35
219.78345285416663	38
219.89623435416664	38
220.00901585416665	49
220.12179735416663	38
220.23457885416664	35
220.23457885416664	49
220.34736035416665	38
220.46014185416664	49
220.57292335416665	38
220.68570485416666	35
220.68570485416666	38
220.79848635416664	38
220.91126785416662	49
221.02404935416664	38
221.13683085416665	35
221.13683085416665	38
221.24961235416663	38
221.36239385416664	49
221.47517535416665	38
221.58795685416663	35
221.58795685416663	38
221.70073835416665	38
221.81351985416666	49
221.92630135416664	38
222.03908285416665	35
222.03908285416665	38
222.15186435416663	38
222.26464585416664	49
222.37742735416663	38
222.49020885416664	35
222.49020885416664	38
222.60299035416665	38
222.71577185416663	49
222.82855335416664	38
222.94133485416666	35
222.94133485416666	38
223.05411635416664	38
223.16689785416665	49
223.27967935416663	38
223.39246085416664	35
223.39246085416664	38
223.50524235416663	38
223.61802385416664	49
223.73080535416665	38
223.84358685416663	35
223.84358685416663	38
223.95636835416664	38
224.06914985416665	49
224.18193135416664	38
224.29471285416665	35
224.29471285416665	38
224.40749435416666	38
224.52027585416664	49
224.63305735416662	38
224.74583885416664	35
224.74583885416664	38
224.85862035416665	38
224.97140185416663	49
225.08418335416664	38
225.19696485416665	35
225.19696485416665	38
225.30974635416663	38
225.42252785416665	49
225.53530935416666	38
225.64809085416664	35
225.64809085416664	38
225.76087235416665	38
225.87365385416663	49
225.98643535416664	38
226.09921685416663	35
226.09921685416663	38
226.21199835416664	38
226.32477985416665	49
226.43756135416663	38
226.55034285416664	35
226.55034285416664	38
226.66312435416665	38
226.77590585416664	49
226.88868735416665	38
227.00146885416663	35
227.00146885416663	38
227.11425035416664	38
227.22703185416663	49
227.33981335416664	38
227.45259485416665	35
227.45259485416665	49
227.56537635416663	38
227.67815785416664	49
227.79093935416665	38
227.90372085416664	35
227.90372085416664	38
228.01650235416665	38
228.12928385416666	49
228.24206535416664	38
228.35484685416662	35
228.35484685416662	38
228.46762835416664	38
228.58040985416665	49
228.69319135416663	38
228.80597285416664	35
228.80597285416664	38
228.91875435416665	38
229.03153585416663	49
229.14431735416665	38
229.25709885416666	35
229.25709885416666	38
229.36988035416664	38
229.48266185416665	49
229.59544335416663	38
229.70822485416664	35
229.70822485416664	38
229.82100635416663	38
229.93378785416664	49
230.04656935416665	38
230.15935085416663	35
230.15935085416663	38
230.27213235416664	38
230.38491385416665	49
230.49769535416664	38
230.6104768541667	35
230.6104768541667	38
230.7257583541667	38
230.8410398541667	49
230.95632135416668	38
231.07160285416657	35
231.07160285416657	38
231.18188435416658	38
231.29216585416657	49
231.40244735416658	38
231.51272885416665	35
231.51272885416665	38
231.62551035416664	38
231.73829185416665	49
231.85107335416666	38
231.96385485416664	35
231.96385485416664	38
232.07663635416662	38
232.18941785416663	49
232.30219935416665	38
232.41498085416663	35
232.41498085416663	38
232.52776235416664	38
232.64054385416665	49
232.75332535416663	38
232.86610685416665	35
232.86610685416665	38
232.97888835416666	38
233.09166985416664	49
233.20445135416665	38
233.31723285416663	35
233.31723285416663	38
233.43001435416664	38
233.54279585416663	49
233.65557735416664	38
233.76835885416665	35
233.76835885416665	38
233.88114035416663	38
233.99392185416664	49
234.10670335416665	38
234.21948485416664	35
234.21948485416664	38
234.33226635416665	38
234.44504785416663	49
234.55782935416664	38
234.67061085416663	35
234.67061085416663	49