4.1379280000000005	35
4.1379280000000005	38
4.1379280000000005	49
4.4057845	35
4.673641000000001	35
4.9414975000000005	35
4.9414975000000005	38
4.9414975000000005	49
5.209354	35
5.47484	35
5.7403260000000005	38
5.7403260000000005	38
6.250326	38
6.250326	38
6.7675670000000006	38
6.7675670000000006	38
7.270386	35
7.270386	38
7.270386	49
7.538113	35
7.805840000000001	35
8.057637206486811	38
8.057637206486811	49
8.3213735	35
8.579994000000001	35
8.8386145	38
8.8386145	38
9.097235000000001	35
9.3558555	38
9.3558555	38
9.610093	35
9.864330500000001	38
9.864330500000001	38
10.3728055	35
10.3728055	38
10.3728055	49
10.635963	35
10.8991205	35
11.1566305	35
11.1566305	38
11.1566305	49
11.4141405	35
11.6716505	35
11.9291605	38
11.9291605	38
12.31377475	47
12.4419795	47
12.82659375	47
12.954798499999999	47
13.4676175	35
13.4676175	38
13.4676175	49
13.724027	35
13.9804365	35
14.235351756070095	35
14.235351756070095	38
14.235351756070095	49
14.499056999999999	35
14.7526775	35
15.006298	47
15.133416749999999	47
15.2605355	47
15.514773	47
15.770092	47
16.025411	47
16.542651999999997	35
16.542651999999997	38
16.542651999999997	49
16.8062725	35
17.069893	35
17.3263025	35
17.3263025	38
17.3263025	49
17.5742365	35
17.822170500000002	35
18.08304	47
18.20599075	47
18.3289415	47
18.45189225	47
18.574843	47
18.701961750000002	47
18.8290805	47
18.95619925	47
19.083318000000002	47
19.330418500000004	47
19.577519	35
19.577519	49
19.577519	49
20.103834	35
20.3666905	35
20.3666905	38
20.3666905	49
20.629547	35
20.874546999999996	35
21.119547	35
21.119547	47
21.24559725	47
21.3716475	47
21.623748	47
21.883488	47
22.143228	47
22.391162	35
22.639096000000002	35
22.639096000000002	49
22.639096000000002	49
23.160835000000002	35
23.426321	35
23.426321	38
23.426321	49
23.691807	35
23.9538155	35
24.215824	47
24.341347000000003	47
24.46687	47
24.592393	47
24.717916000000002	47
24.843366750000005	47
24.9688175	47
25.094268250000002	47
25.219719000000005	47
25.481727500000005	47
25.743736000000006	35
25.743736000000006	49
25.743736000000006	49
26.002356500000005	35
26.260977000000004	35
26.523661092199774	35
26.523661092199774	38
26.523661092199774	49
26.768833500000003	35
27.025243000000003	35
27.281652500000003	35
27.281652500000003	38
27.281652500000003	49
27.544810000000002	35
27.807967500000004	35
27.807967500000004	38
27.807967500000004	42
28.062205000000002	35
28.062205000000002	42
28.316442500000004	35
28.316442500000004	42
28.579600000000003	35
28.579600000000003	42
28.842757500000005	35
28.842757500000005	38
28.842757500000005	42
29.090691500000005	35
29.090691500000005	42
29.338625500000006	35
29.338625500000006	38
29.338625500000006	42
29.588625500000006	35
29.838625500000006	35
29.838625500000006	49
30.099495000000005	38
30.186451500000008	38
30.273408000000007	38
30.360364500000006	38
30.608985000000008	47
30.857605500000005	47
30.980587500000002	47
31.103569500000006	47
31.226551500000003	47
31.349533500000003	38
31.466264500000005	38
31.582995500000003	38
31.828897	35
31.828897	49
32.08313450000001	35
32.08313450000001	42
32.32903600000001	38
32.32903600000001	42
32.579916921285026	35
32.579916921285026	42
32.8328715	42
33.080805500000004	38
33.080805500000004	42
33.341675	42
33.6025445	38
33.6025445	42
33.8525445	35
33.8525445	42
34.1004785	35
34.1004785	42
34.3484125	35
34.3484125	38
34.3484125	42
34.5963465	35
34.5963465	42
34.8442805	35
34.8442805	42
35.09721449999999	35
35.09721449999999	42
35.350148499999996	35
35.350148499999996	38
35.350148499999996	42
35.599386	35
35.599386	42
35.848623499999995	35
35.848623499999995	42
36.10072399999999	35
36.10072399999999	42
36.3528245	38
36.3528245	42
36.6081435	38
36.735803	38
36.8634625	38
37.143836	35
37.143836	49
37.5009785	35
37.5009785	49
37.852541	35
37.852541	49
37.852541	49
38.383513	38
38.383513	42
38.6421335	35
38.6421335	42
38.886035	35
38.886035	42
39.138968999999996	38
39.223280333333335	38
39.30759166666667	38
39.391903	38
39.890378	35
39.890378	49
40.139279499999994	35
40.139279499999994	49
40.388180999999996	38
40.388180999999996	49
40.51513175	35
40.642082499999994	49
40.895984	35
40.895984	49
41.1541415	35
41.1541415	49
41.412299	38
41.412299	49
41.6565365	49
41.77865525	38
41.90077399999999	35
41.90077399999999	49
42.15501149999999	35
42.15501149999999	49
42.409248999999996	38
42.409248999999996	49
42.53636775	35
42.6634865	49
42.79060524999999	35
42.91772399999999	35
42.91772399999999	49
43.16081899999999	38
43.282366499999995	38
43.40391399999999	38
43.52488174999999	38
43.64584949999999	47
43.90225899999999	35
43.90225899999999	49
43.90225899999999	49
48.375852499999986	47
48.64370899999999	47
49.142183999999986	47
49.27038874999999	47
49.39859349999998	47
49.65500299999999	35
49.65500299999999	49
50.200456999999986	35
50.200456999999986	49
50.47212349999998	38
50.74378999999998	35
50.74378999999998	49
51.25552899999998	35
51.25552899999998	38
51.25552899999998	49
51.76616699999998	35
51.76616699999998	49
52.30670799999998	35
52.30670799999998	38
52.30670799999998	49
52.847248999999984	35
52.847248999999984	49
53.115406499999985	38
53.38356399999998	35
53.38356399999998	49
53.899878999999984	35
53.899878999999984	38
53.899878999999984	49
54.42619399999998	35
54.42619399999998	38
54.42619399999998	49
54.93901299999998	35
54.93901299999998	38
54.93901299999998	49
55.42681599999998	35
55.42681599999998	49
55.68543649999998	38
55.94405699999998	35
55.94405699999998	49
56.20267749999998	35
56.46129799999998	35
56.46129799999998	49
56.724455499999976	35
56.724455499999976	49
56.987612999999975	38
56.987612999999975	49
57.236850499999974	49
57.36146924999998	35
57.486087999999974	35
57.486087999999974	49
57.73302349999997	35
57.73302349999997	49
57.97995899999997	49
58.20723149999997	38
58.20723149999997	49
58.45313299999997	35
58.45313299999997	49
58.584711749999975	35
58.71629049999997	38
58.71629049999997	49
58.97052799999997	35
58.97052799999997	49
59.097646749999974	38
59.22476549999997	35
59.22476549999997	49
59.47900299999997	35
59.47900299999997	49
59.72290449999997	35
59.72290449999997	49
59.96680599999997	49
60.21570749999997	38
60.21570749999997	49
60.46460899999997	49
60.59391924999997	38
60.72322949999997	35
60.72322949999997	49
60.85253974999997	35
60.981849999999966	38
60.981849999999966	49
61.22895049999996	49
61.35250074999997	38
61.47605099999997	35
61.47605099999997	49
61.72605099999997	35
61.72605099999997	49
61.97605099999997	38
61.97605099999997	49
62.22605099999997	35
62.22605099999997	49
62.47605099999997	35
62.47605099999997	38
62.47605099999997	49
62.73467149999997	38
62.86398174999997	38
62.99329199999997	35
62.99329199999997	38
63.25877799999997	35
63.52426399999997	35
63.52426399999997	38
63.52426399999997	49
64.02846499999997	38
64.02846499999997	38
64.33387784196754	35
64.59270249999997	38
64.83770249999996	47
65.08270249999997	47
65.20367024999997	47
65.44560574999997	47
65.56657349999996	47
65.69004124999996	47
65.81350899999998	47
65.93697674999997	47
66.06044449999997	47
66.18560399999997	47
66.31076349999996	47
66.43592299999996	47
66.56108249999997	35
66.56108249999997	49
66.80608249999997	35
66.80608249999997	42
67.05108249999998	38
67.05108249999998	42
67.31150300281571	35
67.31150300281571	49
67.82380949999997	38
67.82380949999997	38
68.33662849999996	38
68.33662849999996	38
68.59303799999996	35
68.59303799999996	49
68.84944749999997	35
68.84944749999997	42
69.10585699999997	35
69.10585699999997	38
69.10585699999997	42
69.35379099999997	35
69.35379099999997	42
69.60172499999997	35
69.60172499999997	42
69.85465899999998	35
69.85465899999998	42
70.10759299999998	35
70.10759299999998	38
70.10759299999998	42
70.35052699999997	35
70.35052699999997	42
70.59346099999998	35
70.59346099999998	42
70.85433049999997	35
70.85433049999997	42
71.11519999999997	35
71.11519999999997	38
71.11519999999997	42
71.37606949999997	38
71.50650424999998	38
71.63693899999997	38
71.90479549999996	35
71.90479549999996	49
72.28294624999997	35
72.28294624999997	42
72.62385499999996	35
72.62385499999996	49
72.89658199999997	42
73.12913949999997	35
73.12913949999997	38
73.12913949999997	42
73.39229699999997	35
73.39229699999997	42
73.65545449999996	35
73.65545449999996	42
73.91296449999996	38
73.99880116666662	38
74.08463783333329	38
74.17047449999997	38
74.41340849999996	35
74.65634249999997	35
74.65634249999997	49
74.91996299999998	35
74.91996299999998	49
75.18358349999997	38
75.18358349999997	49
75.30820224999997	35
75.43282099999996	49
75.55743974999996	35
75.68205849999997	35
75.68205849999997	49
75.93499249999998	35
75.93499249999998	49
76.18792649999997	35
76.18792649999997	38
76.18792649999997	49
76.44086049999999	35
76.44086049999999	49
76.56732749999998	38
76.69379449999998	35
76.69379449999998	49
76.94469599999998	35
76.94469599999998	49
77.19559749999998	38
77.19559749999998	49
77.32467624999998	35
77.45375499999999	49
77.71191249999998	35
77.71191249999998	49
77.96191249999998	38
78.08691249999998	38
78.21191249999998	38
78.33486324999998	38
78.45781399999998	47
78.71422349999999	35
78.71422349999999	49
78.71422349999999	49
83.1241564206664	47
83.390869	47
83.94779	47
84.080533	47
84.213276	47
84.478762	35
84.478762	49
85.04431799999999	35
85.04431799999999	49
85.31677131309932	38
85.5559975	35
85.5559975	49
86.0846305	35
86.0846305	38
86.0846305	49
86.5852685	35
86.5852685	49
87.1115835	35
87.1115835	38
87.1115835	49
87.6410635	35
87.6410635	49
88.1538825	35
88.1538825	49
88.66112349999999	35
88.66112349999999	38
88.66112349999999	49
89.18743849999998	35
89.18743849999998	38
89.18743849999998	49
89.68330649999999	35
89.68330649999999	49
90.22384749999999	35
90.22384749999999	49
90.47462294999623	38
90.7383695	35
90.7383695	49
90.99198999999999	35
91.2456105	35
91.2456105	49
91.499848	38
91.62696675	38
91.7540855	38
92.021942	35
92.2740425	35
92.2740425	38
92.2740425	49
92.76404249999999	38
92.76404249999999	38
93.02328	35
93.02328	49
93.2825175	35
93.5325175	35
93.77251749999999	35
93.77251749999999	38
93.77251749999999	49
94.3088325	35
94.3088325	49
94.3088325	49
94.82730749999999	42
97.68803599999998	38
98.013805729336	38
98.13398795867201	38
98.37977399999998	47
98.64763049999998	47
98.90625099999998	47
99.02721874999999	47
99.14818649999998	38
99.39012199999998	47
99.51193224999997	38
99.63374249999998	38
99.75555274999998	38
99.87736299999997	38
99.99506816091451	38
100.11277332182905	47
100.35548349999996	47
100.47859374999996	47
100.72481424999997	47
100.84792449999996	47
100.96853474999996	47
101.08914499999996	47
101.20975524999997	47
101.33036549999997	47
101.45036549999998	47
101.57036549999998	47
101.69036549999997	47
101.81036549999997	47
101.93536549999997	47
102.06036549999997	47
102.18536549999997	47
102.31036549999997	35
102.31036549999997	49
102.31036549999997	49
103.87891808124996	38
104.1392331490697	38
104.38233808124998	38
104.50630508124998	42
104.73186808124997	38
104.84464958124998	38
105.09258358124998	35
105.34051758124998	35
105.58141908124998	38
105.82232058124998	35
105.82232058124998	49
106.08094108124999	35
106.08094108124999	42
106.33956158124998	35
106.33956158124998	49
106.59533008124997	38
106.65927220624998	38
106.72321433124998	38
106.78715645624999	38
106.85109858124999	38
106.91129070624997	38
106.97148283124997	47
107.03167495624997	38
107.09186708124997	38
107.15205920624999	38
107.21225133124997	38
107.27244345624997	38
107.33263558124997	38
107.39331733124997	38
107.45399908124998	47
107.51468083124998	38
107.57536258124999	38
107.63604433124998	38
107.69672608124999	38
107.75740783124998	38
107.81808958124999	38
108.06399108125	47
108.30989258125	35
108.30989258125	38
108.43284333125	38
108.55579408125	35
108.55579408125	38
108.67874483124999	38
108.80169558124999	35
108.80169558124999	47
108.92714633124999	47
109.05259708124998	35
109.05259708124998	47
109.17804783124998	47
109.30349858124998	35
109.30349858124998	47
109.42395042724492	47
109.54440227323985	35
109.54440227323985	47
109.66485411923477	47
109.78551728125	35
109.78551728125	47
110.0440415992678	35
110.0440415992678	49
110.31873499999999	35
110.31873499999999	49
110.31873499999999	49
110.56182999999999	35
110.56182999999999	49
110.804925	35
110.804925	38
110.804925	49
111.06308250000001	35
111.06308250000001	49
111.32123999999999	35
111.32123999999999	38
111.32123999999999	49
111.59047749999999	35
111.59047749999999	49
111.859715	35
111.859715	38
111.859715	49
112.1039525	35
112.1039525	49
112.34818999999999	38
112.34818999999999	49
112.60029049999999	49
112.72634074999999	35
112.85239099999998	38
112.85239099999998	49
113.11101149999999	35
113.11101149999999	49
113.36963199999998	38
113.36963199999998	49
113.62104149999999	49
113.74674624999997	35
113.87245099999997	38
113.87245099999997	49
114.12607149999998	35
114.12607149999998	49
114.37969199999996	38
114.37969199999996	49
114.62762599999996	35
114.62762599999996	49
114.87555999999996	38
114.87555999999996	49
115.13349399999997	35
115.13349399999997	49
115.39142799999998	35
115.39142799999998	38
115.39142799999998	49
115.64142799999998	49
115.76642799999998	35
115.89142799999998	38
115.89142799999998	49
116.14352849999997	35
116.14352849999997	49
116.39562899999997	35
116.39562899999997	38
116.39562899999997	49
116.65424949999998	49
116.78355974999997	35
116.91286999999997	38
116.91286999999997	49
117.16710749999997	35
117.16710749999997	49
117.42134499999997	35
117.42134499999997	38
117.42134499999997	49
117.66927899999997	49
117.79324599999997	35
117.91721299999998	38
117.91721299999998	49
118.18220690230295	35
118.18220690230295	49
118.41941899999996	35
118.41941899999996	38
118.41941899999996	49
118.67235299999996	49
118.79881999999996	35
118.92528699999997	38
118.92528699999997	49
119.17738749999997	49
119.42948799999996	38
119.42948799999996	49
119.67948799999996	49
119.80448799999996	35
119.92948799999996	38
119.92948799999996	49
120.18589749999997	35
120.18589749999997	49
120.44230699999996	35
120.44230699999996	49
120.67924249999996	49
120.79771024999995	35
120.91617799999995	35
120.91617799999995	38
120.91617799999995	49
121.17933549999995	35
121.17933549999995	49
121.44249299999994	38
121.44249299999994	49
121.68890249999995	49
121.93531199999994	38
121.93531199999994	49
122.19324599999993	49
122.45117999999994	38
122.45117999999994	49
122.69508149999994	35
122.69508149999994	49
122.81703224999994	35
122.93898299999994	38
122.93898299999994	49
123.18788449999994	35
123.18788449999994	49
123.43678599999994	35
123.43678599999994	38
123.43678599999994	49
123.68819549999995	49
123.81390024999993	35
123.93960499999993	38
123.93960499999993	49
124.19042316316757	35
124.19042316316757	49
124.44974399999994	35
124.44974399999994	47
124.44974399999994	49
124.69898149999995	38
124.82360024999993	38
124.94821899999994	38
125.19412049999994	47
125.44002199999994	35
125.44002199999994	38
125.44002199999994	38
125.69864249999995	35
125.69864249999995	38
125.69864249999995	38
125.95726299999994	35
125.95726299999994	38
125.95726299999994	38
126.20726299999994	35
126.20726299999994	47
126.20726299999994	47
126.45726299999994	35
126.45726299999994	38
126.45726299999994	49
126.71150049999994	35
126.96573799999994	35
126.96573799999994	38
126.96573799999994	49
127.48297899999994	35
127.48297899999994	49
127.72491449999994	38
127.80555966666661	38
127.88620483333328	38
127.96684999999994	38
128.21862156590697	35
128.21862156590697	38
128.21862156590697	49
128.47878549999996	35
128.72878549999996	35
128.98302299999995	35
128.98302299999995	38
128.98302299999995	49
129.23226049999997	35
129.48149799999993	35
129.48149799999993	49
129.7343903378746	35
129.7343903378746	49
129.99153249999995	35
129.99153249999995	38
129.99153249999995	49
130.24585361909192	35
130.24585361909192	49
130.46989799999994	35
130.46989799999994	49
130.59144549999996	38
130.71299299999995	49
130.83454049999995	35
130.95608799999994	38
130.95608799999994	49
131.2006168511526	35
131.2006168511526	49
131.43773549999995	35
131.43773549999995	49
131.56567024999995	38
131.69360499999996	49
131.8215397499999	35
131.94947449999992	38
131.94947449999992	49
132.18947449999993	35
132.18947449999993	49
132.42947449999994	35
132.42947449999994	49
132.55492524999994	38
132.68037599999994	49
132.80582674999994	35
132.93127749999994	38
132.93127749999994	49
133.17217899999994	35
133.17217899999994	49
133.41308049999995	38
133.41308049999995	42
133.53558049999995	35
133.65808049999995	38
133.65808049999995	42
133.78058049999996	35
133.90308049999993	38
133.90308049999993	42
134.02603124999993	35
134.14898199999993	38
134.14898199999993	38
134.39488349999993	35
134.39488349999993	49
134.39488349999993	49
134.92119849999995	35
134.92119849999995	38
134.92119849999995	49
135.17914591987608	35
135.41629149999994	35
135.41629149999994	49
135.65946463041527	38
135.7380280869435	38
135.8165915434717	38
135.89515499999993	38
136.1259234999999	35
136.1259234999999	38
136.1259234999999	49
136.42003999999991	35
136.6581349999999	35
136.89622999999992	35
136.89622999999992	38
136.89622999999992	49
137.14213149999992	35
137.38803299999992	35
137.38803299999992	49
137.63893449999992	38
137.72256833333324	38
137.80620216666657	38
137.88983599999992	38
138.12483599999993	35
138.35983599999992	35
138.35983599999992	49
138.4829462499999	38
138.6060564999999	49
138.72916674999993	35
138.85227699999993	38
138.85227699999993	49
139.09921249999994	35
139.09921249999994	49
139.3461479999999	35
139.3461479999999	49
139.4777267499999	38
139.60930549999992	49
139.7408842499999	35
139.87246299999993	38
139.87246299999993	49
140.11636449999992	35
140.11636449999992	49
140.36026599999994	38
140.42151599999994	38
140.48276599999994	38
140.54401599999994	38
140.60526599999994	38
140.66651599999994	38
140.72776599999995	38
140.78901599999995	38
140.85026599999995	38
140.91173337499995	38
140.97320074999996	38
141.03466812499997	38
141.09613549999997	38
141.15760287499992	38
141.21907024999993	38
141.28053762499994	38
141.34200499999994	38
141.42385933333327	38
141.5057136666666	38
141.58756799999992	38
141.66942233333327	38
141.7512766666666	38
141.83313099999992	38
142.05632043320398	35
142.33723099999995	35
142.33723099999995	49
142.60620349999996	35
142.60620349999996	49
142.87517599999993	38
142.87517599999993	49
143.12914849999996	49
143.38312099999993	35
143.38312099999993	49
143.65709349999995	35
143.65709349999995	49
143.93106599999993	38
143.93106599999993	49
144.19003849999996	49
144.44901099999993	35
144.44901099999993	49
144.70594649999992	49
144.83441424999992	35
144.96288199999992	38
144.96288199999992	49
145.22603949999993	38
145.35761824999992	38
145.48919699999993	38
145.74735449999991	47
146.00551199999992	47
146.1397157493765	47
146.27391949875306	38
146.5167644999999	35
146.5167644999999	49
146.7872504999999	49
147.0577364999999	38
147.0577364999999	49
147.3232224999999	49
147.5887084999999	35
147.5887084999999	49
147.8541944999999	35
147.8541944999999	49
148.1196804999999	35
148.1196804999999	38
148.1196804999999	49
148.2501152499999	38
148.38054999999991	35
148.38054999999991	49
148.6414194999999	38
148.7753084999999	38
148.90919749999992	38
149.0430864999999	38
149.1769754999999	47
149.29794324999992	47
149.41891099999992	47
149.5398787499999	47
149.6608464999999	47
149.7883464999999	47
149.9158464999999	47
150.0433464999999	47
150.1708464999999	47
150.4337029999999	47
150.6965594999999	35
150.6965594999999	49
150.9597169999999	49
151.2228744999999	38
151.2228744999999	49
151.49103199999988	35
151.49103199999988	49
151.75918949999988	35
151.75918949999988	49
152.02704599999987	49
152.29490249999986	38
152.29490249999986	49
152.57714110624988	35
152.57714110624988	49
152.79772860624988	35
152.79772860624988	49
153.06088610624988	49
153.3240436062499	38
153.3240436062499	49
153.5699451062499	35
153.5699451062499	49
153.85296410624989	35
153.85296410624989	49
154.1115846062499	35
154.1115846062499	49
154.3702051062499	38
154.3702051062499	49
154.63382560624987	35
154.63382560624987	49
154.89744610624987	35
154.89744610624987	49
155.1583156062499	35
155.1583156062499	49
155.41918510624987	38
155.41918510624987	49
155.68005460624988	35
155.68005460624988	49
155.94092410624987	35
155.94092410624987	49
156.20865110624987	35
156.20865110624987	49
156.47637810624988	38
156.47637810624988	49
156.7368641062499	38
156.7368641062499	49
156.99735010624988	38
156.99735010624988	49
157.25325160624988	38
157.25325160624988	49
157.50915310624987	38
157.50915310624987	49
157.77700960624986	38
157.77700960624986	49
158.04486610624986	38
158.04486610624986	49
158.30772260624988	38
158.30772260624988	49
158.57057910624988	38
158.57057910624988	49
158.81851310624987	35
159.06241460624986	38
159.06241460624986	49
159.32165210624984	38
159.40806460624987	38
159.49447710624986	38
159.58088960624985	38
159.83512710624984	47
160.08936460624986	47
160.33436460624986	47
160.57936460624987	47
160.70648335624986	35
160.70648335624986	47
161.08783960624987	35
161.08783960624987	49
161.33874110624987	35
161.33874110624987	42
161.58964260624987	38
161.58964260624987	42
161.84262770412	35
161.84262770412	42
162.08703760624988	42
162.3462751062499	38
162.3462751062499	42
162.60551260624987	42
162.8597501062499	38
162.8597501062499	42
163.1056516062499	35
163.1056516062499	42
163.3556516062499	35
163.3556516062499	42
163.6056516062499	35
163.6056516062499	38
163.6056516062499	42
163.8556516062499	35
163.8556516062499	42
164.1056516062499	35
164.1056516062499	42
164.3606516062499	35
164.3606516062499	42
164.61565160624988	35
164.61565160624988	38
164.61565160624988	42
164.8742721062499	35
164.8742721062499	42
165.1328926062499	38
165.21763843958323	38
165.30238427291656	38
165.38713010624988	38
165.47187593958324	38
165.55662177291657	38
165.6413676062499	38
165.8913676062499	35
166.1413676062499	35
166.39082634510478	35
166.39082634510478	38
166.39082634510478	49
166.8022721062499	35
166.8022721062499	38
166.8022721062499	49
167.13073835624988	35
167.13073835624988	49
167.13073835624988	49
167.69460935624986	35
167.69460935624986	38
167.69460935624986	42
167.94587085624988	35
167.94587085624988	42
168.19713235624988	35
168.19713235624988	42
168.4576183562499	35
168.4576183562499	42
168.71810435624988	38
168.84157210624988	38
168.9650398562499	38
169.21197535624987	35
169.21197535624987	49
169.46621285624985	35
169.46621285624985	49
169.72045035624987	38
169.72045035624987	49
169.84441735624986	35
169.96838435624986	49
170.09235135624988	35
170.21631835624987	35
170.21631835624987	49
170.47947585624988	35
170.47947585624988	49
170.74263335624988	38
170.74263335624988	49
170.99263335624988	35
170.99263335624988	49
171.11763335624988	38
171.24263335624988	35
171.24263335624988	49
171.50263335624987	35
171.50263335624987	49
171.7626333562499	38
171.7626333562499	49
171.8872521062499	35
172.01187085624989	49
172.13648960624988	35
172.26110835624988	35
172.26110835624988	49
172.5082088562499	38
172.6317591062499	38
172.75530935624988	38
172.8857441062499	38
173.0161788562499	47
173.14661360624987	47
173.27704835624988	35
173.27704835624988	49
177.74392386963657	47
178.0269131062499	47
178.5423671062499	47
178.6714458562499	47
178.80052460624992	47
179.05868210624993	35
179.05868210624993	49
179.05868210624993	49
179.6043951062499	35
179.6043951062499	49
179.86488110624992	38
180.1253671062499	35
180.1253671062499	49
180.65633910624993	35
180.65633910624993	38
180.65633910624993	49
181.17358010624994	35
181.17358010624994	49
181.70455210624993	35
181.70455210624993	38
181.70455210624993	49
182.22629110624993	35
182.22629110624993	49
182.49560760624993	38
182.76492410624994	35
182.76492410624994	49
183.29355710624992	35
183.29355710624992	38
183.29355710624992	49
183.80529610624993	35
183.80529610624993	49
184.32253710624994	35
184.32253710624994	38
184.32253710624994	49
184.83977810624992	35
184.83977810624992	49
185.09839860624993	38
185.37112560624993	35
185.37112560624993	49
185.92668160624993	35
185.92668160624993	49
185.92668160624993	49