4.8	42
5.412243	42
6.024486	42
6.618544999999999	42
7.201067999999999	42
7.819624999999999	42
8.438182	42
9.038181999999999	42
9.638181999999999	42
10.250424999999998	42
10.862668	42
11.445191	42
12.045190999999999	42
12.345191	47
12.630905499999999	42
12.92162	47
13.212334499999999	47
13.503595999999998	47
13.794857499999999	47
14.081023764403858	35
14.356492499999998	38
14.356492499999998	42
14.642206999999997	35
14.927921499999998	38
14.927921499999998	42
15.213635999999997	35
15.499350499999998	38
15.499350499999998	42
15.785064999999998	35
16.070779499999997	38
16.070779499999997	42
16.356493999999998	35
16.6477555	38
16.6477555	42
16.939016999999996	35
17.214245999999996	38
17.214245999999996	42
17.508362499999997	35
17.802478999999995	38
17.802478999999995	42
18.096595499999996	35
18.364451999999996	38
18.364451999999996	42
18.658568499999998	35
18.799413499999996	35
18.9402585	38
18.9402585	42
19.23152	35
19.522781499999997	38
19.522781499999997	42
19.803154999999997	35
20.083528499999996	38
20.083528499999996	42
20.374789999999997	35
20.666051499999995	38
20.666051499999995	42
20.962372952642447	47
21.251672499999998	42
21.540996203414682	47
21.834492499999996	42
22.118708029399112	47
22.408609	47
22.690299	47
22.971988999999997	47
23.264671999999997	47
23.411013499999996	47
23.557354999999998	35
23.557354999999998	42
23.850037999999998	35
24.142720999999998	38
24.142720999999998	42
24.724149999999998	38
24.724149999999998	42
25.0182665	35
25.312382999999997	38
25.312382999999997	42
25.596307214132985	35
25.869518499999995	35
25.869518499999995	38
25.869518499999995	42
26.149747499999997	35
26.429976499999995	38
26.429976499999995	42
27.000434499999997	38
27.000434499999997	42
27.276293904291077	35
27.5602655	35
27.5602655	38
27.5602655	42
27.8602655	35
27.99419375	35
28.128122	38
28.128122	42
28.411141	35
28.69416	38
28.69416	42
29.288219	38
29.288219	42
29.560946	35
29.833673	38
29.833673	42
29.97790325	35
30.1221335	35
30.410594	35
30.410594	38
30.410594	42
30.7018555	35
30.993116999999998	38
30.993116999999998	42
31.56564	38
31.56564	42
31.856901500000003	35
32.142616000000004	38
32.142616000000004	42
32.285040022270096	35
32.427464044540194	35
32.734874500000004	35
32.734874500000004	38
32.734874500000004	42
33.0348745	35
33.334874500000005	38
33.334874500000005	42
33.618335	35
33.901795500000006	35
33.901795500000006	38
33.901795500000006	42
34.18751	35
34.47322450000001	38
34.47322450000001	42
35.0446535	35
35.0446535	38
35.0446535	42
35.333114	35
35.6215745	38
35.6215745	42
35.904593500000004	35
36.1823715	38
36.1823715	42
36.465390500000005	35
36.7484095	38
36.7484095	42
37.042526	35
37.3366425	35
37.3366425	38
37.3366425	49
37.6316425	35
37.6316425	49
37.92664250000001	38
37.92664250000001	49
38.22875390517185	49
38.37980960775778	35
38.483534750000004	35
38.483534750000004	38
38.483534750000004	49
38.77260270706062	35
38.77260270706062	49
39.05611175000001	38
39.05611175000001	49
39.332608750000006	35
39.332608750000006	49
39.47085725000001	35
39.609105750000005	38
39.609105750000005	49
39.903222250000006	35
39.903222250000006	49
40.19733875000001	38
40.19733875000001	49
40.475116750000005	47
40.75289475000001	35
40.75289475000001	47
41.04360925000001	47
41.33432375000001	38
41.61778425000001	38
41.75951450000001	38
41.90124475000001	35
41.90124475000001	42
42.18560425000001	35
42.46996375000001	38
42.46996375000001	42
43.07402275000001	38
43.07402275000001	42
43.35473725000001	35
43.635451750000016	38
43.635451750000016	42
43.91997577291668	35
44.20688075000001	38
44.20688075000001	42
44.76243675000001	38
44.76243675000001	42
45.05089725000001	35
45.33935775000001	38
45.33935775000001	42
45.63810775000001	35
45.92507225000001	35
45.92507225000001	38
45.92507225000001	42
46.22597424258733	35
46.50041894580246	38
46.50041894580246	42
47.05210825000001	38
47.05210825000001	42
47.33512725000001	35
47.47663675000001	35
47.616967004166675	38
47.616967004166675	42
47.90116525000001	47
48.17894325000001	42
48.17894325000001	47
48.47050134166668	47
48.764499250000014	42
49.05252925000001	47
49.34055925000001	47
49.633439981771865	47
49.91770575000001	47
50.206656379715625	47
50.341853814857814	47
50.47705125000002	47
50.621880033405155	47
50.766708816810294	47
51.079309750000014	35
51.079309750000014	42
51.375101627083346	35
51.644195750000016	38
51.644195750000016	49
52.22671875000002	35
52.22671875000002	42
52.51960976458335	35
52.81495175000002	38
52.81495175000002	49
53.09797075000002	35
53.38098975000002	35
53.38098975000002	38
53.38098975000002	42
53.672251250000016	35
53.96351275000002	38
53.96351275000002	49
54.550520264583355	38
54.550520264583355	42
54.83626977291669	35
55.112689250000024	38
55.112689250000024	49
55.39895075000002	35
55.68521225000003	38
55.68521225000003	42
55.98161525722742	35
56.261702750000026	38
56.261702750000026	49
56.84993575000003	38
56.84993575000003	42
57.14405225000002	35
57.416779250000026	38
57.416779250000026	49
57.70249375000002	35
57.98820825000003	38
57.98820825000003	42
58.27666875000003	35
58.56512925000003	38
58.56512925000003	49
59.142050250000025	38
59.142050250000025	42
59.430510750000025	35
59.71897125000003	38
59.71897125000003	49
60.00743175000003	35
60.30446125000003	35
60.30446125000003	49
60.60149075000003	35
60.89852025000003	38
60.89852025000003	49
61.48388625000003	35
61.48388625000003	49
61.76925975000004	35
62.05463325000003	38
62.05463325000003	49
62.33809375000003	35
62.62155425000003	35
62.62155425000003	49
62.90324425000003	35
63.18493425000003	38
63.18493425000003	49
63.47619575000003	35
63.767457250000035	35
63.767457250000035	49
64.05591775000003	35
64.34437825000003	38
64.34437825000003	49
64.63706125000003	35
64.92974425000003	35
64.92974425000003	49
65.22242725000004	35
65.48791325000003	38
65.48791325000003	49
65.77093225000003	35
66.05395125000004	35
66.05395125000004	49
66.34806775000004	35
66.63108675000004	38
66.63108675000004	49
66.91410575000005	35
66.91410575000005	49
67.21410575000004	35
67.21410575000004	49
67.48933475000004	38
67.77235375000004	35
67.77235375000004	38
67.9098586693061	38
68.04736358861214	35
68.04736358861214	38
68.1999939193061	38
68.35262425000003	47
68.61040225000002	35
68.61040225000002	47
68.73929125000004	47
68.86818025000002	47
69.01706925000003	47
69.16595825000002	47
69.31484725000003	47
69.46373625000004	35
69.46373625000004	49
69.73910975000003	35
69.73910975000003	49
70.01448325000004	38
70.01448325000004	49
70.29617325000004	49
70.57786325000004	35
70.57786325000004	38
70.57786325000004	49
70.85955325000005	35
70.85955325000005	49
71.12982375000004	38
71.12982375000004	49
71.41005275000005	49
71.55016725000004	35
71.69028175000005	35
71.69028175000005	49
71.97099625000004	35
71.97099625000004	49
72.25171075000004	38
72.25171075000004	49
72.52693975000004	35
72.52693975000004	49
72.80216875000005	35
72.80216875000005	49
72.93978325000005	38
73.07739775000005	35
73.07739775000005	49
73.21501225000004	35
73.35262675000004	38
73.35262675000004	49
73.61124725000005	35
73.61124725000005	49
73.75275675000005	38
73.89426625000004	35
73.89426625000004	49
74.17728525000005	35
74.17728525000005	49
74.45506325000005	38
74.45506325000005	49
74.73029225000005	49
74.86790675000005	38
75.00552125000006	35
75.00552125000006	49
75.28959125000007	35
75.28959125000007	49
75.57366125000006	38
75.57366125000006	49
75.84773125000005	35
75.84773125000005	49
75.98476625000005	35
76.12180125000006	38
76.12180125000006	49
76.40087125000005	35
76.40087125000005	49
76.67994125000006	38
76.67994125000006	49
76.82279850000006	38
76.96565575000005	35
76.96565575000005	49
77.10851300000006	35
77.22301675000006	38
77.22301675000006	49
77.50603575000005	38
77.50603575000005	49
77.78381375000005	38
77.78381375000005	49
78.05904275000005	49
78.19665725000004	38
78.26546450000005	38
78.33427175000006	35
78.33427175000006	49
78.61450075000006	35
78.61450075000006	49
78.89472975000005	38
78.89472975000005	49
79.17250775000005	49
79.45028575000005	35
79.45028575000005	49
79.73197575000005	35
79.73197575000005	49
80.01366575000004	38
80.01366575000004	49
80.29035575000005	49
80.56704575000005	35
80.56704575000005	49
80.85550625000005	38
80.85550625000005	49
81.14396675000005	35
81.14396675000005	49
81.42233380284766	35
81.42233380284766	49
81.56151732927147	35
81.69554650000006	38
81.69554650000006	49
81.83954863100082	38
81.98355076200158	35
81.98355076200158	49
82.12118063100083	35
82.25881050000005	38
82.25881050000005	49
82.54182950000005	38
82.54182950000005	49
82.68333900000005	38
82.82484850000006	35
82.82484850000006	49
83.10522200000005	35
83.10522200000005	49
83.38559550000006	38
83.38559550000006	49
83.66596900000006	49
83.94634250000006	35
83.94634250000006	49
84.22671600000005	35
84.22671600000005	49
84.50708950000006	38
84.50708950000006	49
84.78746300000006	49
85.06783650000006	35
85.06783650000006	49
85.36783650000005	35
85.36783650000005	49
85.51783650000006	35
85.63061800000006	38
85.63061800000006	49
85.77624875000005	38
85.92187950000006	35
85.92187950000006	49
86.06751025000005	35
86.20025325000006	47
86.20025325000006	49
86.48596775000006	47
86.48596775000006	49
86.76119675000005	47
86.89881125000005	47
87.03642575000006	47
87.17404025000006	47
87.31165475000006	35
87.31165475000006	49
87.59736925000006	35
87.59736925000006	49
87.88308375000005	38
87.88308375000005	49
88.16879825000007	49
88.31165550000006	35
88.45451275000006	35
88.45451275000006	49
88.73620275000006	35
88.73620275000006	49
89.01789275000006	38
89.01789275000006	49
89.30360725000006	49
89.44646450000006	35
89.58932175000005	35
89.58932175000005	49
89.87101175000005	35
89.87101175000005	49
90.15270175000005	38
90.15270175000005	49
90.44396325000005	49
90.58959400000005	35
90.72233700000005	38
90.72233700000005	49
90.86252375000005	38
91.00271050000005	35
91.00271050000005	49
91.14289725000005	47
91.28308400000006	47
91.41944750000006	47
91.55581100000006	47
91.69217450000006	47
91.82853800000007	35
91.82853800000007	49
92.10891150000006	35
92.10891150000006	49
92.38928500000007	38
92.38928500000007	49
92.67230400000007	49
92.81381350000007	35
92.95532300000008	35
92.95532300000008	49
93.23834200000007	35
93.23834200000007	49
93.52136100000007	38
93.52136100000007	49
93.80438000000007	49
93.94588950000008	35
94.08739900000008	35
94.08739900000008	49
94.37041800000007	47
94.64564700000007	38
94.78326150000007	47
94.92087600000008	35
95.05849050000008	38
95.19610500000007	38
95.19610500000007	38
95.50437538536373	35
95.78436400000008	38
95.78436400000008	49
96.06782450000007	35
96.06782450000007	49
96.35128500000008	35
96.35128500000008	38
96.35128500000008	49
96.63974550000007	35
96.63974550000007	49
96.92820600000007	38
96.92820600000007	49
97.21166650000006	35
97.21166650000006	49
97.49512700000007	35
97.49512700000007	38
97.49512700000007	49
97.78328362184021	35
97.78328362184021	49
98.05600250000006	38
98.05600250000006	49
98.33902150000006	35
98.62204050000007	35
98.62204050000007	49
98.90505950000006	35
99.19077400000006	38
99.19077400000006	49
99.47648850000006	35
99.76220300000007	35
99.76220300000007	49
100.04522200000007	35
100.32824100000008	35
100.32824100000008	38
100.32824100000008	49
100.90427900000007	49
101.18729800000007	35
101.47031700000008	38
101.47031700000008	49
101.74569050000007	35
102.02106400000008	35
102.02106400000008	49
102.30143750000008	35
102.58181100000007	38
102.58181100000007	49
103.14255800000008	49
103.43101850000008	35
103.71947900000008	38
103.71947900000008	49
103.98974950000007	35
104.26002000000008	35
104.26002000000008	49
104.54303900000008	35
104.82605800000009	38
104.82605800000009	49
105.10128700000008	35
105.37906500000008	35
105.37906500000008	49
105.65429400000008	35
105.92952300000009	35
105.92952300000009	38
105.92952300000009	49
106.20475200000008	35
106.47998100000008	35
106.47998100000008	49
106.76569550000008	35
107.05141000000008	35
107.05141000000008	38
107.05141000000008	49
107.32418800000006	35
107.59696600000007	35
107.59696600000007	49
107.87974400000007	35
108.16252200000008	35
108.16252200000008	38
108.16252200000008	49
108.43775100000008	35
108.71298000000009	35
108.71298000000009	49
108.99075800000008	35
109.26853600000008	35
109.26853600000008	38
109.26853600000008	49
109.54631400000008	35
109.82409200000009	35
109.82409200000009	49
110.10187000000009	35
110.37964800000009	35
110.37964800000009	38
110.37964800000009	49
110.65237500000009	35
110.9251020000001	35
110.9251020000001	49
111.20033100000009	35
111.4755600000001	35
111.4755600000001	38
111.4755600000001	49
111.7559335000001	35
112.03630700000011	35
112.03630700000011	49
112.3193260000001	35
112.60234500000011	35
112.60234500000011	38
112.60234500000011	49
112.88536400000011	35
113.1683830000001	35
113.1683830000001	49
113.4514020000001	35
113.73442100000011	35
113.73442100000011	38
113.73442100000011	49
114.0046915000001	38
114.0046915000001	38
114.2850650000001	49
114.5602940000001	47
114.83552300000011	38
114.9731375000001	47
115.2483665000001	38
115.3859810000001	47
115.6587080000001	35
115.6587080000001	38
115.6587080000001	38
115.9314350000001	35
115.9314350000001	38
115.9314350000001	38
116.2041620000001	35
116.2041620000001	47
116.2041620000001	47
116.4768890000001	35
116.4768890000001	49
116.75461600000011	35
117.03234300000011	38
117.03234300000011	49
117.30631550000011	38
117.44330175000012	38
117.58028800000011	35
117.58028800000011	49
117.85426050000011	35
118.12823300000011	38
118.12823300000011	49
118.40473000000011	35
118.40473000000011	38
118.5429785000001	38
118.6812270000001	35
118.6812270000001	49
118.9655865000001	35
119.24994600000011	38
119.24994600000011	49
119.5316360000001	38
119.6724810000001	38
119.8133260000001	35
119.8133260000001	49
120.0788120000001	35
120.34429800000011	38
120.34429800000011	49
120.6047840000001	38
120.7350270000001	38
120.8652700000001	35
120.8652700000001	49
121.1523515000001	35
121.4394330000001	38
121.4394330000001	49
121.71716000000009	38
121.8560235000001	38
121.9948870000001	35
121.9948870000001	49
122.27395700000011	35
122.5530270000001	38
122.5530270000001	49
122.8245240000001	38
122.96027250000009	38
123.09602100000009	35
123.09602100000009	49
123.3725180000001	35
123.64901500000009	38
123.64901500000009	49
123.92173387815994	35
124.20989050000009	38
124.20989050000009	38
124.48786277186139	38
124.62427513593074	38
124.76068750000009	35
124.8995765000001	35
125.03846550000009	38
125.03846550000009	38
125.30632200000008	38
125.30632200000008	49
125.57417850000009	35
125.85989300000008	35
126.4313220000001	42
126.4313220000001	49
126.9920690000001	38
126.9920690000001	49
127.2724425000001	35
127.5502205000001	49
127.82049100000009	35
127.82049100000009	49
128.0907615000001	49
128.2252907500001	38
128.2925553750001	38
128.3598200000001	38
128.4270846250001	38
128.4943492500001	38
128.5616138750001	38
128.6288785000001	38
128.7009178750001	38
128.77295725000008	38
128.8449966250001	38
128.9170360000001	38
128.9890753750001	38
129.0611147500001	38
129.13315412500012	38
129.20519350000012	38
129.26868662500013	38
129.3321797500001	38
129.39567287500012	38
129.45916600000012	38
129.5226591250001	38
129.5861522500001	38
129.6496453750001	38
129.7131385000001	35
129.7131385000001	42
130.8459965000001	38
130.8459965000001	42
131.4301595000001	49
131.70709949194085	38
131.9763110000001	49
132.2553810000001	35
132.2553810000001	49
132.5357545000001	49
132.8211280000001	38
132.9638147500001	47
133.1065015000001	38
133.2453905000001	38
133.3842795000001	38
133.6620575000001	38
133.93728650000008	38
133.93728650000008	49
134.21766000000008	49
134.49803350000008	35
134.49803350000008	49
134.76119100000008	38
134.76119100000008	49
135.04026100000007	49
135.3193310000001	49
135.60418600000008	35
135.60418600000008	49
135.8890410000001	35
135.8890410000001	49
136.17183049686588	38
136.31322524529872	38
136.4533225000001	38
136.59343700000008	38
136.7335515000001	38
136.87366600000007	42
137.01378050000008	38
137.14881722292995	38
137.28385394585982	38
137.41074197292997	38
137.5376300000001	38
137.67649350000008	42
137.8153570000001	38
137.95422050000008	38
138.0930840000001	38
138.16126575000007	38
138.22944750000008	38
138.29762925000009	38
138.3658110000001	38
138.6385380000001	35
138.6385380000001	49
138.9202280000001	35
138.9202280000001	49
139.2019180000001	38
139.2019180000001	49
139.4876325000001	35
139.4876325000001	49
139.7733470000001	38
139.7733470000001	49
140.04857600000008	35
140.04857600000008	49
140.32380500000008	38
140.32380500000008	49
140.60417850000007	35
140.60417850000007	49
140.88455200000007	38
140.88455200000007	49
141.17366850000008	35
141.17366850000008	49
141.46278500000008	38
141.46278500000008	49
141.7405630000001	35
141.7405630000001	49
142.01834100000008	38
142.01834100000008	49
142.30111900000009	35
142.30111900000009	49
142.58389700000006	38
142.58389700000006	49
142.86427050000006	35
142.86427050000006	49
143.14464400000006	38
143.14464400000006	49
143.42001750000006	35
143.42001750000006	49
143.6953910000001	38
143.6953910000001	49
143.97576450000008	35
143.97576450000008	49
144.25613800000008	38
144.25613800000008	49
144.53891600000009	35
144.53891600000009	49
144.82169400000006	38
144.82169400000006	49
145.10206750000006	35
145.10206750000006	49
145.38244100000006	38
145.38244100000006	49
145.65781450000006	35
145.65781450000006	49
145.9331880000001	38
145.9331880000001	49
146.21356150000008	35
146.21356150000008	49
146.49393500000008	38
146.49393500000008	49
146.77430850000007	35
146.77430850000007	49
147.05468200000007	38
147.05468200000007	49
147.33246000000008	35
147.33246000000008	49
147.61023800000007	38
147.61023800000007	49
147.88546700000006	35
147.88546700000006	49
148.16069600000006	38
148.16069600000006	49
148.44915650000007	35
148.44915650000007	49
148.73761700000006	38
148.73761700000006	49
149.01539500000007	35
149.01539500000007	49
149.29317300000005	38
149.29317300000005	49
149.57486300000005	35
149.57486300000005	49
149.85655300000005	38
149.85655300000005	49
150.13824300000005	35
150.13824300000005	49
150.41993300000004	38
150.41993300000004	49
150.70162300000004	35
150.70162300000004	49
150.98331300000007	38
150.98331300000007	49
151.26500300000006	35
151.26500300000006	49
151.54669300000006	38
151.54669300000006	49
151.82838300000006	35
151.82838300000006	49
152.11007300000006	38
152.11007300000006	49
152.39443250000005	35
152.39443250000005	49
152.67879200000004	38
152.67879200000004	49
152.95786200000003	35
152.95786200000003	49
153.23693200000005	38
153.23693200000005	49
153.51600200000004	35
153.51600200000004	49
153.79507200000003	38
153.79507200000003	49
154.0790592687636	35
154.0790592687636	49
154.37260250000006	49
154.6560153911182	35
154.6560153911182	49
154.93408200000005	38
155.21200840374203	47
155.34591820187103	47
155.61869150000004	47
155.75755500000005	35
155.75755500000005	47
156.03528200000005	47
156.16921025000005	47
156.30313850000005	47
156.43706675000004	47
156.57099500000004	35
156.57099500000004	49
156.85670950000005	35
156.85670950000005	49
157.14242400000003	38
157.14242400000003	49
157.41765300000003	49
157.69288200000003	38
157.69288200000003	49
157.97311100000002	35
157.97311100000002	49
158.25334000000004	49
158.5236387718577	38
158.5236387718577	49
158.80158800000004	42
159.08460700000003	35
159.36762600000003	38
159.63534171562034	38
159.76919957343048	47
159.90185175000002	38
160.03949261809214	38
160.17713348618426	35
160.17713348618426	38
160.45118075000002	35
160.45118075000002	38
160.72023925000002	35
160.72023925000002	47
160.98929775000002	35
160.98929775000002	38
160.98929775000002	49
161.27501225000003	35
161.27501225000003	49
161.56072675000001	35
161.56072675000001	38
161.56072675000001	49
161.86375675000002	35
161.86375675000002	49
161.998892	35
162.122859	38
162.122859	49
162.41131950000002	35
162.41131950000002	49
162.67680550000003	38
162.67680550000003	49
162.94707600000004	35
162.94707600000004	49
163.21734650000002	35
163.21734650000002	49
163.36734650000002	38
163.51734650000003	35
163.51734650000003	49
163.6673465	35
163.786394	38
163.786394	49
164.0566645	35
164.0566645	49
164.326935	35
164.326935	38
164.326935	49
164.5972055	35
164.5972055	49
164.867476	35
164.867476	38
164.867476	49
165.1478495	35
165.428223	35
165.428223	38
165.428223	49
165.7085965	35
165.7085965	49
165.98897000000002	38
165.98897000000002	49
166.26934350000002	35
166.26934350000002	49
166.54712150000003	38
166.54712150000003	49
166.81984850000003	35
166.81984850000003	49
167.09257550000004	35
167.09257550000004	38
167.09257550000004	49
167.37559450000003	35
167.37559450000003	49
167.65861350000003	35
167.65861350000003	38
167.65861350000003	49
167.93134050000003	35
167.93134050000003	49
168.19682650000004	47
168.32956950000002	47
168.46231250000002	38
168.60382200000004	38
168.74533150000002	35
168.74533150000002	38
168.74533150000002	49
169.02570500000002	35
169.02570500000002	49
169.3060785	35
169.3060785	38
169.3060785	49
169.586452	35
169.586452	49
169.86682550000003	35
169.86682550000003	38
169.86682550000003	49
170.14719900000003	35
170.14719900000003	49
170.42242800000002	35
170.42242800000002	38
170.42242800000002	49
170.69765700000002	35
170.69765700000002	49
170.97288600000002	35
170.97288600000002	38
171.10802125	38
171.24315650000003	35
171.24315650000003	38
171.38204550000003	38
171.52093450000004	35
171.52093450000004	38
171.65982350000002	38
171.79871250000002	35
171.79871250000002	49
172.07143950000003	35
172.07143950000003	38
172.07143950000003	49
172.34416650000003	35
172.34416650000003	49
172.61689350000003	35
172.61689350000003	38
172.61689350000003	49
172.89462050000003	35
172.89462050000003	49
173.1723475	35
173.1723475	38
173.1723475	49
173.4450745	35
173.4450745	49
173.7178015	35
173.7178015	47
173.85416500000002	47
173.9905285	35
173.9905285	47
174.12689200000003	47
174.2632555	35
174.2632555	47
174.39599850000002	47
174.52874150000002	35
174.52874150000002	47
174.7942275	35
174.7942275	49
175.08308818895557	35
175.08308818895557	49
175.34383000000003	35
175.34383000000003	38
175.34383000000003	49
175.61155700000003	35
175.61155700000003	49
175.87928400000004	49
176.15701100000004	35
176.15701100000004	49
176.43473800000004	38
176.43473800000004	49
176.71251600000005	35
176.71251600000005	49
176.99029400000003	38
176.99029400000003	49
177.26307200000005	35
177.26307200000005	49
177.53585000000004	35
177.53585000000004	47
177.53585000000004	49
177.81357700000004	47
177.95244050000002	47
178.09130400000004	47
178.23012120187101	47
178.36893840374202	47
178.65705000000003	35
178.65705000000003	47
178.94006900000002	35
178.94006900000002	47
179.21279600000003	38
179.21279600000003	49
179.48802500000002	35
179.48802500000002	49
179.76325400000002	38
179.76325400000002	49
180.03348300000002	35
180.03348300000002	49
180.30371200000005	38
180.30371200000005	49
180.58149000000006	35
180.58149000000006	49
180.85926800000004	38
180.85926800000004	42
181.13450448945696	35
181.13450448945696	47
181.41351100000006	38
181.41351100000006	42
181.68248350000005	35
181.68248350000005	47
181.95145600000006	38
181.95145600000006	42
182.22542850000005	35
182.50844750000005	35
182.50844750000005	42
183.06400350000004	38
183.06400350000004	42
183.34569350000004	35
183.62738350000004	38
183.62738350000004	42
183.90907350000003	35
184.18685150000005	38
184.18685150000005	42
184.75288950000004	38
184.75288950000004	42
185.03590850000003	35
185.31892750000006	38
185.31892750000006	42
185.89496550000004	38
185.89496550000004	42
186.1785240482123	35
186.47342600000007	38
186.47342600000007	42
186.7682336943048	35
186.90471884715242	35
187.04120400000008	38
187.04120400000008	42
187.32398200000006	35
187.60676000000007	38
187.60676000000007	42
188.17818900000006	38
188.17818900000006	42
188.45356250000006	35
188.72893600000006	38
188.72893600000006	42
189.01430950000005	47
189.57511560600847	47
190.1341482406344	47
190.70532793491	47
191.28600450000005	47
191.57137800000004	35
191.57137800000004	49
191.85209250000005	35
192.13280700000004	38
192.13280700000004	49
192.70423600000004	38
192.70423600000004	49
193.00126550000004	35
193.26912200000004	38
193.26912200000004	49
193.55620350000004	35
193.84328500000004	35
193.84328500000004	38
193.84328500000004	49
194.12497500000003	35
194.40666500000003	38
194.40666500000003	49
194.97004500000003	38
194.97004500000003	49
195.25850550000004	35
195.54696600000003	38
195.54696600000003	49
195.83542650000004	35
195.96935475000004	35
196.09032250000004	38
196.09032250000004	49
196.37878300000006	35
196.66724350000004	38
196.66724350000004	49
197.24140650000004	38
197.24140650000004	49
197.52442550000004	35
197.80744450000003	38
197.80744450000003	49
198.08267350000003	35
198.21841975000004	35
198.35416600000002	38
198.35416600000002	49
198.63988050000003	35
198.92559500000002	38
198.92559500000002	49
199.50811800000002	38
199.50811800000002	49
199.79113700000002	35
200.07151050000002	38
200.07151050000002	49
200.3545295	35
200.6375485	38
200.6375485	49
200.92881	35
201.22007150000002	38
201.22007150000002	49
201.77821150000003	38
201.77821150000003	49
202.05728150000002	35
202.3363515	38
202.3363515	49
202.61542150000002	35
202.89449150000002	35
202.89449150000002	49
203.18295200000003	35
203.4714125	38
203.4714125	49
203.74919050000003	35
204.0269685	35
204.0269685	38
204.0269685	49
204.31268300000002	35
204.5983975	35
204.5983975	49
204.8882525	35
205.1712715	35
205.1712715	38
205.1712715	49
205.45429049999998	35
205.73730949999998	35
205.73730949999998	38
205.73730949999998	49
206.0203285	35
206.3033475	35
206.3033475	38
206.3033475	49
206.5863665	35
206.8693855	35
206.8693855	38
206.8693855	49
207.1446145	35
207.41984349999998	38
207.41984349999998	49
207.70256296005203	35
207.70256296005203	38
207.99198099999998	38
208.264759	35
208.264759	38
208.537537	35
208.537537	38
208.820315	35
208.820315	38
209.10309299999997	35
209.10309299999997	38
209.24198199999998	38
209.38087099999998	35
209.38087099999998	38
209.653598	35
209.653598	38
209.653598	49
209.93985949999998	35
210.226121	38
210.226121	49
210.49651587028438	35
210.49651587028438	49
210.7854665	49
211.0847716720056	35
211.0847716720056	49
211.36231	38
211.36231	49
211.635037	47
211.92075150000002	47
212.05714050000003	47
212.19352950000004	47
212.32991850000002	47
212.46630750000003	47
212.60523575000002	47
212.744164	47
213.0220205	38
213.0220205	49
213.311137	35
213.6002535	38
213.6002535	49
213.88871400000002	35
213.88871400000002	49
214.7540955	49
214.82371062500002	49
214.89332575	49
214.96294087500002	49
215.032556	49
215.10217112499998	49
215.17178625	49
215.241401375	49
215.3110165	49
215.380631625	49
215.45024675	49
215.519861875	49
215.58947700000002	49
215.659092125	49
215.72870725	49
215.79832237500003	49
215.8679375	49
215.94880262500004	49
216.02966775000002	49
216.11053287500002	49
216.19139800000002	49
216.272263125	49
216.35312825000003	49
216.43399337500003	49
216.5148585	49
216.586973625	49
216.65908875000002	49
216.731203875	49
216.80331900000002	49
216.875434125	49
216.94754925	49
217.01966437500002	49
217.0917795	49
217.161394625	49
217.23100975000003	49
217.300624875	49
217.37024	49
217.43985512499998	49
217.50947025	49
217.579085375	49
217.6487005	49
217.720815625	49
217.79293075	49
217.865045875	49
217.937161	49
218.00927612499999	49
218.08139125	49
218.153506375	49
218.2256215	49
218.297736625	49
218.36985175	49
218.441966875	49
218.514082	49
218.586197125	49
218.65831225	49
218.730427375	49
218.8025425	49
218.873407625	49
218.94427275	49
219.015137875	49
219.086003	49
219.15686812500002	49
219.22773325	49
219.298598375	49
219.3694635	49
219.441578625	49
219.51369375000002	49
219.585808875	49
219.657924	49
219.73003912500002	49
219.80215425	49
219.874269375	49
219.94638450000002	49
220.018499625	49
220.09061475000001	49
220.162729875	49
220.234845	49
220.30696012500002	49
220.37907525	49
220.451190375	49
220.52330550000002	49
220.592920625	49
220.66253575000002	49
220.732150875	49
220.801766	49
220.871381125	49
220.94099624999998	49
221.010611375	49
221.0802265	49
221.152341625	49
221.22445675	49
221.296571875	49
221.368687	49
221.440802125	49
221.51291725	49
221.585032375	49