3.7695280000000007	35
4.238278000000001	47
4.478278000000001	35
4.9632376870437485	47
5.2121795	35
5.6980475	47
6.2022485000000005	47
6.6880765	47
7.1642665	47
7.6293815	35
7.6293815	47
8.1191765	47
8.371277	35
8.799847999999999	47
9.057357999999999	35
9.057357999999999	47
9.541666	47
10.1176035	47
10.23123975	47
10.344876	47
10.45851225	47
10.822071583037165	47
10.922927	35
10.922927	47
10.922927	47
11.38126	35
11.38126	38
11.38126	49
11.6231955	35
11.6231955	49
11.865131	35
11.865131	38
11.865131	49
12.107066499999998	35
12.107066499999998	49
12.349001999999999	35
12.349001999999999	38
12.349001999999999	49
12.583376999999999	35
12.583376999999999	49
12.817751999999999	35
12.817751999999999	38
12.817751999999999	49
13.052126999999999	35
13.052126999999999	49
13.286501999999999	35
13.286501999999999	38
13.286501999999999	49
13.522722499999999	35
13.522722499999999	49
13.758942999999999	35
13.758942999999999	38
13.758942999999999	49
13.995163499999999	35
13.995163499999999	49
14.231383999999998	35
14.231383999999998	38
14.231383999999998	49
14.465758999999998	35
14.465758999999998	49
14.700133999999998	35
14.700133999999998	38
14.700133999999998	49
14.934508999999998	35
14.934508999999998	49
15.168883999999998	35
15.168883999999998	38
15.168883999999998	49
15.403258999999998	35
15.403258999999998	49
15.637633999999998	35
15.637633999999998	38
15.637633999999998	49
15.873854499999998	35
15.873854499999998	49
16.110075	35
16.110075	38
16.110075	49
16.3512955	35
16.3512955	49
16.592516	35
16.592516	38
16.592516	49
16.823736500000003	35
16.823736500000003	49
17.054956999999998	35
17.054956999999998	38
17.054956999999998	49
17.2848415	35
17.2848415	49
17.514726	38
17.514726	49
17.7509465	35
17.7509465	49
17.987167	35
17.987167	38
17.987167	49
18.2233875	35
18.2233875	49
18.459608	38
18.459608	49
18.6877445	35
18.6877445	49
18.915881	35
18.915881	38
18.915881	49
19.149343	35
19.149343	49
19.382804999999998	38
19.382804999999998	49
19.616267	49
19.849729	35
19.849729	38
19.849729	49
20.083191	35
20.083191	49
20.316653	38
20.316653	49
20.555115	49
20.793577	35
20.793577	38
20.793577	49
21.022039	35
21.022039	49
21.250501	38
21.250501	49
21.483963	35
21.483963	49
21.717425	35
21.717425	38
21.717425	49
21.9438395	35
21.9438395	49
22.170254	35
22.170254	38
22.170254	49
22.396668499999997	35
22.623082999999998	35
22.623082999999998	38
22.623082999999998	47
22.8520905	35
22.8520905	38
22.8520905	47
23.081097999999997	35
23.081097999999997	38
23.081097999999997	47
23.311866499999997	35
23.311866499999997	38
23.311866499999997	47
23.542634999999997	35
23.542634999999997	38
23.542634999999997	47
23.775192499999996	35
23.775192499999996	38
23.775192499999996	47
24.007749999999998	35
24.007749999999998	38
24.007749999999998	47
24.238518499999998	35
24.238518499999998	38
24.238518499999998	47
24.469286999999998	35
24.469286999999998	38
24.469286999999998	47
24.700055499999998	35
24.700055499999998	38
24.700055499999998	47
24.930823999999998	35
24.930823999999998	38
24.930823999999998	47
25.161592499999998	35
25.161592499999998	38
25.161592499999998	38
25.392360999999998	35
25.392360999999998	38
25.392360999999998	38
25.6213685	35
25.6213685	38
25.6213685	38
25.850375999999997	35
25.850375999999997	38
25.850375999999997	38
26.082933499999996	35
26.315490999999998	38
26.315490999999998	49
26.548048499999997	47
26.780606	35
26.780606	47
27.0245075	35
27.475633499999997	35
27.708190999999996	38
27.708190999999996	49
28.108190999999994	47
28.108190999999994	47
28.573305999999995	47
28.800863499999995	47
29.242039744599712	47
29.479598999999993	47
29.479598999999993	47
29.72347849999999	35
29.967357999999994	35
29.967357999999994	49
30.19623749999999	38
30.27253066666666	38
30.348823833333324	38
30.425116999999993	38
30.68598649999999	35
30.68598649999999	38
30.68598649999999	49
30.946855999999993	35
31.164246999999992	35
31.406182499999993	38
31.406182499999993	49
31.847357499999994	47
31.962741749999996	47
32.308894499999994	47
32.42427874999999	47
32.770431499999994	47
33.0012	47
33.2217875	47
33.4598825	47
33.57893	47
33.6979775	35
33.6979775	49
33.928746000000004	35
33.928746000000004	49
34.1595145	38
34.1595145	49
34.390283000000004	35
34.390283000000004	49
34.6210515	35
34.6210515	49
34.8554265	35
34.8554265	49
35.0898015	38
35.0898015	49
35.3278965	35
35.3278965	49
35.5659915	35
35.5659915	49
35.8040865	35
35.8040865	49
36.0421815	38
36.0421815	49
36.2802765	35
36.2802765	49
36.507549	35
36.507549	49
36.7383175	35
36.7383175	49
36.969086	38
36.969086	49
37.1998545	35
37.1998545	49
37.430623	35
37.430623	49
37.6613915	35
37.6613915	49
37.89216	38
37.89216	49
38.1229285	35
38.1229285	49
38.353697	35
38.353697	49
38.591792	35
38.591792	49
38.829887	38
38.829887	49
39.06215949999999	38
39.13958366666667	38
39.217007833333334	38
39.294432	38
39.760622000000005	42
40.21174800000001	47
40.69955100000001	47
41.16108800000001	35
41.16108800000001	49
41.39638200000001	35
41.631676000000006	38
41.631676000000006	42
41.86697000000001	42
42.102264000000005	35
42.102264000000005	42
42.33755800000001	35
42.33755800000001	42
42.572852000000005	38
42.572852000000005	42
42.80814600000001	42
43.043440000000004	35
43.043440000000004	42
43.27690200000001	35
43.27690200000001	42
43.510364	38
43.510364	42
43.746584500000004	42
43.982805000000006	35
43.982805000000006	42
44.210077500000004	35
44.210077500000004	42
44.414158500000006	38
44.414158500000006	42
44.656094	35
44.656094	49
44.89802950000001	42
45.12879800000001	35
45.12879800000001	42
45.35956650000001	38
45.35956650000001	42
45.599860500000005	42
45.840154500000004	42
46.06535139928927	35
46.06535139928927	42
46.286217000000015	38
46.286217000000015	42
46.52467900000002	35
46.52467900000002	42
46.76314100000001	42
46.996603000000015	35
46.996603000000015	42
47.22737150000002	38
47.22737150000002	42
47.46314000000002	42
47.698908500000016	42
47.92467700000001	35
47.92467700000001	42
48.15044550000002	38
48.15044550000002	42
48.381214000000014	35
48.381214000000014	49
48.615589000000014	42
48.849964000000014	35
48.849964000000014	42
49.084339000000014	38
49.084339000000014	42
49.318714000000014	42
49.553089000000014	42
49.787464000000014	35
49.787464000000014	42
50.021839000000014	38
50.021839000000014	42
50.256214000000014	35
50.256214000000014	42
50.490589000000014	35
50.490589000000014	42
50.72314650000001	35
50.72314650000001	42
50.95570400000001	38
50.95570400000001	42
51.18826150000002	42
51.420819000000016	35
51.420819000000016	42
51.64982650000002	35
51.64982650000002	42
51.87883400000002	38
51.87883400000002	42
52.10284150000001	42
52.32684900000002	35
52.32684900000002	42
52.56585650000002	35
52.56585650000002	42
52.804864000000016	38
52.804864000000016	42
53.03474850000001	42
53.26463300000002	35
53.26463300000002	42
53.494517500000015	35
53.494517500000015	42
53.72440200000002	38
53.72440200000002	42
53.95877700000002	35
53.95877700000002	42
54.19315200000002	42
54.42252700000002	35
54.42252700000002	42
54.65190200000002	38
54.65190200000002	42
54.88767050000003	35
54.88767050000003	49
55.12343900000002	42
55.34920750000002	35
55.34920750000002	42
55.57497600000002	38
55.57497600000002	42
55.79969450000002	35
55.79969450000002	42
56.024413000000024	35
56.024413000000024	42
56.25607300000002	35
56.25607300000002	42
56.48773300000003	38
56.48773300000003	42
56.73082800000003	42
56.97392300000003	42
57.20169170208376	35
57.20169170208376	42
57.415066000000024	38
57.415066000000024	42
57.651286500000026	35
57.651286500000026	42
57.88750700000003	42
58.11827550000003	35
58.11827550000003	42
58.34904400000003	38
58.34904400000003	42
58.58660150000002	42
58.82415900000002	35
58.82415900000002	42
59.04671650000003	35
59.04671650000003	42
59.269274000000024	38
59.269274000000024	42
59.506831500000025	42
59.74438900000003	35
59.74438900000003	42
59.971814423071	35
59.971814423071	42
60.18753400000002	38
60.18753400000002	42
60.42330250000003	42
60.659071000000026	35
60.659071000000026	42
60.88983950000003	35
60.88983950000003	42
61.11540250000003	38
61.11540250000003	42
61.358497500000034	35
61.358497500000034	42
61.60159250000003	42
61.834496654480525	35
61.834496654480525	42
62.05027500000003	38
62.05027500000003	42
62.28837000000003	42
62.52646500000003	35
62.52646500000003	42
62.75373750000003	35
62.75373750000003	42
62.96650350000003	38
62.96650350000003	42
63.19206650000003	42
63.41762950000003	35
63.41762950000003	42
63.648192500000036	35
63.648192500000036	42
63.878755500000025	38
63.878755500000025	42
64.11313050000003	42
64.34750550000003	35
64.34750550000003	42
64.57306850000002	35
64.57306850000002	42
64.79863150000003	38
64.79863150000003	42
65.03300650000003	35
65.03300650000003	42
65.26738150000003	35
65.26738150000003	42
65.49993900000003	35
65.49993900000003	42
65.73249650000002	35
65.73249650000002	38
65.73249650000002	42
65.96687150000002	35
66.20124650000002	35
66.20124650000002	38
66.20124650000002	42
66.42680950000002	35
66.65237250000003	35
66.65237250000003	38
66.65237250000003	42
66.88674750000003	35
67.12112250000003	38
67.12112250000003	38
67.35549750000003	35
67.58626600000002	35
67.81203450000002	38
67.81203450000002	49
68.03780300000003	35
68.27357150000003	35
68.50934000000002	38
68.50934000000002	49
68.95709900000003	47
69.06903875000002	47
69.40485800000002	47
69.51774561059133	47
69.6400409093337	47
69.76233620807606	47
69.85701625000002	47
69.97420375000002	47
70.09139125000002	47
70.20250225000001	47
70.311991	47
70.42397975	47
70.53596850000001	47
70.64795725000002	47
70.75994600000001	35
70.75994600000001	49
70.98550900000001	35
71.21107200000002	35
71.44916700000002	38
71.44916700000002	38
71.68726200000002	35
71.91453450000002	35
72.14709200000001	38
72.14709200000001	38
72.37964950000001	47
72.49592825000002	47
72.61220700000001	47
72.84476450000001	47
73.07732200000001	47
73.32322350000001	47
73.56912500000001	47
73.79468800000001	47
74.02025100000002	47
74.02025100000002	47
74.25647150000002	35
74.49269200000002	38
74.49269200000002	49
74.72169950000001	35
74.95070700000002	35
75.18326450000002	38
75.18326450000002	38
75.41582200000002	35
75.64837950000002	35
75.88093700000002	38
75.88093700000002	38
76.11349450000002	47
76.22977325000002	47
76.34605200000003	47
76.57860950000003	47
76.81116700000003	47
77.03843950000002	47
77.15207575000002	47
77.26571200000002	47
77.49298450000002	47
77.72025700000003	47
77.95252950000003	35
78.18480200000003	38
78.18480200000003	49
78.40707450000002	35
78.40707450000002	49
78.62934700000002	38
78.62934700000002	49
78.85661950000002	35
78.85661950000002	49
79.08389200000002	38
79.08389200000002	49
79.32198700000002	35
79.32198700000002	49
79.56008200000002	38
79.56008200000002	49
79.71392766666669	38
79.79085050000002	38
79.86777333333336	38
79.94469616666669	38
80.02161900000003	38
80.46279400000003	42
80.92080900000003	47
81.38592400000003	47
81.86103900000003	35
81.86103900000003	42
82.08859650000002	35
82.08859650000002	42
82.31615400000004	38
82.31615400000004	42
82.54871150000004	42
82.78126900000004	35
82.78126900000004	42
83.01382650000004	35
83.01382650000004	42
83.24638400000003	38
83.24638400000003	42
83.47539150000003	42
83.70439900000004	35
83.70439900000004	42
83.93340650000003	35
83.93340650000003	49
84.16596400000003	38
84.16596400000003	42
84.40218450000003	42
84.63840500000003	42
84.85579600000004	35
84.85579600000004	42
85.07318700000003	38
85.07318700000003	42
85.30132350000004	42
85.52946000000003	35
85.52946000000003	42
85.75759650000003	35
85.75759650000003	42
85.98573300000004	38
85.98573300000004	42
86.21732150000004	42
86.44891000000004	35
86.44891000000004	42
86.68606400000004	35
86.68606400000004	42
86.92321800000003	38
86.92321800000003	42
87.14526157035328	35
87.14526157035328	49
87.40188550000003	42
87.63717161123377	35
87.63717161123377	42
87.84517800000005	38
87.84517800000005	42
88.07094650000003	42
88.29671500000005	42
88.53263274931865	35
88.53263274931865	42
88.75487450000006	38
88.75487450000006	42
88.98564300000005	42
89.21641150000006	35
89.21641150000006	42
89.44718000000006	35
89.44718000000006	42
89.67105950000006	38
89.67105950000006	42
89.89993900000007	42
90.12881850000007	35
90.12881850000007	42
90.35958700000006	35
90.35958700000006	42
90.59035550000007	38
90.59035550000007	42
90.81591850000007	35
90.81591850000007	49
91.05401350000007	42
91.28710850000006	35
91.28710850000006	42
91.52020350000006	38
91.52020350000006	42
91.75097200000006	42
91.98174050000007	35
91.98174050000007	42
92.19913150000008	35
92.19913150000008	42
92.41652250000007	38
92.41652250000007	42
92.64379500000007	42
92.87106750000007	35
92.87106750000007	42
93.10362500000006	35
93.10362500000006	42
93.33618250000006	38
93.33618250000006	42
93.56874000000006	42
93.80129750000006	35
93.80129750000006	42
94.02857000000006	35
94.02857000000006	49
94.25584250000006	38
94.25584250000006	42
94.46825316841584	35
94.46825316841584	49
94.68883300000006	42
94.92989999863727	47
95.15699250000007	42
95.37930316252263	47
95.60503350000006	42
95.84095124931868	47
96.06319300000008	47
96.28058400000008	38
96.39252375000008	38
96.50446350000007	35
96.50446350000007	42
96.73173600000007	35
96.73173600000007	42
96.95900850000007	38
96.95900850000007	42
97.18123050000007	42
97.40345250000007	35
97.40345250000007	42
97.64060650000008	35
97.64060650000008	42
97.87776050000006	38
97.87776050000006	42
98.09515150000007	35
98.09515150000007	49
98.33708700000007	42
98.57902250000006	35
98.57902250000006	42
98.79961000000006	38
98.79961000000006	42
99.03398500000006	42
99.26836000000006	35
99.26836000000006	42
99.49058200000006	35
99.49058200000006	42
99.71280400000006	38
99.71280400000006	42
99.94536150000006	42
100.17791900000006	35
100.17791900000006	42
100.39850650000005	35
100.39850650000005	42
100.61909400000006	38
100.61909400000006	42
100.84468150000006	42
101.07026900000007	35
101.07026900000007	42
101.29964400000006	35
101.29964400000006	42
101.52901900000006	38
101.52901900000006	42
101.75445497652285	35
101.75445497652285	49
101.99398150000006	42
102.22324198393966	35
102.22324198393966	42
102.44223600000005	38
102.44223600000005	42
102.67661100000005	42
102.91098600000005	35
102.91098600000005	42
103.13157350000004	35
103.13157350000004	42
103.35216100000005	38
103.35216100000005	42
103.57604050000005	42
103.79992000000006	35
103.79992000000006	42
104.02892750000005	35
104.02892750000005	42
104.25793500000006	38
104.25793500000006	42
104.49186497887064	35
104.49186497887064	49
104.73316300000006	42
104.96421238872355	35
104.96421238872355	42
105.17997100000005	38
105.17997100000005	42
105.40752850000004	42
105.63508600000004	42
105.86735850000005	35
105.86735850000005	42
106.09963100000004	38
106.09963100000004	42
106.33190350000005	42
106.56417600000006	35
106.56417600000006	38
106.56417600000006	42
107.03292600000006	35
107.03292600000006	38
107.03292600000006	42
107.49446300000007	47
107.49446300000007	47
107.72755800000006	47
107.96065300000006	47
108.19874800000007	38
108.41772550000006	35
108.64328850000005	35
108.86885150000006	38
108.86885150000006	38
109.11411666119626	47
109.22439733059815	47
109.33467800000007	47
109.44259125000006	47
109.55050450000006	47
109.66414075000006	47
109.77777700000006	47
109.89391325000005	47
110.01004950000005	47
110.12618575000005	47
110.24232200000004	47
110.35095825000005	47
110.45959450000005	47
110.56823075000005	47
110.67686700000006	47
110.78716075000006	47
110.89745450000005	47
111.11804200000006	38
111.11804200000006	49
111.33543300000007	35
111.55282400000006	35
111.79872550000006	38
111.79872550000006	49
112.04462700000006	35
112.27039550000005	35
112.49616400000006	38
112.49616400000006	38
112.72947570608834	38
112.72947570608834	38
113.21262227570101	47
113.21262227570101	47
113.65064950000009	47
113.65064950000009	47
114.11813018224812	47
114.35309050000008	47
114.58385900000007	47
114.69924325000008	47
114.81462750000009	35
114.81462750000009	47
115.04539600000008	35
115.27616450000008	35
115.50693300000007	38
115.50693300000007	49
115.73770150000009	35
115.96847000000008	35
116.19923850000008	35
116.19923850000008	49
116.42651100000008	47
116.54014725000008	47
116.85307665339906	47
117.08913500000007	47
117.20201925000008	47
117.54067200000007	47
117.65261175000008	47
117.76455150000007	47
117.87649125000007	47
117.98843100000008	47
118.09872475000007	47
118.20901850000007	47
118.42960600000008	35
118.42960600000008	49
118.66037450000007	35
118.66037450000007	49
118.89114300000008	38
118.89114300000008	49
119.12691150000009	35
119.12691150000009	49
119.36268000000008	35
119.36268000000008	49
119.59344850000008	35
119.59344850000008	49
119.82421700000009	38
119.82421700000009	49
120.04998550000008	35
120.04998550000008	49
120.27575400000008	35
120.27575400000008	49
120.50652250000007	35
120.50652250000007	49
120.73729100000008	38
120.73729100000008	49
120.96805950000008	35
120.96805950000008	49
121.19882800000008	35
121.19882800000008	49
121.42959650000007	35
121.42959650000007	49
121.66036500000008	38
121.66036500000008	49
121.88258700000009	35
121.88258700000009	49
122.10480900000009	35
122.10480900000009	49
122.33208150000009	35
122.33208150000009	49
122.55935400000008	38
122.55935400000008	49
122.78836150000008	49
123.01736900000009	35
123.01736900000009	49
123.24992650000009	35
123.24992650000009	49
123.48248400000008	38
123.48248400000008	49
123.70636350000008	35
123.70636350000008	49
123.93024300000009	35
123.93024300000009	49
124.16280050000009	35
124.16280050000009	49
124.39535800000009	38
124.39535800000009	49
124.62791550000009	38
124.85179500000008	35
124.85179500000008	38
125.07906750000008	35
125.07906750000008	38
125.19534625000009	38
125.31162500000008	35
125.31162500000008	38
125.42356475000008	38
125.53550450000007	35
125.53550450000007	38
125.64744425000008	38
125.75938400000008	35
125.75938400000008	49
125.98326350000008	35
126.20714300000007	35
126.20714300000007	38
126.20714300000007	49
126.43102250000008	35
126.43102250000008	38
126.54296225000007	38
126.65490200000008	35
126.65490200000008	49
126.87878150000007	35
127.10266100000008	35
127.10266100000008	38
127.10266100000008	49
127.32005200000009	35
127.32005200000009	38
127.42874750000009	38
127.53744300000008	35
127.53744300000008	49
127.76821150000008	35
127.99898000000009	35
127.99898000000009	38
127.99898000000009	49
128.22123376857004	35
128.22123376857004	38
128.33236065285502	38
128.4418285000001	35
128.4418285000001	49
128.5562682500001	38
128.67070800000008	35
128.78514775000008	35
128.89958750000008	38
128.89958750000008	49
129.11697850000007	35
129.3343695000001	35
129.3343695000001	49
129.5651380000001	35
129.8013585000001	35
129.8013585000001	38
129.8013585000001	49
130.0219460000001	35
130.2425335000001	35
130.2425335000001	49
130.46312100000011	35
130.5734147500001	35
130.6837085000001	38
130.6837085000001	49
130.9042960000001	35
130.9042960000001	38
131.0145897500001	38
131.1248835000001	35
131.1248835000001	49
131.3521560000001	35
131.5794285000001	35
131.5794285000001	38
131.5794285000001	49
131.80001600000008	35
131.80001600000008	38
131.9103097500001	38
132.02060350000008	35
132.02060350000008	49
132.1317397500001	38
132.24287600000008	35
132.3540122500001	35
132.46514850000008	38
132.46514850000008	49
132.68253950000008	35
132.68253950000008	38
132.79123500000009	38
132.8999305000001	35
132.8999305000001	49
133.13215250000007	35
133.36437450000008	35
133.36437450000008	38
133.36437450000008	49
133.58159650000007	35
133.58159650000007	38
133.69020750000007	38
133.7988185000001	35
133.7988185000001	49
133.9124547500001	38
134.0260910000001	35
134.1397272500001	35
134.2533635000001	38
134.2533635000001	49
134.47075450000008	35
134.47075450000008	38
134.5794500000001	38
134.6881455000001	35
134.6881455000001	49
134.9154180000001	35
135.1426905000001	35
135.1426905000001	38
135.1426905000001	49
135.3539580000001	35
135.3539580000001	38
135.4595917500001	38
135.5652255000001	35
135.5652255000001	49
135.68060975000012	38
135.79599400000012	35
136.0267625000001	35
136.0267625000001	38
136.0267625000001	49
136.2441535000001	35
136.2441535000001	38
136.3528490000001	38
136.46154450000012	35
136.46154450000012	49
136.68910200000013	35
136.91665950000012	35
136.91665950000012	38
136.91665950000012	49
137.1359450000001	35
137.35523050000012	35
137.35523050000012	49
137.58250300000012	35
137.69613925000013	35
137.80977550000011	38
137.80977550000011	49
138.0303630000001	35
138.2509505000001	35
138.2509505000001	49
138.4748300000001	35
138.6987095000001	35
138.6987095000001	38
138.6987095000001	49
139.1434915000001	35
139.1434915000001	49
139.3640790000001	35
139.4743727500001	35
139.58466650000008	38
139.58466650000008	49
139.8002540000001	35
140.0158415000001	35
140.0158415000001	49
140.2431140000001	35
140.4703865000001	35
140.4703865000001	38
140.4703865000001	49
140.9115615000001	49
141.14212450000008	35
141.37268750000007	38
141.37268750000007	49
141.82381350000009	35
141.82381350000009	49
142.04437650000008	35
142.26493950000008	35
142.26493950000008	38
142.26493950000008	49
142.7160655000001	35
142.7160655000001	49
142.9382875000001	35
143.1605095000001	35
143.1605095000001	38
143.1605095000001	49
143.6049535000001	35
143.6049535000001	49
143.8321755000001	35
144.0593975000001	35
144.0593975000001	38
144.0593975000001	49
144.2866700000001	35
144.5139425000001	35
144.5139425000001	49
144.7362150000001	35
144.9584875000001	35
144.9584875000001	38
144.9584875000001	49
145.1840750000001	35
145.40966250000008	35
145.40966250000008	49
145.63693500000008	35
145.86420750000008	35
145.86420750000008	38
145.86420750000008	49
146.09148000000008	35
146.31875250000007	35
146.31875250000007	49
146.54102500000008	35
146.76329750000008	35
146.76329750000008	38
146.76329750000008	49
146.98227500000007	35
147.20125250000007	35
147.20125250000007	49
147.42852500000006	35
147.65579750000006	35
147.65579750000006	38
147.65579750000006	49
148.11034250000006	35
148.11034250000006	49
148.33761500000006	35
148.56488750000005	35
148.56488750000005	38
148.56488750000005	49
148.78710950000004	35
149.00933150000006	35
149.00933150000006	49
149.23655350000004	35
149.46377550000005	35
149.46377550000005	38
149.46377550000005	49
149.68599750000004	35
149.90821950000006	35
149.90821950000006	49
150.13378250000005	35
150.35934550000005	35
150.35934550000005	38
150.35934550000005	49
150.57990850000007	35
150.80047150000007	35
150.80047150000007	49
151.02947900000007	35
151.25848650000006	35
151.25848650000006	38
151.25848650000006	49
151.48749400000008	35
151.71650150000008	35
151.71650150000008	49
151.93389250000007	35
152.1512835000001	35
152.1512835000001	38
152.1512835000001	49
152.3751630000001	35
152.59904250000008	35
152.59904250000008	49
152.82463000000007	35
153.05021750000006	35
153.05021750000006	38
153.05021750000006	49
153.26580500000009	35
153.48139250000008	35
153.48139250000008	49
153.70198000000008	35
153.8122737500001	35
153.92256750000007	38
153.92256750000007	49
154.13995850000006	35
154.35734950000008	35
154.35734950000008	49
154.58462200000008	35
154.6982582500001	38
154.81189450000008	35
154.81189450000008	49
155.03411650000007	35
155.03411650000007	38
155.1452275000001	38
155.25633850000008	35
155.25633850000008	38
155.36744950000008	38
155.47856050000007	35
155.47856050000007	38
155.58967150000007	38
155.7007825000001	35
155.7007825000001	47
155.81189350000008	47
155.92300450000008	35
155.92300450000008	47
156.1452265000001	35
156.1452265000001	47
156.1452265000001	47
156.58967050000007	42
157.03762550000005	47
157.03762550000005	47
157.51274050000006	47
157.51274050000006	47
157.95386650000003	35
157.95386650000003	42
158.18508700000004	35
158.18508700000004	42
158.41630750000004	38
158.41630750000004	42
158.65252800000005	42
158.88874850000005	35
158.88874850000005	42
159.12312350000005	35
159.12312350000005	42
159.35749850000005	38
159.35749850000005	42
159.59187350000005	35
159.59187350000005	42
159.82264200000006	42
160.05341050000004	35
160.05341050000004	42
160.28417900000005	38
160.28417900000005	42
160.50974200000005	42
160.73530500000004	42
160.96968000000004	35
160.96968000000004	42
161.20405500000004	38
161.20405500000004	42
161.4312237757788	35
161.4312237757788	49
161.66871850000004	42
161.88584173460458	35
161.88584173460458	42
162.09657850000002	38
162.09657850000002	42
162.33279900000002	42
162.56901950000002	35
162.56901950000002	42
162.7995825	35
162.7995825	42
163.0301455	38
163.0301455	42
163.2655169089595	35
163.2655169089595	49
163.51008350000004	42
163.73445850000002	35
163.73445850000002	42
163.95883350000003	38
163.95883350000003	42
164.19973500000003	42
164.44063650000004	35
164.44063650000004	42
164.66190400000005	35
164.66190400000005	42
164.88317150000006	38
164.88317150000006	42
165.10375900000005	35
165.10375900000005	49
165.33813400000005	42
165.56250900000003	35
165.56250900000003	42
165.78688400000004	38
165.78688400000004	42
166.02125900000004	42
166.25563400000004	35
166.25563400000004	42
166.48119700000004	35
166.48119700000004	42
166.70676000000003	38
166.70676000000003	42
166.93726596361313	35
166.93726596361313	42
167.17309150000006	42
167.40386000000004	35
167.40386000000004	42
167.63462850000005	38
167.63462850000005	42
167.85860600000007	42
168.08258350000006	42
168.29656100000005	35
168.29656100000005	42
168.51053850000005	38
168.51053850000005	42
168.74130700000006	35
168.74130700000006	49
168.97940200000005	42
169.21235248714555	35
169.21235248714555	42
169.43221550000007	38
169.43221550000007	42
169.65693400000006	42
169.8816525000001	42
170.1055320000001	35
170.1055320000001	42
170.32941150000008	38
170.32941150000008	42
170.55821523809198	35
170.55821523809198	49
170.7940595000001	42
171.0197336657922	35
171.0197336657922	42
171.23705000000007	38
171.23705000000007	42
171.45927200000008	42
171.68149400000007	35
171.68149400000007	42
171.9037160000001	35
171.9037160000001	42
172.12593800000008	38
172.12593800000008	42
172.35310382022482	35
172.35310382022482	49
172.58543250000008	42
172.81270500000008	35
172.81270500000008	42
173.03997750000008	38
173.03997750000008	42
173.2722500000001	42
173.5045225000001	42
173.72679500000007	35
173.72679500000007	42
173.94906750000007	38
173.94906750000007	42
174.1763400000001	35
174.1763400000001	49
174.4071085000001	42
174.6378770000001	35
174.6378770000001	42
174.8686455000001	38
174.8686455000001	42
175.10091800000012	42
175.33319050000011	42
175.5554630000001	35
175.5554630000001	42
175.7777355000001	38
175.7777355000001	42
176.0100080000001	35
176.0100080000001	49
176.2422805000001	42
176.46455300000008	35
176.46455300000008	42
176.6868255000001	38
176.6868255000001	42
176.91909800000013	42
177.15137050000013	42
177.3686430000001	35
177.3686430000001	42
177.5859155000001	38
177.5859155000001	42
177.82318800000013	35
177.82318800000013	49
178.06046050000012	42
178.2827330000001	35
178.2827330000001	42
178.5050055000001	38
178.5050055000001	42
178.73727800000012	42
178.9695505000001	42
179.19182300000008	35
179.19182300000008	42
179.4140955000001	38
179.4140955000001	42
179.6413680000001	35
179.6413680000001	49
179.8686405000001	42
180.0959130000001	35
180.0959130000001	42
180.3231855000001	38
180.3231855000001	42
180.55395400000012	42
180.7847225000001	35
180.7847225000001	42
181.0154910000001	35
181.0154910000001	42
181.24625950000012	38
181.24625950000012	42
181.4720280000001	35
181.4720280000001	42
181.69779650000012	38
181.69779650000012	42
181.9285650000001	35
181.9285650000001	42
182.15933350000012	38
182.15933350000012	42
182.6238785000001	38
182.6238785000001	42
183.0716375000001	38
183.0716375000001	42
183.30051700000013	35
183.52939650000013	47
183.52939650000013	47
183.7587715000001	35
183.7587715000001	47
183.9881465000001	35
183.9881465000001	47
184.21752150000012	38
184.21752150000012	49
184.44689650000012	35
184.67577600000013	35
184.9046555000001	38
184.9046555000001	38
185.1390305000001	38
185.2562180000001	47
185.59917400000012	47
185.8249425000001	47
185.93857875000012	47
186.0522150000001	47
186.16585125000012	47
186.2794875000001	47
186.3914272500001	47
186.5033670000001	47
186.6153067500001	47
186.7272465000001	47
186.8391862500001	47
186.9511260000001	35
187.1717135000001	38
187.1717135000001	38
187.3989860000001	35
187.6262585000001	35
187.8570270000001	38
187.8570270000001	49
188.08779550000008	35
188.3235640000001	35
188.5593325000001	38
188.5593325000001	49
188.79010100000008	47
189.0208695000001	47
189.4724065000001	47
189.68517250000008	47
189.8979385000001	47
190.13603350000008	47
190.3741285000001	47
190.3741285000001	47
190.61222350000008	35
190.8361030000001	35
190.8361030000001	49
191.06498250000007	38
191.1222023750001	38
191.17942225000007	38
191.2366421250001	38
191.29386200000008	38
191.5127415000001	35
191.5127415000001	38
191.5127415000001	49
191.73162100000008	35
191.94438700000006	35
192.15715300000008	38
192.15715300000008	38
192.39292150000009	47
192.85945850000007	47
192.85945850000007	47
193.10139400000008	47
193.34332950000007	47
193.58526500000008	47
193.8091445000001	47
193.92108425000006	47
194.03302400000007	47
194.14246375000008	47
194.25190350000008	35
194.4707830000001	35
194.4707830000001	49
194.70887800000008	35
194.70887800000008	49
194.9469730000001	38
194.9469730000001	49
195.1777415000001	49
195.4085100000001	35
195.4085100000001	49
195.6392785000001	35
195.6392785000001	49
195.8700470000001	38
195.8700470000001	49
196.0990545000001	49
196.3280620000001	35
196.3280620000001	49
196.55706950000013	35
196.55706950000013	49
196.78607700000012	38
196.78607700000012	49
197.0150845000001	49
197.2440920000001	35
197.2440920000001	49
197.4696550000001	35
197.4696550000001	49
197.6952180000001	38
197.6952180000001	49
197.92078100000012	49
198.1463440000001	35
198.1463440000001	49
198.37022350000012	35
198.37022350000012	49
198.5941030000001	38
198.5941030000001	49
198.8229825000001	49
199.0518620000001	35
199.0518620000001	49
199.28123700000012	35
199.28123700000012	49
199.51061200000012	38
199.51061200000012	49
199.7361995000001	49
199.9617870000001	35
199.9617870000001	49
200.1925555000001	35
200.1925555000001	49
200.4233240000001	38
200.4233240000001	49
200.6540925000001	35
200.6540925000001	49
200.88486100000011	35
200.88486100000011	49
201.1022520000001	35
201.1022520000001	49
201.31964300000013	38
201.31964300000013	49
201.54352250000014	49
201.76740200000012	35
201.76740200000012	49
201.99128150000013	35
201.99128150000013	49
202.21516100000014	38
202.21516100000014	49
202.43904050000012	49
202.55098025000012	38
202.66292000000013	35
202.66292000000013	49
202.89019250000013	35
202.89019250000013	49
203.11746500000012	38
203.11746500000012	49
203.34473750000012	49
203.57201000000012	35
203.57201000000012	49
203.79428250000012	35
203.79428250000012	49
204.01655500000012	38
204.01655500000012	49
204.24127350000012	49
204.4659920000001	35
204.4659920000001	49
204.6882140000001	35
204.6882140000001	49
204.91043600000012	38
204.91043600000012	49
205.1326580000001	49
205.35488000000012	35
205.35488000000012	49
205.5771020000001	38
205.5771020000001	49
205.79932400000013	35
205.79932400000013	38
205.79932400000013	49
205.91043500000012	38
206.1326570000001	38
206.1326570000001	49
206.2437680000001	35
206.2437680000001	38
206.2437680000001	49
206.4709900000001	38
206.4709900000001	49
206.6982120000001	35
206.6982120000001	38
206.6982120000001	49
206.8069075000001	38
206.8069075000001	49
207.1329940000001	35
207.1329940000001	49
207.24369475000012	38
207.35439550000012	35
207.35439550000012	49
207.5757970000001	38
207.5757970000001	49
207.68649775000011	38
207.68649775000011	49
207.79719850000012	35
207.79719850000012	49
208.0186000000001	35
208.0186000000001	49
208.1293007500001	38
208.1293007500001	49
208.24000150000012	35
208.24000150000012	38
208.24000150000012	49
208.4614030000001	35
208.4614030000001	38
208.4614030000001	49
208.5721037500001	38
208.5721037500001	49
208.68280450000012	49
208.79350525000012	38
208.9042060000001	35
208.9042060000001	49
209.0149067500001	38
209.12560750000011	38
209.12560750000011	49
209.3470090000001	35
209.3470090000001	38
209.3470090000001	49
209.4552097500001	38
209.4552097500001	49
209.56341050000012	49
209.67161125000013	38
209.7798120000001	35
209.7798120000001	49
209.8905127500001	38
209.8905127500001	49
210.00121350000012	38
210.00121350000012	49
210.22261500000013	35
210.22261500000013	38
210.22261500000013	49
210.3333157500001	38
210.3333157500001	49
210.44401650000012	49
210.55471725000012	38
210.66541800000013	35
210.66541800000013	49
210.88681950000012	49
211.10822100000013	35
211.10822100000013	38
211.10822100000013	49
211.2189217500001	38
211.2189217500001	49
211.3296225000001	49
211.44032325000012	38
211.55102400000013	35
211.55102400000013	49
211.65801275000013	38
211.65801275000013	49
211.76500150000012	38
211.76500150000012	49
211.97897900000015	35
211.97897900000015	38
211.97897900000015	49
212.20795650000017	49
212.32244525000016	38
212.32244525000016	49
212.43693400000012	35
212.43693400000012	49
212.6591560000001	49
212.88137800000013	35
212.88137800000013	38
212.88137800000013	49
213.09860000000012	49
213.20721100000011	38
213.31582200000014	35
213.31582200000014	49
213.42531075000014	38
213.42531075000014	49
213.53479950000013	38
213.53479950000013	49
213.75377700000013	35
213.75377700000013	38
213.75377700000013	49
213.86326575000015	38
213.86326575000015	49
213.97275450000015	49
214.19173200000014	35
214.30202575000015	38
214.30202575000015	49
214.41231950000014	38
214.41231950000014	49
214.63290700000013	35
214.63290700000013	38
214.63290700000013	49
214.74199800000014	38
214.85108900000014	49
214.96018000000012	38
215.06927100000013	35
215.06927100000013	49
215.17836200000013	38
215.17836200000013	49
215.28745300000014	38
215.28745300000014	49
215.50563500000013	35
215.50563500000013	38
215.50563500000013	49
215.61722600000013	38
215.72881700000013	49
215.95199900000011	35
215.95199900000011	49
216.06109000000012	38
216.17018100000013	38
216.17018100000013	49
216.3883630000001	35
216.3883630000001	38
216.3883630000001	49
216.60654500000012	49
216.71563600000013	38
216.8247270000001	35
216.8247270000001	49
216.93252075000012	38
217.0403145000001	38
217.0403145000001	49
217.2559020000001	35
217.2559020000001	38
217.2559020000001	49
217.36619575000012	49
217.47648950000013	38
217.47648950000013	49
217.5867832500001	38
217.69707700000012	35
217.69707700000012	49
217.80737075000013	38
217.80737075000013	49
217.91766450000011	49
218.02795825000013	38
218.1382520000001	35
218.1382520000001	38
218.1382520000001	49
218.3480415000001	49
218.4529362500001	38
218.5578310000001	35
218.5578310000001	49
218.6697707500001	38
218.6697707500001	49
218.78171050000012	38
218.78171050000012	49
219.0055900000001	35
219.0055900000001	38
219.0055900000001	49
219.1175297500001	38
219.2294695000001	49
219.3414092500001	38
219.45334900000012	35
219.45334900000012	49
219.5652887500001	38
219.6772285000001	38
219.6772285000001	49
219.9011080000001	35
219.9011080000001	38
219.9011080000001	49
220.00674175000012	38
220.1123755000001	49
220.2180092500001	38
220.32364300000012	35
220.32364300000012	49
220.43393675000013	38
220.5442305000001	38
220.5442305000001	49
220.7648180000001	35
220.7648180000001	38
220.7648180000001	49
220.87351350000012	38
220.9822090000001	49
221.0909045000001	38
221.19960000000012	35
221.19960000000012	49
221.30674275000013	38
221.4138855000001	49
221.52102825000011	38
221.62817100000012	35
221.62817100000012	38
221.62817100000012	49
221.84556200000011	49
221.95425750000012	38
222.06295300000014	35
222.06295300000014	49
222.17164850000012	38
222.28034400000013	38
222.28034400000013	49
222.49773500000012	35
222.49773500000012	38
222.49773500000012	49
222.60643050000013	38
222.7151260000001	49
222.82382150000012	38
222.93251700000013	35
222.93251700000013	49
223.04200575000013	38
223.15149450000013	49
223.37047200000012	35
223.37047200000012	38
223.37047200000012	49
223.47996075000015	49
223.58944950000014	49
223.69893825000014	38
223.80842700000014	35
223.80842700000014	49
223.91306975000015	38
224.01771250000013	49
224.12235525000014	49
224.22699800000015	35
224.22699800000015	38
224.33664075000016	49
224.44628350000013	49
224.55592625000014	38
224.66556900000015	35
224.66556900000015	49
224.77120275000016	38
224.87683650000014	49
225.08810400000016	35
225.08810400000016	38
225.08810400000016	49
225.30437150000014	49
225.41250525000015	38
225.52063900000013	35
225.52063900000013	49
225.63093275000014	38
225.74122650000012	49
225.85152025000014	38
225.96181400000012	35
225.96181400000012	38
225.96181400000012	49
226.07210775000013	38
226.07210775000013	49
226.18240150000014	49
226.29269525000012	38
226.40298900000013	35
226.40298900000013	49
226.51328275000014	38
226.62357650000013	49
226.73387025000014	38
226.84416400000012	35
226.84416400000012	38
226.84416400000012	49
227.04895350000012	49
227.15134825000013	38
227.25374300000013	35
227.25374300000013	49
227.36088575000014	38
227.46802850000012	49
227.57517125000012	38
227.68231400000013	35
227.68231400000013	38
227.68231400000013	49
227.89970500000013	49
228.00840050000014	38
228.11709600000015	35
228.11709600000015	49
228.22987750000016	38
228.34265900000014	35
228.34265900000014	49
228.45544050000015	35
228.56822200000013	38
228.56822200000013	49
228.68100350000014	38
228.79378500000016	49
228.90656650000014	38
229.01934800000015	35
229.01934800000015	49
229.12424275000015	38
229.22913750000015	38
229.22913750000015	49
229.43892700000015	35
229.43892700000015	38
229.43892700000015	49
229.54672075000016	38
229.65451450000015	49
229.87010200000014	35
229.87010200000014	47
229.87010200000014	47