18.975462999999998	47
19.322283999999996	47
19.669105	47
19.84982775	47
20.211273249999998	47
20.391996	47
20.711400428571427	38
20.895672214285714	42
21.3638031785891	38
21.53086658929455	35
21.69793	35
21.69793	49
21.69793	49
22.04235340625	35
22.04235340625	49
22.38718090625	38
22.38718090625	49
22.55959465625	35
22.73200840625	49
22.90442215625	35
23.07683590625	35
23.07683590625	49
23.4276372875	35
23.4276372875	49
23.7785142875	38
23.7785142875	49
24.115764775000002	49
24.284303775	35
24.452842775	35
24.452842775	49
24.7995419875	35
24.7995419875	49
25.1463629875	38
25.1463629875	49
25.3197734875	35
25.4931839875	49
25.6665944875	35
25.840004987500002	35
25.840004987500002	49
26.18098739375	35
26.18098739375	47
26.26621451875	38
26.35144164375	38
26.436668768750003	38
26.521895893750003	38
26.69489204037963	35
26.86788818700926	38
26.86788818700926	49
27.03518154037963	35
27.20247489375	35
27.20247489375	49
27.55131189375	35
27.55131189375	49
27.90014889375	38
27.90014889375	49
28.07006264375	35
28.23997639375	49
28.40989014375	35
28.579803893749997	35
28.579803893749997	49
28.928640893749996	35
28.928640893749996	49
29.277477893749996	35
29.277477893749996	38
29.277477893749996	49
29.614555893749994	49
29.783094893749997	35
29.951633893749996	35
29.951633893749996	49
30.29396284583333	35
30.29396284583333	49
30.633450893749995	38
30.633450893749995	49
30.803905143749997	35
30.974359393749996	49
31.144813643749995	35
31.315267893749997	35
31.315267893749997	49
31.66820889375	35
31.66820889375	49
32.02114989375	35
32.02114989375	38
32.02114989375	49
32.35448289375	49
32.52114939375	35
32.68781589375	35
32.68781589375	49
33.034080175	35
33.034080175	49
33.37747089375	38
33.37747089375	49
33.54988464375	35
33.72229839375	49
33.89471214375	35
34.06712589375	35
34.06712589375	49
34.40803439375	35
34.40803439375	49
34.748942893750005	35
34.748942893750005	38
34.748942893750005	49
35.08985139375	49
35.26030564375	35
35.43075989375	35
35.43075989375	49
35.777024175	35
35.777024175	49
36.12041489375	38
36.12041489375	49
36.29086914375	35
36.46132339375	49
36.63177764375	35
36.802231893750005	35
36.802231893750005	49
37.15106889375001	35
37.15106889375001	49
37.50821139375001	35
37.50821139375001	47
37.59295714375001	38
37.67770289375001	38
37.76244864375001	38
37.84719439375001	38
38.01668589375001	35
38.18617739375001	38
38.18617739375001	49
38.54688696250001	35
38.54688696250001	49
38.888314893750014	38
38.888314893750014	49
39.05780639375001	35
39.22729789375001	49
39.39678939375001	35
39.56628089375001	35
39.56628089375001	49
39.91715789375001	35
39.91715789375001	49
40.27860339375001	35
40.27860339375001	38
40.27860339375001	49
40.627440393750014	49
40.80185889375001	35
40.97627739375001	35
40.97627739375001	49
41.318606345833345	35
41.318606345833345	49
41.65809439375001	38
41.65809439375001	49
41.831504893750015	35
42.00491539375001	49
42.178325893750014	35
42.35173639375001	35
42.35173639375001	49
42.69656389375001	35
42.69656389375001	49
43.04139139375001	35
43.04139139375001	38
43.04139139375001	49
43.37846939375001	35
43.37846939375001	49
43.715547393750015	35
43.715547393750015	49
44.05787634583335	35
44.05787634583335	49
44.39736439375002	38
44.39736439375002	49
44.57077489375002	35
44.744185393750016	49
44.91759589375002	35
45.091006393750014	35
45.091006393750014	49
45.44282739375002	35
45.44282739375002	49
45.794648393750016	35
45.794648393750016	38
45.794648393750016	49
46.13055689375001	35
46.13055689375001	49
46.46646539375002	35
46.46646539375002	49
46.80305653750002	35
46.80305653750002	49
47.13685439375002	38
47.13685439375002	49
47.31332489375002	35
47.48979539375002	49
47.66626589375002	35
47.84273639375002	35
47.84273639375002	49
48.176069393750026	35
48.176069393750026	49
48.50940239375002	38
48.50940239375002	49
48.66729689375002	35
48.825191393750025	38
48.825191393750025	49
49.00376264375002	35
49.18233389375003	35
49.18233389375003	49
49.52466284583336	35
49.52466284583336	49
49.86415089375003	38
49.86415089375003	49
50.03460514375003	35
50.20505939375003	49
50.375513643750025	35
50.545967893750024	35
50.545967893750024	49
50.89480489375003	35
50.89480489375003	49
51.24364189375002	35
51.24364189375002	38
51.24364189375002	49
51.57955039375002	49
51.74750464375003	35
51.91545889375003	35
51.91545889375003	49
52.26280867916669	35
52.26280867916669	49
52.60727589375002	35
52.60727589375002	38
52.60727589375002	49
52.95210339375002	49
53.12451714375002	35
53.29693089375002	35
53.29693089375002	49
53.649871893750024	35
53.649871893750024	49
54.002812893750026	47
54.002812893750026	35
54.08901976875003	38
54.17522664375002	38
54.261433518750025	38
54.34764039375003	35
54.34764039375003	38
54.70478289375003	35
54.70478289375003	38
54.70478289375003	49
55.055659893750025	35
55.055659893750025	49
55.40653689375003	35
55.40653689375003	38
55.40653689375003	49
55.75741389375003	35
55.75741389375003	49
56.098322393750024	35
56.098322393750024	38
56.098322393750024	49
56.44715939375003	35
56.44715939375003	49
56.788067893750025	35
56.788067893750025	38
56.788067893750025	49
57.12140089375003	35
57.12140089375003	49
57.454733893750024	38
57.454733893750024	49
57.62616214375002	35
57.79759039375003	35
57.79759039375003	49
58.14642739375003	35
58.14642739375003	38
58.14642739375003	49
58.50026439375003	35
58.50026439375003	49
58.85410139375003	35
58.85410139375003	38
58.85410139375003	49
59.19782475638691	35
59.19782475638691	49
59.52627139375003	38
59.52627139375003	49
59.70484264375003	35
59.88341389375003	35
59.88341389375003	49
60.240556393750026	35
60.240556393750026	38
60.240556393750026	49
60.57537748750003	35
60.57537748750003	49
60.93103189375003	35
60.93103189375003	38
60.93103189375003	49
61.267116864171804	35
61.267116864171804	49
61.62779339375003	35
61.62779339375003	38
61.62779339375003	49
61.96601275638692	35
61.96601275638692	49
62.31996339375004	35
62.31996339375004	38
62.31996339375004	49
62.66880039375003	35
62.66880039375003	49
63.00587839375003	35
63.00587839375003	38
63.17936192632621	47
63.35284545890239	47
63.68784839375003	35
63.68784839375003	49
64.0382450563161	35
64.0382450563161	49
64.38968789375004	38
64.38968789375004	49
64.56111614375004	35
64.73254439375005	49
64.90397264375004	35
65.07540089375004	35
65.07540089375004	49
65.43903739375004	35
65.43903739375004	49
65.80267389375004	35
65.80267389375004	38
65.80267389375004	49
66.13786839375004	49
66.30546564375004	35
66.47306289375004	35
66.47306289375004	49
66.81734796250004	35
66.81734796250004	49
67.15877589375005	38
67.15877589375005	49
67.33524639375004	35
67.51171689375005	49
67.68818739375004	35
67.86465789375005	35
67.86465789375005	49
68.20556639375005	49
68.37602064375005	35
68.54647489375004	35
68.54647489375004	38
68.54647489375004	49
68.88738339375004	49
69.05783764375005	35
69.22829189375005	35
69.22829189375005	49
69.57065388125005	35
69.57065388125005	49
69.91803739375005	38
69.91803739375005	49
70.08849164375006	35
70.25894589375005	49
70.42940014375006	35
70.59985439375005	35
70.59985439375005	49
70.95488339375005	38
70.95488339375005	49
71.13239789375005	35
71.30991239375005	35
71.30991239375005	38
71.30991239375005	49
71.64699039375006	49
71.81552939375005	35
71.98406839375005	35
71.98406839375005	49
72.32446382291671	35
72.32446382291671	49
72.66203439375005	38
72.66203439375005	49
72.83645289375005	35
73.01087139375005	49
73.18528989375005	35
73.35970839375005	35
73.35970839375005	49
73.69869139375005	35
73.69869139375005	49
74.03767439375005	38
74.03767439375005	38
74.22060089375005	35
74.40352739375005	38
74.40352739375005	38
74.56481739375005	35
74.72610739375006	35
74.72610739375006	49
75.08473798750005	35
75.08473798750005	49
75.44039239375006	35
75.44039239375006	38
75.44039239375006	49
75.78922939375006	49
75.96364789375006	35
76.13806639375007	35
76.13806639375007	49
76.47139939375006	35
76.47139939375006	49
76.65432589375006	35
76.83725239375006	35
76.83725239375006	38
76.83725239375006	49
77.18010889375006	49
77.35153714375006	35
77.52296539375007	35
77.52296539375007	49
77.86736510416674	35
77.86736510416674	49
78.23619239375007	35
78.23619239375007	38
78.23619239375007	49
78.59002939375009	49
78.76694789375009	35
78.94386639375008	35
78.94386639375008	49
79.29600889375007	35
79.29600889375007	49
79.64815139375008	35
79.64815139375008	38
79.64815139375008	49
79.98905989375008	49
80.15951414375009	35
80.32996839375008	35
80.32996839375008	49
80.67229734583341	35
80.67229734583341	49
81.01178539375009	35
81.01178539375009	38
81.01178539375009	49
81.36062239375009	49
81.5350408937501	35
81.7094593937501	35
81.7094593937501	49
82.05740039375009	35
82.05740039375009	49
82.40534139375009	35
82.40534139375009	38
82.40534139375009	49
82.7512183937501	49
82.9241568937501	35
83.0970953937501	35
83.0970953937501	49
83.44561955208343	35
83.44561955208343	49
83.79125139375009	35
83.79125139375009	38
83.79125139375009	49
84.13919239375008	49
84.31316289375007	35
84.48713339375009	35
84.48713339375009	49
84.82804189375008	35
84.82804189375008	49
85.18518439375008	35
85.18518439375008	38
85.18518439375008	49
85.53555489375009	49
85.71074014375007	35
85.88592539375009	35
85.88592539375009	49
86.21698087562493	35
86.21698087562493	49
86.59088389375009	38
86.59088389375009	49
86.94382489375009	49
87.12029539375008	35
87.29676589375009	35
87.29676589375009	49
87.64970689375009	35
87.64970689375009	38
87.64970689375009	49
88.0026478937501	35
88.0026478937501	38
88.0026478937501	49
88.1750616437501	35
88.34747539375009	35
88.34747539375009	38
88.34747539375009	49
88.51988914375009	35
88.6923028937501	35
88.6923028937501	38
88.6923028937501	38
88.8647166437501	35
89.03713039375009	35
89.21785314375009	35
89.39857589375009	38
89.39857589375009	49
89.74945289375009	49
89.92489139375009	35
90.10032989375009	35
90.10032989375009	49
90.44515739375008	35
90.44515739375008	49
90.78998489375009	47
90.87619176875009	47
90.96239864375009	47
91.13481239375008	47
91.22101926875008	47
91.30722614375009	47
91.47963989375009	35
91.47963989375009	49
91.8361481812501	35
91.8361481812501	49
92.1896978937501	38
92.1896978937501	49
92.3621116437501	35
92.53452539375009	49
92.70693914375009	35
92.8793528937501	35
92.8793528937501	49
93.2281898937501	35
93.2281898937501	49
93.5896353937501	35
93.5896353937501	38
93.5896353937501	49
93.9360808937501	49
94.1093036437501	35
94.2825263937501	35
94.2825263937501	49
94.44814359759948	35
94.61258286061651	49
94.79816736037759	35
94.9853113937501	38
94.9853113937501	49
95.34245389375009	49
95.5210251437501	35
95.6995963937501	35
95.6995963937501	49
95.8720101437501	38
96.04442389375009	49
96.2168376437501	35
96.3892513937501	35
96.3892513937501	47
96.46701079900734	38
96.54477020426458	38
96.62252960952183	38
96.70028901477907	35
96.70028901477907	38
96.87208320426458	35
97.04387739375011	35
97.04387739375011	49
97.39918871458343	35
97.39918871458343	49
97.75155139375009	38
97.75155139375009	49
97.9264651437501	35
98.10137889375008	49
98.2762926437501	35
98.4512063937501	35
98.4512063937501	49
98.79603389375009	35
98.79603389375009	49
99.1408613937501	35
99.1408613937501	38
99.1408613937501	49
99.4856888937501	49
99.6581026437501	35
99.8305163937501	35
99.8305163937501	49
100.1767806750001	35
100.1767806750001	49
100.5201713937501	35
100.5201713937501	38
100.5201713937501	49
100.8731123937501	49
101.0495828937501	35
101.2260533937501	35
101.2260533937501	49
101.57899439375011	35
101.57899439375011	49
101.93193539375011	35
101.93193539375011	47
102.0201706437501	38
102.1084058937501	38
102.1966411437501	38
102.28487639375011	35
102.28487639375011	38
102.6378173937501	35
102.6378173937501	38
102.6378173937501	49
102.99724981458344	35
102.99724981458344	49
103.35516665416677	35
103.35516665416677	38
103.35516665416677	49
103.7058418937501	35
103.7058418937501	49
104.0579843937501	35
104.0579843937501	38
104.0579843937501	49
104.4078118937501	35
104.4078118937501	49
104.75763939375011	35
104.75763939375011	38
104.75763939375011	49
105.1024668937501	35
105.1024668937501	49
105.4433753937501	35
105.4433753937501	38
105.4433753937501	49
105.62606064375011	35
105.8087458937501	49
105.99143114375009	35
106.1741163937501	35
106.1741163937501	38
106.1741163937501	49
106.3485348937501	35
106.5229533937501	49
106.6973718937501	35
106.8717903937501	35
106.8717903937501	38
106.8717903937501	49
107.0366256437501	35
107.20146089375011	35
107.20146089375011	49
107.38218364375011	35
107.56290639375011	35
107.56290639375011	38
107.56290639375011	49
107.73732489375011	35
107.91174339375011	35
107.91174339375011	49
108.08616189375012	35
108.26058039375012	38
108.26058039375012	49
108.43299414375012	35
108.60828145625011	49
108.77925842500012	35
108.95165584583346	38
108.95165584583346	49
109.12211009583345	35
109.29262318125012	49
109.46865839375012	35
109.64617289375012	38
109.64617289375012	49
109.82516668125012	35
110.00268118125011	49
110.17871639375012	35
110.35765134583346	38
110.35765134583346	49
110.52668514375013	35
110.69713939375012	35
110.69713939375012	38
110.69713939375012	49
110.86759364375013	35
111.03804789375012	35
111.03804789375012	38
111.03804789375012	38
111.20850214375012	35
111.40080964375012	38
111.40080964375012	38
111.56038389375013	35
111.71995814375012	35
111.71995814375012	49
111.71995814375012	49
112.07289914375012	35
112.07289914375012	49
112.43434464375012	38
112.43434464375012	49
112.60876314375012	35
112.78318164375013	49
112.95760014375013	35
113.13201864375013	35
113.13201864375013	49
113.47487514375013	35
113.47487514375013	49
113.81773164375014	35
113.81773164375014	38
113.81773164375014	49
113.98915989375013	35
114.16058814375013	49
114.33201639375012	35
114.50344464375013	35
114.50344464375013	49
114.85638564375013	35
114.85638564375013	49
115.20932664375013	38
115.20932664375013	49
115.38579714375012	35
115.56226764375013	49
115.73873814375013	35
115.91520864375013	35
115.91520864375013	49
116.13620264375014	38
116.24669964375013	38
116.36297864375014	38
116.47925764375013	38
116.59553664375014	38
116.70664764375013	38
116.81775864375014	38
116.92886964375013	38
117.0425058104168	38
117.15614197708346	38
117.26977814375013	35
117.26977814375013	49
117.63122364375013	35
117.63122364375013	49
117.98416464375013	38
117.98416464375013	49
118.15365614375014	35
118.32314764375013	49
118.49263914375014	35
118.66213064375013	35
118.66213064375013	49
119.00695814375013	35
119.00695814375013	49
119.35178564375013	38
119.35178564375013	49
119.51662089375013	35
119.68145614375014	49
119.84629139375014	35
120.01112664375013	35
120.01112664375013	49
120.36826914375013	35
120.36826914375013	49
120.73412214375013	35
120.73412214375013	38
120.73412214375013	49
121.08295914375013	49
121.25737764375013	35
121.43179614375013	35
121.43179614375013	49
121.79324164375014	35
121.79324164375014	49
122.15468714375014	35
122.15468714375014	47
122.15468714375014	47
122.32910564375014	35
122.50352414375014	38
122.50352414375014	38
122.66656764375014	35
122.82961114375014	35
122.82961114375014	49
123.19105664375014	35
123.19105664375014	49
123.55250214375015	38
123.55250214375015	49
123.72897264375014	35
123.90544314375015	49
124.08191364375014	35
124.25838414375015	35
124.25838414375015	49
124.59929264375015	38
124.59929264375015	49
124.77371114375015	35
124.93854639375014	49
125.10338164375015	35
125.26821689375015	38
125.26821689375015	49
125.43305214375015	35
125.59788739375014	35
125.59788739375014	49
125.93879589375014	35
125.93879589375014	49
126.29593839375013	38
126.29593839375013	49
126.47285689375013	35
126.64977539375013	49
126.82669389375015	35
127.00361239375015	35
127.00361239375015	49
127.35655339375015	38
127.35655339375015	49
127.51959689375015	35
127.68264039375015	49
127.86295123200959	35
128.04326207026904	38
128.04326207026904	49
128.21127899893924	35
128.37199114375014	35
128.37199114375014	49
128.69807814375014	35
128.69807814375014	49
129.05101914375012	38
129.05101914375012	49
129.22501230153338	35
129.39900545931664	49
129.57299861709987	35
129.75335714375015	35
129.75335714375015	49
130.10426564375015	38
130.10426564375015	49
130.27971989375013	35
130.45517414375013	49
130.62661540373406	35
130.79805666371797	38
130.79805666371797	49
130.96750440373407	35
131.13695214375014	35
131.13695214375014	49
131.46430742090658	35
131.46430742090658	49
131.8224731437501	38
131.8224731437501	49
131.99894364375012	35
132.17541414375012	49
132.3518846437501	35
132.52233889375012	35
132.52233889375012	49
132.87716639375012	38
132.87716639375012	49
133.05458014375014	35
133.23199389375011	49
133.39940764375012	35
133.56682139375013	38
133.56682139375013	49
133.7342351437501	35
133.90164889375012	35
133.90164889375012	49
134.24647639375013	35
134.24647639375013	49
134.59735339375013	38
134.59735339375013	49
134.77557614375013	35
134.95379889375013	49
135.13202164375014	35
135.31024439375014	35
135.31024439375014	49
135.64991489375012	38
135.64991489375012	49
135.81975014375013	35
135.98958539375013	35
135.98958539375013	49
136.35934729418852	38
136.35934729418852	49
136.52742059396934	35
136.69549389375015	35
136.69549389375015	49
137.03640239375014	35
137.03640239375014	49
137.39354489375015	35
137.39354489375015	38
137.39354489375015	49
137.74238189375015	49
137.92530839375016	35
138.09972689375016	35
138.09972689375016	49
138.44063539375017	38
138.44063539375017	49
138.61108964375015	35
138.78154389375015	35
138.78154389375015	49
139.13038089375016	35
139.13038089375016	49
139.30479939375016	35
139.47921789375016	38
139.47921789375016	49
139.82805489375016	35
139.82805489375016	49
140.18308389375017	35
140.18308389375017	38
140.18308389375017	49
140.53811289375017	49
140.71562739375017	35
140.88229389375016	35
140.88229389375016	49
141.22613089375017	38
141.22613089375017	49
141.39804939375017	35
141.56996789375017	49
141.7469558294734	35
141.90888083801366	35
141.90888083801366	49
142.25878814375017	38
142.25878814375017	49
142.60762514375017	35
142.60762514375017	49
142.95646214375017	38
142.95646214375017	49
143.31029914375017	49
143.48721764375017	35
143.66413614375017	35
143.66413614375017	49
144.0078734224654	35
144.0078734224654	49
144.33816764375015	38
144.33816764375015	49
144.51008614375016	35
144.68200464375016	49
144.85392314375017	35
145.02584164375017	35
145.02584164375017	49
145.38479359194483	35
145.38479359194483	49
145.73558714375017	38
145.73558714375017	49
146.08852814375015	49
146.26499864375018	35
146.44146914375017	35
146.44146914375017	49
146.79441014375016	35
146.79441014375016	49
147.15369114375017	35
147.15369114375017	49
147.41464689375016	38
147.50163214375016	38
147.50163214375016	49
147.67560264375018	35
147.84957314375018	38
147.84957314375018	49
148.20251414375016	49
148.37105314375017	35
148.53062739375017	38
148.53062739375017	49
148.88776989375017	49
149.24491239375016	35
149.24491239375016	49
149.35854856041684	38
149.4721847270835	38
149.58582089375017	38
149.69945706041682	38
149.8130932270835	38
149.9350442270835	47
150.04493439375017	38
150.15482456041684	38
150.2647147270835	38
150.3796572270835	38
150.50013906041684	38
150.62062089375016	35
150.62062089375016	49
150.97356189375014	35
150.97356189375014	49
151.17626439375013	35
151.34480339375014	38
151.34480339375014	49
151.66395189375015	35
151.66395189375015	49
151.84252314375016	35
152.03002314375016	35
152.03002314375016	49
152.19668964375015	35
152.19668964375015	38
152.28002289375016	38
152.36335614375017	35
152.36335614375017	38
152.44668939375015	38
152.53002264375016	35
152.53002264375016	38
152.61335589375017	38
152.69668914375015	35
152.69668914375015	38
152.78002239375016	38
152.86335564375017	35
152.86335564375017	38
152.94668889375015	38
153.03002214375016	35
153.03002214375016	38
153.20047639375017	35
153.37093064375017	38
153.37093064375017	49
153.72807314375018	35
153.72807314375018	49
153.9109996437502	35
154.09392614375017	38
154.09392614375017	49
154.42725914375018	35
154.42725914375018	49
154.60583039375018	35
154.7844016437502	38
154.7844016437502	49
155.1253101437502	35
155.1253101437502	49
155.29576439375018	35
155.46621864375018	38
155.46621864375018	49
155.82005564375018	35
155.82005564375018	49
155.99697414375018	35
156.17389264375018	38
156.17389264375018	49
156.5277296437502	35
156.5277296437502	49
156.7046481437502	35
156.8815666437502	38
156.8815666437502	49
157.22950764375017	35
157.22950764375017	49
157.4034781437502	35
157.5774486437502	38
157.5774486437502	49
157.9212856437502	35
157.9212856437502	49
158.0932041437502	38
158.1791633937502	38
158.2651226437502	35
158.2651226437502	38
158.4395411437502	35
158.6139596437502	38
158.6139596437502	49
158.9627966437502	38
158.9627966437502	49
159.12971514375022	35
159.29663364375017	49
159.46355214375018	35
159.6304706437502	35
159.6304706437502	49
159.96877043601827	35
159.96877043601827	49
160.34449614375018	38
160.34449614375018	49
160.51495039375018	35
160.6854046437502	49
160.85585889375017	35
161.02631314375017	35
161.02631314375017	49
161.37925414375016	35
161.37925414375016	49
161.73219514375018	38
161.73219514375018	49
161.90866564375017	35
162.08513614375016	49
162.26160664375018	35
162.43807714375018	35
162.43807714375018	49
162.78634323125019	35
162.78634323125019	49
163.1317191437502	38
163.1317191437502	49
163.47854014375017	49
163.65195064375018	35
163.82536114375017	35
163.82536114375017	49
164.17218214375018	35
164.17218214375018	49
164.51900314375018	38
164.51900314375018	49
164.6889168937502	35
164.8588306437502	49
165.0287443937502	35
165.19865814375018	35
165.19865814375018	49
165.5499432583335	35
165.5499432583335	49
165.8983131437502	38
165.8983131437502	49
166.0707268937502	35
166.2431406437502	49
166.41555439375017	35
166.58796814375017	35
166.58796814375017	49
166.93279564375018	35
166.93279564375018	49
167.2776231437502	35
167.2776231437502	38
167.2776231437502	49
167.62245064375017	49
167.79486439375017	35
167.96727814375018	35
167.96727814375018	49
168.33537564375018	35
168.33537564375018	49
168.6842126437502	35
168.6842126437502	38
168.6842126437502	38
168.8586311437502	35
169.0330496437502	49
169.2074681437502	38
169.3818866437502	38
169.5467218937502	35
169.71155714375018	38
169.71155714375018	38
169.88597564375019	35
170.0603941437502	38
170.0603941437502	38
170.2348126437502	35
170.4092311437502	38
170.4092311437502	38
170.5777701437502	35
170.74630914375018	35
170.74630914375018	49
170.74630914375018	49
171.11216214375017	35
171.11216214375017	49
171.29508864375018	35
171.47801514375018	38
171.47801514375018	49
171.8113481437502	35
171.8113481437502	49
171.99653339375018	35
172.1817186437502	35
172.1817186437502	49
172.5265461437502	35
172.5265461437502	49
172.6989598937502	35
172.8713736437502	38
172.8713736437502	49
173.0399126437502	35
173.20845164375018	49
173.3769906437502	35
173.5455296437502	35
173.5455296437502	49
173.8984706437502	35
173.8984706437502	49
174.2514116437502	35
174.2514116437502	38
174.2514116437502	49
174.60726464375017	49
174.78519114375018	35
174.9631176437502	38
174.9631176437502	49
175.1294076437502	38
175.2956976437502	35
175.2956976437502	49
175.4619876437502	35
175.6282776437502	49
175.8068488937502	38
175.98542014375022	49
176.16399139375022	35
176.3425626437502	35
176.3425626437502	49
176.69384775833353	35
176.69384775833353	49
177.04221764375018	35
177.04221764375018	38
177.04221764375018	49
177.38704514375019	49
177.5594588937502	35
177.7318726437502	35
177.7318726437502	49
178.0933181437502	35
178.0933181437502	49
178.2740408937502	35
178.4547636437502	47
178.4547636437502	35
178.5388750187502	38
178.6229863937502	38
178.7070977687502	38
178.7912091437502	35
178.7912091437502	38
178.9594318937502	35
179.12765464375022	38
179.12765464375022	49
179.47732514375022	35
179.47732514375022	49
179.65216039375022	35
179.82699564375022	35
179.82699564375022	38
179.82699564375022	49
180.17682314375023	35
180.17682314375023	49
180.35173689375023	35
180.5266506437502	35
180.5266506437502	49
180.7010691437502	38
180.8754876437502	35
180.8754876437502	49
181.0499061437502	35
181.2243246437502	38
181.2243246437502	35
181.3406036437502	38
181.4568826437502	38
181.5731616437502	38
181.6894406437502	38
181.8057196437502	38
181.92199864375021	35
181.92199864375021	49
182.27414114375023	35
182.27414114375023	49
182.45021239375023	35
182.6262836437502	38
182.6262836437502	49
182.97111114375022	49
183.14352489375023	35
183.3159386437502	35
183.3159386437502	49
183.6668156437502	35
183.6668156437502	49
184.0176926437502	38
184.0176926437502	49
184.1941631437502	35
184.37063364375018	49
184.5471041437502	35
184.7235746437502	35
184.7235746437502	49
185.07651564375018	35
185.07651564375018	49
185.4294566437502	35
185.4294566437502	38
185.4294566437502	49
185.7823976437502	49
185.95886814375018	35
186.1353386437502	35
186.1353386437502	49
186.3118091437502	38
186.4882796437502	38
186.66475014375018	47
186.8412206437502	35
186.8412206437502	47
186.8412206437502	47
187.00605589375022	35
187.1708911437502	47
187.1708911437502	47
187.3375576437502	35
187.5042241437502	35
187.5042241437502	49
187.8504884250002	35
187.8504884250002	49
188.1938791437502	38
188.1938791437502	49
188.3682976437502	35
188.5427161437502	49
188.7171346437502	35
188.8915531437502	35
188.8915531437502	49
189.2403901437502	35
189.2403901437502	49
189.5892271437502	35
189.5892271437502	38
189.5892271437502	49
189.93806414375018	49
190.11248264375018	35
190.28690114375019	35
190.28690114375019	49
190.6440436437502	35
190.6440436437502	49
191.00118614375018	38
191.00118614375018	49
191.17765664375017	38
191.35412714375016	35
191.35412714375016	49
191.53059764375018	35
191.70706814375018	38
191.70706814375018	49
192.0468956437502	47
192.13185251875018	47
192.2168093937502	47
192.38672314375017	47
192.55405839375018	35
192.72139364375016	38
192.72139364375016	38
192.88872889375017	35
193.05606414375018	35
193.05606414375018	49
193.40232842500018	35
193.40232842500018	49
193.74571914375016	38
193.74571914375016	49
193.92429039375017	35
194.10286164375017	49
194.28143289375018	35
194.46000414375015	35
194.46000414375015	49
194.81714664375016	35
194.81714664375016	49
195.17428914375017	38
195.17428914375017	49
195.52411664375018	35
195.52411664375018	49
195.69903039375018	35
195.87394414375015	35
195.87394414375015	49
196.22835573125016	35
196.22835573125016	49
196.57982614375015	38
196.57982614375015	49
196.75629664375015	35
196.93276714375014	49
197.10923764375016	35
197.28570814375016	35
197.28570814375016	49
197.45562189375016	38
197.54057876875015	38
197.62553564375017	35
197.62553564375017	38
197.96536314375015	47
197.96536314375015	49
198.13390214375016	35
198.30244114375014	47
198.30244114375014	49
198.47098014375015	35
198.63951914375016	35
198.63951914375016	49
199.00761664375017	35
199.00761664375017	49
199.19166539375016	35
199.37571414375017	38
199.37571414375017	49
199.73514656458352	35
199.73514656458352	49
199.91262564375018	35
200.09300796458348	38
200.09300796458348	49
200.4318449645835	35
200.4318449645835	49
200.59985164375018	35
200.77070279791684	38
200.77070279791684	49
200.9411886437502	35
201.11310714375017	35
201.11310714375017	49
201.28502564375017	35
201.45694414375018	35
201.45694414375018	49
201.63636264375018	35
201.81578114375014	35
201.81578114375014	49
201.99519964375017	35
202.17461814375017	35
202.17461814375017	38
202.17461814375017	49
202.34903664375017	35
202.52345514375017	35
202.52345514375017	38
202.52345514375017	49
202.69787364375017	35
202.87229214375017	35
202.87229214375017	49
203.04083114375018	35
203.20937014375016	35
203.20937014375016	38
203.20937014375016	49
203.37790914375017	35
203.54644814375018	35
203.54644814375018	38
203.54644814375018	49
203.72396264375018	35
203.90147714375018	35
203.90147714375018	49
204.0789916437502	35
204.2565061437502	35
204.2565061437502	38
204.2565061437502	49
204.43665369661832	35
204.61680124948643	35
204.61680124948643	38
204.61680124948643	49
204.7787424466183	35
204.9406836437502	35
204.9406836437502	38
204.9406836437502	49
205.1105973937502	35
205.2805111437502	35
205.2805111437502	38
205.2805111437502	49
205.4504248937502	35
205.6203386437502	35
205.6203386437502	38
205.6203386437502	49
205.9753676437502	35
205.9753676437502	49
206.1528821437502	35
206.3303966437502	38
206.3303966437502	49
206.5023151437502	35
206.6742336437502	35
206.6742336437502	49
207.0180706437502	35
207.0180706437502	38
207.0180706437502	49
207.35065064375019	38
207.35065064375019	49
207.5169406437502	35
207.6832306437502	35
207.6832306437502	49
207.6832306437502	49
208.04408364375018	35
208.04408364375018	49
208.4049366437502	38
208.4049366437502	49
208.5753908937502	35
208.74584514375022	49
208.9162993937502	35
209.0867536437502	35
209.0867536437502	49
209.4438961437502	35
209.4438961437502	49
209.8010386437502	35
209.8010386437502	38
209.8010386437502	49
210.1458661437502	49
210.3182798937502	35
210.49069364375018	35
210.49069364375018	49
210.84157064375017	35
210.84157064375017	49
211.19244764375017	38
211.19244764375017	49
211.36236139375018	35
211.53227514375018	49
211.7021888937502	35
211.87210264375017	35
211.87210264375017	49
212.23213164375017	35
212.23213164375017	49
212.59216064375016	35
212.59216064375016	38
212.59216064375016	49
212.93306914375017	49
213.10352339375015	35
213.27397764375016	35
213.27397764375016	49
213.61880514375017	35
213.61880514375017	49
213.96363264375015	38
213.96363264375015	49
214.13907114375016	35
214.31450964375014	49
214.48994814375015	35
214.66538664375014	35
214.66538664375014	49
215.01626364375014	38
215.01626364375014	49
215.19170214375015	35
215.36714064375013	38
215.36714064375013	49
215.70804914375015	35
215.70804914375015	49
216.04895764375013	35
216.04895764375013	49
216.38603564375012	35
216.38603564375012	49
216.72311364375014	38
216.72311364375014	49
216.90106789375014	35
217.07902214375017	49
217.25697639375014	35
217.43493064375014	47
217.43493064375014	35
217.51963989375014	38
217.60434914375014	38
217.68905839375014	38
217.77376764375015	35
217.77376764375015	38
217.94318614375013	35
218.11260464375013	38
218.11260464375013	49
218.45351314375014	38
218.45351314375014	49
218.62396739375012	35
218.79442164375013	35
218.79442164375013	49
219.13825864375013	35
219.13825864375013	49
219.48209564375014	35
219.48209564375014	38
219.48209564375014	49
219.82593264375015	49
219.99785114375015	35
220.16976964375016	35
220.16976964375016	49
220.51567814375016	35
220.51567814375016	49
220.68863239375014	35
220.86158664375014	38
220.86158664375014	49
221.20749514375015	35
221.20749514375015	49
221.38044939375015	35
221.55340364375013	35
221.55340364375013	49
221.89522464375014	35
221.89522464375014	49
222.23704564375015	38
222.23704564375015	49
222.41045614375014	35
222.58386664375013	49
222.75727714375014	35
222.93068764375013	35
222.93068764375013	49
223.26776564375012	38
223.26776564375012	49
223.43630464375013	35
223.60484364375014	49
223.77683514375013	35
223.94882664375015	38
223.94882664375015	49
224.12081814375014	35
224.29280964375013	35
224.29280964375013	49
224.62679264375015	35
224.62679264375015	49
224.96077564375014	38
224.96077564375014	49
225.13026714375013	35
225.29975864375015	49
225.46925014375014	35
225.63874164375014	35
225.63874164375014	49
225.97393614375014	38
225.97393614375014	49
226.14153339375014	35
226.30913064375014	49
226.48560114375013	35
226.66207164375012	38
226.66207164375012	49
226.83854214375015	35
227.01501264375014	35
227.01501264375014	49
227.35592114375015	35
227.35592114375015	49
227.69682964375014	38
227.69682964375014	49
227.87330014375013	35
228.04977064375012	35
228.04977064375012	49
228.40271164375014	38
228.40271164375014	49
228.57512539375014	35
228.74753914375015	35
228.74753914375015	49
229.09236664375013	38
229.09236664375013	49
229.26478039375013	35
229.43719414375013	35
229.43719414375013	49
229.78202164375014	35
229.78202164375014	49
230.12293014375015	35
230.12293014375015	49
230.46383864375014	38
230.46383864375014	49
230.63875239375014	35
230.81366614375014	49
230.98857989375014	38
231.16349364375012	35
231.16349364375012	49
231.3304851437501	35
231.49747664375013	38
231.49747664375013	49
231.83145964375012	38
231.83145964375012	49
232.00387339375013	35
232.17628714375013	35
232.17628714375013	49
232.5211146437501	35
232.5211146437501	49
232.86594214375012	35
232.86594214375012	49
233.21076964375013	38
233.21076964375013	49
233.38568339375013	35
233.56059714375013	49
233.7355108937501	38
233.9104246437501	35
233.9104246437501	49
234.0778383937501	35
234.24525214375012	38
234.24525214375012	49
234.58007964375014	38
234.58007964375014	49
234.75249339375014	35
234.92490714375012	49
235.26973464375013	35
235.26973464375013	49
235.6118126437501	35
235.6118126437501	49
235.95389064375013	38
235.95389064375013	49
236.12880439375013	35
236.30371814375013	49
236.47863189375013	38
236.6535456437501	38
236.6535456437501	49
236.8259593937501	35
236.99837314375011	35
236.99837314375011	49
237.17078689375012	38
237.34320064375012	35
237.34320064375012	49
237.51269214375012	35
237.68218364375014	38
237.68218364375014	49
237.85167514375013	35
238.02116664375012	35
238.02116664375012	49
238.36798764375013	35
238.36798764375013	49
238.71480864375013	38
238.71480864375013	49
238.88922714375013	35
239.06364564375014	49
239.23806414375014	35
239.41248264375014	35
239.41248264375014	49
239.58440114375014	38
239.75631964375015	38
239.75631964375015	49
239.92823814375015	35
240.10015664375015	49
240.26707514375016	38
240.4339936437501	35
240.4339936437501	49
240.60091214375012	35
240.76783064375013	35
240.76783064375013	49
241.12166764375013	35
241.12166764375013	49
241.47550464375013	49
241.65492314375012	38
241.83434164375015	49
242.01376014375015	35
242.19317864375014	38
242.19317864375014	49
242.53201564375013	49
242.70143414375013	38
242.87085264375014	35
242.87085264375014	49
243.04027114375015	35
243.20968964375015	38
243.20968964375015	49
243.37910814375013	35
243.54852664375014	35
243.54852664375014	49
243.90560464375014	35
243.90560464375014	49
244.26268264375014	38
244.26268264375014	49
244.43609314375013	35
244.60950364375014	49
244.78291414375013	38
244.95632464375015	35
244.95632464375015	49
245.12723514375014	38
245.21269039375014	38
245.29814564375013	38
245.46905614375015	35
245.63996664375014	38
245.7213323725521	38
245.80269810135405	38
245.96542955895796	38
246.052280580156	38
246.13913160135405	38
246.3128336437501	38
246.3128336437501	49
246.67211464375012	35
246.67211464375012	49
246.8517551437501	35
247.0313956437501	38
247.0313956437501	49
247.38067664375012	35
247.38067664375012	49
247.55531714375013	35
247.72995764375014	35
247.72995764375014	49
247.89203189375013	35
247.89203189375013	38
247.97306901875012	38
248.05410614375015	35
248.05410614375015	38
248.21618039375014	35
248.21618039375014	38
248.29721751875013	38
248.37825464375013	35
248.37825464375013	47
248.54558989375013	35
248.54558989375013	38
248.6292575187501	38
248.7129251437501	35
248.7129251437501	38
248.79659276875012	38
248.88026039375012	35
248.88026039375012	38
248.96392801875012	38
249.04759564375013	35
249.04759564375013	49
249.40473814375014	35
249.40473814375014	49
249.58330939375014	35
249.76188064375012	38
249.76188064375012	49
250.10370164375013	35
250.10370164375013	49
250.27461214375012	35
250.44552264375014	38
250.44552264375014	49
250.62096114375015	35
250.79639964375014	49
250.97183814375015	35
251.14727664375013	38
251.14727664375013	49
251.49909764375013	35
251.49909764375013	49
251.67500814375012	35
251.85091864375013	38
251.85091864375013	49
252.1977396437501	35
252.1977396437501	49
252.37115014375013	35
252.54456064375012	38
252.54456064375012	49
252.88638164375013	35
252.88638164375013	49
253.05729214375012	35
253.22820264375014	38
253.22820264375014	49
253.58411114375014	35
253.58411114375014	49
253.76206539375013	35
253.94001964375013	38
253.94001964375013	49
254.29087264375013	35
254.29087264375013	49
254.46629914375012	35
254.64172564375014	47
254.81026464375014	38
254.89453414375012	38
254.97880364375013	35
254.97880364375013	38
255.14734264375014	35
255.31588164375015	35
255.31588164375015	38
255.31588164375015	49
255.6753140645835	35
255.6753140645835	49
256.03176364375014	38
256.03176364375014	49
256.3847046437501	49
256.5611751437501	35
256.7376456437501	35
256.7376456437501	49
257.0947881437501	35
257.0947881437501	49
257.45193064375013	35
257.45193064375013	38
257.45193064375013	49
257.79283914375014	49
257.9632933937501	35
258.13374764375016	35
258.13374764375016	49
258.4873574041668	35
258.4873574041668	49
258.8380326437502	38
258.8380326437502	49
259.0124511437502	35
259.1868696437502	49
259.3612881437502	35
259.5357066437502	35
259.5357066437502	49
259.8895436437502	35
259.8895436437502	49
260.1549213937502	38
260.2433806437502	38
260.2433806437502	49
260.4150471437502	35
260.58671364375016	38
260.58671364375016	49
260.9300466437502	35
260.9300466437502	49
261.0990171437502	35
261.2679876437502	35
261.2679876437502	49
261.6059286437502	35
261.6059286437502	49
261.96386964375023	49
262.1428401437502	35
262.3218106437502	35
262.3218106437502	49
262.6747516437502	35
262.6747516437502	49
263.0276926437502	38
263.0276926437502	49
263.19564689375017	35
263.3636011437502	49
263.5315553937502	35
263.6995096437502	35
263.6995096437502	49
264.0477757312502	35
264.0477757312502	49
264.39315164375023	35
264.39315164375023	38
264.39315164375023	49
264.64596014375024	49
264.73022964375025	49
264.8987686437502	35
265.0673076437502	35
265.0673076437502	49
265.4141286437502	35
265.4141286437502	49
265.7609496437502	35
265.7609496437502	38
265.7609496437502	49
266.10185814375023	49
266.2723123937502	35
266.44276664375025	35
266.44276664375025	49
266.79990914375026	35
266.79990914375026	49
267.15705164375026	38
267.15705164375026	49
267.32946539375024	35
267.5018791437503	49
267.67429289375025	38
267.8467066437503	35
267.8467066437503	49
268.01912039375026	35
268.1915341437503	38
268.1915341437503	49
268.53636164375024	35
268.53636164375024	49
268.7087753937503	35
268.88118914375025	38
268.88118914375025	49
269.0536028937503	35
269.22601664375026	35
269.22601664375026	49
269.5630946437503	35
269.5630946437503	49
269.90017264375024	38
269.90017264375024	49
270.07459114375024	35
270.24900964375024	49
270.42342814375024	35
270.59784664375024	35
270.59784664375024	49
270.94168364375025	38
270.94168364375025	49
271.11360214375026	35
271.28552064375026	49
271.4546871437503	35
271.62385364375024	38
271.62385364375024	49
271.79302014375025	35
271.9621866437503	35
271.9621866437503	49
272.3006691354169	35
272.3006691354169	49
272.63634264375025	38
272.63634264375025	49
272.80975314375024	35
272.98316364375023	49
273.1565741437503	35
273.32998464375027	35
273.32998464375027	49
273.50589514375025	38
273.68180564375024	49
273.8577161437502	35
274.03362664375027	35
274.03362664375027	47
274.19962420986883	38
274.2826229929281	38
274.3656217759874	35
274.3656217759874	38
274.52620670986886	35
274.68679164375027	35
274.68679164375027	49
274.68679164375027	49
275.0439341437503	35
275.0439341437503	49
275.4010766437503	35
275.4010766437503	49
275.5769871437503	38
275.75289764375026	49
275.9288081437503	35
276.1047186437503	38
276.1047186437503	49
276.45153964375027	38
276.45153964375027	49
276.77068814375025	35
276.77068814375025	49
276.94211639375027	38
277.11354464375023	35
277.11354464375023	49
277.28497289375025	35
277.45640114375027	35
277.45640114375027	49
277.8072781437503	35
277.8072781437503	49
277.9827166437503	35
278.15815514375026	38
278.15815514375026	49
278.49601164375025	35
278.49601164375025	49
278.6649398937503	35
278.8338681437503	35
278.8338681437503	49
279.1817246437503	35
279.1817246437503	49
279.3556528937503	35
279.52958114375025	38
279.52958114375025	49
279.8674376437503	49
280.2052941437503	38
280.2052941437503	35
280.29100826875026	38
280.3767223937503	38
280.3767223937503	35
280.54815064375026	35
280.54815064375026	38
280.7195788937503	38
280.7195788937503	35
280.80529301875026	38
280.8910071437503	35
280.8910071437503	38
281.06243539375026	35
281.06243539375026	38
281.2338636437503	38
281.2338636437503	35
281.31957776875026	38
281.40529189375025	35
281.40529189375025	38
281.57672014375026	35
281.57672014375026	38
281.7481483937503	35
281.7481483937503	38
281.91957664375025	35
281.91957664375025	38
282.08624314375027	35
282.08624314375027	38
282.25290964375023	35
282.25290964375023	38
282.25290964375023	38
282.42207614375025	35
282.59124264375026	35
282.59124264375026	38
282.59124264375026	38
282.7604091437502	35
282.92957564375024	35
282.92957564375024	49
283.29695303125027	35
283.29695303125027	49
283.47835514375026	35
283.6612816437502	38
283.6612816437502	49
284.0011091437502	35
284.0011091437502	49
284.1710228937502	35
284.34093664375024	35
284.34093664375024	49
284.69576414375024	35
284.69576414375024	49
285.0505916437502	35
285.0505916437502	38
285.0505916437502	49
285.4027341437502	49
285.5788053937502	35
285.7548766437502	35
285.7548766437502	49
285.98607509202606	38
286.101674316164	38
286.2095669253594	38
286.3174595345548	38
286.4253521437502	47
286.53571447708356	38
286.6460768104169	38
286.7564391437502	47
286.8668014770835	38
286.97716381041687	38
287.0875261437502	47
287.1962218104169	38
287.30491747708356	38
287.4136131437502	47
287.5247241437502	38
287.63583514375017	38
287.74694614375016	47
287.8589751437502	38
287.9710041437502	38
288.08303314375013	38
288.19506214375014	38
288.30709114375014	38
288.41912014375015	35
288.41912014375015	49
288.7906618104168	35
288.7906618104168	49
288.97412014375016	35
289.15912014375016	38
289.15912014375016	49
289.5149731437502	35
289.5149731437502	49
289.6928996437502	35
289.87082614375015	35
289.87082614375015	49
290.22565364375015	35
290.22565364375015	49
290.4030673937501	35
290.58048114375015	38
290.58048114375015	49
290.91638964375016	49
291.2522981437502	35
291.2522981437502	49
291.4208371437502	35
291.5907806354168	49
291.75791514375015	35
291.92645414375016	38
291.92645414375016	49
292.2585321437502	35
292.2585321437502	49
292.4245711437502	35
292.5906101437502	49
292.7554453937502	35
292.92028064375023	35
292.92028064375023	49
293.2499511437502	38
293.2499511437502	49
293.4154946437502	35
293.58103814375016	49
293.9121251437502	35
293.9121251437502	49
293.9121251437502	49
294.2779781437502	35
294.2779781437502	49
294.4609046437502	35
294.64383114375016	38
294.64383114375016	49
294.9861600958335	35
294.9861600958335	49
295.15519389375015	35
295.3256481437502	35
295.3256481437502	49
295.66655664375014	35
295.66655664375014	49
296.00746514375015	35
296.00746514375015	38
296.00746514375015	49
296.34837364375016	49
296.51882789375014	35
296.6892821437502	35
296.6892821437502	49
297.01261514375017	38
297.01261514375017	49
297.1742816437502	35
297.3359481437502	49
297.5076146437502	38
297.6792811437502	49
297.8509476437502	35
298.02261414375016	38
298.02261414375016	49
298.3509471437502	49
298.51511364375017	35
298.6792801437502	35
298.6792801437502	49
299.0263581437502	35
299.0263581437502	49
299.37487292500015	38
299.37487292500015	42
299.54584989375013	35
299.89067739375014	38
300.06309114375017	38
300.39642414375015	38
300.39642414375015	38
300.5630906437502	35
300.8982961437502	38
301.0668351437502	38
301.0668351437502	38
301.23537414375016	35
301.4039131437502	38
301.4039131437502	38
301.72500014375015	35
301.72500014375015	38
301.72500014375015	38
301.88554364375017	35
302.0460871437502	35
302.0460871437502	49
302.0460871437502	49
302.4011161437502	35
302.4011161437502	49
302.7561451437502	38
302.7561451437502	49
302.9305636437502	35
303.1049821437502	49
303.2794006437502	35
303.4538191437502	35
303.4538191437502	49
303.8067601437502	35
303.8067601437502	49
304.15970114375017	35
304.15970114375017	38
304.15970114375017	49
304.5045286437502	49
304.67694239375015	35
304.8493561437502	35
304.8493561437502	49
305.1981931437502	35
305.1981931437502	49
305.5470301437502	38
305.5470301437502	49
305.7184583937502	35
305.8898866437502	49
306.0613148937502	35
306.2327431437502	35
306.2327431437502	49
306.5815801437502	35
306.5815801437502	49
306.9304171437502	35
306.9304171437502	38
306.9304171437502	49
307.2763256437502	49
307.4492798937502	35
307.62223414375023	35
307.62223414375023	49
307.9631426437502	35
307.9631426437502	49
308.3040511437502	38
308.3040511437502	49
308.47450539375023	35
308.6449596437502	49
308.8154138937502	35
308.9858681437502	35
308.9858681437502	49
309.3347051437502	47
309.4219143937502	38
309.50912364375023	38
309.59633289375023	38
309.68354214375023	35
309.68354214375023	38
309.855390023676	35
310.0272379036018	38
310.0272379036018	49
310.35204964375026	35
310.35204964375026	49
310.69490614375025	35
310.69490614375025	49
311.0377626437503	38
311.0377626437503	49
311.20919089375025	35
311.38061914375027	49
311.5520473937503	35
311.72347564375025	35
311.72347564375025	49
312.0663321437503	35
312.0663321437503	49
312.40918864375027	35
312.40918864375027	38
312.40918864375027	49
312.7462666437503	49
312.91480564375024	35
313.08334464375025	35
313.08334464375025	49
313.42620114375023	35
313.42620114375023	49
313.7690576437503	35
313.7690576437503	38
313.7690576437503	49
314.11191414375025	49
314.2833423937503	35
314.45477064375024	35
314.45477064375024	49
314.7976271437503	35
314.7976271437503	49
315.14048364375026	38
315.14048364375026	49
315.3144118937503	35
315.48834014375024	49
315.66226839375025	35
315.83619664375027	35
315.83619664375027	49
316.18301764375025	35
316.18301764375025	49
316.5298386437503	35
316.5298386437503	38
316.5298386437503	49
316.87665964375026	49
317.05007014375025	35
317.2234806437503	35
317.2234806437503	49
317.5653016437503	35
317.5653016437503	49
317.90712264375026	35
317.90712264375026	38
317.90712264375026	49
318.24045564375024	49
318.40712214375026	35
318.5737886437503	35
318.5737886437503	49
318.9226256437503	35
318.9226256437503	49
319.2714626437503	35
319.2714626437503	38
319.2714626437503	49
319.6202996437503	49
319.7947181437503	35
319.9691366437503	35
319.9691366437503	49
320.30246964375027	35
320.30246964375027	49
320.6358026437503	38
320.6358026437503	49
320.8082163937503	35
320.9806301437503	49
321.1530438937503	35
321.3254576437503	35
321.3254576437503	49
321.67136614375033	35
321.67136614375033	49
322.01727464375034	35
322.01727464375034	38
322.01727464375034	49
322.3702156437503	49
322.5466861437503	35
322.7231566437503	35
322.7231566437503	49
323.0649776437503	35
323.0649776437503	49
323.40679864375034	47
323.40679864375034	35
323.49300551875035	38
323.5792123937503	38
323.6654192687503	38
323.75162614375034	35
323.75162614375034	38
324.09645364375035	35
324.09645364375035	49
324.44128114375036	35
324.44128114375036	49
324.7861086437503	38
324.7861086437503	49
324.95852239375034	35
325.1309361437503	49
325.30334989375035	35
325.4757636437503	35
325.4757636437503	49
325.82059114375033	35
325.82059114375033	49
326.16541864375034	35
326.16541864375034	38
326.16541864375034	49
326.51024614375035	49
326.6826598937503	35
326.85507364375036	35
326.85507364375036	49
327.20189464375034	35
327.20189464375034	49
327.54871564375037	35
327.54871564375037	38
327.54871564375037	49
327.8975526437504	49
328.0719711437504	35
328.2463896437504	35
328.2463896437504	49
328.4178178937504	38
328.58924614375036	38
328.9321026437504	38
328.9321026437504	38
329.10353089375036	35
329.2749591437504	38
329.2749591437504	38
329.4463873937504	35
329.61781564375036	38
329.61781564375036	49
329.9606721437504	35
329.9606721437504	49
330.3035286437504	38
330.3035286437504	49
330.4779471437504	35
330.6523656437504	49
330.8267841437504	35
331.0012026437504	35
331.0012026437504	49
331.3500396437504	35
331.3500396437504	49
331.6988766437504	35
331.6988766437504	38
331.6988766437504	49
332.0437041437504	49
332.2161178937504	35
332.3885316437504	35
332.3885316437504	49
332.7333591437504	35
332.7333591437504	49
333.07818664375037	38
333.07818664375037	49
333.2506003937504	35
333.4230141437504	49
333.5954278937504	35
333.7678416437504	35
333.7678416437504	49
334.1126691437504	35
334.1126691437504	49
334.4574966437504	35
334.4574966437504	38
334.4574966437504	49
334.7973241437504	35
334.7973241437504	49
335.1371516437504	35
335.1371516437504	49
335.49302864375045	35
335.49302864375045	49
335.8489056437504	38
335.8489056437504	49
336.0243441437504	35
336.19978264375044	49
336.3752211437504	35
336.5506596437504	35
336.5506596437504	49
336.8954871437504	35
336.8954871437504	49
337.2403146437504	35
337.2403146437504	38
337.2403146437504	49
337.58514214375043	49
337.7575558937504	35
337.9299696437504	35
337.9299696437504	49
338.2747971437504	35
338.2747971437504	49
338.6196246437504	38
338.6196246437504	49
338.79203839375043	35
338.9644521437504	49
339.1368658937504	35
339.3092796437504	35
339.3092796437504	49
339.6581166437504	38
339.6581166437504	38
339.8325351437504	35
340.0069536437504	38
340.0941628937504	38
340.1813721437504	38
340.2685813937504	38
340.3557906437504	38
340.5302091437504	35
340.7046276437504	35
340.7046276437504	49
340.7046276437504	49
341.0584646437504	35
341.0584646437504	49
341.2353831437504	35
341.4123016437504	38
341.4123016437504	49
341.7611386437504	35
341.7611386437504	49
341.93555714375043	35
342.10997564375043	38
342.10997564375043	49
342.44705364375045	35
342.44705364375045	49
342.6155926437504	35
342.7841316437504	35
342.7841316437504	38
342.9565453937504	35
342.9565453937504	38
343.1289591437504	35
343.1289591437504	38
343.21516601875044	38
343.3013728937504	35
343.3013728937504	38
343.47378664375043	35
343.47378664375043	38
343.47378664375043	49
343.82592914375044	35
343.82592914375044	49
344.00200039375045	35
344.17807164375046	38
344.17807164375046	49
344.52489264375043	35
344.52489264375043	49
344.6983031437505	35
344.87171364375047	38
344.87171364375047	49
345.2165411437505	35
345.2165411437505	49
345.38895489375045	35
345.5613686437505	38
345.5613686437505	49
345.9171636437505	35
345.9171636437505	49
346.09506114375046	35
346.2729586437505	38
346.2729586437505	49
346.6258996437505	35
346.6258996437505	49
346.80237014375047	35
346.97884064375046	38
346.97884064375046	49
347.32267764375047	35
347.32267764375047	49
347.49459614375047	35
347.6665146437505	38
347.6665146437505	49
348.0074231437505	35
348.0074231437505	49
348.17787739375046	35
348.3483316437505	38
348.3483316437505	49
348.7062726437505	35
348.7062726437505	49
348.8852431437505	35
349.06421364375046	38
349.06421364375046	49
349.39754664375045	47
349.7308796437505	35
349.7308796437505	49
349.7308796437505	49
350.08382064375047	35
350.08382064375047	49
350.43676164375046	38
350.43676164375046	49
350.61118014375046	35
350.78559864375046	49
350.96001714375046	35
351.13443564375046	35
351.13443564375046	49
351.48327264375047	49
351.65769114375047	35
351.83210964375047	38
351.83210964375047	49
352.0040281437505	35
352.1759466437505	49
352.3478651437505	35
352.5197836437505	35
352.5197836437505	49
352.8727246437505	35
352.8727246437505	49
353.22566564375046	38
353.22566564375046	49
353.39907614375045	35
353.57248664375044	49
353.7458971437505	38
353.91930764375047	35
353.91930764375047	49
354.09271814375046	35
354.26612864375045	38
354.26612864375045	49
354.6129496437505	49
354.7813601437505	38
354.94977064375047	35
354.94977064375047	49
355.11818114375046	35
355.28659164375046	35
355.28659164375046	49
355.6299246437504	35
355.6299246437504	49
355.97325764375046	38
355.97325764375046	49
356.14179664375047	35
356.3103356437505	49
356.47887464375043	38
356.64741364375044	35
356.64741364375044	49
356.82082414375043	35
356.9942346437504	38
356.9942346437504	49
357.34105564375045	35
357.34105564375045	49
357.50772214375047	35
357.67438864375043	38
357.67438864375043	49
357.84105514375045	35
358.0077216437505	35
358.0077216437505	49
358.34605464375045	35
358.34605464375045	49
358.6843876437504	38
358.6843876437504	49
358.8548418937504	35
359.02529614375044	49
359.1957503937504	35
359.36620464375045	35
359.36620464375045	49
359.71504164375045	38
359.71504164375045	49
360.06387864375046	38
360.06387864375046	49
360.24596759979516	35
360.4280565558398	35
360.4280565558398	49
360.77604864375047	35
360.77604864375047	38
360.77604864375047	38
363.9481756437504	47
364.025271281395	47
364.1023669190396	35
364.1023669190396	47
364.6740861437504	35
364.6740861437504	49
365.3969771437504	35
365.3969771437504	49
366.1562071437504	35
366.1562071437504	49
366.1562071437504	49
366.3485121437504	38
366.4446646437504	38
366.5408171437504	38
366.63696964375043	47
366.7331221437504	38
366.8292746437504	38
366.9254271437504	38
367.0253296437504	47
367.1252321437504	38
367.22513464375044	38
367.3250371437504	38
367.4249396437504	38
367.5248421437504	47
367.6247446437504	38
367.7246471437504	38
367.8220496437504	38
367.9194521437504	38
368.1142571437504	38
368.29718364375043	38
368.48011014375044	38
368.66303664375044	47
368.8459631437504	47
369.0288896437504	35
369.0288896437504	49
369.2236946437504	35
369.2236946437504	42
369.4159996437504	35
369.4159996437504	49
369.6083046437504	35
369.6083046437504	42
369.8006096437504	35
369.8006096437504	49
369.8006096437504	49
370.3875246437504	38
370.48617714375035	38
370.5848296437504	38
370.6834821437504	38
370.7821346437504	38
371.30242586763455	38
371.40648411241136	35
371.40648411241136	47
371.40648411241136	47