25.016869500000006	35
25.016869500000006	38
25.016869500000006	38
25.608974250000003	35
25.608974250000003	38
25.608974250000003	38
26.18589675	35
26.18589675	38
26.18589675	38
26.58063325	35
26.58063325	38
26.58063325	49
32.44242425	38
32.63850275	38
32.83458125	35
32.83458125	38
32.83458125	49
33.41531675	35
33.41531675	38
33.41531675	49
34.00105225	35
34.00105225	38
34.00105225	49
34.39320925	35
34.39320925	38
34.39320925	49
62.12796625	35
62.32151425	35
62.51506225	35
62.51506225	49
63.29937625	42
64.86291025	38
64.86291025	38
65.64213025000001	35
66.43135025000001	42
67.99004325	38
67.99004325	38
68.77435725	35
69.55611524999999	42
70.34044424999999	35
71.11463624999999	42
71.89410925	35
72.68358225	42
74.04231125	42
74.23711624999999	35
74.23711624999999	42
74.82153124999999	35
75.01633625	35
75.01633625	42
75.80555625	42
77.36399625	38
77.36399625	38
78.15346925	35
78.93294225	42
80.49138225	38
80.49138225	38
81.28060225	35
82.07007525	42
82.83930525	35
83.62877825	42
84.39799824999999	35
84.39799824999999	42
85.17721825	35
85.17721825	42
85.95643824999999	35
85.95643824999999	42
86.73565824999999	35
86.73565824999999	42
87.51487825	35
87.51487825	49
87.90961474999999	49
88.106983	49
88.30435125	42
88.5017195	49
88.896456	49
89.09382425	49
89.48856074999999	49
89.685929	42
89.88329725	49
90.64279125	35
90.64279125	42
90.64279125	49
91.04319625	49
91.24339875	49
91.44360125	42
91.63840875	49
92.02802375	49
92.22283125	49
92.60744625000001	49
92.79975375000001	49
92.99206125	42
93.77129125	35
93.77129125	49
94.16198755	49
94.35742705000001	49
94.55286655	42
94.74830605000001	49
95.13918505000001	49
95.33462455000002	49
95.72550355000001	49
95.92094305	49
96.11638255000001	42
96.89814055000001	35
96.89814055000001	42
96.89814055000001	49
97.28901955	38
97.48445905000001	38
97.67989855	42
97.87533805000001	49
98.26621705000001	49
98.46165655000001	38
98.85253555000001	49
99.04797505	38
99.24341455000001	42
100.01517255	35
100.01517255	49
100.41105155000001	49
100.60899105000001	49
100.80693055000002	42
100.99987005000001	49
101.38574905	49
101.57868855000001	49
101.96956755000001	49
102.16500705000001	49
102.36044655	42
103.14220455	35
103.14220455	42
103.14220455	49
103.53694105	49
103.7343093	49
103.93167755	42
104.1290458	49
104.52378230000001	49
104.72115055	49
105.11076055000001	49
105.30556555000001	49
105.50037055	42
106.27959055000001	49
106.67168655000002	49
106.86773455000002	49
107.06378255000001	42
107.25733055000002	49
107.64442655000002	49
107.83797455000001	49
108.23271105	49
108.43007930000002	49
108.62744755000001	42
108.62744755000001	49
109.01718405	49
109.40692055000001	49
109.80165705	49
109.99902530000001	49
110.18889880000002	42
110.37877230000001	49
110.75851930000002	49
110.94839280000001	49
111.3433928	49
111.5408928	49
111.7383928	42
112.1305498	49
112.5227068	49
112.9124538	49
113.10732730000001	49
113.30220080000001	42
113.49950580000001	49
114.0914208	49
114.4810308	49
114.8706408	42
115.2603773	49
115.65011380000001	35
115.65011380000001	49
116.0397288	49
116.2345363	49
116.4293438	42
116.81395880000001	49
117.00626630000001	49
117.38845411737205	49
117.78340557245737	49
117.98088130000001	42
117.98088130000001	49
118.3717603	49
118.7626393	49
119.34895780000001	49
119.54439730000001	42
119.73544530000002	49
120.30858930000001	49
120.70858930000001	49
120.9085893	49
121.1085893	42
121.50319930000002	38
121.70050430000002	38
121.8978093	35
121.8978093	38
121.8978093	49
122.2899663	42
122.4860448	38
122.4860448	49
122.6821233	42
122.8782018	49
123.07428030000001	35
123.07428030000001	38
123.07428030000001	49
123.46643730000001	35
123.46643730000001	49
123.85731630000001	49
124.05275580000001	49
124.2481953	42
124.44363480000001	49
124.83451380000001	49
125.02995330000002	49
125.4158323	49
125.6087718	49
125.80171130000001	38
126.1925903	49
126.3880298	35
126.3880298	42
126.5834693	49
126.9743483	49
127.16978780000001	49
127.3652273	42
127.7561063	49
127.9515458	49
128.1469853	49
128.5378643	49
128.9287433	42
128.9287433	49
129.3196223	49
129.5150618	35
129.7105013	49
130.10138030000002	49
130.2968198	49
130.4922593	42
130.6876988	49
131.0785778	35
131.2721258	49
131.8527698	35
131.8527698	49
132.0463178	38
132.24236580000002	49
132.4384138	49
132.6344618	35
132.8305098	42
132.8305098	49
133.0265578	49
133.22260580000003	49
133.6147018	42
133.6147018	49
134.0097018	35
134.0097018	49
134.20720179999998	35
134.20720179999998	49
134.4047018	35
134.4047018	42
134.4047018	49
134.7918588	38
135.1790158	35
135.1790158	42
135.1790158	49
135.3750638	38
135.5711118	38
135.7671598	38
135.9632078	35
135.9632078	42
135.9632078	49
136.1580128	49
136.3528178	49
136.7424278	42
136.7424278	49
137.1320378	49
137.32684279999998	35
137.52164779999998	35
137.52164779999998	49
137.9112578	49
138.1060628	49
138.3008678	38
138.49823605	49
138.69560429999999	42
138.69560429999999	49
138.89297255	35
138.89297255	42
138.89297255	49
139.4850773	49
139.8746873	42
139.8746873	49
140.0694923	49
140.2642973	35
140.4591023	49
140.65390730000001	35
140.65390730000001	49
141.0435173	49
141.4331273	38
141.4331273	42
141.6279323	49
141.8227373	49
142.0175423	49
142.2123473	35
142.2123473	42
142.407733925	49
142.603173425	49
142.994052425	49
143.186991925	49
143.57287092500002	35
143.765810425	49
144.35212892500002	35
144.547568425	38
144.547568425	49
144.743007925	49
144.93844742500002	49
145.133886925	35
145.52476592500003	49
145.72020542500002	49
146.111084425	42
146.111084425	49
146.506963425	35
146.506963425	49
146.704902925	49
146.90284242500002	35
146.90284242500002	42
147.098281925	49
147.293721425	38
147.489160925	38
147.684600425	38
147.877539925	38
148.070479425	38
148.263418925	35
148.45635842500002	35
148.45635842500002	49
148.651797925	49
148.847237425	42
148.847237425	49
149.23811642500002	38
149.23811642500002	49
149.628995425	49
149.82443492500002	49
150.019874425	35
150.019874425	42
150.215313925	49
150.41075342500002	49
150.801632425	38
150.801632425	49
150.999571925	49
151.19751142500002	35
151.19751142500002	49
151.395450925	49
151.593390425	35
151.593390425	42
151.786938425	49
152.367582425	38
152.367582425	49
152.561130425	49
153.141774425	35
153.141774425	42
153.141774425	49
153.536510925	49
153.733879175	49
153.93124742499998	38
154.126115675	49
154.320983925	35
154.320983925	49
154.515852175	49
154.710720425	35
154.710720425	42
154.905525425	49
155.100330425	49
155.48994042500001	38
155.48994042500001	49
155.88455042500001	49
156.081855425	49
156.279160425	35
156.279160425	42
156.473965425	49
156.668770425	49
157.058380425	38
157.058380425	49
157.447990425	35
157.447990425	49
157.642795425	35
157.642795425	49
157.837600425	35
157.837600425	42
157.837600425	49
158.227210425	49
158.42201542499998	49
158.616820425	35
158.616820425	38
158.616820425	49
159.00655692499998	49
159.201425175	49
159.39629342499998	35
159.39629342499998	42
159.593661675	49
159.791029925	38
159.985834925	38
160.180639925	38
160.570249925	38
160.76505492500002	38
160.95985992500002	35
160.95985992500002	49
161.349469925	49
161.739079925	38
161.739079925	49
161.933884925	49
162.323494925	49
162.518299925	35
162.518299925	42
162.713104925	49
162.907909925	49
163.10271492500002	49
163.29751992500002	38
163.692129925	49
163.889434925	49
164.086739925	35
164.086739925	49
164.476349925	49
164.671154925	49
164.865959925	38
165.060764925	49
165.450374925	35
165.450374925	49
165.645179925	35
165.645179925	42
165.645179925	49
166.03478992499998	49
166.424399925	38
166.424399925	49
166.81913642499998	49
167.21387292499998	35
167.21387292499998	49
167.60348292499998	49
167.79828792499998	49
167.99309292499998	38
168.187897925	49
168.57750792499996	49
168.77231292499997	35
168.77231292499997	49
169.16192292499997	49
169.55153292499998	38
169.55153292499998	49
169.94114292499998	49
170.33075292499998	35
170.33075292499998	42
170.33075292499998	49
170.72548942499998	49
170.922857675	49
171.12022592499997	38
171.31503092499997	49
171.70464092499998	35
171.70464092499998	49
171.89944592499998	35
171.89944592499998	49
172.28905592499999	38
172.48386092499996	38
172.67866592499996	38
172.87347092499996	35
173.06827592499997	38
173.26308092499997	49
173.45788592499997	35
173.45788592499997	49
173.84749592499998	49
174.04230092499998	49
174.23710592499998	38
174.43191092499998	49
174.82152092499996	35
174.82152092499996	49
175.01632592499996	35
175.01632592499996	49
175.21240442499996	49
175.60456142499996	49
175.80063992499996	38
175.80063992499996	42
176.19279692499995	49
176.58495392499995	35
176.58495392499995	49
176.78103242499995	49
177.17318942499998	49
177.36926792499997	38
177.36926792499997	42
177.56534642499997	49
177.76142492499997	49
177.95750342499997	49
178.15358192499997	35
178.15358192499997	49
178.54073892499997	49
178.92789592499997	49
179.12397442499997	49
179.32005292499997	49
179.71220992499997	35
179.71220992499997	49
180.09930592499998	49
180.29285392499997	49
180.48640192499997	38
180.68244992499996	49
181.07454592499997	49
181.27059392499996	35
181.27059392499996	49
181.66268992499997	49
181.85873792499999	49
182.05478592499998	38
182.05478592499998	49
182.44452242499997	49
182.63939067499996	49
182.83425892499994	35
182.83425892499994	49
183.22397913818943	49
183.41883924478415	35
183.41883924478415	38
183.61116867499996	49
183.80597367499996	49
184.00077867499996	35
184.19558367499997	49
184.39038867499997	35
184.39038867499997	49
184.78499867499994	49
185.17960867499994	38
185.37441367499994	49
185.56921867499995	49
185.95882867499995	35
185.95882867499995	49
186.34733004583327	49
186.54150454583328	49
186.73567904583328	38
186.93175754583328	49
187.32391454583328	49
187.51999304583327	35
187.51999304583327	49
187.91215004583327	49
188.30430704583327	38
188.30430704583327	49
188.69646404583327	38
188.8925425458333	38
189.0886210458333	35
189.0886210458333	49
189.28406054583328	49
189.4795000458333	49
189.6749395458333	35
189.8703790458333	49
190.06581854583328	49
190.2612580458333	38
190.2612580458333	47
190.65213704583329	47
190.8475765458333	47
191.0430160458333	47
191.43389504583328	35
191.43389504583328	49
191.6268345458333	38
191.8197740458333	38
192.0127135458333	38
192.20565304583332	35
192.20565304583332	38
192.20565304583332	49
192.5965320458333	49
192.7919715458333	35
192.7919715458333	49
192.9874110458333	38
193.1828505458333	49
193.3782900458333	49
193.57372954583332	49
193.7691690458333	35
193.7691690458333	38
193.7691690458333	49
194.1600480458333	49
194.3554875458333	35
194.3554875458333	49
194.5509270458333	38
194.5509270458333	49
194.94680604583328	49
195.1447455458333	49
195.3426850458333	35
195.3426850458333	38
195.3426850458333	49
195.7322950458333	49
195.9271000458333	35
195.9271000458333	49
196.1219050458333	38
196.1219050458333	49
196.3167100458333	49
196.5115150458333	49
196.70632004583328	49
196.90112504583328	35
196.90112504583328	38
196.90112504583328	49
197.2907350458333	35
197.2907350458333	49
197.4855400458333	35
197.4855400458333	42
197.6803450458333	38
197.6803450458333	49
198.0699550458333	35
198.0699550458333	49
198.2647600458333	49
198.4595650458333	38
198.4595650458333	49
198.8491750458333	49
199.04398004583328	35
199.04398004583328	42
199.23878504583328	38
199.23878504583328	49
199.63094204583328	49
199.82702054583328	49
200.02309904583328	35
200.02309904583328	38
200.02309904583328	49
200.4139780458333	49
200.60941754583328	35
200.60941754583328	42
200.80485704583327	38
200.80485704583327	49
201.00029654583327	49
201.19573604583329	49
201.39117554583328	49
201.58661504583327	35
201.58661504583327	38
201.58661504583327	49
201.97749404583328	49
202.17293354583327	35
202.17293354583327	42
202.36837304583327	38
202.36837304583327	49
202.5638125458333	49
202.95469154583327	49
203.1501310458333	35
203.1501310458333	38
203.1501310458333	49
203.54101004583327	35
203.54101004583327	49
203.73644954583327	42
203.9318890458333	38
203.9318890458333	49
204.12732854583328	35
204.32276804583327	38
204.51820754583326	38
204.71364704583328	35
204.71364704583328	38
204.71364704583328	49
204.90658654583328	35
204.90658654583328	38
204.90658654583328	49
205.09952604583327	35
205.09952604583327	49
205.4854050458333	35
205.4854050458333	38
205.4854050458333	49
205.68084454583328	49
205.87628404583327	49
206.0717235458333	35
206.0717235458333	49
206.26716304583329	38
206.26716304583329	49
206.6580420458333	49
206.8534815458333	42
207.04892104583328	35
207.04892104583328	38
207.04892104583328	49
207.24436054583327	49
207.4398000458333	49
207.6352395458333	49
207.83067904583328	35
207.83067904583328	38
207.83067904583328	49
208.0261185458333	35
208.0261185458333	49
208.2215580458333	35
208.2215580458333	49
208.41699754583328	42
208.61243704583327	35
208.61243704583327	38
208.61243704583327	49
208.8078765458333	49
209.0033160458333	49
209.19875554583328	35
209.19875554583328	49
209.3941950458333	38
209.3941950458333	49
209.78507404583328	49
209.98051354583328	42
210.1759530458333	35
210.1759530458333	38
210.1759530458333	49
210.3713925458333	49
210.56683204583328	49
210.7622715458333	49
210.9577110458333	35
210.9577110458333	38
210.9577110458333	49
211.34859004583328	49
211.5440295458333	49
211.7394690458333	38
211.7394690458333	49
211.93490854583328	49
212.13034804583327	35
212.13034804583327	49
212.3257875458333	49
212.52122704583329	38
212.52122704583329	49
212.9121060458333	49
213.1075455458333	42
213.30298504583328	38
213.30298504583328	49
213.49779004583328	49
213.6925950458333	49
213.8874000458333	49
214.0822050458333	35
214.0822050458333	38
214.0822050458333	49
214.4768150458333	49
214.67412004583326	49
214.87142504583326	35
214.87142504583326	38
215.06623004583327	49
215.26103504583327	35
215.26103504583327	49
215.45584004583327	35
215.45584004583327	49
215.65064504583327	35
215.65064504583327	38
215.65064504583327	49
215.84545004583327	49
216.04025504583328	49
216.23506004583328	35
216.23506004583328	42
216.42986504583328	38
216.42986504583328	49
216.62467004583328	49
216.8194750458333	49
217.01428004583326	49
217.20908504583326	35
217.20908504583326	42
217.59869504583327	38
217.59869504583327	49
217.98830504583327	38
217.98830504583327	49
218.37791504583328	35
218.37791504583328	42
218.76752504583328	38
218.76752504583328	49
219.1634040458333	38
219.1634040458333	49
219.5592830458333	42
220.3410410458333	49
220.4713340458333	49
220.6016270458333	49
220.7319200458333	49
220.8622130458333	49
220.9925060458333	49
221.1227990458333	49
221.2530920458333	49
221.3833850458333	49
221.5136780458333	49
221.6439710458333	49
221.7742640458333	49
221.90455704583331	35
221.90455704583331	49
222.2904360458333	49
222.48337554583327	49
222.6763150458333	38
222.6763150458333	49
223.2626335458333	49
223.4580730458333	35
223.4580730458333	49
223.84895204583327	49
224.0443915458333	49
224.23983104583328	38
224.23983104583328	49
224.63071004583327	49
224.8261495458333	42
225.02158904583328	35
225.02158904583328	49
225.4124680458333	49
225.60790754583329	49
225.80334704583328	38
225.99628654583327	49
226.3821655458333	35
226.3821655458333	49
226.57510504583328	35
226.57510504583328	49
226.9659840458333	49
227.35686304583328	38
227.35686304583328	49
227.7527420458333	49
227.95068154583328	42
228.1486210458333	35
228.1486210458333	49
228.53950004583328	49
228.73493954583327	49
228.9303790458333	38
228.9303790458333	49
229.12581854583328	49
229.51669754583327	49
229.7121370458333	35
229.7121370458333	49
230.10301604583327	49
230.49389504583328	38
230.49389504583328	49
230.8797740458333	49
231.2656530458333	35
231.2656530458333	49
231.6565320458333	49
231.8519715458333	49
232.0474110458333	38
232.0474110458333	49
232.24285054583328	49
232.6337295458333	35
232.6337295458333	49
232.82916904583328	35
232.82916904583328	49
233.2200480458333	38
233.4154875458333	38
233.61092704583328	38
233.8063665458333	35
234.0018060458333	38
234.19724554583328	49
234.3926850458333	35
234.3926850458333	49
234.7874215458333	49
234.9847897958333	49
235.1821580458333	38
235.1821580458333	49
235.57187825902278	49
235.7667383656175	35
235.7667383656175	42
235.9590677958333	35
235.9590677958333	49
236.1538727958333	49
236.5434827958333	49
236.73828779583332	38
236.73828779583332	49
237.1278977958333	49
237.5175077958333	35
237.5175077958333	49
237.71378062916662	49
238.1063262958333	49
238.30259912916662	38
238.6951447958333	49
238.89141762916663	49
239.08769046249995	35
239.08769046249995	49
239.48023612916663	49
239.87278179583328	49
240.06655462916663	49
240.26032746249996	49
240.64787312916664	42
240.64787312916664	49
241.0354187958333	49
241.2291916291666	49
241.42296446249995	42
241.42296446249995	49
241.61673729583327	49
242.00428296249996	49
242.19805579583328	49
242.59393479583326	49
242.7918742958333	49
242.9898137958333	42
243.187753796728	49
243.5836337985174	49
243.7814151958333	49
244.1660301958333	49
244.35833769583328	49
244.55064519583328	42
244.94025917813943	49
245.13506616929251	49
245.33003179583326	49
245.72591079583324	49
245.9238502958333	49
246.12178979583328	42
246.31722929583327	49
246.70810829583328	49
246.90354779583328	49
247.27942679583327	49
247.46736629583327	49
247.65530579583327	42
248.04618479583328	49
248.24162429583328	49
248.43706379583327	49
248.82794279583328	49
249.02338229583327	49
249.21882179583326	42
249.41676129583328	49
249.81264029583326	49
250.01057979583328	49
250.40645879583326	49
250.60439829583325	49
250.80233779583327	42
251.19821679583328	49
251.39615629583326	49
251.59409579583328	49
251.97997479583324	49
252.17291429583327	49
252.36585379583326	42
252.55879329583325	49
252.94467229583327	49
253.13761179583327	49
253.52349079583328	49
253.71643029583328	49
253.90936979583327	42
254.30524879583328	49
254.50318829583327	49
254.70112779583326	49
255.09200679583327	49
255.28744629583326	49
255.48288579583325	42
255.68082529583327	49
256.0767042958333	49
256.27464379583324	49
256.6655227958333	49
256.86096229583325	49
257.05640179583327	42
257.44228100017204	49
257.63522060234146	49
257.8281917458333	49
258.2203487458333	49
258.4164272458333	49
258.6125057458333	42
258.8035842458333	49
259.1857412458333	49
259.3768197458333	49
259.7789767458333	49
259.9800552458333	49
260.1811337458333	42
260.5732907458333	49
260.7693692458333	49
260.9654477458333	49
261.35760474583327	49
261.55368324583327	49
261.7497297958332	42
261.94266929583324	49
262.32854829583323	49
262.52148779583325	49
262.91736679583323	49
263.11530629583325	49
263.31324579583327	42
263.69412479583326	47
263.7893445458333	47
263.88456429583323	47
264.07500379583325	47
264.46588279583324	49
264.66132229583326	35
264.66132229583326	49
265.05220129583324	49
265.24764079583326	35
265.24764079583326	49
265.4430802958333	49
265.63851979583325	49
265.83645939729143	35
265.83645939729143	49
266.0343989987495	49
266.2323386002077	49
266.4302460708332	35
266.4302460708332	38
266.4302460708332	49
266.8198560708332	38
267.0146610708332	38
267.20946607083323	35
267.20946607083323	49
267.59907607083323	49
267.7938810708332	49
267.98868607083324	38
268.1834910708332	49
268.5731010708332	49
268.76790607083325	35
268.76790607083325	49
269.15751607083325	49
269.3523210708332	49
269.5471260708332	38
269.5471260708332	42
269.9367360708332	49
270.13154107083324	49
270.3263460708332	35
270.3263460708332	49
270.7159560708332	49
270.91076107083325	49
271.1055660708332	38
271.30537107083325	49
271.5051760708332	35
271.70498107083324	49
271.9047860708332	35
271.9047860708332	42
271.9047860708332	49
272.2943960708332	49
272.4892010708332	49
272.6840060708332	38
272.6840060708332	49
272.8788110708332	49
273.0736160708332	35
273.0736160708332	49
273.46322607083323	35
273.46322607083323	42
273.46322607083323	49
273.85283607083323	49
274.0476410708332	49
274.2425097458332	38
274.4360882458332	49
274.6296667458332	49
274.8232452458332	49
275.0168237458332	35
275.0168237458332	42
275.0168237458332	49
275.4089807458332	49
275.8011377458332	38
275.8011377458332	49
275.9972162458332	49
276.1932947458332	49
276.5854517458332	35
276.5854517458332	42
276.5854517458332	49
276.9776087458332	49
277.1736872458332	49
277.36973379583316	38
277.5651732958332	47
277.95605229583316	49
278.1514917958332	35
278.1514917958332	47
278.3469312958332	47
278.54237079583316	47
278.7378102958332	47
278.9332497958332	47
279.12618929583317	47
279.3191287958332	38
279.51206829583316	38
279.7050077958332	35
279.7050077958332	49
280.09588679583317	49
280.2913262958332	49
280.4867657958332	38
280.68220529583317	49
280.8776447958332	49
281.0730842958332	49
281.2685237958332	35
281.2685237958332	42
281.2685237958332	49
281.65940279583316	49
282.0502817958332	38
282.0502817958332	49
282.24572129583316	49
282.4411607958332	49
282.83203979583317	35
282.83203979583317	49
283.2229187958332	49
283.4183582958332	49
283.6137660708332	38
283.81107107083324	49
284.0083760708332	35
284.0083760708332	49
284.20568107083324	49
284.4029860708332	35
284.4029860708332	42
284.4029860708332	49
284.7925960708332	49
285.1822060708332	38
285.1822060708332	49
285.5718160708332	35
285.5718160708332	49
285.7666210708332	49
285.9614260708332	35
285.9614260708332	42
285.9614260708332	49
286.35103607083323	49
286.5458410708332	49
286.7406460708332	38
286.9354510708332	49
287.3250610708332	49
287.5198660708332	35
287.5198660708332	49
287.9094760708332	49
288.1042810708332	49
288.2990860708332	38
288.4963918621792	49
288.6936976535252	49
289.0880594958332	49
289.4728064958332	49
289.66517999583317	49
289.8575534958332	42
290.0524236647491	49
290.6375538208332	49
291.02755382083325	49
291.2225538208332	49
291.4175538208332	42
291.61255382083317	49
292.0025538208332	49
292.1975538208332	49
292.5945419807327	49
292.7924779611996	49
292.99041394166653	42
293.18585344166655	49
293.57673244166654	49
293.77217194166656	49
294.35849044166656	49
294.5539299416665	42
294.74686913918663	49
295.32559336666657	49
295.71768896079243	49
295.9137367578554	49
296.1098482166666	42
296.3046532166666	49
296.6942632166666	49
296.8890682166666	49
297.2786782166666	49
297.4734832166666	49
297.6682882166666	42
297.8630932166666	49
298.4475082166666	49
298.8382814666666	49
299.03372096666664	49
299.2291604666666	42
299.4220999666666	49
299.8079789666666	49
300.00091846666663	49
300.3917974666666	49
300.58723696666664	49
300.7826764666666	42
300.9806159666666	49
301.3764949666666	49
301.5744344666666	49
301.9688495083333	49
302.1662177583333	49
302.36345784583324	42
302.5532620444228	49
302.9328704416018	49
303.1225529708333	49
303.70697547083324	49
303.90178297083327	42
304.10158672260985	49
304.50119422616325	49
304.7013975958332	49
305.09139759583326	49
305.28639759583325	49
305.48139759583324	42
305.67639677327605	49
306.2612660083333	49
306.6560025083333	49
306.85337075833326	49
307.05061084583326	42
307.2454158458333	49
307.6350258458333	49
307.82983084583327	49
308.2194408458333	49
308.41424584583325	49
308.6090508458333	42
308.80635584583325	49
309.20096584583325	49
309.3982708458333	49
309.7878808458333	49
309.98268584583326	49
310.1774279958332	42
310.37097599583325	49
310.95168284583326	49
311.34629284583326	49
311.5435978458333	49
311.74090284583326	42
311.9332080501074	49
312.31781845865567	49
312.5101865208333	49
312.9073435208333	49
313.1059220208333	49
313.3045005208333	42
313.4980790208333	49
314.0788145208333	49
314.4659715208333	49
314.6595500208333	49