11.971432000000002	35
11.971432000000002	42
12.225824500000003	42
12.480217000000001	38
12.480217000000001	42
12.729609500000002	42
12.854305750000002	38
12.979002000000001	35
12.979002000000001	42
13.101198250000001	38
13.223394500000001	35
13.223394500000001	42
13.467787000000001	38
13.467787000000001	42
13.712179500000001	42
13.79364366666667	38
13.875107833333336	38
13.956572000000001	35
13.956572000000001	42
14.2139915	42
14.471411000000002	38
14.471411000000002	42
14.718830500000001	42
14.84254025	38
14.96625	35
14.96625	42
15.08995975	38
15.213669500000002	35
15.213669500000002	42
15.461089000000001	38
15.461089000000001	42
15.7085085	42
15.789950752083335	38
15.873454833333334	38
15.955928	35
15.955928	42
16.209117499999998	42
16.462307000000003	38
16.462307000000003	42
16.705496500000002	42
16.827091250000002	38
16.948686	35
16.948686	42
17.07028075	38
17.191875500000002	35
17.191875500000002	42
17.435064999999998	38
17.435064999999998	42
17.683254499999997	42
17.764950210416664	38
17.848714166666664	38
17.931444	35
17.931444	42
18.175508999999998	35
18.175508999999998	42
18.419574	42
18.663639	38
18.663639	42
18.907704	42
19.0297365	38
19.151768999999998	35
19.151768999999998	42
19.395834	38
19.395834	42
19.644899	42
19.7694315	38
19.893964	35
19.893964	49
20.146779	42
20.399594	38
20.399594	42
20.637409	42
20.7563165	38
20.875224	35
20.875224	42
21.001631500000002	38
21.128038999999998	35
21.128038999999998	42
21.380854	38
21.380854	42
21.623669000000003	42
21.704607333333332	38
21.785545666666668	38
21.866484	35
21.866484	42
22.115924	42
22.365364000000003	38
22.365364000000003	42
22.614804	42
22.739524000000003	38
22.864244000000003	35
22.864244000000003	42
22.986464	38
23.108684000000004	35
23.108684000000004	42
23.353124000000005	38
23.353124000000005	42
23.587564	42
23.664733833333337	38
23.743857333333334	38
23.822004	35
23.822004	42
24.077194000000002	42
24.332384000000005	38
24.332384000000005	42
24.577574000000002	42
24.700169000000002	38
24.822764000000003	35
24.822764000000003	42
24.947859	38
25.072954000000003	35
25.072954000000003	42
25.323144000000003	38
25.323144000000003	42
25.563334	42
25.64239654166667	38
25.723460666666668	38
25.803524000000003	35
25.803524000000003	42
26.050588500000003	35
26.050588500000003	42
26.297653000000004	42
26.544717500000004	38
26.544717500000004	49
26.791782	42
26.91281425	38
27.033846500000003	35
27.033846500000003	42
27.275911	38
27.275911	42
27.517975500000002	42
27.63900775	38
27.76004	35
27.76004	49
28.015230000000003	42
28.270420000000005	38
28.270420000000005	42
28.515610000000002	42
28.638205000000003	38
28.760800000000003	35
28.760800000000003	42
28.883395000000004	38
29.005990000000004	35
29.005990000000004	42
29.251180000000005	38
29.251180000000005	42
29.491370000000003	42
29.611465000000003	38
29.73156	35
29.73156	42
29.977125	42
30.22269	38
30.22269	42
30.468255000000003	42
30.591037500000002	38
30.713820000000002	35
30.713820000000002	42
30.8366025	38
30.959385	35
30.959385	42
31.20495	38
31.20495	42
31.450515000000003	42
31.53237	38
31.614225	38
31.696080000000002	35
31.696080000000002	42
31.945145	42
32.19421	38
32.19421	42
32.438275	42
32.5603075	38
32.68234	35
32.68234	42
32.8043725	38
32.926405	35
32.926405	42
33.17047	38
33.17047	42
33.409535000000005	42
33.489223333333335	38
33.568911666666665	38
33.6486	35
33.6486	42
33.897915000000005	35
33.897915000000005	42
34.14723	42
34.39154500000001	38
34.39154500000001	49
34.63586	42
34.760517500000006	38
34.885175000000004	35
34.885175000000004	42
35.13449000000001	38
35.13449000000001	49
35.378805	49
35.5009625	38
35.62312	35
35.62312	49
35.873310000000004	42
36.12350000000001	38
36.12350000000001	42
36.36869000000001	42
36.491285000000005	38
36.61388000000001	35
36.61388000000001	42
36.738975	38
36.86407	35
36.86407	42
37.11426	38
37.11426	42
37.35945	42
37.48204500000001	38
37.60464	35
37.60464	42
37.84520500000001	42
38.085770000000004	38
38.085770000000004	42
38.331335	42
38.4541175	38
38.5769	35
38.5769	42
38.69968250000001	38
38.82246500000001	35
38.82246500000001	42
39.06803000000001	38
39.06803000000001	42
39.31359500000001	42
39.436377500000006	38
39.559160000000006	35
39.559160000000006	42
39.79947500000001	42
40.03979	38
40.03979	42
40.285105	42
40.407762500000004	38
40.53042000000001	35
40.53042000000001	42
40.6530775	38
40.775735	35
40.775735	42
41.02105	38
41.02105	42
41.261365000000005	42
41.34147	38
41.421575000000004	38
41.50168	35
41.50168	42
41.74648750000001	35
41.74648750000001	42
41.991295	42
42.23610250000001	38
42.23610250000001	49
42.48091	42
42.60581375	38
42.730717500000004	35
42.730717500000004	42
42.98052500000001	38
42.98052500000001	49
43.2253325	42
43.347736250000004	38
43.47014	35
43.47014	49
43.724897999999996	42
43.979656000000006	38
43.979656000000006	42
44.224414	42
44.346793000000005	38
44.469172	35
44.469172	42
44.591551	38
44.713930000000005	35
44.713930000000005	42
44.958688	38
44.958688	42
45.19844600000001	42
45.27836533333333	38
45.35828466666667	38
45.438204000000006	35
45.438204000000006	42
45.682147500000006	42
45.92609100000001	38
45.92609100000001	42
46.1750345	42
46.29950625000001	38
46.423978000000005	35
46.423978000000005	42
46.54844975	38
46.6729215	35
46.6729215	42
46.921865000000004	38
46.921865000000004	42
47.16080850000001	42
47.23946073541667	38
47.32010416666667	38
47.39975200000001	35
47.39975200000001	42
47.648321	42
47.896890000000006	38
47.896890000000006	42
48.14045900000001	42
48.262243500000004	38
48.38402800000001	35
48.38402800000001	42
48.505812500000005	38
48.627597	35
48.627597	42
48.871166	38
48.871166	42
49.10973500000001	42
49.18826396250001	38
49.268781000000004	38
49.348304000000006	35
49.348304000000006	42
49.599498000000004	35
49.599498000000004	42
49.850692	42
50.096886000000005	38
50.096886000000005	42
50.34308000000001	42
50.466177	38
50.589274	35
50.589274	42
50.835468000000006	38
50.835468000000006	42
51.081662	42
51.204759	38
51.327856000000004	35
51.327856000000004	49
51.581523000000004	42
51.83519000000001	38
51.83519000000001	42
52.08385700000001	42
52.20819050000001	38
52.33252400000001	35
52.33252400000001	42
52.45685750000001	38
52.58119100000001	35
52.58119100000001	42
52.82985800000001	38
52.82985800000001	42
53.06852500000001	42
53.18785850000001	38
53.30719200000001	35
53.30719200000001	42
53.557484	42
53.807776000000004	38
53.807776000000004	42
54.053068	42
54.175714000000006	38
54.29836	35
54.29836	42
54.421006000000006	38
54.54365200000001	35
54.54365200000001	42
54.78894400000001	38
54.78894400000001	42
55.02423600000001	42
55.10168628333334	38
55.18109733333334	38
55.25952800000001	35
55.25952800000001	42
55.51257000000001	42
55.765612000000004	38
55.765612000000004	42
56.01365400000001	42
56.13767500000001	38
56.261696000000015	35
56.261696000000015	42
56.38321700000001	38
56.50473800000001	35
56.50473800000001	42
56.74778000000001	38
56.74778000000001	42
56.99082200000001	42
57.07082332500001	38
57.15285000000001	38
57.23386400000001	35
57.23386400000001	42
57.48403050000001	35
57.48403050000001	42
57.73419700000001	42
57.98436350000001	38
57.98436350000001	42
58.234530000000014	42
58.35961325000001	38
58.48469650000001	35
58.48469650000001	42
58.73486300000001	38
58.73486300000001	42
58.97002950000001	42
59.08761275000001	38
59.20519600000001	35
59.20519600000001	49
59.462363	42
59.719530000000006	38
59.719530000000006	42
59.966697	42
60.090280500000006	38
60.213864	35
60.213864	42
60.3374475	38
60.461031000000006	35
60.461031000000006	42
60.708198	38
60.708198	42
60.950365000000005	42
61.0714485	38
61.19253200000001	35
61.19253200000001	42
61.44164500000001	42
61.690758	38
61.690758	42
61.93487100000001	42
62.05692750000001	38
62.17898400000001	35
62.17898400000001	42
62.301040500000006	38
62.423097000000006	35
62.423097000000006	42
62.667210000000004	38
62.667210000000004	42
62.906323	42
62.98602733333334	38
63.06573166666667	38
63.145436000000004	35
63.145436000000004	42
63.39917400000001	42
63.65291200000001	38
63.65291200000001	42
63.89665000000001	42
64.018519	38
64.140388	35
64.140388	42
64.262257	38
64.384126	35
64.384126	42
64.627864	38
64.627864	42
64.866602	42
64.94618133333334	38
65.02576066666667	38
65.10534000000001	35
65.10534000000001	42
65.35470250000002	35
65.35470250000002	42
65.604065	42
65.8484275	38
65.8484275	49
66.09279000000001	42
66.21747125	38
66.34215250000001	35
66.34215250000001	42
66.591515	38
66.591515	49
66.8358775	49
66.95805875	38
67.08024	35
67.08024	49
67.32785300000002	42
67.575466	38
67.575466	42
67.81807900000001	42
67.93938550000001	38
68.060692	35
68.060692	42
68.1819985	38
68.30330500000001	35
68.30330500000001	42
68.54591800000001	38
68.54591800000001	42
68.788531	42
68.86940200000001	38
68.95027300000001	38
69.03114400000001	35
69.03114400000001	42
69.27390100000001	42
69.516658	38
69.516658	42
69.76441500000003	42
69.88829350000002	38
70.01217200000002	35
70.01217200000002	42
70.13355050000001	38
70.25492900000002	35
70.25492900000002	42
70.49768600000002	38
70.49768600000002	42
70.74044300000001	42
70.86182150000002	38
70.98320000000001	35
70.98320000000001	42
71.22933250000001	42
71.47546500000001	38
71.47546500000001	42
71.72159750000002	42
71.84466375000001	38
71.96773000000002	35
71.96773000000002	42
72.09079625000001	38
72.2138625	35
72.2138625	42
72.459995	38
72.459995	42
72.70612750000001	42
72.78817166666668	38
72.87021583333335	38
72.95226000000001	35
72.95226000000001	42
73.19508	35
73.19508	42
73.4379	42
73.68572	38
73.68572	49
73.93354000000001	42
74.05495	38
74.17635999999999	35
74.17635999999999	42
74.41918	38
74.41918	49
74.667	42
74.79091	38
74.91482	35
74.91482	49
75.17453450000001	42
75.43424900000001	38
75.43424900000001	42
75.67896350000001	42
75.80132075	38
75.92367800000001	35
75.92367800000001	42
76.04603525	38
76.16839250000001	35
76.16839250000001	42
76.41310700000001	38
76.41310700000001	42
76.65282150000002	42
76.73272633333335	38
76.81263116666668	38
76.89253600000002	35
76.89253600000002	42
77.13500050000002	42
77.37746500000002	38
77.37746500000002	42
77.61992950000003	42
77.74116175000002	38
77.86239400000002	35
77.86239400000002	42
77.98112625000002	38
78.09985850000001	35
78.09985850000001	42
78.33732300000001	38
78.33732300000001	42
78.57978750000002	42
78.65959873125001	38
78.74143050000002	38
78.82225200000002	35
78.82225200000002	42
79.06784150000003	42
79.31343100000002	38
79.31343100000002	42
79.55902050000002	42
79.68181525000001	38
79.80461000000001	35
79.80461000000001	42
79.92490475000001	38
80.04519950000001	35
80.04519950000001	42
80.28578900000002	38
80.28578900000002	42
80.52137850000003	42
80.59892671041669	38
80.6784381666667	38
80.75696800000003	35
80.75696800000003	42
81.00918250000002	35
81.00918250000002	42
81.26139700000003	42
81.50361150000002	38
81.50361150000002	49
81.74582600000002	42
81.87193325000001	38
81.99804050000002	35
81.99804050000002	42
82.25025500000002	38
82.25025500000002	42
82.50246950000002	42
82.62857675000002	38
82.75468400000001	35
82.75468400000001	49
83.00089250000002	42
83.24710100000001	38
83.24710100000001	42
83.49830950000002	42
83.62391375000001	38
83.74951800000001	35
83.74951800000001	42
83.87012225000001	38
83.99072650000001	35
83.99072650000001	42
84.23193500000001	38
84.23193500000001	42
84.46814350000001	42
84.54687966666668	38
84.62561583333336	38
84.70435200000003	35
84.70435200000003	42
84.95187950000003	42
85.19940700000002	38
85.19940700000002	42
85.44693450000003	42
85.57069825000004	38
85.69446200000003	35
85.69446200000003	42
85.81572575000003	38
85.93698950000002	35
85.93698950000002	42
86.17951700000002	38
86.17951700000002	42
86.41704450000002	42
86.49523063541668	38
86.57539616666669	38
86.65457200000003	35
86.65457200000003	42
86.89884950000003	42
87.14312700000002	38
87.14312700000002	42
87.38740450000003	42
87.50954325000004	38
87.63168200000003	35
87.63168200000003	42
87.75382075000002	38
87.87595950000004	35
87.87595950000004	42
88.12023700000003	38
88.12023700000003	42
88.35951450000003	42
88.47915325000004	38
88.59879200000003	35
88.59879200000003	42
88.84532700000003	35
88.84532700000003	42
89.09186200000003	42
89.33839700000003	38
89.33839700000003	49
89.58493200000004	42
89.70819950000003	38
89.83146700000003	35
89.83146700000003	42
90.07800200000003	38
90.07800200000003	42
90.31953700000003	42
90.44030450000002	38
90.56107200000002	35
90.56107200000002	49
90.80998250000003	42
91.05889300000003	38
91.05889300000003	42
91.30280350000002	42
91.42475875000002	38
91.54671400000002	35
91.54671400000002	42
91.66866925000004	38
91.79062450000004	35
91.79062450000004	42
92.03453500000003	38
92.03453500000003	42
92.27344550000002	42
92.35308233333336	38
92.43271916666669	38
92.51235600000003	35
92.51235600000003	42
92.75401650000002	42
92.99567700000003	38
92.99567700000003	42
93.23733750000002	42
93.35816775000002	38
93.47899800000002	35
93.47899800000002	42
93.60232825000003	38
93.72565850000004	35
93.72565850000004	42
93.97231900000003	38
93.97231900000003	42
94.20897950000003	42
94.28786633333335	38
94.3667531666667	38
94.44564000000003	35
94.44564000000003	42
94.69455050000003	42
94.94346100000003	38
94.94346100000003	42
95.18237150000002	42
95.30182675000002	38
95.42128200000002	35
95.42128200000002	42
95.54323725000003	38
95.66519250000003	35
95.66519250000003	42
95.90910300000003	38
95.90910300000003	42
96.14301350000002	42
96.2209836666667	38
96.29895383333336	38
96.37692400000003	35
96.37692400000003	42
96.62895900000004	35
96.62895900000004	42
96.88099400000003	42
97.12302900000003	38
97.12302900000003	49
97.36506400000003	42
97.48608150000003	38
97.60709900000003	35
97.60709900000003	42
97.84913400000002	38
97.84913400000002	49
98.09116900000002	49
98.21218650000003	38
98.33320400000002	35
98.33320400000002	49
98.57973900000002	42
98.82627400000003	38
98.82627400000003	42
99.07280900000002	42
99.19607650000002	38
99.31934400000003	35
99.31934400000003	42
99.44261150000003	38
99.56587900000002	35
99.56587900000002	42
99.81241400000002	38
99.81241400000002	42
100.05894900000003	42
100.14112733333336	38
100.22330566666669	38
100.30548400000002	35
100.30548400000002	42
100.55176950000003	42
100.79805500000002	38
100.79805500000002	42
101.03434050000001	42
101.15248325000002	38
101.27062600000002	35
101.27062600000002	42
101.39626875000003	38
101.52191150000003	35
101.52191150000003	42
101.77319700000001	38
101.77319700000001	42
102.01448250000001	42
102.13512525000002	38
102.25576800000002	35
102.25576800000002	42
102.49930350000001	42
102.74283900000002	38
102.74283900000002	42
102.98637450000001	42
103.10814225000001	38
103.22991000000002	35
103.22991000000002	42
103.35417775000002	38
103.47844550000002	35
103.47844550000002	42
103.72698100000002	38
103.72698100000002	42
103.97051650000002	42
104.09228425000002	38
104.21405200000002	35
104.21405200000002	42
104.46046250000002	35
104.46046250000002	42
104.70687300000002	42
104.95828350000002	38
104.95828350000002	49
105.20969400000001	42
105.33539925000002	38
105.46110450000002	35
105.46110450000002	42
105.71251500000002	38
105.71251500000002	49
105.95392550000001	42
106.07463075000001	38
106.19533600000003	35
106.19533600000003	49
106.44724650000003	42
106.69915700000003	38
106.69915700000003	42
106.94606750000003	42
107.06952275000003	38
107.19297800000002	35
107.19297800000002	42
107.31393325000002	38
107.43488850000003	35
107.43488850000003	42
107.67679900000003	38
107.67679900000003	42
107.92370950000003	42
108.00601300000002	38
108.08831650000002	38
108.17062000000003	35
108.17062000000003	42
108.41528050000002	42
108.65994100000003	38
108.65994100000003	42
108.90460150000003	42
109.02693175000003	38
109.14926200000002	35
109.14926200000002	42
109.27159225000003	38
109.39392250000003	35
109.39392250000003	42
109.63858300000003	38
109.63858300000003	42
109.87824350000002	42
109.99807375000002	38
110.11790400000002	35
110.11790400000002	42
110.36181450000002	42
110.60572500000002	38
110.60572500000002	42
110.84963550000002	42
110.97159075000002	38
111.09354600000002	35
111.09354600000002	42
111.21800125000004	38
111.34245650000004	35
111.34245650000004	42
111.59136700000003	38
111.59136700000003	42
111.83027750000002	42
111.90891887291669	38
111.98955116666669	38
112.06918800000003	35
112.06918800000003	42
112.31179300000002	35
112.31179300000002	42
112.55439800000002	42
112.80200300000004	38
112.80200300000004	49
113.04960800000003	42
113.17341050000005	38
113.29721300000004	35
113.29721300000004	42
113.54481800000003	38
113.54481800000003	49
113.78242300000002	49
113.90122550000002	38
114.02002800000002	35
114.02002800000002	49
114.27325800000004	42
114.52648800000003	38
114.52648800000003	42
114.77471800000004	42
114.89883300000002	38
115.02294800000001	35
115.02294800000001	42
115.14206300000002	38
115.26117800000002	35
115.26117800000002	42
115.49940800000002	38
115.49940800000002	42
115.74263800000003	42
115.82371466666669	38
115.90479133333336	38
115.98586800000002	35
115.98586800000002	42
116.22897300000002	42
116.47207800000001	38
116.47207800000001	42
116.71518300000002	42
116.83673550000002	38
116.95828800000002	35
116.95828800000002	42
117.07984050000003	38
117.20139300000002	35
117.20139300000002	42
117.44449800000002	38
117.44449800000002	42
117.68260300000003	42
117.76197133333336	38
117.8413396666667	38
117.92070800000003	35
117.92070800000003	42
118.16832550000004	42
118.41594300000003	38
118.41594300000003	42
118.66356050000003	42
118.78736925000003	38
118.91117800000004	35
118.91117800000004	42
119.03248675000002	38
119.15379550000003	35
119.15379550000003	42
119.39641300000002	38
119.39641300000002	42
119.64403050000003	42
119.72553792708337	38
119.80910883333335	38
119.89164800000003	35
119.89164800000003	42
120.13326550000004	35
120.13326550000004	42
120.37488300000003	42
120.61650050000003	38
120.61650050000003	49
120.85811800000003	42
120.98142675000004	38
121.10473550000005	35
121.10473550000005	42
121.35135300000003	38
121.35135300000003	49
121.59297050000004	42
121.71377925000003	38
121.83458800000004	35
121.83458800000004	49
122.08108000000004	42
122.32757200000005	38
122.32757200000005	42
122.57406400000004	42
122.82055600000004	42
122.94380200000003	38
123.06704800000004	35
123.06704800000004	42
123.31354000000003	38
123.31354000000003	42
123.55003200000002	42
123.62886266666669	38
123.70769333333335	38
123.78652400000003	35
123.78652400000003	42
124.03614150000004	42
124.28575900000003	38
124.28575900000003	42
124.53037650000003	42
124.77499400000004	42
124.89980275000005	38
125.02461150000005	35
125.02461150000005	42
125.27422900000003	38
125.27422900000003	42
125.51384650000003	42
125.59272059375003	38
125.67359150000003	38
125.75346400000004	35
125.75346400000004	42
126.00308150000005	42
126.25269900000004	38
126.25269900000004	42
126.50231650000003	42
126.75193400000003	42
126.87424275000004	38
126.99655150000002	35
126.99655150000002	42
127.24116900000001	38
127.24116900000001	42
127.47578650000003	42
127.55301476041669	38
127.63219816666668	38
127.71040400000004	35
127.71040400000004	42
127.95523050000004	35
127.95523050000004	42
128.20005700000004	42
128.44488350000003	38
128.44488350000003	49
128.68971000000005	42
128.81212325000004	38
128.93453650000004	35
128.93453650000004	42
129.17936300000005	38
129.17936300000005	49
129.41918950000004	42
129.53910275000004	38
129.65901600000004	35
129.65901600000004	49
129.91571750000003	42
130.17241900000002	38
130.17241900000002	42
130.41912050000002	42
130.54247125	38
130.66582200000002	42
130.78667275	38
130.90752350000002	35
130.90752350000002	42
131.14922500000003	38
131.14922500000003	42
131.39592650000003	42
131.51927725000002	38
131.64262800000003	35
131.64262800000003	42
131.88834650000004	42
132.13406500000002	38
132.13406500000002	42
132.37478350000004	42
132.61550200000002	42
132.73336125000003	38
132.85122050000004	35
132.85122050000004	42
133.08693900000003	38
133.08693900000003	42
133.32765750000004	42
133.44801675000002	38
133.56837600000003	35
133.56837600000003	49