3.8609680000000006	35
3.8609680000000006	42
4.098902000000001	42
4.336836000000001	38
4.336836000000001	42
4.584770000000001	42
4.8327040000000006	35
4.8327040000000006	42
5.070638000000001	42
5.308572000000001	38
5.308572000000001	42
5.556506000000001	42
5.8044400000000005	35
5.8044400000000005	42
6.0423740000000015	42
6.280308000000002	38
6.280308000000002	42
6.5232420000000015	42
6.7661760000000015	35
6.7661760000000015	42
7.0091100000000015	42
7.2520440000000015	38
7.2520440000000015	42
7.4949780000000015	42
7.7379120000000015	35
7.985846000000001	42
8.233780000000001	35
8.476714000000001	42
8.719648000000001	35
8.957582000000002	42
9.195516000000001	35
9.438450000000001	42
9.681384000000001	35
9.924318000000001	42
10.167252000000001	35
10.415186000000002	42
10.663120000000001	35
10.901054000000002	42
11.138988000000001	35
11.386922000000002	42
11.634856000000001	35
11.634856000000001	42
11.872790000000002	42
12.110724000000001	38
12.110724000000001	42
12.353658000000003	42
12.596592000000001	35
12.596592000000001	42
12.839526000000003	42
13.082460000000001	38
13.082460000000001	42
13.330394000000004	42
13.578328	35
13.578328	42
13.821262000000003	42
14.064196	38
14.064196	42
14.307130000000003	42
14.550064	35
14.550064	42
14.787998000000002	42
15.025932000000001	38
15.025932000000001	42
15.273866000000003	42
15.5218	35
15.759734000000002	42
15.997668	35
16.245602	42
16.493536	35
16.73147	42
16.969404	35
17.212338000000003	42
17.455272	35
17.703206	42
17.95114	35
18.194074	42
18.437008	35
18.679942	35
18.922876	35
19.16581	35
19.408744	35
19.408744	49
19.651678	42
19.894612000000002	35
19.894612000000002	38
20.137546	42
20.380480000000002	35
20.623414	42
20.866348000000002	35
20.866348000000002	38
21.114282000000003	42
21.362216000000004	35
21.605150000000002	42
21.848084000000004	35
21.848084000000004	38
22.091018000000002	42
22.333952000000004	35
22.571886	42
22.809820000000002	35
22.809820000000002	38
23.052754	42
23.295688000000002	35
23.295688000000002	49
23.791556000000003	35
23.791556000000003	38
23.791556000000003	49
24.277424000000003	35
24.277424000000003	49
24.763292000000003	35
24.763292000000003	38
24.763292000000003	49
25.239160000000002	35
25.239160000000002	49
25.725028000000002	35
25.725028000000002	38
25.725028000000002	49
26.210896	35
26.210896	49
26.696764	35
26.696764	38
26.696764	49
27.182632	35
27.182632	49
27.425566	42
27.6685	35
27.6685	38
27.911434	42
28.154368	35
28.397302	42
28.640236	35
28.640236	38
28.88317	42
29.126104	35
29.374038000000002	42
29.621972000000003	35
29.621972000000003	38
29.864906	42
30.107840000000003	35
30.350774	42
30.593708000000003	35
30.593708000000003	38
30.836642	42
31.079576000000003	35
31.079576000000003	49
31.555444	35
31.555444	38
31.555444	49
32.051312	35
32.051312	49
32.53718	35
32.53718	38
32.53718	49
33.023048	35
33.023048	49
33.508916	35
33.508916	38
33.508916	49
33.994784	35
33.994784	49
34.480652	35
34.480652	38
34.480652	49
34.956520000000005	35
35.199454	42
35.442388	35
35.442388	38
35.685322000000006	42
35.928256000000005	35
36.17119	42
36.414124	35
36.414124	38
36.657058	42
36.899992000000005	35
37.142926	42
37.38586	35
37.38586	38
37.628794	42
37.871728000000004	35
38.114662	42
38.357596	35
38.357596	38
38.60053	35
38.60053	38
38.721997	38
38.843464000000004	35
38.843464000000004	49
39.329332	35
39.329332	38
39.329332	49
39.815200000000004	35
39.815200000000004	49
40.301068	35
40.301068	38
40.301068	49
40.786936000000004	35
40.786936000000004	49
41.272804	35
41.272804	38
41.272804	49
41.758672000000004	35
41.758672000000004	49
42.24454	35
42.24454	38
42.24454	49
42.730408000000004	35
42.973342	42
43.216276	35
43.216276	38
43.45921	42
43.702144000000004	35
43.945078	42
44.188012	35
44.188012	38
44.430946	42
44.673880000000004	35
44.916814	42
45.159748	35
45.159748	38
45.402682000000006	42
45.645616000000004	35
45.89355	42
46.141484	35
46.141484	38
46.384418000000004	35
46.384418000000004	38
46.505885	38
46.627352	35
46.627352	49
47.11322	35
47.11322	38
47.11322	49
47.599088	35
47.599088	49
48.084956	35
48.084956	38
48.084956	49
48.560824000000004	35
48.560824000000004	49
49.046692	35
49.046692	38
49.046692	49
49.532560000000004	35
49.532560000000004	49
50.018428	35
50.018428	38
50.018428	49
50.990164	35
50.990164	38
51.233098000000005	42
51.9719	35
51.9719	38
52.224834	42
52.943636000000005	35
52.943636000000005	38
53.18157000000001	42
53.905372	35
53.905372	38
54.153306	42
54.40124	35
54.40124	49
54.887108	35
54.887108	38
54.887108	49
55.372976	35
55.372976	49
55.858844	35
55.858844	38
55.858844	49
56.344712	35
56.344712	49
56.83058	35
56.83058	38
56.83058	49
57.316448	35
57.316448	49
57.802316	35
57.802316	38
57.802316	49
58.27818400000001	35
58.27818400000001	49
58.521118	42
59.24992	35
59.497854	42
60.231656	35
60.47459	42
61.21339199999999	35
61.451326	42
62.175128	35
62.175128	49
62.660996000000004	35
62.660996000000004	38
62.660996000000004	49
63.146864	35
63.146864	49
63.632732000000004	35
63.632732000000004	38
63.632732000000004	49
64.1086	35
64.1086	49
64.60446800000001	35
64.60446800000001	38
64.60446800000001	49
65.09033600000001	35
65.09033600000001	49
65.576204	35
65.576204	38
65.576204	49
66.53794	35
66.53794	38
66.780874	42
67.509676	35
67.509676	38
67.74761000000001	42
68.491412	35
68.491412	38
68.72434600000001	42
69.46314799999999	35
69.46314799999999	38
69.70608200000001	42
69.94901600000001	35
69.94901600000001	49
70.43488400000001	35
70.43488400000001	38
70.43488400000001	49
70.92075200000001	35
70.92075200000001	49
71.40662	35
71.40662	38
71.40662	49
71.89248800000001	35
71.89248800000001	49
72.37835600000001	35
72.37835600000001	38
72.37835600000001	49
72.86422400000001	35
72.86422400000001	49
73.350092	35
73.350092	38
73.350092	49
73.82596000000001	35
73.82596000000001	49
74.078894	42
74.797696	35
75.04063000000001	42
75.76943200000001	35
76.00236600000001	42
76.75116799999999	35
76.98410200000002	42
77.72290400000001	35
77.72290400000001	49
78.20877200000001	35
78.20877200000001	38
78.20877200000001	49
78.70464000000001	35
78.70464000000001	49
79.180508	35
79.180508	38
79.180508	49
79.66637600000001	35
79.66637600000001	49
80.15224400000001	35
80.15224400000001	38
80.15224400000001	49
80.638112	35
80.638112	49
81.12398	35
81.12398	38
81.12398	49
82.09571600000001	35
82.09571600000001	38
82.33865000000002	42
83.067452	35
83.067452	38
83.32538600000001	42
84.03918800000001	35
84.03918800000001	38
84.27212200000002	42
85.010924	35
85.010924	38
85.25385800000001	42
85.49679200000001	35
85.49679200000001	49
85.98266000000001	35
85.98266000000001	38
85.98266000000001	49
86.468528	35
86.468528	49
86.95439600000002	35
86.95439600000002	38
86.95439600000002	49
87.44026400000001	35
87.44026400000001	49
87.92613200000001	35
87.92613200000001	38
87.92613200000001	49
88.412	35
88.412	49
88.89786800000002	35
88.89786800000002	38
88.89786800000002	49
89.38373600000001	35
89.38373600000001	49
89.62167000000001	42
90.345472	35
90.59840600000001	42
91.32720800000001	35
91.575142	42
92.30894400000001	35
92.55187800000002	42
93.27068000000001	35
93.50861400000001	42
93.746548	35
93.99448200000002	42
94.242416	35
94.48535000000001	42
94.72828400000002	35
94.97121800000001	42
95.21415200000001	35
95.457086	42
95.70002000000001	35
95.94295400000001	42
96.185888	35
96.42882200000001	35
96.67175600000002	35
96.91469000000001	35
97.15762400000001	35
97.400558	42
97.64349200000001	35
97.64349200000001	38
97.88642600000001	42
98.12936	35
98.37229400000001	42
98.61522800000002	35
98.61522800000002	38
98.85816200000001	42
99.10109600000001	35
99.34403	42
99.58696400000001	35
99.58696400000001	38
99.82989800000001	42
100.072832	35
100.31576600000001	42
100.55870000000002	35
100.55870000000002	38
100.801634	35
100.801634	38
100.92310100000002	38
101.04456800000001	35
101.04456800000001	49
101.53043600000001	35
101.53043600000001	38
101.53043600000001	49
102.016304	35
102.016304	49
102.50217200000002	35
102.50217200000002	38
102.50217200000002	49
102.98804000000001	35
102.98804000000001	49
103.47390800000001	35
103.47390800000001	38
103.47390800000001	49
103.959776	35
103.959776	49
104.44564400000002	35
104.44564400000002	38
104.44564400000002	49
104.93151200000001	35
105.17444600000002	42
105.41738000000001	35
105.41738000000001	38
105.66031400000001	42
105.903248	35
106.14618200000001	42
106.38911600000002	35
106.38911600000002	38
106.63205	42
106.87498400000001	35
107.11791800000002	42
107.36085200000001	35
107.36085200000001	38
107.60378600000001	42
107.84672	35
108.08965400000001	42
108.33258800000002	35
108.33258800000002	38
108.575522	35
108.575522	38
108.69698900000002	38
108.81845600000001	35
108.81845600000001	49
109.30432400000001	35
109.30432400000001	38
109.30432400000001	49
109.790192	35
109.790192	49
110.27606000000002	35
110.27606000000002	38
110.27606000000002	49
110.76192800000001	35
110.76192800000001	49
111.24779600000001	35
111.24779600000001	38
111.24779600000001	49
111.733664	35
111.733664	49
112.21953200000002	35
112.21953200000002	38
112.21953200000002	49
112.70540000000001	35
112.94833400000002	42
113.19126800000001	35
113.19126800000001	38
113.43420200000001	42
113.677136	35
113.92007000000001	42
114.16300400000002	35
114.16300400000002	38
114.405938	42
114.64887200000001	35
114.89180600000002	42
115.13474000000001	35
115.13474000000001	38
115.37767400000001	42
115.62060800000002	35
115.86354200000001	42
116.10647600000001	35
116.10647600000001	38
116.34941	35
116.34941	38
116.47087700000002	38
116.59234400000001	35
116.59234400000001	49
117.07821200000001	35
117.07821200000001	38
117.07821200000001	49
117.56408000000002	35
117.56408000000002	49
118.04994800000001	35
118.04994800000001	38
118.04994800000001	49
118.53581600000001	35
118.53581600000001	49
119.02168400000001	35
119.02168400000001	38
119.02168400000001	49
119.50755200000002	35
119.50755200000002	49
119.99342000000001	35
119.99342000000001	38
119.99342000000001	49
120.47928800000001	35
120.96515600000001	35
120.96515600000001	38
121.45102400000002	35
121.93689200000001	35
121.93689200000001	38
122.42276000000001	35
122.90862800000001	35
122.90862800000001	38
123.39449600000002	35
123.88036400000001	35
123.88036400000001	38
124.36623200000001	35
124.85210000000001	35
124.85210000000001	38
125.33796800000002	35
125.82383600000001	35
125.82383600000001	38
126.30970400000001	35
126.795572	35
126.795572	38
127.28144000000002	35
127.76730800000001	35
127.76730800000001	38
128.253176	35
128.253176	49
128.739044	35
128.739044	38
128.739044	49
129.22491200000002	35
129.22491200000002	49
129.71078	35
129.71078	38
129.71078	49
130.196648	35
130.682516	35
130.682516	38
131.168384	35
131.654252	35
131.654252	38
132.14012000000002	35
132.625988	35
132.625988	38
133.11185600000002	35
133.597724	35
133.597724	38
134.083592	35
134.56946000000002	35
134.56946000000002	38
135.055328	35
135.541196	35
135.541196	38
136.02706400000002	35
136.02706400000002	49
136.26999800000002	42
136.512932	35
136.512932	38
136.512932	49
136.75586600000003	42
136.99880000000002	35
136.99880000000002	49
137.241734	42
137.484668	35
137.484668	38
137.484668	49
137.72760200000002	42
137.970536	35
138.21347	42
138.45640400000002	35
138.45640400000002	38
138.699338	42
138.942272	35
139.18520600000002	42
139.42814	35
139.42814	38
139.676074	42
139.92400800000001	35
140.166942	42
140.409876	35
140.409876	38
140.65281000000002	42
140.895744	35
141.138678	42
141.381612	35
141.381612	38
141.624546	42
141.86748	35
142.110414	42
142.353348	35
142.353348	38
142.606282	42
143.81095200000001	35
143.81095200000001	49
144.048886	42
144.28682	35
144.28682	38
144.28682	49
144.53475400000002	42
144.782688	35
144.782688	49
145.025622	42
145.26855600000002	35
145.26855600000002	38
145.26855600000002	49
145.51149	42
145.754424	35
145.992358	42
146.23029200000002	35
146.23029200000002	38
146.473226	42
146.71616	35
146.95909400000002	42
147.202028	35
147.202028	38
147.444962	42
147.68789600000002	35
147.93083000000001	42
148.173764	35
148.173764	38
148.41669800000003	42
148.65963200000002	35
148.902566	42
149.14550000000003	35
149.14550000000003	38
149.393434	42
149.641368	35
149.884302	42
150.127236	35
150.127236	38
150.37017	42
150.613104	35
150.856038	42
151.098972	35
151.098972	38
151.341906	42
151.58484	35
151.58484	49
151.827774	42
152.070708	35
152.070708	38
152.070708	49
152.31364200000002	42
152.556576	35
152.556576	49
152.79951	42
153.04244400000002	35
153.04244400000002	38
153.04244400000002	49
153.285378	42
153.528312	35
153.771246	42
154.01418	35
154.01418	38
154.257114	42
154.500048	35
154.73798200000002	42
154.975916	35
154.975916	38
155.22385	42
155.471784	35
155.714718	42
155.957652	35
155.957652	38
156.20058600000002	42
156.44352	35
156.686454	42
156.92938800000002	35
156.92938800000002	38
157.172322	42
157.415256	35
157.65819000000002	42
157.901124	35
157.901124	38
158.12905800000001	42
159.34872800000002	35
159.34872800000002	42
159.834596	38
160.07753000000002	35
160.07753000000002	42
160.563398	35
160.563398	42
160.80633200000003	38
160.92779900000002	42
161.04926600000002	35
161.04926600000002	42
161.2922	35
161.2922	42
161.77806800000002	38
162.00600200000005	35
162.00600200000005	42
162.49186999999998	35
162.49186999999998	42
162.74980399999998	38
162.871271	35
162.992738	42
163.11420500000003	42
163.23567200000002	35
163.23567200000002	42
163.72154	38
163.96947400000002	35
163.96947400000002	42
164.460342	35
164.460342	42
164.70327600000002	38
164.82224300000001	35
164.82224300000001	42
164.94121	42
165.060177	42
165.179144	35
165.179144	42
165.66501200000002	38
165.912946	35
165.912946	42
166.39881400000002	35
166.39881400000002	42
166.636748	35
166.636748	38
166.760715	35
166.760715	42
166.884682	42
167.00864900000002	42
167.132616	35
167.132616	42
167.608484	38
167.85141800000002	35
167.85141800000002	42
168.337286	35
168.337286	42
168.58022000000003	38
168.70168700000002	35
168.70168700000002	42
168.82315400000002	42
168.944621	42
169.066088	35
169.066088	42
169.55195600000002	38
169.79489	35
169.79489	42
170.28575800000002	35
170.28575800000002	42
170.533692	38
170.655159	35
170.655159	42
170.776626	42
170.89809300000002	42
171.01956	35
171.01956	42
171.49542800000003	38
171.743362	35
171.743362	42
172.23423	35
172.23423	42
172.47716400000002	38
172.598631	35
172.598631	42
172.720098	42
172.841565	42
172.963032	35
172.963032	42
173.43890000000005	38
173.68683399999998	35
173.68683399999998	42
173.934768	35
174.05623500000002	35
174.299169	35
174.420636	35
174.420636	38
174.65857000000003	35
174.65857000000003	42
174.89650400000005	35
174.89650400000005	42
175.382372	38
175.62530600000002	35
175.62530600000002	42
176.11617399999997	35
176.11617399999997	42
176.364108	38
176.48307500000004	42
176.60204200000004	35
176.60204200000004	42
176.83997600000004	35
176.83997600000004	42
177.32584400000002	38
177.568778	35
177.568778	42
178.059646	35
178.059646	42
178.30757999999997	38
178.429047	35
178.550514	42
178.67198100000002	42
178.793448	35
178.793448	42
179.26931600000003	38
179.50725000000006	35
179.50725000000006	42
179.99811799999998	35
179.99811799999998	42
180.251052	38
180.375019	35
180.498986	42
180.622953	42
182.68039200000004	35
182.68039200000004	42
183.16626	38
183.409194	35
183.409194	42
183.895062	35
183.895062	42
184.13799600000002	38
184.259463	35
184.259463	42
184.38093	42
184.502397	42
184.623864	35
184.623864	42
185.109732	38
185.352666	35
185.352666	42
185.838534	35
185.838534	42
186.081468	38
186.202935	35
186.32440200000002	42
186.44586900000002	42
186.567336	35
186.567336	42
187.053204	38
187.296138	35
187.296138	42
187.782006	35
187.782006	42
188.02494000000002	38
188.146407	35
188.146407	42
188.267874	42
188.389341	42
188.510808	35
188.510808	42
188.996676	38
189.23961	35
189.23961	42
189.48254400000002	35
189.604011	35
189.725478	42
189.846945	35
189.968412	35
189.968412	38
190.21134600000002	35
190.21134600000002	42
190.45428	35
190.45428	42
190.940148	38
191.17808200000005	35
191.17808200000005	42
191.66394999999997	35
191.66394999999997	42
191.911884	38
192.033351	42
192.154818	35
192.154818	42
192.397752	35
192.397752	42
192.88362	38
193.12155400000003	35
193.12155400000003	42
193.60742199999999	35
193.60742199999999	42
193.85535599999997	38
193.976823	35
194.09829000000002	42
194.21975700000002	42
194.341224	35
194.341224	42
194.827092	38
195.070026	35
195.070026	42
195.555894	35
195.555894	42
195.79882800000001	38
195.92279499999998	35
196.046762	42
196.170729	42
198.22816800000004	35
198.22816800000004	42
198.95697	35
198.95697	42
199.43783800000003	35
199.43783800000003	42
199.67577200000005	42
199.799739	35
199.799739	42
200.04767299999997	42
200.17163999999997	35
200.17163999999997	42
200.900442	35
200.900442	42
201.38631	35
201.38631	42
201.750711	35
201.750711	42
201.99364500000001	42
202.115112	35
202.115112	42
202.60098000000002	38
202.848914	35
202.848914	42
203.33478200000005	35
203.33478200000005	42
203.57271600000004	38
203.694183	35
203.694183	42
203.81565	42
203.937117	42
204.058584	35
204.058584	42
204.544452	38
204.787386	35
204.787386	42
205.03032000000002	35
205.151787	35
205.394721	35
205.516188	35
205.516188	38
205.75912200000002	35
205.75912200000002	42
205.88058900000001	42
206.002056	35
206.002056	42
206.48792400000002	38
206.73585799999998	35
206.73585799999998	42
207.22172600000005	35
207.22172600000005	42
207.45966000000004	38
207.581127	42
207.702594	35
207.702594	42
207.945528	35
207.945528	42
208.431396	38
208.67433	35
208.67433	42
209.160198	35
209.160198	42
209.403132	38
209.524599	35
209.64606600000002	42
209.76753300000001	42
209.889	35
209.889	42
210.37486800000002	38
210.62280199999998	35
210.62280199999998	42
211.10867000000005	35
211.10867000000005	42
211.34660400000004	38
211.468071	35
211.468071	42
211.589538	42
211.711005	42
211.832472	35
211.832472	42
212.31834	38
212.55627400000003	35
212.55627400000003	42
213.04214199999998	35
213.04214199999998	42
213.29007599999997	35
213.29007599999997	38
213.411543	35
213.411543	42
213.53301000000002	42
213.654477	42
213.775944	35
213.775944	42
214.26181200000002	38
214.50974599999998	35
214.50974599999998	42
214.99561400000007	35
214.99561400000007	42
215.23354800000004	38
215.355015	35
215.355015	42
215.476482	42
215.597949	42
215.719416	35
215.719416	42
216.205284	38
216.45321799999996	35
216.45321799999996	42
216.93908600000006	35
216.93908600000006	42
217.17702000000003	38
217.298487	35
217.41995400000002	42
217.541421	42
217.662888	35
217.662888	42
218.14875600000002	38
218.40168999999995	35
218.40168999999995	42
218.8875580000001	35
218.8875580000001	42
219.1204920000001	38
219.241959	35
219.241959	42
219.363426	42
219.484893	42
219.60636	35
219.60636	42
220.092228	38
220.335162	35
220.335162	42