7.816584	35
7.816584	49
8.056583999999999	35
8.296584	38
8.296584	49
8.536584	35
8.776584	49
9.016584	35
9.256584	38
9.256584	49
9.496584	35
9.736583999999999	49
10.226583999999999	38
10.226583999999999	49
10.716584	35
10.716584	49
10.951584	35
11.186584	38
11.304084	38
11.421584	47
11.539083999999999	47
11.656584	35
11.656584	49
11.896583999999999	35
12.136584000000001	38
12.136584000000001	49
12.376584	35
12.616584	49
12.861583999999999	35
13.106584	38
13.106584	49
13.346584	35
13.586583999999998	49
14.076583999999999	38
14.076583999999999	49
14.556583999999999	35
14.556583999999999	49
14.796584	35
15.036584	38
15.154084000000001	38
15.271584	47
15.389083999999999	47
15.506584	35
15.506584	49
15.7485195	35
15.990455	38
15.990455	49
16.2323905	35
16.474326	49
16.7162615	35
16.958197	38
16.958197	49
17.2001325	35
17.442068	49
17.932068	38
17.932068	49
18.412068	35
18.412068	49
18.652068	35
18.892068000000002	38
19.009567999999998	38
19.127068	47
19.244568	47
19.362068	35
19.362068	49
19.599003500000002	35
19.835939	38
19.835939	49
20.0778745	35
20.31981	49
20.5617455	35
20.803681	38
20.803681	49
21.045616499999998	35
21.287551999999998	49
21.777552	38
21.777552	49
22.257552	35
22.257552	49
22.497552	35
22.737552	38
22.855051999999997	38
22.972552	47
23.090052	47
23.207551999999996	35
23.207551999999996	42
23.449487499999996	35
23.449487499999996	42
23.691422999999997	38
23.691422999999997	42
23.933358499999997	35
23.933358499999997	42
24.175293999999997	42
24.417229499999998	35
24.417229499999998	42
24.659164999999998	38
24.659164999999998	42
24.901100499999995	35
24.901100499999995	42
25.143035999999995	42
25.383035999999993	42
25.623035999999995	38
25.623035999999995	42
25.863035999999994	42
26.103035999999996	35
26.103035999999996	42
26.343035999999994	35
26.343035999999994	42
26.583035999999996	38
26.703035999999994	38
26.823035999999995	47
26.943035999999996	47
27.063035999999993	35
27.063035999999993	42
27.301130999999994	35
27.301130999999994	42
27.539225999999992	38
27.539225999999992	42
27.777320999999993	35
27.777320999999993	42
28.015415999999995	42
28.25851099999999	35
28.25851099999999	42
28.501605999999995	38
28.501605999999995	42
28.734700999999998	35
28.734700999999998	42
28.967795999999993	42
29.214731499999992	42
29.461666999999995	38
29.461666999999995	42
29.708602499999994	42
29.955537999999997	35
29.955537999999997	42
30.1924735	35
30.1924735	42
30.429408999999993	38
30.550376749999995	38
30.671344499999993	47
30.792312249999995	47
30.913279999999993	35
30.913279999999993	42
31.148279999999993	35
31.148279999999993	42
31.383279999999992	38
31.383279999999992	42
31.62327999999999	35
31.62327999999999	42
31.863279999999992	42
32.10328	35
32.10328	42
32.34327999999999	38
32.34327999999999	42
32.57827999999999	35
32.57827999999999	42
32.81327999999999	42
33.06327999999999	42
33.31327999999999	38
33.31327999999999	42
33.553279999999994	42
33.793279999999996	35
33.793279999999996	42
34.03327999999999	35
34.03327999999999	42
34.27327999999999	38
34.39327999999999	38
34.513279999999995	47
34.63327999999999	47
34.75327999999999	35
34.75327999999999	42
34.99327999999999	35
34.99327999999999	42
35.23327999999999	38
35.23327999999999	42
35.473279999999995	35
35.473279999999995	42
35.71327999999999	42
35.95521549999999	35
35.95521549999999	42
36.19715099999999	38
36.19715099999999	42
36.43908649999999	35
36.43908649999999	42
36.68102199999999	42
36.92295749999999	42
37.16489299999999	38
37.16489299999999	42
37.40682849999999	42
37.64876399999999	35
37.64876399999999	42
37.885699499999994	35
37.885699499999994	42
38.122634999999995	38
38.243602749999994	38
38.36457049999999	47
38.48553824999999	47
38.60650599999999	35
38.60650599999999	42
38.84650599999999	35
38.84650599999999	42
39.086505999999986	38
39.086505999999986	42
39.33150599999998	35
39.33150599999998	42
39.57650599999999	42
39.81150599999999	35
39.81150599999999	42
40.04650599999999	38
40.04650599999999	42
40.28650599999999	35
40.28650599999999	42
40.52650599999999	42
40.76746999999999	42
41.008433999999994	38
41.008433999999994	42
41.254397999999995	42
41.50036199999999	35
41.50036199999999	42
41.74132599999999	35
41.74132599999999	42
41.98228999999999	38
42.10277199999999	38
42.22325399999999	47
42.343735999999986	47
42.46421799999999	35
42.46421799999999	42
42.70421799999999	35
42.70421799999999	42
42.944217999999985	38
42.944217999999985	42
43.18421799999999	35
43.18421799999999	42
43.42421799999999	42
43.66421799999999	35
43.66421799999999	42
43.904217999999986	38
43.904217999999986	42
44.14421799999999	35
44.14421799999999	42
44.38421799999999	42
44.62921799999999	42
44.874217999999985	38
44.874217999999985	42
45.11421799999999	42
45.35421799999999	35
45.35421799999999	42
45.58921799999998	35
45.58921799999998	42
45.82421799999999	38
45.944217999999985	38
46.06421799999999	47
46.18421799999999	47
46.30421799999999	35
46.30421799999999	42
46.54421799999999	35
46.54421799999999	42
46.78421799999999	38
46.78421799999999	42
47.02421799999999	35
47.02421799999999	42
47.264217999999985	42
47.50421799999999	35
47.50421799999999	42
47.74421799999999	38
47.74421799999999	42
47.989217999999994	35
47.989217999999994	42
48.234217999999984	42
48.474217999999986	42
48.71421799999999	38
48.71421799999999	42
48.95921799999999	42
49.20421799999999	35
49.20421799999999	42
49.43921799999999	35
49.43921799999999	42
49.67421799999999	38
49.79421799999999	38
49.914217999999984	47
50.03421799999999	47
50.154217999999986	35
50.154217999999986	42
50.39115349999998	35
50.39115349999998	42
50.62808899999999	38
50.62808899999999	42
50.86002449999998	35
50.86002449999998	42
51.091959999999986	42
51.338895499999985	35
51.338895499999985	42
51.58583099999999	38
51.58583099999999	42
51.83276649999999	35
51.83276649999999	42
52.07970199999999	42
52.32066599999999	42
52.561629999999994	38
52.561629999999994	42
52.80259399999999	42
53.04355799999999	35
53.04355799999999	42
53.279521999999986	35
53.279521999999986	42
53.515485999999996	38
53.63596799999999	38
53.756449999999994	38
53.99741399999999	35
53.99741399999999	42
54.23837799999999	35
54.23837799999999	42
54.479341999999995	38
54.479341999999995	42
54.720305999999994	35
54.720305999999994	42
54.96126999999999	42
55.20223399999999	35
55.20223399999999	42
55.443197999999995	38
55.443197999999995	42
55.66916199999999	35
55.66916199999999	42
55.89512599999999	42
56.15108999999999	42
56.407053999999995	38
56.407053999999995	42
56.653017999999996	42
56.89898199999999	35
56.89898199999999	42
57.134945999999985	35
57.134945999999985	42
57.370909999999995	38
57.49139199999999	38
57.61187399999999	47
57.73235599999999	47
57.85283799999999	35
57.85283799999999	42
58.09283799999999	35
58.09283799999999	42
58.33283799999999	38
58.33283799999999	42
58.57783799999999	35
58.57783799999999	42
58.82283799999999	42
59.06283799999999	35
59.06283799999999	42
59.30283799999999	38
59.30283799999999	42
59.54283799999999	35
59.54283799999999	42
59.78283799999999	42
60.02283799999999	42
60.26283799999999	38
60.26283799999999	42
60.50283799999999	42
60.74283799999999	35
60.74283799999999	42
60.98283799999999	35
60.98283799999999	42
61.22283799999999	38
61.342837999999986	38
61.46283799999999	47
61.58283799999999	47
61.702837999999986	35
61.702837999999986	42
61.94283799999999	35
61.94283799999999	42
62.18283799999999	38
62.18283799999999	42
62.427837999999994	35
62.427837999999994	42
62.672837999999985	42
62.91283799999999	35
62.91283799999999	42
63.15283799999999	38
63.15283799999999	42
63.39283799999999	35
63.39283799999999	42
63.632837999999985	42
63.86977349999998	42
64.10670899999998	38
64.10670899999998	42
64.34864449999999	42
64.59057999999999	35
64.59057999999999	42
64.83251549999999	35
64.83251549999999	42
65.07445099999998	38
65.19291874999999	38
65.31138649999998	47
65.42985424999998	47
65.54832199999998	35
65.54832199999998	42
65.78832199999998	35
65.78832199999998	42
66.02832199999999	38
66.02832199999999	42
66.26832199999998	35
66.26832199999998	42
66.50832199999998	42
66.74832199999999	35
66.74832199999999	42
66.98832199999998	38
66.98832199999998	42
67.22832199999999	35
67.22832199999999	42
67.46832199999999	42
67.71332199999999	42
67.958322	38
67.958322	42
68.19832199999999	42
68.43832199999999	35
68.43832199999999	42
68.678322	35
68.678322	42
68.91832199999999	38
69.038322	38
69.15832199999998	47
69.27832199999999	47
69.398322	35
69.398322	42
69.51928975	42
69.64025749999999	35
69.64025749999999	42
69.76122525	42
69.88219299999999	38
70.00316074999999	42
70.1241285	35
70.1241285	42
70.24509624999999	42
70.366064	42
70.48703175	42
70.60799949999999	35
70.60799949999999	42
70.72896725	42
70.84993499999999	38
70.97090275	42
71.0918705	35
71.0918705	42
71.21283824999999	42
71.333806	42
71.453806	42
71.57380599999999	42
71.693806	42
71.813806	38
71.93630599999999	42
72.058806	42
72.181306	42
72.303806	35
72.303806	42
72.423806	42
72.543806	35
72.543806	42
72.663806	42
72.783806	38
72.903806	38
73.02380600000001	47
73.143806	47
73.263806	35
73.263806	42
73.383806	42
73.503806	35
73.503806	42
73.623806	42
73.743806	38
73.863806	42
73.983806	35
73.983806	42
74.103806	42
74.223806	42
74.343806	42
74.463806	35
74.463806	42
74.583806	42
74.703806	38
74.823806	42
74.943806	35
74.943806	42
75.063806	42
75.183806	42
75.303806	42
75.423806	42
75.543806	42
75.66380600000001	38
75.786306	42
75.908806	42
76.03130599999999	42
76.15380599999999	35
76.15380599999999	42
76.271306	42
76.388806	35
76.388806	42
76.506306	42
76.623806	38
76.74227375000001	38
76.86074149999999	47
76.97920925	47
77.09767699999999	35
77.09767699999999	42
77.21864475	42
77.3396125	35
77.3396125	42
77.46058024999999	42
77.581548	38
77.70251575	42
77.8234835	35
77.8234835	42
77.94445125	42
78.06541899999999	42
78.18638675	42
78.3073545	35
78.3073545	42
78.42832225	42
78.54929	38
78.67025774999999	42
78.7912255	35
78.7912255	42
78.91219325	42
79.03311261249999	42
79.1531126125	42
79.27311261249999	42
79.39311261249999	42
79.5131126125	38
79.63561261249998	42
79.7581126125	42
79.8806126125	42
80.00311261249999	35
80.00311261249999	42
80.1206126125	42
80.23811261249999	35
80.23811261249999	42
80.35561261249998	42
80.47311261249999	38
80.5931126125	38
80.7131126125	47
80.83311261249999	47
80.9531126125	35
80.9531126125	42
81.0740803625	42
81.19504811249999	35
81.19504811249999	42
81.3160158625	42
81.43698361249999	38
81.55795136249999	42
81.6789191125	35
81.6789191125	42
81.79988686249999	42
81.9208546125	42
82.0418223625	42
82.16279011249999	35
82.16279011249999	42
82.2837578625	42
82.40472561249999	38
82.5231933625	42
82.64166111249999	35
82.64166111249999	42
82.76012886249998	42
82.87859661249999	42
82.9985966125	42
83.11859661249999	42
83.23859661249999	42
83.3585966125	38
83.48109661249998	42
83.6035966125	42
83.7260966125	42
83.84859661249999	35
83.84859661249999	42
83.9660966125	42
84.08359661249999	35
84.08359661249999	42
84.20109661249998	42
84.31859661249999	38
84.43859661249999	38
84.5585966125	47
84.67859661249999	47
84.79859661249999	42
84.9195643625	42
85.04053211249999	42
85.1614998625	42
85.28246761249999	38
85.40343536249999	42
85.5244031125	42
85.64537086249999	42
85.7663386125	42
85.8873063625	42
86.00827411249999	42
86.1292418625	42
86.25020961249999	38
86.37117736249999	42
86.4921451125	42
86.61311286249999	42
86.7340806125	42
86.8540806125	42
86.97408061249999	42
87.0940806125	42
87.2140806125	38
87.33658061249999	42
87.4590806125	42
87.5815806125	42
87.7040806125	42
87.8240806125	42
87.9440806125	42
88.06408061249999	42
88.1840806125	38
88.3040806125	42
88.4240806125	42
88.5440806125	42
88.6640806125	42
88.78254836250001	42
88.90101611249999	42
89.0194838625	42
89.13795161249999	38
89.2589193625	42
89.3798871125	42
89.50085486249999	42
89.6218226125	42
89.7402903625	42
89.8587581125	42
89.9772258625	42
90.0956936125	38
90.2166613625	42
90.33762911250001	42
90.4585968625	42
90.57956461250001	42
90.69956461250001	42
90.8195646125	42
90.9395646125	42
91.05956461250001	38
91.1820646125	42
91.3045646125	42
91.4270646125	42
91.54956461249999	42
91.6695646125	42
91.7895646125	42
91.90956461249999	42
92.0295646125	38
92.1495646125	42
92.2695646125	42
92.3895646125	42
92.5095646125	42
92.6295646125	42
92.7495646125	42
92.8695646125	42
92.9895646125	38
93.1095646125	42
93.2295646125	42
93.3495646125	42
93.4695646125	42
93.5895646125	42
93.7095646125	42
93.8295646125	42
93.9495646125	38
94.0695646125	42
94.18956461249999	42
94.3095646125	42
94.4295646125	42
94.54956461249999	42
94.6695646125	42
94.7895646125	42
94.9095646125	38
95.0320646125	42
95.15456461250001	42
95.2770646125	42
95.3995646125	42
95.51706461250001	42
95.6345646125	42
95.75206461249999	42
95.8695646125	38
95.9895646125	42
96.1095646125	42
96.2295646125	42
96.3495646125	35
96.3495646125	49
96.5895646125	35
96.8295646125	38
96.8295646125	49
97.07456461250001	35
97.3195646125	49
97.5595646125	35
97.7995646125	38
97.7995646125	49
98.0395646125	35
98.2795646125	49
98.7595646125	38
98.7595646125	49
99.24956461250001	35
99.24956461250001	49
99.48456461250001	35
99.71956461250001	38
99.8395646125	38
99.9595646125	38
100.1995646125	35
100.1995646125	49
100.4395646125	35
100.6795646125	38
100.6795646125	49
100.9245646125	35
101.16956461250001	49
101.4095646125	35
101.64956461250001	38
101.64956461250001	49
101.88956461250001	35
102.1295646125	49
102.6134356125	38
102.6134356125	49
103.0973066125	35
103.0973066125	49
103.33424211250001	35
103.5711776125	38
103.6896453625	38
103.8081131125	38
104.0450486125	35
104.0450486125	42
104.1650486125	42
104.28504861249999	42
104.4050486125	42
104.5250486125	35
104.5250486125	38
104.64504861249999	42
104.7650486125	42
104.8850486125	42
105.00504861249999	35
105.00504861249999	42
105.1250486125	42
105.2450486125	42
105.36504861249999	42
105.4850486125	35
105.4850486125	38
105.6075486125	42
105.7300486125	42
105.8525486125	42
105.9750486125	35
105.9750486125	42
106.09601636250001	42
106.2169841125	42
106.3379518625	42
106.4589196125	35
106.4589196125	38
106.5798873625	42
106.70085511250001	42
106.8218228625	42
106.9427906125	35
106.9427906125	42
107.06125836250001	42
107.17972611249999	35
107.17972611249999	42
107.2981938625	42
107.4166616125	35
107.4166616125	38
107.5376293625	38
107.6585971125	47
107.7795648625	47
107.9005326125	35
107.9005326125	42
108.0205326125	42
108.1405326125	42
108.2605326125	42
108.3805326125	35
108.3805326125	38
108.5005326125	42
108.6205326125	42
108.7405326125	42
108.8605326125	35
108.8605326125	42
108.9805326125	42
109.1005326125	42
109.2205326125	42
109.3405326125	35
109.3405326125	38
109.4605326125	42
109.58053261250001	42
109.7005326125	42
109.8205326125	35
109.8205326125	42
109.94053261250001	42
110.0605326125	42
110.1805326125	42
110.3005326125	35
110.3005326125	38
110.4230326125	42
110.5455326125	42
110.66803261250001	42
110.7905326125	35
110.7905326125	42
110.9105326125	42
111.03053261250001	35
111.03053261250001	42
111.1505326125	42
111.2705326125	35
111.2705326125	38
111.39053261250001	38
111.5105326125	47
111.6305326125	47
111.75053261250001	35
111.75053261250001	42
111.8705326125	42
111.9905326125	42
112.11053261250001	42
112.23053261250001	35
112.23053261250001	38
112.3505326125	42
112.47053261250001	42
112.5905326125	42
112.7105326125	35
112.7105326125	42
112.83053261250001	42
112.95053261250001	42
113.0705326125	42
113.19053261250001	35
113.19053261250001	38
113.31053261250001	42
113.4305326125	42
113.5505326125	42
113.67053261250001	35
113.67053261250001	42
113.79150036250002	42
113.91246811250001	42
114.03343586250001	42
114.1544036125	35
114.1544036125	38
114.27537136250001	42
114.39633911250002	42
114.5173068625	42
114.63827461250001	35
114.63827461250001	42
114.75674236250002	42
114.87521011250001	35
114.87521011250001	42
114.99367786250001	42
115.1121456125	35
115.1121456125	38
115.2331133625	38
115.35408111250001	47
115.4750488625	47
115.59601661250001	35
115.59601661250001	42
115.71601661250001	42
115.8360166125	42
115.95601661250001	42
116.07601661250001	35
116.07601661250001	38
116.1960166125	42
116.31601661250001	42
116.43601661250001	42
116.5560166125	35
116.5560166125	42
116.6760166125	42
116.79601661250001	42
116.9160166125	42
117.0360166125	35
117.0360166125	38
117.15601661250001	42
117.27601661250002	42
117.3960166125	42
117.51601661250001	35
117.51601661250001	42
117.63601661250001	42
117.7560166125	42
117.87601661250001	42
117.99601661250001	35
117.99601661250001	38
118.11698436250002	42
118.23795211250001	42
118.35891986250002	42
118.47988761250001	35
118.47988761250001	42
118.60085536250001	42
118.72182311250002	35
118.72182311250002	42
118.84279086250001	42
118.96375861250002	35
118.96375861250002	38
119.08472636250002	38
119.20569411250001	47
119.32666186250002	47
119.44762961250001	35
119.44762961250001	42
119.56762961250001	42
119.6876296125	42
119.80762961250001	42
119.92762961250001	35
119.92762961250001	38
120.0476296125	42
120.16762961250001	42
120.28762961250001	42
120.4076296125	35
120.4076296125	42
120.52762961250001	42
120.64762961250001	42
120.7676296125	42
120.8876296125	35
120.8876296125	38
121.01012961250001	42
121.13262961250001	42
121.25512961250001	42
121.37762961250002	35
121.37762961250002	42
121.49762961250002	42
121.61762961250001	42
121.73762961250002	42
121.85762961250002	35
121.85762961250002	38
121.97762961250001	42
122.09762961250001	42
122.21762961250002	42
122.33762961250001	35
122.33762961250001	42
122.45762961250001	42
122.57762961250002	42
122.69762961250001	42
122.81762961250001	35
122.81762961250001	38
122.93762961250002	38
123.05762961250001	47
123.17762961250001	47
123.29762961250002	35
123.29762961250002	42
123.41859736250002	42
123.53956511250001	42
123.66053286250002	42
123.78150061250001	35
123.78150061250001	38
123.90246836250002	42
124.02343611250002	42
124.14440386250001	42
124.26537161250002	35
124.26537161250002	42
124.38383936250003	42
124.50230711250002	42
124.62077486250001	42
124.73924261250001	35
124.73924261250001	38
124.86021036250001	42
124.98117811250002	42
125.10214586250001	42
125.22311361250001	35
125.22311361250001	42
125.3440813625	42
125.46504911250001	42
125.58601686250002	42
125.70698461250001	35
125.70698461250001	38
125.82795236250001	42
125.94892011250002	42
126.06988786250001	42
126.19085561250002	35
126.19085561250002	42
126.31182336250001	42
126.43279111250001	42
126.55375886250002	42
126.67472661250001	35
126.67472661250001	38
126.79319436250002	38
126.91166211250001	47
127.03012986250002	47
127.14859761250003	35
127.14859761250003	42
127.26859761250003	42
127.38859761250002	42
127.50859761250003	42
127.62859761250003	35
127.62859761250003	38
127.74859761250002	42
127.86859761250003	42
127.9885976125	42
128.1085976125	35
128.1085976125	42
128.2285976125	42
128.34859761250001	42
128.46859761250002	42
128.58859761250002	35
128.58859761250002	38
128.7110976125	42
128.83359761250003	42
128.95609761250003	42
129.07859761250003	35
129.07859761250003	42
129.19859761250004	42
129.31859761250004	42
129.43859761250002	42
129.55859761250002	35
129.55859761250002	38
129.67859761250003	42
129.79859761250003	42
129.91859761250004	42
130.03859761250004	35
130.03859761250004	42
130.15859761250005	42
130.27859761250002	42
130.39859761250003	42
130.51859761250003	35
130.51859761250003	38
130.63859761250004	38
130.75859761250004	47
130.87859761250004	47
130.99859761250002	35
130.99859761250002	42
131.11859761250003	42
131.23859761250003	42
131.35859761250003	42
131.47859761250004	35
131.47859761250004	38
131.59859761250004	42
131.71859761250002	42
131.83859761250002	42
131.95859761250003	35
131.95859761250003	42
132.07859761250003	42
132.19859761250004	42
132.31859761250004	42
132.43859761250002	35
132.43859761250002	38
132.56109761250002	42
132.68359761250002	42
132.80609761250003	42
132.92859761250003	35
132.92859761250003	42
133.04871261250003	42
133.16882761250002	42
133.28894261250002	42
133.40905761250002	35
133.40905761250002	38
133.52917261250002	42
133.64928761250002	42
133.76940261250002	42
133.88951761250001	35
133.88951761250001	42
134.0096326125	42
134.12974761250004	42
134.24986261250004	42
134.36997761250004	35
134.36997761250004	38
134.49009261250004	38
134.61020761250003	47
134.73032261250003	47
134.85043761250003	35
134.85043761250003	49
135.09066761250003	35
135.09066761250003	42
135.33089761250002	38
135.33089761250002	42
135.57283311250004	42
135.81476861250002	35
135.81476861250002	49
136.05670411250003	35
136.05670411250003	42
136.2986396125	38
136.2986396125	42
136.54057511250002	42
136.78251061250003	35
136.78251061250003	42
137.02289511250004	35
137.02289511250004	42
137.26327961250004	38
137.26327961250004	42
137.50366411250005	42
137.74404861250002	35
137.74404861250002	42
137.98443311250003	38
138.10462536250003	35
138.10462536250003	42
138.22481761250003	38
138.34500986250004	38
138.46520211250004	35
138.46520211250004	42
138.70558661250004	35
138.70558661250004	49
138.94058661250006	35
138.94058661250006	42
139.17558661250004	38
139.17558661250004	42
139.41558661250005	42
139.65558661250006	35
139.65558661250006	49
139.89558661250004	35
139.89558661250004	42
140.13558661250005	38
140.13558661250005	42
140.37558661250006	42
140.61558661250004	35
140.61558661250004	42
140.85752211250005	35
140.85752211250005	42
141.09945761250003	38
141.09945761250003	42
141.34639311250004	42
141.59332861250002	35
141.59332861250002	42
141.83026411250003	38
141.94873186250004	35
141.94873186250004	42
142.06719961250005	38
142.19066736250002	38
142.31413511250003	35
142.31413511250003	42
142.56107061250003	35
142.56107061250003	49
142.8011351291667	35
142.8011351291667	42
143.04113512916672	38
143.04113512916672	42
143.2811351291667	42
143.5211351291667	35
143.5211351291667	49
143.76113512916672	35
143.76113512916672	42
144.0011351291667	38
144.0011351291667	42
144.2411351291667	42
144.48113512916672	35
144.48113512916672	42
144.7220991291667	35
144.7220991291667	42
144.96306312916673	38
144.96306312916673	42
145.20402712916672	42
145.4449911291667	35
145.4449911291667	42
145.68095512916673	38
145.79893712916672	35
145.79893712916672	42
145.91691912916673	38
146.03740112916674	38
146.15788312916672	35
146.15788312916672	42
146.39884712916674	35
146.39884712916674	49
146.63884712916675	35
146.63884712916675	42
146.87884712916673	38
146.87884712916673	42
147.11884712916674	42
147.35884712916675	35
147.35884712916675	49
147.59884712916673	35
147.59884712916673	42
147.83884712916674	38
147.83884712916674	42
148.07884712916675	42
148.31884712916673	35
148.31884712916673	42
148.56078262916674	35
148.56078262916674	42
148.80271812916672	38
148.80271812916672	42
149.04465362916673	42
149.2865891291667	35
149.2865891291667	42
149.52852462916672	38
149.64949237916673	35
149.64949237916673	42
149.77046012916674	38
149.8939278791667	38
150.0173956291667	35
150.0173956291667	42
150.26433112916672	35
150.26433112916672	42
150.38433112916672	42
150.50433112916673	42
150.62433112916673	42
150.7443311291667	35
150.7443311291667	38
150.86433112916671	42
150.98433112916672	42
151.10433112916672	42
151.22433112916673	35
151.22433112916673	42
151.34433112916673	42
151.4643311291667	42
151.5843311291667	42
151.70433112916672	35
151.70433112916672	38
151.82433112916672	42
151.94433112916673	42
152.06433112916673	42
152.1843311291667	35
152.1843311291667	42
152.3043311291667	42
152.42433112916672	42
152.54433112916672	42
152.66433112916673	35
152.66433112916673	38
152.78433112916673	42
152.9043311291667	42
153.0243311291667	42
153.14433112916672	35
153.14433112916672	42
153.26433112916672	42
153.38433112916672	35
153.38433112916672	42
153.50433112916673	42
153.62433112916673	35
153.62433112916673	38
153.7443311291667	38
153.86433112916671	47
153.98433112916672	47
154.10433112916672	35
154.10433112916672	42
154.22481312916673	42
154.34529512916671	42
154.46577712916672	42
154.58625912916673	35
154.58625912916673	38
154.70674112916672	42
154.82722312916673	42
154.94770512916674	42
155.06818712916672	35
155.06818712916672	42
155.18866912916673	42
155.30915112916674	42
155.42963312916672	42
155.55011512916673	35
155.55011512916673	38
155.67059712916674	42
155.79107912916672	42
155.91156112916673	42
156.03204312916674	35
156.03204312916674	42
156.15252512916672	42
156.27300712916673	42
156.3934891291667	42
156.51397112916672	35
156.51397112916672	38
156.63195312916673	42
156.74993512916672	42
156.86791712916673	42
156.98589912916674	35
156.98589912916674	42
157.10638112916672	42
157.22686312916673	35
157.22686312916673	42
157.34734512916674	42
157.46782712916672	35
157.46782712916672	38
157.58830912916673	38
157.70879112916674	47
157.82927312916672	47
157.94975512916673	35
157.94975512916673	42
158.06975512916674	42
158.18975512916674	42
158.30975512916675	42
158.42975512916672	35
158.42975512916672	38
158.54975512916673	42
158.66975512916673	42
158.78975512916674	42
158.90975512916674	35
158.90975512916674	42
159.02975512916674	42
159.14975512916672	42
159.26975512916673	42
159.38975512916673	35
159.38975512916673	38
159.51225512916673	42
159.63475512916673	42
159.75725512916674	42
159.8797551291667	35
159.8797551291667	42
159.99975512916672	42
160.11975512916672	42
160.23975512916672	42
160.35975512916673	35
160.35975512916673	38
160.47975512916673	42
160.5997551291667	42
160.7197551291667	42
160.83975512916672	35
160.83975512916672	42
160.95975512916672	42
161.07975512916673	35
161.07975512916673	42
161.19975512916673	42
161.31975512916674	35
161.31975512916674	38
161.4397551291667	38
161.55975512916672	47
161.67975512916672	47
161.79975512916673	35
161.79975512916673	42
161.92072287916673	42
162.04169062916674	42
162.16265837916671	42
162.28362612916672	35
162.28362612916672	38
162.40209387916673	42
162.52056162916674	42
162.63902937916674	42
162.75749712916672	35
162.75749712916672	42
162.87846487916673	42
162.99943262916673	42
163.12040037916674	42
163.24136812916674	35
163.24136812916674	38
163.36233587916672	42
163.48330362916673	42
163.60427137916673	42
163.72523912916674	35
163.72523912916674	42
163.84370687916672	42
163.96217462916673	42
164.0806423791667	42
164.1991101291667	35
164.1991101291667	38
164.32007787916672	42
164.44104562916672	42
164.56201337916673	42
164.6829811291667	35
164.6829811291667	42
164.8039488791667	42
164.92491662916672	35
164.92491662916672	42
165.04588437916672	42
165.16685212916673	35
165.16685212916673	38
165.2878198791667	38
165.4087876291667	47
165.52975537916672	47
188.74717512916672	35
188.74717512916672	49
188.98717512916673	35
189.2271751291667	38
189.2271751291667	49
189.46717512916672	35
189.70717512916676	49
189.95217512916673	35
190.1971751291667	38
190.1971751291667	49
190.43717512916672	35
190.67717512916667	49
191.14717512916673	38
191.14717512916673	49
191.62717512916672	35
191.62717512916672	49
191.86717512916672	35
192.10717512916676	38
192.22967512916674	38
192.35217512916674	47
192.47467512916674	47
192.59717512916671	35
192.59717512916671	49
192.83717512916672	35
193.0771751291667	38
193.0771751291667	49
193.3171751291667	35
193.55717512916675	49
193.80217512916673	35
194.0471751291667	38
194.0471751291667	49
194.2871751291667	35
194.5271751291667	49
195.0110461291667	38
195.0110461291667	49
195.49491712916665	35
195.49491712916665	49
195.73185262916667	35
195.9687881291667	38
196.0897558791667	38
196.2107236291667	47
196.3316913791667	47
196.4526591291667	35
196.4526591291667	42
196.6926591291667	35
196.6926591291667	42
196.9326591291667	38
196.9326591291667	42
197.1726591291667	35
197.1726591291667	42
197.4126591291667	42
197.6526591291667	35
197.6526591291667	42
197.89265912916673	38
197.89265912916673	42
198.13765912916674	35
198.13765912916674	42
198.38265912916665	42
198.61959462916667	42
198.85653012916669	38
198.85653012916669	42
199.0984656291667	42
199.34040112916668	35
199.34040112916668	42
199.5823366291667	35
199.5823366291667	42
199.82427212916667	38
199.94273987916665	38
200.06120762916666	38
200.2981431291667	35
200.2981431291667	42
200.54007862916671	35
200.54007862916671	42
200.7820141291667	38
200.7820141291667	42
201.0239496291667	35
201.0239496291667	42
201.2658851291667	42
201.5078206291667	35
201.5078206291667	42
201.7497561291667	38
201.7497561291667	42
201.9916916291667	35
201.9916916291667	42
202.2336271291667	42
202.47362712916672	42
202.7136271291667	38
202.7136271291667	42
202.9536271291667	42
203.1936271291667	35
203.1936271291667	42
203.4336271291667	35
203.4336271291667	42
203.6736271291667	38
203.7936271291667	38
203.9136271291667	38
204.1536271291667	35
204.1536271291667	42
204.3936271291667	35
204.3936271291667	42
204.63362712916674	38
204.63362712916674	42
204.87862712916672	35
204.87862712916672	42
205.1236271291667	42
205.3636271291667	35
205.3636271291667	42
205.6036271291667	38
205.6036271291667	42
205.8436271291667	35
205.8436271291667	42
206.0836271291667	42
206.3236271291667	42
206.5636271291667	38
206.5636271291667	42
206.8036271291667	42
207.0436271291667	35
207.0436271291667	42
207.2836271291667	35
207.2836271291667	42
207.5236271291667	38
207.6436271291667	38
207.7636271291667	38
208.0036271291667	35
208.0036271291667	42
208.24459112916668	35
208.24459112916668	42
208.4855551291667	38
208.4855551291667	42
208.7265191291667	35
208.7265191291667	42
208.96748312916668	42
209.2084471291667	35
209.2084471291667	42
209.4494111291667	38
209.4494111291667	42
209.69037512916668	35
209.69037512916668	42
209.9313391291667	42
210.1723031291667	42
210.41326712916668	38
210.41326712916668	42
210.65423112916667	42
210.8951951291667	35
210.8951951291667	42
211.13615912916669	35
211.13615912916669	42
211.37712312916668	38
211.4976051291667	38
211.6180871291667	38
211.8590511291667	35
211.8590511291667	42
211.9795331291667	42
212.10001512916668	42
212.2204971291667	42
212.3409791291667	35
212.3409791291667	38
212.46146112916668	42
212.5819431291667	42
212.7024251291667	42
212.82290712916668	35
212.82290712916668	42
212.9433891291667	42
213.0638711291667	42
213.18435312916668	42
213.30483512916666	35
213.30483512916666	38
213.42281712916667	42
213.54079912916666	42
213.65878112916667	42
213.7767631291667	35
213.7767631291667	42
213.8972451291667	42
214.0177271291667	42
214.13820912916668	42
214.25869112916672	35
214.25869112916672	38
214.38167312916673	42
214.5046551291667	42
214.62763712916671	42
214.7506191291667	35
214.7506191291667	42
214.87110112916668	42
214.99158312916668	35
214.99158312916668	42
215.1120651291667	42
215.23254712916668	35
215.23254712916668	38
215.35302912916669	38
215.4735111291667	47
215.59399312916668	47
215.7144751291667	35
215.7144751291667	42
215.8344751291667	42
215.9544751291667	42
216.0744751291667	42
216.19447512916668	35
216.19447512916668	38
216.31447512916668	42
216.43447512916669	42
216.5544751291667	42
216.6744751291667	35
216.6744751291667	42
216.7944751291667	42
216.91447512916668	42
217.03447512916668	42
217.15447512916668	35
217.15447512916668	38
217.2744751291667	42
217.3944751291667	42
217.5144751291667	42
217.63447512916667	35
217.63447512916667	42
217.75447512916668	42
217.87447512916668	42
217.9944751291667	42
218.1144751291667	35
218.1144751291667	38
218.2344751291667	42
218.35447512916667	42
218.47447512916668	42
218.59447512916668	35
218.59447512916668	42
218.7144751291667	42
218.8344751291667	35
218.8344751291667	42
218.9544751291667	42
219.0744751291667	35
219.0744751291667	38
219.19447512916668	38
219.31447512916668	47
219.43447512916669	47
219.5544751291667	35
219.5544751291667	42
219.6754428791667	42
219.7964106291667	42
219.91737837916668	42
220.03834612916668	35
220.03834612916668	38
220.1593138791667	42
220.2802816291667	42
220.4012493791667	42
220.52221712916665	35
220.52221712916665	42
220.64068487916666	42
220.75915262916666	42
220.87762037916667	42
220.9960881291667	35
220.9960881291667	38
221.11705587916668	42
221.2380236291667	42
221.3589913791667	42
221.4799591291667	35
221.4799591291667	42
221.5999591291667	42
221.7199591291667	42
221.83995912916672	42
221.9599591291667	35
221.9599591291667	38
222.0799591291667	42
222.1999591291667	42
222.3199591291667	42
222.4399591291667	35
222.4399591291667	42
222.5599591291667	42
222.6799591291667	35
222.6799591291667	42
222.7999591291667	42
222.9199591291667	35
222.9199591291667	38
223.0399591291667	38
223.1599591291667	47
223.2799591291667	47
223.39995912916672	35
223.39995912916672	42
223.52245912916672	42
223.64495912916672	42
223.76745912916672	42
223.8899591291667	35
223.8899591291667	38
224.0099591291667	42
224.12995912916668	42
224.24995912916668	42
224.3699591291667	35
224.3699591291667	42
224.4899591291667	42
224.6099591291667	42
224.7299591291667	42
224.8499591291667	35
224.8499591291667	38
224.96995912916668	42
225.0899591291667	42
225.2099591291667	42
225.3299591291667	35
225.3299591291667	42
225.4499591291667	42
225.5699591291667	42
225.68995912916668	42
225.80995912916669	35
225.80995912916669	38
225.9299591291667	42
226.0499591291667	42
226.1699591291667	42
226.2899591291667	35
226.2899591291667	42
226.40995912916668	42
226.52995912916668	35
226.52995912916668	42
226.6499591291667	42
226.7699591291667	35
226.7699591291667	38
226.8899591291667	38
227.0099591291667	42
227.12995912916668	42
227.24995912916668	35
227.24995912916668	49
227.4899591291667	35
227.4899591291667	42
227.7299591291667	38
227.7299591291667	42
227.96995912916668	42
228.2099591291667	35
228.2099591291667	49
228.4499591291667	35
228.4499591291667	42
228.68995912916668	38
228.68995912916668	42
228.9299591291667	42
229.1699591291667	35
229.1699591291667	42
229.4118946291667	35
229.4118946291667	42
229.6538301291667	38
229.6538301291667	42
229.8957656291667	42
230.1377011291667	35
230.1377011291667	42
230.3796366291667	38
230.5006043791667	35
230.5006043791667	42
230.6215721291667	38
230.74253987916669	38
230.8635076291667	35
230.8635076291667	42
231.10544312916667	35
231.10544312916667	49
231.3404431291667	35
231.3404431291667	42
231.5754431291667	38
231.5754431291667	42
231.8154431291667	42
232.05544312916672	35
232.05544312916672	49
232.2954431291667	35
232.2954431291667	42
232.5354431291667	38
232.5354431291667	42
232.77544312916672	42
233.0154431291667	35
233.0154431291667	42
233.2573786291667	35
233.2573786291667	42
233.49931412916672	38
233.49931412916672	42
233.74624962916673	42
233.99318512916662	35
233.99318512916662	42
234.22512062916664	38
234.34108837916662	35
234.34108837916662	42
234.45705612916672	38
234.5805238791667	38
234.7039916291667	35
234.7039916291667	42
234.9509271291667	35
234.9509271291667	49
235.1909271291667	35
235.1909271291667	42
235.4309271291667	38
235.4309271291667	42
235.6709271291667	42
235.91092712916674	35
235.91092712916674	49
236.1559271291667	35
236.1559271291667	42
236.4009271291667	38
236.4009271291667	42
236.6409271291667	42
236.88092712916668	35
236.88092712916668	42
237.1209271291667	35
237.1209271291667	42
237.3609271291667	38
237.3609271291667	42
237.60092712916668	42
237.8409271291667	35
237.8409271291667	42
238.0809271291667	38
238.2009271291667	35
238.2009271291667	42
238.3209271291667	38
238.44092712916668	38
238.56092712916669	35
238.56092712916669	42
238.8009271291667	35
238.8009271291667	49
239.0409271291667	35
239.0409271291667	42
239.28092712916668	38
239.28092712916668	42
239.5209271291667	42
239.7609271291667	35
239.7609271291667	49
240.00092712916668	35
240.00092712916668	42
240.2409271291667	38
240.2409271291667	42
240.4809271291667	42
240.72092712916668	35
240.72092712916668	42
240.9628626291667	35
240.9628626291667	42
241.20479812916668	38
241.20479812916668	42
241.4467336291667	42
241.68866912916664	35
241.68866912916664	42
241.92560462916666	38
242.04407237916666	35
242.04407237916666	42
242.1625401291667	38
242.28350787916668	38
242.40447562916668	35
242.40447562916668	42
242.6464111291667	35
242.6464111291667	42
242.7664111291667	42
242.8864111291667	42
243.0064111291667	42
243.12641112916668	35
243.12641112916668	38
243.2464111291667	42
243.3664111291667	42
243.4864111291667	42
243.6064111291667	35
243.6064111291667	42
243.7264111291667	42
243.84641112916668	42
243.9664111291667	42
244.0864111291667	35
244.0864111291667	38
244.2064111291667	42
244.3264111291667	42
244.4464111291667	42
244.56641112916668	35
244.56641112916668	42
244.6864111291667	42
244.8064111291667	42
244.9264111291667	42
245.0464111291667	35
245.0464111291667	38
245.1664111291667	42
245.28641112916668	42
245.40641112916668	42
245.5264111291667	35
245.5264111291667	42
245.6464111291667	42
245.7664111291667	35
245.7664111291667	42
245.8864111291667	42
246.00641112916674	35
246.00641112916674	38
246.1289111291667	38
246.2514111291667	47
246.37391112916671	47
246.4964111291667	35
246.4964111291667	42
246.6164111291667	42
246.7364111291667	42
246.85641112916667	42
246.97641112916668	35
246.97641112916668	38
247.09641112916668	42
247.2164111291667	42
247.3364111291667	42
247.4564111291667	35
247.4564111291667	42
247.57641112916667	42
247.69641112916668	42
247.81641112916668	42
247.9364111291667	35
247.9364111291667	38
248.0564111291667	42
248.1764111291667	42
248.29641112916667	42
248.41641112916668	35
248.41641112916668	42
248.53737887916668	42
248.6583466291667	42
248.77931437916666	42
248.90028212916667	35
248.90028212916667	38
249.02124987916667	42
249.14221762916668	42
249.26318537916669	42
249.38415312916663	35
249.38415312916663	42
249.50262087916664	42
249.62108862916665	35
249.62108862916665	42
249.73955637916666	42
249.8580241291667	35
249.8580241291667	38
249.97899187916667	38
250.09995962916668	47
250.22092737916668	47
250.3418951291667	35
250.3418951291667	42
250.4618951291667	42
250.5818951291667	42
250.7018951291667	42
250.82189512916668	35
250.82189512916668	38
250.94189512916668	42
251.0618951291667	42
251.1818951291667	42
251.3018951291667	35
251.3018951291667	42
251.4218951291667	42
251.54189512916668	42
251.66189512916668	42
251.7818951291667	35
251.7818951291667	38
251.90439512916672	42
252.02689512916672	42
252.14939512916672	42
252.27189512916667	35
252.27189512916667	42
252.39189512916667	42
252.51189512916667	42
252.63189512916668	42
252.75189512916668	35
252.75189512916668	38
252.8718951291667	42
252.99189512916666	42
253.11189512916667	42
253.23189512916667	35
253.23189512916667	42
253.35189512916668	42
253.47189512916668	35
253.47189512916668	42
253.5918951291667	42
253.7118951291667	35
253.7118951291667	38
253.83189512916667	38
253.95189512916667	47
254.07189512916668	47
254.19189512916665	35
254.19189512916665	42
254.31036287916666	42
254.42883062916667	42
254.54729837916665	42
254.66576612916668	35
254.66576612916668	38
254.7867338791667	42
254.9077016291667	42
255.0286693791667	42
255.14963712916668	35
255.14963712916668	42
255.27060487916668	42
255.3915726291667	42
255.5125403791667	42
255.6335081291667	35
255.6335081291667	38
255.75447587916668	42
255.87544362916668	42
255.99641137916672	42
256.1173791291667	35
256.1173791291667	42
256.2373791291667	42
256.3573791291667	38
256.4773791291667	38
256.5973791291667	35
256.5973791291667	38
256.7173791291667	42
256.8373791291667	42
256.95737912916667	42
257.0773791291667	35
257.0773791291667	42
257.1973791291667	42
257.3173791291667	35
257.3173791291667	42
257.4373791291667	42
257.5573791291667	35
257.5573791291667	38
257.6773791291667	38
257.7973791291667	42
257.9173791291667	42
261.89737912916667	35
261.89737912916667	49
262.1343146291667	35
262.3712501291667	38
262.3712501291667	49
262.61318562916665	35
262.85512112916666	49
263.0970566291667	35
263.3389921291667	38
263.3389921291667	49
263.5859276291667	35
263.83286312916664	49
264.31286312916666	38
264.31286312916666	49
264.8028631291666	35
264.8028631291666	49
265.0378631291666	35
265.27286312916664	38
265.39286312916664	38
265.51286312916665	47
265.63286312916665	47
265.7528631291666	35
265.7528631291666	49
265.9847986291666	35
266.2167341291667	38
266.2167341291667	49
266.46366962916665	35
266.71060512916665	49
266.95254062916666	35
267.1944761291667	38
267.1944761291667	49
267.4364116291667	35
267.67834712916664	49
268.15834712916666	38
268.15834712916666	49
268.6483471291666	35
268.6483471291666	49
268.8833471291666	35
269.11834712916664	38
269.23834712916664	38
269.35834712916665	47
269.47834712916665	47
269.59834712916665	35
269.59834712916665	49
269.83528262916667	35
270.0722181291667	38
270.0722181291667	49
270.31415362916664	35
270.55608912916665	49
270.79802462916666	35
271.0399601291667	38
271.0399601291667	49
271.2818956291667	35
271.52383112916664	49
272.01383112916665	38
272.01383112916665	49
272.5038311291666	35
272.5038311291666	49
272.7388311291666	35
272.9738311291666	38
273.09383112916663	38
273.21383112916664	47
273.33383112916664	47
273.45383112916664	35
273.45383112916664	49
273.69076662916666	35
273.9277021291667	38
273.9277021291667	49
274.16963762916663	35
274.41157312916664	49
274.65350862916665	35
274.89544412916666	38
274.89544412916666	49
275.1373796291667	35
275.3793151291666	49
275.85931512916665	38
275.85931512916665	49
276.3493151291666	35
276.3493151291666	49
276.5843151291666	35
276.8193151291666	38
276.93931512916663	38
277.05931512916663	47
277.17931512916664	47
277.29931512916664	35
277.29931512916664	49
277.54125062916665	35
277.78318612916667	38
277.78318612916667	49
278.0201216291666	35
278.25705712916664	49
278.50399262916665	35
278.75092812916665	38
278.75092812916665	49
278.99286362916666	35
279.2347991291666	49
279.71479912916664	38
279.71479912916664	49
280.2047991291666	35
280.2047991291666	49
280.4447991291666	35
280.6847991291666	38
280.8022991291666	38
280.9197991291666	47
281.0372991291666	47