5.0	49
5.06125	42
5.1225000000000005	49
5.18375	42
5.245	49
5.30625	42
5.3675	49
5.42875	42
5.49	49
5.5525	42
5.615	49
5.6775	42
5.74	49
5.8025	42
5.865	49
5.9275	42
5.99	35
5.99	42
6.1175	42
6.245	42
6.3725000000000005	42
6.5	35
6.5	49
6.75	42
6.875	42
7.0	35
7.0	42
7.125	42
7.25	42
7.375	42
7.5	35
7.5	49
7.75	42
7.875	42
8.0	35
8.0	42
8.125	42
8.25	42
8.375	42
8.5	35
8.5	49
8.75	42
8.875	42
9.0	35
9.0	42
9.125	42
9.25	42
9.375	42
9.5	35
9.5	49
9.75	42
9.875	42
10.0	35
10.0	42
10.125	42
10.25	42
10.375	42
10.5	35
10.5	49
10.75	42
10.875	42
11.0	35
11.0	42
11.125	42
11.25	42
11.375	42
11.5	35
11.5	49
11.75	42
11.875	42
12.0	35
12.0	42
12.125	42
12.25	42
12.375	42
12.5	35
12.5	49
12.75	42
12.875	42
13.0	35
13.0	42
13.125	42
13.25	42
13.375	42
13.5	35
13.5	49
13.75	42
13.875	42
14.0	35
14.0	42
14.125	42
14.25	42
14.375	42
14.5	35
14.5	49
14.75	42
14.875	42
15.0	35
15.0	42
15.125	42
15.25	42
15.375	42
15.5	35
15.5	49
15.745000000000001	42
15.8675	42
15.99	35
15.99	42
16.1175	42
16.245	42
16.3725	42
16.5	35
16.5	49
16.75	42
16.875	42
17.0	35
17.0	42
17.125	42
17.25	42
17.375	42
17.5	35
17.5	49
17.75	42
17.875	42
18.0	35
18.0	42
18.125	42
18.25	42
18.375	42
18.5	35
18.5	49
18.75	42
18.875	42
19.0	35
19.0	42
19.125	42
19.25	42
19.375	42
19.5	35
19.5	49
19.75	42
19.875	42
20.0	35
20.0	42
20.125	42
20.25	42
20.375	42
20.5	35
20.5	49
20.75	42
20.875	42
21.0	35
21.0	42
21.125	42
21.25	42
21.375	42
21.5	35
21.5	49
21.75	42
21.875	42
22.0	35
22.0	42
22.125	42
22.25	42
22.375	42
22.5	35
22.5	49
22.75	42
22.875	42
23.0	35
23.0	42
23.125	42
23.25	42
23.375	42
23.5	35
23.5	49
23.75	42
23.875	42
24.0	35
24.0	42
24.125	42
24.25	42
24.375	42
24.5	35
24.5	49
24.75	42
24.875	42
25.0	35
25.0	42
25.125	42
25.25	42
25.375	42
25.5	35
25.5	49
25.75	42
25.875	42
26.0	35
26.0	42
26.125	42
26.25	42
26.375	42
26.5	35
26.5	49
26.75	42
26.875	42
27.0	35
27.0	42
27.125	42
27.25	42
27.375	42
27.5	35
27.5	49
27.744999999999997	42
27.8675	42
27.99	35
27.99	42
28.1175	42
28.244999999999997	42
28.3725	42
28.5	35
28.5	49
28.75	42
28.875	42
29.0	35
29.0	42
29.125	42
29.25	42
29.375	42
29.5	35
29.5	49
29.75	42
29.875	42
30.0	42
30.25	35
30.25	38
30.5	35
30.5	38
30.75	35
30.75	38
31.0	35
31.0	38
31.1225	38
31.244999999999997	38
31.3675	38
31.49	38
31.615	38
31.74	38
31.865	38
31.99	35
31.99	49
32.245	42
32.3725	42
32.5	35
32.5	38
32.75	42
32.875	42
33.0	35
33.0	42
33.125	42
33.25	42
33.375	42
33.5	35
33.5	38
33.75	42
33.875	42
34.0	35
34.0	42
34.125	42
34.25	42
34.375	42
34.5	35
34.5	38
34.75	42
34.875	42
35.0	35
35.0	42
35.125	42
35.25	42
35.375	42
35.5	35
35.5	38
35.75	42
35.875	42
36.0	35
36.0	42
36.125	42
36.25	42
36.375	42
36.5	35
36.5	38
36.75	42
36.875	42
37.0	35
37.0	42
37.125	42
37.25	42
37.375	42
37.5	35
37.5	38
37.75	42
37.875	42
38.0	35
38.0	42
38.125	42
38.25	42
38.375	42
38.5	35
38.5	38
38.75	42
38.875	42
39.0	35
39.0	42
39.125	38
39.25	42
39.375	42
39.5	35
39.5	38
39.75	42
39.875	42
40.0	35
40.0	42
40.125	42
40.25	42
40.375	42
40.5	35
40.5	38
40.75	42
40.875	42
41.0	35
41.0	42
41.125	42
41.25	42
41.375	42
41.5	35
41.5	38
41.75	42
41.875	42
42.0	35
42.0	42
42.125	42
42.25	42
42.375	42
42.5	35
42.5	38
42.75	42
42.875	42
43.0	35
43.0	42
43.125	42
43.25	42
43.375	42
43.5	35
43.5	38
43.75	42
43.875	42
44.0	35
44.0	42
44.125	42
44.25	42
44.375	42
44.5	35
44.5	38
44.75	42
44.875	42
45.0	35
45.0	42
45.125	42
45.25	42
45.375	42
45.5	35
45.5	38
45.75	42
45.875	42
46.0	35
46.0	42
46.125	42
46.25	42
46.375	42
46.5	35
46.5	38
46.75	42
46.875	42
47.0	38
47.125	38
47.25	38
47.375	38
47.5	38
47.625	38
47.75	38
47.875	38
48.0	38
48.25	35
48.25	38
48.5	35
48.5	38
48.75	35
48.75	38
49.0	35
49.0	38
49.245000000000005	49
49.30625	42
49.3675	49
49.42875	42
49.49	49
49.55125	42
49.6125	49
49.67375	42
49.735	49
49.79625	42
49.8575	49
49.918749999999996	42
49.98	49
67.0	35
67.0	38
67.25	35
67.25	38
67.5	35
67.5	38
67.75	35
67.75	38
68.0	35
68.0	38
68.125	38
68.25	38
68.375	38
68.5	38
68.625	38
68.75	38
68.875	38
69.0	35
69.0	49
69.25	42
69.375	42
69.5	35
69.5	38
69.75	42
69.875	42
70.0	35
70.0	42
70.125	42
70.25	42
70.375	42
70.5	35
70.5	38
70.75	42
70.875	42
71.0	35
71.0	42
71.125	42
71.25	42
71.375	42
71.5	35
71.5	38
71.75	42
71.875	42
72.0	35
72.0	42
72.125	42
72.25	42
72.375	42
72.5	35
72.5	38
72.75	42
72.875	42
73.0	35
73.0	42
73.125	42
73.25	42
73.375	42
73.5	35
73.5	38
73.75	42
73.875	42
74.0	35
74.0	42
74.125	42
74.25	42
74.375	42
74.5	35
74.5	38
74.75	42
74.875	42
75.0	35
75.0	42
75.125	42
75.25	42
75.375	42
75.5	35
75.5	38
75.75	42
75.875	42
76.0	35
76.0	42
76.125	38
76.25	42
76.375	42
76.5	35
76.5	38
76.75	42
76.875	42
77.0	35
77.0	42
77.125	42
77.25	42
77.375	42
77.5	35
77.5	38
77.75	42
77.875	42
78.0	35
78.0	42
78.125	42
78.25	42
78.375	42
78.5	35
78.5	38
78.745	42
78.86749999999999	42
78.99	35
78.99	42
79.11749999999999	42
79.245	42
79.3725	42
79.5	35
79.5	38
79.75	42
79.875	42
80.0	35
80.0	42
80.125	42
80.25	42
80.375	42
80.5	35
80.5	38
80.75	42
80.875	42
81.0	35
81.0	42
81.125	42
81.25	42
81.375	42
81.5	35
81.5	38
81.75	42
81.875	42
82.0	35
82.0	42
82.125	42
82.25	42
82.375	42
82.5	35
82.5	38
82.75	42
82.875	42
83.0	38
83.125	38
83.25	38
83.375	38
83.5	38
83.625	38
83.75	38
83.875	38
84.0	38
84.125	38
84.25	38
84.375	38
84.5	38
84.625	38
84.75	38
84.875	38
85.0	35
85.0	49
85.25	42
85.375	42
85.5	35
85.5	38
85.75	42
85.875	42
86.0	35
86.0	42
86.125	42
86.25	42
86.375	42
86.5	35
86.5	38
86.75	42
86.875	42
87.0	35
87.0	42
87.125	42
87.25	42
87.375	42
87.5	35
87.5	38
87.75	42
87.875	42
88.0	35
88.0	42
88.125	42
88.25	42
88.375	42
88.5	35
88.5	38
88.75	42
88.875	42
89.0	35
89.0	42
89.125	42
89.25	42
89.375	42
89.5	35
89.5	38
89.75	42
89.875	42
90.0	38
90.125	38
90.25	38
90.375	38
90.5	38
90.625	38
90.75	38
90.875	38
91.0	49