3.5378124999999994	38
3.6043749999999997	38
3.6709374999999995	38
3.7374999999999994	38
4.0858333333333325	38
4.26	35
4.26	42
4.621666666666666	42
4.802499999999999	38
4.802499999999999	42
5.1575	42
5.334999999999999	35
5.334999999999999	42
5.683333333333333	42
5.857499999999999	38
5.857499999999999	42
6.205833333333333	42
6.38	35
6.38	42
6.729002666666667	42
6.903504	38
6.903504	42
7.245839999999999	42
7.417008	35
7.417008	42
7.744197999999999	38
7.809636	38
7.875074	38
7.940512	38
8.282848	38
8.454016	35
8.454016	42
8.804119333333333	42
8.979171	38
8.979171	42
9.329274333333332	42
9.504325999999999	35
9.504325999999999	42
9.847762666666666	42
10.019480999999999	38
10.019480999999999	42
10.369584333333332	42
10.544636	35
10.544636	42
10.890538000000001	42
11.063489	38
11.063489	42
11.409391000000001	42
11.582342	35
11.582342	42
11.912875125000001	38
11.97898175	38
12.045088374999999	38
12.111195	38
12.450430333333335	38
12.620048	35
12.620048	42
12.965950000000001	42
13.138901	38
13.138901	42
13.511469666666668	42
13.697754	35
13.697754	42
14.023656	42
14.186607	38
14.186607	42
14.532509000000001	42
14.70546	35
14.70546	42
15.058028666666665	42
15.234313	38
15.234313	42
15.580214999999999	42
15.753166	35
15.753166	42
16.099068	42
16.272019	38
16.272019	42
16.604587666666667	38
16.604587666666667	42
16.770872	35
16.770872	42
17.131842666666667	42
17.312328	38
17.312328	42
17.673298666666668	42
17.853784	35
17.853784	42
18.194754666666668	42
18.36524	38
18.36524	42
18.719544	42
18.896696000000002	35
18.896696000000002	42
19.24539866666667	42
19.41975	38
19.41975	42
19.775119333333336	42
19.952804000000004	35
19.952804000000004	42
20.294840000000004	42
20.465858	38
20.465858	42
20.807894	38
20.807894	42
20.978912	35
20.978912	42
21.32761466666667	42
21.501966	38
21.501966	42
21.850668666666667	42
22.02502	35
22.02502	42
22.37372266666667	42
22.548074	38
22.548074	42
22.903443333333335	42
23.081128000000003	35
23.081128000000003	42
23.429830666666668	42
23.604182	38
23.604182	42
23.95288466666667	42
24.127236000000003	35
24.127236000000003	42
24.460394750000006	42
24.527026500000005	38
24.593658250000004	38
24.660290000000003	38
24.995659333333336	38
25.163344000000002	35
25.163344000000002	42
25.505380000000002	42
25.676398000000002	38
25.676398000000002	42
26.038434000000006	42
26.219452000000004	35
26.219452000000004	42
26.56815466666667	42
26.742506000000002	38
26.742506000000002	42
27.09120866666667	42
27.26556	35
27.26556	42
27.618128666666667	42
27.794413000000002	38
27.794413000000002	42
28.14698166666667	42
28.323266	35
28.323266	42
28.655834666666664	38
28.822119	38
29.168021	38
29.340972	35
29.340972	42
29.692475333333334	42
29.868227	38
29.868227	42
30.219730333333334	42
30.395482	35
30.395482	42
30.746985333333335	42
30.922737	38
30.922737	42
31.267573666666667	35
31.267573666666667	42
31.439992	35
31.439992	42
31.791495333333334	42
31.967247	38
31.967247	42
32.33208366666666	42
32.514502	35
32.514502	42
32.866005333333334	42
33.041757	38
33.041757	42
33.37326033333333	38
33.539012	35
33.539012	42
33.89051533333333	42
34.066266999999996	38
34.066266999999996	42
34.431103666666665	42
34.613522	35
34.613522	42
34.96502533333334	42
35.140777	38
35.140777	42
35.478947	42
35.64803199999999	35
35.64803199999999	42
35.983501999999994	38
36.05059599999999	38
36.117689999999996	38
36.18478399999999	38
36.501504	38
36.564848	38
36.628192	38
36.691536	38
37.014506	38
37.0791	38
37.143693999999996	38
37.208287999999996	38
37.54612266666666	38
37.715039999999995	35
37.715039999999995	42
38.073209999999996	42
38.252295	38
38.252295	42
38.60379833333333	42
38.77955	35
38.77955	42
39.131053333333334	42
39.306805000000004	38
39.306805000000004	42
39.684975	35
39.684975	42
39.87405999999999	35
39.87405999999999	42
40.19469466666666	42
40.355012	38
40.355012	42
40.71564666666667	42
40.895964	35
40.895964	42
41.236598666666666	42
41.406916	38
41.406916	42
41.75421733333333	35
41.75421733333333	42
41.927868	35
41.927868	42
42.29167666666667	42
42.473580999999996	38
42.473580999999996	42
42.83072299999999	42
43.009294	35
43.009294	42
43.35310266666666	42
43.525006999999995	38
43.525006999999995	42
43.87548233333333	35
43.87548233333333	42
44.05071999999999	35
44.05071999999999	42
44.41271866666666	42
44.593717999999996	38
44.593717999999996	42
44.942383333333325	42
45.116716	35
45.116716	42
45.472047999999994	42
45.649713999999996	38
45.649713999999996	42
45.99171266666666	35
45.99171266666666	42
46.16271199999999	35
46.16271199999999	42
46.51561533333332	42
46.692066999999994	38
46.692066999999994	42
47.03830366666666	42
47.21142199999999	35
47.21142199999999	42
47.56432533333333	42
47.740776999999994	38
47.740776999999994	42
48.093680333333324	35
48.093680333333324	42
48.270132	35
48.270132	42
48.616034	42
48.788985	38
48.788985	42
49.134887	42
49.307838	35
49.307838	42
49.65374	42
49.826691	38
49.826691	42
50.172593	35
50.172593	42
50.345544	35
50.345544	42
50.70091333333333	42
50.878598	38
50.878598	42
51.23396733333333	42
51.41165199999999	35
51.41165199999999	42
51.76035466666666	42
51.93470599999999	38
51.93470599999999	42
52.28340866666666	42
52.45775999999999	35
52.45775999999999	42
52.80926333333333	42
52.98501499999999	38
52.98501499999999	42
53.33651833333332	42
53.512269999999994	35
53.512269999999994	42
53.841804374999995	38
53.90771124999999	38
53.973618124999994	38
54.03952499999999	38
54.384361666666656	38
54.556779999999996	35
54.556779999999996	42
54.91495	42
55.09403499999999	38
55.09403499999999	42
55.445538333333324	42
55.621289999999995	35
55.621289999999995	42
55.97279333333333	42
56.14854499999999	38
56.14854499999999	42
56.48004833333332	38
56.645799999999994	35
56.645799999999994	42
57.002570000000006	42
57.180955	38
57.180955	42
57.537725	42
57.71611	35
57.71611	42
58.044331875	38
58.109976249999995	38
58.175620625	38
58.241265	38
58.58470166666666	38
58.75642	35
58.75642	42
59.09985666666666	42
59.27157499999999	38
59.27157499999999	42
59.628345	42
59.80673	35
59.80673	42
60.15683333333333	42
60.331885	38
60.331885	42
60.68198833333333	42
60.85704	35
60.85704	42
61.184946875	38
61.250528249999995	38
61.316109624999996	38
61.381691	38
61.549907999999995	38
61.634016499999994	38
61.71812499999999	38
61.886342	35
61.886342	38
62.061225666666665	38
62.23610933333333	38
62.410993	38
62.747426999999995	38
62.915644	35
62.915644	42
63.260145333333334	42
63.432396	38
63.432396	42
63.783564	42
63.959148	35
63.959148	42
64.310316	42
64.4859	38
64.4859	42
64.82373466666667	35
64.82373466666667	42
64.99265199999999	35
64.99265199999999	42
65.349422	42
65.527807	38
65.527807	42
65.87791033333333	42
66.052962	35
66.052962	42
66.40306533333333	42
66.57811699999999	38
66.57811699999999	42
66.92155366666665	35
66.92155366666665	42
67.093272	35
67.093272	42
67.43250733333332	42
67.60212499999999	38
67.60212499999999	42
67.96136033333335	42
68.140978	35
68.140978	42
68.48688	42
68.65983100000001	38
68.65983100000001	42
68.99239966666666	35
68.99239966666666	38
69.158684	35
69.158684	42
69.52072000000001	42
69.701738	38
69.701738	42
70.05710733333333	42
70.234792	35
70.234792	42
70.576828	38
70.576828	42
70.74784600000001	38
70.74784600000001	42
71.089882	38
71.089882	42
71.26089999999999	35
71.26089999999999	42
71.61240333333332	42
71.78815499999999	38
71.78815499999999	42
72.13965833333333	42
72.31540999999999	35
72.31540999999999	42
72.67358	42
72.852665	38
72.852665	42
73.18416833333332	38
73.18416833333332	42
73.34992	35
73.34992	42
73.711956	42
73.892974	38
73.892974	42
74.154501	42
74.24167666666666	42
74.416028	38
74.50320366666666	38
74.59037933333333	38
74.677555	38
74.76473066666667	38
74.85190633333333	38
74.939082	38
75.024591	38
75.1101	38
75.19560899999999	38
75.28111799999999	38
75.36662699999998	38
75.45213599999998	35
78.0292213282085	38
78.0292213282085	38
78.22020539583332	38
78.38928572916666	38
78.55836606249997	38
78.72744639583331	38
79.07227372916664	38
79.24468739583331	38
79.58951472916665	38
79.76192839583331	35
79.76192839583331	42
80.10816506249998	42
80.28128339583331	38
80.28128339583331	42
80.66085339583333	42
80.85063839583331	35
80.85063839583331	42
81.19020839583331	42
81.35999339583331	38
81.35999339583331	42
81.70623006249997	42
81.8793483958333	35
81.8793483958333	42
82.22675972916663	42
82.40046539583331	38
82.40046539583331	42
82.75454339583331	42
82.9315823958333	35
82.9315823958333	42
83.2572805208333	38
83.3224201458333	38
83.3875597708333	38
83.4526993958333	38
83.80011072916665	38
83.97381639583331	35
83.97381639583331	42
84.32789439583331	42
84.50493339583332	38
84.50493339583332	42
84.85234472916665	42
85.02605039583331	35
85.02605039583331	42
85.37346172916665	42
85.54716739583331	38
85.54716739583331	42
85.89457872916665	42
86.06828439583332	35
86.06828439583332	42
86.41967972916665	42
86.59537739583331	38
86.59537739583331	42
86.95343939583331	42
87.13247039583331	35
87.13247039583331	42
87.45565352083331	38
87.52029014583331	38
87.58492677083332	38
87.64956339583331	38
87.98095872916664	38
88.14665639583332	35
88.14665639583332	42
88.50202572916665	42
88.67971039583331	38
88.67971039583331	42
89.04174639583333	42
89.22276439583332	35
89.22276439583332	42
89.55813372916664	42
89.72581839583331	38
89.72581839583331	42
90.08118772916666	42
90.25887239583331	35
90.25887239583331	42
90.6047743958333	42
90.7777253958333	38
90.7777253958333	42
91.12362739583331	42
91.29657839583331	35
91.29657839583331	42
91.6208615208333	42
91.6857181458333	38
91.75057477083331	38
91.81543139583331	38
92.16800006249998	38
92.34428439583331	35
92.34428439583331	42
92.6933223958333	42
92.86784139583331	38
92.86784139583331	42
93.21021272916664	42
93.38139839583332	35
93.38139839583332	42
93.74376972916664	42
93.92495539583331	38
93.92495539583331	42
94.27399339583332	42
94.4485123958333	35
94.4485123958333	42
94.79968039583329	42
94.97526439583329	38
94.97526439583329	42
95.32643239583331	42
95.5020163958333	35
95.5020163958333	42
95.8124863958333	42
95.8745803958333	38
95.93667439583331	38
95.99876839583331	38
96.34326972916664	38
96.5155203958333	35
96.5155203958333	42
96.8722903958333	42
97.0506753958333	38
97.0506753958333	42
97.40077872916663	38
97.40077872916663	42
97.5758303958333	35
97.5758303958333	42
97.92593372916663	42
98.10098539583329	38
98.10098539583329	42
98.45108872916663	42
98.6261403958333	35
98.6261403958333	42
98.9530491458333	38
99.0184308958333	38
99.0838126458333	38
99.1491943958333	38
99.49789706249997	38
99.67224839583331	35
99.67224839583331	42
100.02095106249998	42
100.19530239583331	38
100.19530239583331	42
100.53733839583332	42
100.7083563958333	35
100.7083563958333	42
101.04776514583331	42
101.11564689583331	38
101.1835286458333	38
101.2514103958333	38
101.60677972916665	38
101.78446439583331	35
101.78446439583331	42
102.1265003958333	42
102.29751839583331	38
102.29751839583331	42
102.6395543958333	38
102.6395543958333	42
102.8105723958333	35
103.0104676458333	49
103.16594172916665	38
103.16594172916665	49
103.34362639583331	38
103.34362639583331	49
103.51797772916665	38
103.51797772916665	49
103.69232906249998	38
103.69232906249998	49
103.86668039583331	38
103.86668039583331	49
104.04103172916665	38
104.04103172916665	49
104.21538306249998	38
104.21538306249998	49
104.38973439583332	38
104.38973439583332	49
104.73843706249997	35
104.73843706249997	49
104.9127883958333	35
104.9127883958333	49
105.28076172916664	49
105.46474839583331	38
105.46474839583331	49
105.82605506249998	35
105.82605506249998	49
106.00670839583331	35
106.00670839583331	49
106.36801506249998	49
106.5486683958333	38
106.5486683958333	49
106.90997506249998	35
106.90997506249998	49
107.0906283958333	35
107.0906283958333	49
107.43686506249996	49
107.6099833958333	38
107.6099833958333	49
107.96288672916664	49
108.1393383958333	35
108.1393383958333	49
108.4701852708333	38
108.5363546458333	38
108.6025240208333	38
108.6686933958333	38
109.01493006249996	38
109.01493006249996	49
109.18804839583329	35
109.18804839583329	49
109.55988706249995	49
109.7458063958333	38
109.7458063958333	49
110.10431172916664	49
110.2835643958333	35
110.2835643958333	49
110.63540306249996	49
110.8113223958333	38
110.8113223958333	49
111.16982772916663	49
111.3490803958333	35
111.3490803958333	49
111.70198372916663	49
111.87843539583329	38
111.87843539583329	49
112.23133872916664	38
112.23133872916664	49
112.4077903958333	35
112.4077903958333	38
112.4077903958333	49
112.58090872916664	38
112.58090872916664	49
112.75402706249996	38
112.75402706249996	49
112.92714539583329	38
112.92714539583329	49
113.2867153958333	35
113.2867153958333	38
113.4665003958333	35
113.4665003958333	49
113.82500572916662	49
114.00425839583329	38
114.00425839583329	49
114.36276372916663	49
114.54201639583329	35
114.54201639583329	49
114.9071883958333	49
115.0897743958333	38
115.0897743958333	49
115.44827972916663	49
115.6275323958333	35
115.6275323958333	49
115.97376906249995	49
116.14688739583329	38
116.14688739583329	49
116.49979072916663	49
116.6762423958333	35
116.6762423958333	49
117.02914572916663	38
117.02914572916663	49
117.2055973958333	38
117.2055973958333	49
117.55850072916662	35
117.55850072916662	38
117.55850072916662	49
117.73495239583329	35
117.73495239583329	49
118.08679106249994	49
118.26271039583328	38
118.26271039583328	49
118.6278823958333	49
118.81046839583328	35
118.81046839583328	49
119.16230706249995	49
119.33822639583329	38
119.33822639583329	49
119.69673172916661	49
119.87598439583329	35
119.87598439583329	49
120.2327543958333	49
120.41113939583329	38
120.41113939583329	49
120.76124272916663	49
120.93629439583329	35
120.93629439583329	49
121.2930643958333	38
121.2930643958333	49
121.47144939583329	38
121.47144939583329	49
121.80821939583328	35
121.80821939583328	38
121.80821939583328	49
121.97660439583329	35
121.97660439583329	49
122.34004106249996	49
122.5217593958333	38
122.5217593958333	49
122.87186272916662	38
122.87186272916662	49
123.0469143958333	35
123.0469143958333	49
123.39701772916663	35
123.39701772916663	49
123.5720693958333	38
123.5720693958333	49
123.92217272916663	35
123.92217272916663	49
124.0972243958333	35
124.0972243958333	49
124.45012772916662	49
124.62657939583329	38
124.62657939583329	49
124.97948272916663	38
124.97948272916663	49
125.1559343958333	35
125.1559343958333	49
125.50883772916663	49
125.6852893958333	38
125.6852893958333	49
126.03819272916662	35
126.03819272916662	49
126.21464439583329	35
126.21464439583329	49
126.5742143958333	49
126.75399939583329	38
126.75399939583329	49
127.1135693958333	38
127.1135693958333	49
127.29335439583329	35
127.29335439583329	49
127.63292439583329	49
127.80270939583329	38
127.80270939583329	49
128.15561272916662	49
128.33206439583327	35
128.33206439583327	49
128.50851606249995	49
128.6849677291666	49
128.86141939583328	49
129.20765606249995	38
129.20765606249995	49
129.3807743958333	35
129.3807743958333	38
129.3807743958333	49
129.72701106249997	38
129.72701106249997	49
129.9001293958333	35
129.9001293958333	38
129.9001293958333	49
130.23969939583327	35
130.23969939583327	38
130.4094843958333	35
130.4094843958333	49
130.76905439583328	42
130.9488393958333	38
130.9488393958333	42
131.31507606249997	42
131.49819439583328	35
131.49819439583328	42
131.84443106249995	42
132.0175493958333	38
132.0175493958333	42
132.3771193958333	42
132.5569043958333	35
132.5569043958333	42
132.9112083958333	42
133.0883603958333	38
133.0883603958333	42
133.4426643958333	42
133.6198163958333	35
133.6198163958333	42
133.9582263958333	42
134.02590839583328	38
134.0935903958333	38
134.1612723958333	38
134.50890972916662	38
134.6827283958333	35
134.6827283958333	42
135.0370323958333	42
135.21418439583329	38
135.21418439583329	42
135.5684883958333	42
135.7456403958333	35
135.7456403958333	42
136.0999443958333	42
136.2770963958333	38
136.2770963958333	42
136.6314003958333	42
136.8085523958333	35
136.8085523958333	42
137.14918706249995	42
137.3195043958333	38
137.3195043958333	42
137.6734723958333	42
137.85045639583328	35
137.85045639583328	42
138.1760513958333	42
138.24117039583328	38
138.3062893958333	38
138.3714083958333	38
138.71204306249996	38
138.8823603958333	35
138.8823603958333	42
139.23632839583328	42
139.4133123958333	38
139.4133123958333	42
139.75394706249998	42
139.9242643958333	35
139.9242643958333	42
140.27156572916664	42
140.44521639583328	38
140.44521639583328	42
140.79251772916663	42
140.9661683958333	35
140.9661683958333	42
141.3201363958333	42
141.4971203958333	38
141.4971203958333	42
141.85108839583327	42
142.02807239583328	35
142.02807239583328	42
142.35366739583327	42
142.41878639583328	38
142.4839053958333	38
142.54902439583327	38
142.88965906249996	38
143.0599763958333	35
143.0599763958333	42
143.40867906249997	42
143.5830303958333	38
143.5830303958333	42
143.9250663958333	42
144.09608439583332	35
144.09608439583332	42
144.45145372916664	42
144.6291383958333	38
144.6291383958333	42
144.99117439583333	42
145.17219239583332	35
145.17219239583332	42
145.50756172916664	42
145.6752463958333	38
145.6752463958333	42
146.03061572916664	42
146.2083003958333	35
146.2083003958333	42
146.5352091458333	42
146.6005908958333	38
146.6659726458333	38
146.7313543958333	38
147.07339039583331	38
147.2444083958333	35
147.2444083958333	42
147.59311106249996	42
147.7674623958333	38
147.7674623958333	42
148.11616506249996	38
148.11616506249996	42
148.2905163958333	35
148.2905163958333	42
148.64588572916662	42
148.8235703958333	38
148.8235703958333	42
149.17227306249995	42
149.3466243958333	35
149.3466243958333	42
149.69812772916663	42
149.87387939583328	38
149.87387939583328	42
150.21871606249996	38
150.21871606249996	42
150.3911343958333	35
150.3911343958333	42
150.73597106249997	42
150.9083893958333	38
150.9083893958333	42
151.25989272916664	42
151.4356443958333	35
151.4356443958333	42
151.7938143958333	42
151.9728993958333	38
151.9728993958333	42
152.32440272916662	38
152.32440272916662	42
152.5001543958333	35
152.5001543958333	42
152.85165772916662	42
153.0274093958333	38
153.0274093958333	42
153.3855793958333	42
153.5646643958333	35
153.5646643958333	42
153.9214343958333	42
154.09981939583332	38
154.09981939583332	42
154.44992272916664	38
154.44992272916664	42
154.6249743958333	35
154.6249743958333	42
154.96841106249997	38
154.96841106249997	42
155.1401293958333	38
155.1401293958333	42
155.4768993958333	38
155.4768993958333	42
155.6452843958333	35
155.6452843958333	42
156.0034543958333	42
156.1825393958333	38
156.1825393958333	42
156.53404272916663	38
156.53404272916663	42
156.70979439583328	35
156.70979439583328	42
157.0679643958333	42
157.24704939583327	38
157.24704939583327	42
157.5985527291666	42
157.77430439583327	35
157.77430439583327	42
158.11914106249995	42
158.2915593958333	38
158.2915593958333	42
158.64306272916662	38
158.64306272916662	42
158.8188143958333	35
158.8188143958333	42
159.1703177291666	42
159.3460693958333	38
159.3460693958333	42
159.69757272916664	35
159.69757272916664	42
159.8733243958333	35
159.8733243958333	42
160.21816106249997	42
160.3905793958333	38
160.3905793958333	42
160.74208272916664	42
160.9178343958333	35
160.9178343958333	42
161.26933772916664	42
161.4450893958333	38
161.4450893958333	42
161.79659272916663	42
161.9723443958333	35
161.9723443958333	42
162.32104706249996	42
162.4953983958333	38
162.4953983958333	42
162.84410106249996	42
163.0184523958333	35
163.0184523958333	42
163.3516111458333	38
163.4182428958333	38
163.4848746458333	38
163.5515063958333	38
163.90020906249995	38
164.0745603958333	35
164.0745603958333	42
164.42326306249996	42
164.5976143958333	38
164.5976143958333	42
164.94631706249996	38
164.94631706249996	42
165.1206683958333	35
165.1206683958333	42