7.300801518749999	35
7.300801518749999	49
7.53980801875	42
7.778814518749999	38
7.778814518749999	42
8.017821018749999	35
8.017821018749999	42
8.256827518749999	42
8.73484051875	38
8.73484051875	38
8.968847018750001	42
9.202853518749999	35
9.202853518749999	42
9.441485018749999	42
9.68011651875	38
9.68011651875	42
9.918748018749998	35
9.918748018749998	42
10.157379518749998	42
10.396011018749999	42
10.634642518749999	38
10.634642518749999	42
10.87327401875	42
11.11190551875	35
11.11190551875	42
11.350537018749998	42
11.589168518749998	38
11.589168518749998	42
11.827800018749999	35
11.827800018749999	42
12.066431518749999	42
12.54369451875	38
12.54369451875	38
12.782326018749998	42
13.020957518749999	35
13.020957518749999	42
13.25383901875	42
13.48672051875	38
13.48672051875	42
13.724602018749998	35
13.724602018749998	42
13.962483518749998	42
14.200365018749999	42
14.438246518749999	38
14.438246518749999	42
14.67612801875	42
14.91400951875	35
14.91400951875	42
15.15189101875	42
15.389772518749998	38
15.389772518749998	42
15.627654018749999	35
15.627654018749999	42
15.865535518749999	42
16.351298518749996	38
16.351298518749996	38
16.589180018749996	42
16.827061518749996	35
16.827061518749996	42
17.065693018749997	42
17.304324518749997	38
17.304324518749997	42
17.542956018749997	35
17.542956018749997	42
17.781587518749998	42
18.01521901875	42
18.248850518749997	38
18.248850518749997	42
18.487482018749997	42
18.726113518749997	35
18.726113518749997	42
18.968488018749998	42
19.210862518749995	38
19.210862518749995	42
19.448237018749996	35
19.448237018749996	42
19.685611518749994	42
20.160360518749997	38
20.160360518749997	38
20.397735018749994	42
20.635109518749996	35
20.635109518749996	42
20.873609518749994	42
21.112109518749996	38
21.112109518749996	42
21.350609518749994	35
21.350609518749994	42
21.589109518749996	42
21.827609518749995	42
22.066109518749997	38
22.066109518749997	42
22.304609518749995	42
22.543109518749997	35
22.543109518749997	49
22.780859018749997	42
23.018608518749996	38
23.018608518749996	42
23.256358018749996	35
23.256358018749996	42
23.494107518749995	42
23.96960651875	38
23.96960651875	38
24.207356018749998	42
24.445105518749997	35
24.445105518749997	42
24.683230518749998	42
24.921355518749998	38
24.921355518749998	42
25.159480518749998	35
25.159480518749998	42
25.397605518749998	42
25.635730518749998	42
25.87385551875	38
25.87385551875	42
26.11198051875	42
26.35010551875	35
26.35010551875	42
26.58823051875	42
26.82635551875	38
26.82635551875	42
27.06448051875	35
27.06448051875	42
27.302605518749996	42
27.778855518749996	38
27.778855518749996	38
28.016980518749996	42
28.255105518749996	35
28.255105518749996	42
28.492855018749996	42
28.730604518749995	38
28.730604518749995	42
28.963354018749996	35
28.963354018749996	42
29.196103518749997	42
29.43885301875	42
29.681602518749997	38
29.681602518749997	42
29.919352018749997	42
30.157101518749997	35
30.157101518749997	42
30.395226518749997	42
30.633351518749997	38
30.633351518749997	42
30.871476518749997	35
30.871476518749997	42
31.109601518749997	42
31.585851518749998	38
31.585851518749998	38
31.82397651875	42
32.06210151875	35
32.06210151875	42
32.30060151875	42
32.539101518749995	38
32.539101518749995	42
32.77760151875	35
32.77760151875	42
33.01610151875	42
33.25460151875	42
33.493101518749995	38
33.493101518749995	42
33.73160151875	42
33.97010151875	35
33.97010151875	42
34.20860151875	42
34.447101518749996	38
34.447101518749996	42
34.68560151875	35
34.68560151875	42
34.92410151875	42
35.401101518749996	38
35.401101518749996	38
35.634601518749996	42
35.868101518749995	35
35.868101518749995	42
36.11047601875	42
36.35285051875	38
36.35285051875	42
36.59022501875	35
36.59022501875	42
36.82759951875	42
37.06497401875	42
37.30234851875	38
37.30234851875	42
37.53972301875	42
37.77709751875	35
37.77709751875	42
38.015222518749994	42
38.25334751875	38
38.25334751875	42
38.491472518749994	35
38.491472518749994	42
38.72959751875	42
39.20584751875	38
39.20584751875	38
39.443972518749995	42
39.68209751875	35
39.68209751875	42
39.920222518749995	42
40.15834751875	38
40.15834751875	42
40.396472518749995	35
40.396472518749995	42
40.63459751875	42
40.872722518749995	42
41.11084751875	38
41.11084751875	42
41.348972518749996	42
41.58709751875	35
41.58709751875	42
41.82484701875	42
42.06259651875	38
42.06259651875	42
42.30034601875	35
42.30034601875	42
42.53809551875	42
43.01359451875	38
43.01359451875	38
43.25134401875	42
43.489093518749996	35
43.489093518749996	42
43.72721851874999	42
43.96534351875	38
43.96534351875	42
44.20346851874999	35
44.20346851874999	42
44.44159351875	42
44.67971851874999	42
44.91784351875	38
44.91784351875	42
45.155968518749994	42
45.39409351875	35
45.39409351875	42
45.63259351875	42
45.871093518749994	38
45.871093518749994	42
46.109593518749996	35
46.109593518749996	42
46.34809351875	42
46.825093518749995	38
46.825093518749995	38
47.06359351875	42
47.30209351875	35
47.30209351875	42
47.53984301875	42
47.77759251875	38
47.77759251875	42
48.01534201875	35
48.01534201875	42
48.25309151875	42
48.49084101875	42
48.728590518749996	38
48.728590518749996	42
48.966340018749996	42
49.204089518749996	35
49.204089518749996	42
49.441895018749996	42
49.679700518749996	38
49.679700518749996	42
49.91750601875	35
49.91750601875	42
50.15531151875	42
50.63092251875	38
50.63092251875	38
50.86872801875	42
51.10653351875	35
51.10653351875	42
51.34471401875	42
51.582894518749995	38
51.582894518749995	42
51.82107501875	35
51.82107501875	42
52.05925551875	42
52.29743601875	38
52.29743601875	38
52.53561651875	38
52.53561651875	38
52.773797018749995	35
53.01197751875	35
53.01197751875	42
53.25053301875	42
53.48908851875	38
53.48908851875	42
53.72764401875	35
53.72764401875	42
53.96619951875	42
54.20475501875	42
54.44331051875	38
54.44331051875	38
54.68186601875	42
54.920421518750004	35
54.920421518750004	42
55.158227018750004	42
55.396032518750005	38
55.396032518750005	42
55.633838018750005	35
55.633838018750005	42
55.871643518750005	42
56.109449018750006	42
56.347254518750006	38
56.347254518750006	42
56.585060018750006	42
56.82286551875001	35
56.82286551875001	42
57.061046018750005	42
57.299226518750004	38
57.299226518750004	42
57.53740701875001	35
57.53740701875001	42
57.77558751875001	42
58.01376801875001	42
58.251948518750005	38
58.251948518750005	38
58.490129018750004	42
58.72830951875001	35
58.72830951875001	42
58.96649001875001	42
59.20467051875001	38
59.20467051875001	42
59.442851018750005	35
59.442851018750005	42
59.681031518750004	42
59.91921201875001	42
60.15739251875001	38
60.15739251875001	42
60.39557301875001	42
60.633753518750005	35
60.633753518750005	49
60.871934018750004	42
61.11011451875001	38
61.11011451875001	42
61.34829501875001	35
61.34829501875001	42
61.58647551875001	42
61.824656018750005	42
62.062836518750004	38
62.062836518750004	38
62.30101701875001	42
62.53919751875001	35
62.53919751875001	42
62.77700301875001	42
63.01480851875001	38
63.01480851875001	42
63.25261401875001	35
63.25261401875001	42
63.49041951875001	42
63.72822501875001	42
63.96603051875001	38
63.96603051875001	42
64.20383601875	42
64.44164151875	35
64.44164151875	42
64.68019701875001	42
64.91875251875	38
64.91875251875	42
65.15730801875	35
65.15730801875	42
65.39586351875	42
65.63441901875001	42
65.87297451875	38
65.87297451875	38
66.11153001875	42
66.35008551875	35
66.35008551875	42
66.58789101875	42
66.82569651875001	38
66.82569651875001	42
67.06350201875	35
67.06350201875	42
67.30130751875001	42
67.53911301875	35
67.53911301875	38
67.53911301875	47
67.77691851875001	42
68.01472401875	35
68.01472401875	38
68.01472401875	47
68.25252951875001	35
68.25252951875001	49
68.49033501875	49
68.72814051875001	38
68.72814051875001	49
68.97594601875001	35
68.97594601875001	49
69.22375151875002	49
69.22375151875002	49
69.45655701875	47
69.45655701875	49
69.68936251875002	38
69.68936251875002	49
69.92716801875001	49
70.16497351875002	35
70.16497351875002	49
70.40315401875002	35
70.40315401875002	49
70.64133451875001	38
70.64133451875001	49
70.87951501875001	35
70.87951501875001	49
71.11769551875001	49
71.35587601875002	49
71.59405651875002	38
71.59405651875002	49
71.82723701875001	49
72.06041751875001	35
72.06041751875001	49
72.29784801875002	49
72.53527851875002	38
72.53527851875002	49
72.77770901875003	35
72.77770901875003	49
73.02013951875001	49
73.02013951875001	49
73.25257001875	47
73.25257001875	49
73.48500051875001	38
73.48500051875001	49
73.72743101875002	49
73.96986151875002	35
73.96986151875002	49
74.20804201875002	35
74.20804201875002	49
74.44622251875002	38
74.44622251875002	49
74.68440301875002	35
74.68440301875002	49
74.92258351875002	49
75.16076401875003	38
75.16076401875003	47
75.39894451875003	35
75.39894451875003	49
75.63712501875003	38
75.63712501875003	47
75.87530551875003	35
75.87530551875003	49
76.11348601875002	49
76.35166651875002	38
76.35166651875002	49
76.58984701875002	35
76.58984701875002	49
76.82802751875002	49
76.82802751875002	49
77.06620801875002	47
77.06620801875002	49
77.30438851875002	38
77.30438851875002	49
77.54256901875002	49
77.78074951875003	35
77.78074951875003	49
78.01855501875002	35
78.01855501875002	49
78.25636051875003	38
78.25636051875003	49
78.49416601875002	35
78.49416601875002	49
78.73197151875003	49
78.96977701875002	49
79.20758251875003	38
79.20758251875003	49
79.44538801875002	49
79.68319351875003	35
79.68319351875003	49
79.92137401875003	49
80.15955451875003	38
80.15955451875003	49
80.39773501875003	35
80.39773501875003	49
80.63591551875002	49
80.63591551875002	49
80.87409601875004	47
80.87409601875004	49
81.11227651875004	38
81.11227651875004	49
81.35045701875003	49
81.58863751875003	35
81.58863751875003	49
81.82719301875004	35
81.82719301875004	49
82.06574851875003	38
82.06574851875003	49
82.30430401875003	35
82.30430401875003	49
82.54285951875003	35
82.54285951875003	49
82.78141501875004	35
82.78141501875004	38
82.78141501875004	47
83.01997051875003	35
83.01997051875003	38
83.01997051875003	49
83.25352601875002	38
83.25352601875002	47
83.48708151875003	35
83.48708151875003	49
83.72951201875004	42
83.97194251875004	38
83.97194251875004	42
84.20937301875004	35
84.20937301875004	42
84.44680351875003	42
84.92166451875003	38
84.92166451875003	38
85.15909501875004	42
85.39652551875004	35
85.39652551875004	42
85.63508101875004	42
85.87363651875003	38
85.87363651875003	42
86.11219201875004	35
86.11219201875004	42
86.35074751875004	42
86.58930301875004	42
86.82785851875003	38
86.82785851875003	42
87.06641401875004	42
87.30496951875004	35
87.30496951875004	42
87.54240001875004	42
87.77983051875005	38
87.77983051875005	42
88.02226101875006	35
88.02226101875006	42
88.26469151875004	42
88.72955251875004	38
88.72955251875004	38
88.96698301875004	42
89.20441351875004	35
89.20441351875004	42
89.44371901875004	42
89.68302451875005	38
89.68302451875005	42
89.92233001875005	35
89.92233001875005	42
90.16163551875005	42
90.40094101875005	42
90.64024651875005	38
90.64024651875005	42
90.87455201875004	42
91.10885751875004	35
91.10885751875004	42
91.35016301875005	42
91.59146851875005	38
91.59146851875005	42
91.82777401875005	35
91.82777401875005	42
92.06407951875005	42
92.53669051875005	38
92.53669051875005	38
92.77299601875005	42
93.00930151875005	35
93.00930151875005	42
93.24823201875004	42
93.48716251875005	38
93.48716251875005	42
93.72609301875005	35
93.72609301875005	42
93.96502351875004	42
94.20395401875005	42
94.44288451875005	38
94.44288451875005	42
94.68181501875004	42
94.92074551875005	35
94.92074551875005	42
95.15967601875005	42
95.39860651875006	38
95.39860651875006	42
95.63753701875005	35
95.63753701875005	42
95.87646751875005	42
96.35432851875005	38
96.35432851875005	38
96.59325901875005	42
96.83218951875006	35
96.83218951875006	42
97.06849501875006	42
97.30480051875006	38
97.30480051875006	42
97.54110601875006	35
97.54110601875006	42
97.77741151875006	42
98.01371701875006	42
98.25002251875006	38
98.25002251875006	42
98.49132801875007	42
98.73263351875006	35
98.73263351875006	42
98.97118901875007	42
99.20974451875006	38
99.20974451875006	42
99.44830001875006	35
99.44830001875006	42
99.68685551875006	42
100.16396651875006	38
100.16396651875006	38
100.39752201875005	42
100.63107751875006	35
100.63107751875006	42
100.87000801875006	42
101.10893851875007	38
101.10893851875007	42
101.34786901875006	35
101.34786901875006	42
101.58679951875006	42
101.82573001875006	42
102.06466051875006	38
102.06466051875006	42
102.30359101875005	42
102.54252151875006	35
102.54252151875006	42
102.77995201875007	42
103.01738251875007	38
103.01738251875007	42
103.25481301875007	35
103.25481301875007	42
103.49224351875006	42
103.96710451875006	38
103.96710451875006	38
104.20453501875006	42
104.44196551875007	35
104.44196551875007	42
104.68014601875007	42
104.91832651875006	38
104.91832651875006	42
105.15650701875006	35
105.15650701875006	42
105.39468751875006	42
105.63286801875006	42
105.87104851875007	38
105.87104851875007	42
106.10922901875007	42
106.34740951875007	35
106.34740951875007	42
106.58521501875006	42
106.82302051875007	38
106.82302051875007	42
107.06082601875006	35
107.06082601875006	42
107.29863151875007	42
107.77424251875007	38
107.77424251875007	38
108.01204801875006	42
108.24985351875007	35
108.24985351875007	42
108.48840901875008	42
108.72696451875007	38
108.72696451875007	42
108.96552001875007	35
108.96552001875007	42
109.20407551875007	42
109.44263101875008	42
109.68118651875007	38
109.68118651875007	42
109.91974201875007	42
110.15829751875008	35
110.15829751875008	42
110.39647801875007	42
110.63465851875007	38
110.63465851875007	42
110.87283901875007	35
110.87283901875007	42
111.11101951875007	42
111.58738051875008	38
111.58738051875008	38
111.82556101875008	42
112.06374151875008	35
112.06374151875008	42
112.30229701875008	42
112.54085251875007	38
112.54085251875007	42
112.77940801875008	35
112.77940801875008	42
113.01796351875008	42
113.25651901875008	38
113.25651901875008	38
113.49507451875007	38
113.49507451875007	38
113.73363001875008	35
113.97218551875008	35
113.97218551875008	42
114.20999101875007	42
114.44779651875008	38
114.44779651875008	42
114.68560201875007	35
114.68560201875007	42
114.92340751875008	42
115.16121301875008	42
115.39901851875008	38
115.39901851875008	38
115.63682401875008	42
115.87462951875008	35
115.87462951875008	42
116.11281001875008	42
116.35099051875008	38
116.35099051875008	42
116.58917101875008	35
116.58917101875008	42
116.82735151875008	42
117.06553201875008	42
117.30371251875009	38
117.30371251875009	42
117.54189301875009	42
117.78007351875009	35
117.78007351875009	42
118.01825401875008	42
118.25643451875008	38
118.25643451875008	42
118.49461501875008	35
118.49461501875008	42
118.73279551875008	42
118.97097601875008	42
119.20915651875008	38
119.20915651875008	38
119.44733701875009	42
119.68551751875009	35
119.68551751875009	42
119.9240730187501	42
120.16262851875008	38
120.16262851875008	42
120.40118401875009	35
120.40118401875009	42
120.63973951875009	42
120.87329501875008	42
121.10685051875008	38
121.10685051875008	42
121.34540601875008	42
121.58396151875009	35
121.58396151875009	49
121.82214201875009	42
122.06032251875008	38
122.06032251875008	42
122.29850301875008	35
122.29850301875008	42
122.53668351875008	42
122.77486401875008	42
123.01304451875009	38
123.01304451875009	38
123.25122501875009	42
123.48940551875009	35
123.48940551875009	42
123.7314610187501	42
123.97351651875009	38
123.97351651875009	42
124.2105720187501	35
124.2105720187501	42
124.4476275187501	42
124.68468301875009	42
124.92173851875009	38
124.92173851875009	42
125.1587940187501	42
125.3958495187501	35
125.3958495187501	42
125.6344050187501	42
125.87296051875009	38
125.87296051875009	42
126.1115160187501	35
126.1115160187501	42
126.3500715187501	42
126.5886270187501	42
126.82718251875009	38
126.82718251875009	38
127.0657380187501	42
127.3042935187501	35
127.3042935187501	42
127.5424740187501	42
127.7806545187501	38
127.7806545187501	42
128.0188350187501	35
128.0188350187501	42
128.2570155187501	42
128.4951960187501	35
128.4951960187501	38
128.4951960187501	47
128.7333765187501	38
128.9715570187501	35
128.9715570187501	47
129.2097375187501	35
129.2097375187501	49
129.4467930187501	49
129.6838485187501	38
129.6838485187501	49
129.9259040187501	35
129.9259040187501	49
130.16795951875008	49
130.16795951875008	49
130.4050150187501	47
130.4050150187501	49
130.6420705187501	38
130.6420705187501	49
130.8741260187501	49
131.1061815187501	35
131.1061815187501	49
131.3501120187501	49
131.5940425187501	38
131.5940425187501	49
131.8329730187501	35
131.8329730187501	49
132.0719035187501	49
132.3058340187501	49
132.5397645187501	38
132.5397645187501	49
132.7786950187501	49
133.0176255187501	35
133.0176255187501	49
133.2546810187501	49
133.4917365187501	38
133.4917365187501	49
133.73379201875008	35
133.73379201875008	49
133.97584751875007	49
133.97584751875007	49
134.2129030187501	47
134.2129030187501	49
134.4499585187501	38
134.4499585187501	49
134.6870140187501	49
134.9240695187501	35
134.9240695187501	49
135.1630000187501	35
135.1630000187501	49
135.40193051875008	38
135.40193051875008	49
135.6358610187501	35
135.6358610187501	49
135.8697915187501	49
136.1087220187501	38
136.1087220187501	47
136.3476525187501	49
136.5865830187501	38
136.5865830187501	47
136.82551351875009	35
136.82551351875009	49
137.0633190187501	49
137.30112451875007	38
137.30112451875007	49
137.53893001875008	35
137.53893001875008	49
137.7767355187501	49
137.7767355187501	49
138.0145410187501	47
138.0145410187501	49
138.25234651875007	38
138.25234651875007	49
138.49015201875008	49
138.7279575187501	35
138.7279575187501	49
138.9661380187501	35
138.9661380187501	49
139.20431851875009	38
139.20431851875009	49
139.44249901875008	35
139.44249901875008	49
139.68067951875008	49
139.91886001875008	49
140.15704051875008	38
140.15704051875008	49
140.39522101875008	49
140.63340151875008	35
140.63340151875008	49
140.87083201875006	49
141.10826251875008	38
141.10826251875008	49
141.35069301875006	35
141.35069301875006	49
141.59312351875008	49
141.59312351875008	49
141.83055401875006	47
141.83055401875006	49
142.06798451875008	38
142.06798451875008	49
142.30541501875007	49
142.54284551875006	35
142.54284551875006	49
142.78223001875006	35
142.78223001875006	49
143.02161451875006	38
143.02161451875006	49
143.25599901875006	35
143.25599901875006	49
143.49038351875006	49
143.72976801875006	35
143.72976801875006	38
143.72976801875006	47
143.96915251875006	38
143.96915251875006	49
144.20853701875006	35
144.20853701875006	38
144.20853701875006	47
144.44792151875006	35
144.44792151875006	49
145.17382501875005	35
146.11836301875005	35
146.34699751875007	35
147.06015101875008	35
148.02768901875007	35
148.26207351875007	35
148.96235051875004	35
149.91938651875006	35
150.15614551875007	35
150.86979751875006	35
151.83133351875006	35
152.06921751875007	35
152.77399601875007	35
153.71703401875004	35
153.95529351875007	35
154.67007201875006	35
155.63811001875007	35
155.88136951875006	35
156.59502151875006	35
157.53655751875007	35
157.77444151875008	35
158.48484351875007	35
159.68551351875007	35
159.68551351875007	47
159.68551351875007	47
174.20597501875008	38
174.43741051875008	38
174.43741051875008	38
174.67384601875008	35
174.91028151875008	35
174.91028151875008	49
175.1497170187501	42
175.38915251875008	38
175.38915251875008	42
175.6285880187501	35
175.6285880187501	42
175.86802351875008	42
176.34689451875008	38
176.34689451875008	38
176.5863300187501	42
176.82576551875007	35
176.82576551875007	42
177.06220101875007	42
177.29863651875007	38
177.29863651875007	42
177.54007201875007	35
177.54007201875007	42
177.78150751875006	42
178.01794301875006	42
178.25437851875006	38
178.25437851875006	42
178.49081401875006	42
178.72724951875006	35
178.72724951875006	42
178.96668501875007	42
179.20612051875005	38
179.20612051875005	42
179.44555601875007	35
179.44555601875007	42
179.68499151875005	42
180.16386251875005	38
180.16386251875005	38
180.40329801875006	42
180.64273351875005	35
180.64273351875005	42
180.87604451875006	42
181.10935551875005	38
181.10935551875005	42
181.34766651875006	35
181.34766651875006	42
181.58597751875007	42
181.82428851875005	42
182.06259951875006	38
182.06259951875006	42
182.30091051875007	42
182.53922151875005	35
182.53922151875005	49
182.77678251875005	42
183.01434351875005	38
183.01434351875005	42
183.25190451875005	35
183.25190451875005	42
183.48946551875005	42
183.97458751875004	38
183.97458751875004	38
184.21214851875004	42
184.44970951875004	35
184.44970951875004	42
184.68727051875004	42
184.92483151875004	38
184.92483151875004	42
185.16239251875004	35
185.16239251875004	42
185.39995351875004	42
185.63751451875004	42
185.87507551875004	38
185.87507551875004	42
186.11263651875004	42
186.35019751875004	35
186.35019751875004	42
186.58925851875003	42
186.82831951875005	38
186.82831951875005	42
187.06238051875005	35
187.06238051875005	42
187.29644151875004	42
187.77456351875006	38
187.77456351875006	38
188.01362451875005	42
188.25268551875004	35
188.25268551875004	42
188.48949651875003	42
188.72630751875005	38
188.72630751875005	42
188.96311851875004	35
188.96311851875004	42
189.19992951875005	42
189.44174051875004	35
189.44174051875004	38
189.44174051875004	47
189.68355151875002	38
189.92036251875004	35
189.92036251875004	47
190.15717351875003	35
190.15717351875003	49
190.39623451875002	49
190.63529551875004	38
190.63529551875004	49
190.87935651875003	35
190.87935651875003	49
191.12341751875002	49
191.12341751875002	49
191.35747851875	47
191.35747851875	49
191.59153951875004	38
191.59153951875004	49
191.82560051875004	49
192.05966151875003	35
192.05966151875003	49
192.29759751875002	35
192.29759751875002	49
192.53553351875004	38
192.53553351875004	49
192.77346951875003	35
192.77346951875003	49
193.01140551875002	49
193.24934151875004	49
193.48727751875003	38
193.48727751875003	49
193.73021351875002	49
193.97314951875003	35
193.97314951875003	49
194.21146051875004	49
194.44977151875003	38
194.44977151875003	49
194.68808251875004	35
194.68808251875004	49
194.92639351875005	49
194.92639351875005	49
195.16470451875003	47
195.16470451875003	49
195.40301551875004	38
195.40301551875004	49
195.63632651875002	49
195.86963751875004	35
195.86963751875004	49
196.10832351875004	35
196.10832351875004	49
196.34700951875004	38
196.34700951875004	49
196.58569551875004	35
196.58569551875004	49
196.82438151875004	49
197.06306751875005	35
197.06306751875005	38
197.06306751875005	47
197.30175351875005	49
197.54043951875005	35
197.54043951875005	38
197.54043951875005	47
197.77912551875005	35
197.77912551875005	49
198.02056101875004	49
198.26199651875004	38
198.26199651875004	49
198.49843201875004	35
198.49843201875004	49
198.73486751875004	49
198.73486751875004	49
198.97130301875004	47
198.97130301875004	49
199.20773851875003	38
199.20773851875003	49
199.44417401875003	49
199.68060951875003	35
199.68060951875003	49
199.91929551875003	35
199.91929551875003	49
200.15798151875003	38
200.15798151875003	49
200.39666751875004	35
200.39666751875004	49
200.63535351875004	49
200.87403951875004	49
201.11272551875004	38
201.11272551875004	49
201.35141151875004	49
201.59009751875004	35
201.59009751875004	49
201.82803351875003	49
202.06596951875005	38
202.06596951875005	49
202.30890551875004	35
202.30890551875004	49
202.55184151875002	49
202.55184151875002	49
202.78477751875005	47
202.78477751875005	49
203.01771351875004	38
203.01771351875004	49
203.25564951875003	49
203.49358551875005	35
203.49358551875005	49
203.73152151875004	35
203.73152151875004	49
203.96945751875003	38
203.96945751875003	49
204.20739351875005	35
204.20739351875005	49
204.44532951875004	49
204.68326551875003	35
204.68326551875003	38
204.68326551875003	47
204.92120151875005	38
204.92120151875005	49
205.15913751875004	35
205.15913751875004	47