20.545086333333334	35
20.545086333333334	49
20.976711333333338	42
21.192523833333336	35
21.408336333333338	38
21.408336333333338	42
21.619148833333334	42
21.829961333333333	42
22.040773833333336	35
22.251586333333336	42
22.464898833333336	42
22.678211333333337	49
22.891523833333334	35
23.104836333333335	38
23.211492583333335	42
23.318148833333336	42
23.424805083333336	42
23.531461333333336	49
23.744773833333337	49
23.958083729166667	35
23.958083729166667	49
24.38958372916667	42
24.60533372916667	35
24.60533372916667	42
24.82108372916667	38
24.82108372916667	42
25.03683372916667	42
25.25258372916667	42
25.46833372916667	35
25.46833372916667	42
25.68408372916667	42
25.897333729166668	42
26.110583729166667	49
26.32383372916667	35
26.537083729166667	38
26.64370872916667	42
26.75033372916667	42
26.856958729166667	42
26.96358372916667	49
27.176833729166667	49
27.390104541666666	35
27.390104541666666	49
27.812603541666668	42
28.023853041666666	35
28.023853041666666	42
28.23510254166667	38
28.23510254166667	42
28.44885204166667	42
28.662601541666668	42
28.87635104166667	35
29.09010054166667	42
29.30635004166667	42
29.52259954166667	49
29.73884904166667	35
29.95509854166667	38
30.061973291666668	42
30.168848041666667	42
30.275722791666666	42
30.382597541666666	49
30.596347041666668	49
30.810096541666667	35
30.810096541666667	49
31.236093041666667	42
31.44909129166667	35
31.44909129166667	42
31.66208954166667	35
31.66208954166667	49
31.88008779166667	38
32.09808604166667	38
32.31608429166667	35
32.31608429166667	49
34.035064760065275	42
34.10606356210956	42
34.17706236415385	42
34.24743324999999	49
63.276164791666666	42
63.48993229166666	42
63.70369979166666	49
64.13123479166666	49
64.34500229166666	42
64.55876979166666	49
64.98630479166667	42
65.20056538958333	42
65.41485113958333	49
65.84342263958334	49
66.06020838958332	42
66.27699413958332	49
66.71056563958334	42
66.92235138958334	42
67.13413713958334	49
67.55770863958332	49
67.77199438958333	42
67.98628013958333	49
68.41485163958333	42
68.62913738958333	42
68.84342313958334	49
69.27199463958333	49
69.48378027130084	42
69.69556590301836	49
70.1190970875	42
70.3324095875	42
70.54572208749998	49
70.97234708749998	49
71.18565958749998	42
71.39897208749998	49
71.82559708749999	42
72.03890958749999	42
72.25222208749999	49
72.67884708749999	49
72.8946596485426	42
73.11047220958521	49
73.54207625416666	42
73.75488875416666	42
73.96770125416666	49
74.39332625416665	49
74.60613875416665	42
74.81895125416666	49
75.03176375416666	49
75.45738875416666	47
75.45738875416666	47
75.88301375416665	47
75.88301375416665	47
76.30863875416665	47
76.30863875416665	47
76.73426375416666	47
76.73426375416666	47
76.9470970875	35
76.9470970875	49
77.37372208749998	42
77.58703458749999	35
77.58703458749999	42
77.80034708749999	38
77.80034708749999	42
78.01615958749998	42
78.2319720875	42
78.4477845875	35
78.6635970875	42
78.8769095875	42
79.0902220875	49
79.3035345875	35
79.5168470875	38
79.62475321542968	42
79.73265934335937	42
79.84056547128905	42
79.94847159921875	49
80.16428385507811	49
80.38018042083331	35
80.38018042083331	49
80.81080542083332	42
81.02611792083331	35
81.02611792083331	42
81.24143042083332	38
81.24143042083332	42
81.45674292083332	42
81.67205542083332	42
81.88736792083331	35
82.10268042083332	42
82.31549292083332	42
82.52830542083332	49
82.74111792083333	35
82.95393042083333	38
83.06158667083332	42
83.16924292083333	42
83.27689917083333	42
83.38455542083332	49
83.59986792083333	35
83.81501374375	35
83.81501374375	49
84.23263824374999	42
84.44145049375	35
84.44145049375	42
84.65026274374999	38
84.65026274374999	42
84.86407499375	42
85.07788724374998	42
85.29169949375	35
85.50551174375	42
85.71932399375	42
85.93313624375	49
86.14694849374999	35
86.36076074374999	38
86.46641686874999	42
86.57207299375	42
86.67772911875	42
86.78338524374999	49
87.20615558749999	35
87.20615558749999	42
87.62578058749999	42
87.83559308749999	35
87.83559308749999	42
88.04540558749999	35
88.04540558749999	42
88.26271808749999	38
88.48003058749998	38
88.6973430875	35
88.6973430875	49
89.5665930875	47
89.63903058749999	47
89.7114680875	47
89.78390558749999	47
89.9987180875	47
90.21353058749999	38
90.64298892083332	35
90.85580142083332	49
91.06861392083331	49
91.28142642083331	35
91.49423892083331	38
91.70455142083331	49
91.91486392083331	49
92.12517642083333	35
92.54830142083333	49
92.76111392083332	49
92.97392642083332	35
93.18673892083332	38
93.39955142083332	49
93.61236392083332	49
93.82517642083333	42
94.03805142083333	35
94.24986392083333	49
94.46167642083331	49
94.67348892083332	35
94.88530142083331	38
95.09961392083332	49
95.31392642083333	49
95.52823892083332	35
95.95936392083333	49
96.17617642083333	49
96.39298892083333	35
96.60980142083332	38
96.82661404235182	49
97.04342666387032	49
97.2602392853888	42
97.47700975416666	35
97.68782225416666	49
97.89863475416665	49
98.10944725416665	35
98.32025975416666	38
98.53357225416666	49
98.74688475416666	49
98.96019725416666	35
99.38682225416666	49
99.60013475416666	49
99.81344725416666	35
100.02675975416666	38
100.24007225416666	49
100.45338475416666	49
100.66669725416666	42
100.88000975416666	35
101.09332225416667	49
101.30663475416667	49
101.51994725416667	35
101.73325975416667	38
101.94407225416667	49
102.15488475416666	49
102.36569725416666	35
102.78982225416665	49
103.00313475416665	49
103.21644725416665	35
103.42984085833332	38
103.53823373333333	38
103.64662660833332	35
103.75501948333331	35
103.86341235833333	38
104.08019810833333	38
104.29698385833333	35
104.51126960833332	49
104.72555535833332	49
104.93984110833333	35
105.15412685833333	38
105.36591260833333	49
105.57769835833332	49
105.78948410833333	35
106.21555560833332	49
106.42984135833332	49
106.64412710833332	35
106.85841285833332	38
107.07269860833333	49
107.28698435833333	49
107.50127010833333	42
107.71553613958332	35
107.92684863958333	49
108.13816113958332	49
108.34947363958332	35
108.56078613958331	38
108.77459863958332	49
108.98841113958332	49
109.20222363958332	35
109.63234863958331	49
109.84866113958333	49
110.06497363958333	35
110.28128613958333	38
110.49259851778064	49
110.70391089597796	49
110.91522327417528	42
111.12649447291666	35
111.34180697291666	49
111.55711947291667	49
111.77243197291666	35
111.98774447291666	38
112.20203022291666	49
112.41631597291666	49
112.63060172291667	35
113.06167322291665	49
113.27845897291667	49
113.49524472291667	35
113.71203047291667	38
113.9188158680692	49
114.12560126322175	49
114.33238665837429	42
114.53913292083334	35
114.75494542083334	49
114.97075792083332	49
115.18657042083332	35
115.40238292083332	38
115.61569542083332	49
115.82900792083332	49
116.04232042083332	35
116.25563292083332	35
116.25563292083332	49
116.47144542083332	38
116.68725792083333	47
116.90307042083333	47
117.11888292083333	47
117.33219542083333	47
117.54550792083333	38
117.75882042083333	38
117.97217347291667	35
117.97217347291667	49
118.18645922291665	42
118.29360209791666	42
118.40074497291666	35
118.40074497291666	42
118.50788784791666	42
118.61503072291666	49
118.72217359791667	42
118.82931647291666	38
118.82931647291666	35
118.93575013125	42
119.04213313125	49
119.14851613124999	42
119.25489913125	35
119.25489913125	42
119.36128213125	42
119.46766513125	49
119.57404813125	42
119.68043113125	35
119.68043113125	42
119.78681413125	42
119.89319713124999	49
119.99958013125	42
120.10596313125	35
120.10596313125	42
120.21234613125	42
120.31872913125	49
120.42511213125	42
120.53149513125	38
120.53149513125	35
120.63912806720967	42
120.74676100316935	42
120.85439393912903	42
120.9620268750887	35
120.9620268750887	42
121.06965981104837	42
121.17729274700805	49
121.28492568296772	42
121.39260273541666	35
121.39260273541666	49
121.49825898541667	42
121.60391523541666	49
121.70957148541666	42
121.81522773541666	35
121.81522773541666	42
121.92088398541665	42
122.02654023541666	49
122.13219648541666	42
122.23785273541665	38
122.23785273541665	35
122.34350898541666	42
122.44916523541666	49
122.55482148541667	42
122.66047773541665	35
122.66047773541665	42
122.76613398541664	42
122.87179023541665	49
122.97744648541665	42
123.08310273541666	35
123.08310273541666	42
123.19000898541665	42
123.29691523541665	49
123.40382148541666	42
123.51072773541665	35
123.51072773541665	42
123.61763398541666	42
123.72454023541665	49
123.83144648541665	42
123.93835273541666	38
123.93835273541666	35
124.046508927779	42
124.15466512014136	49
124.2628213125037	38
124.37097750486605	35
124.37097750486605	42
124.4791336972284	38
124.58728988959075	49
124.6954460819531	42
124.80364217291665	35
124.80364217291665	49
124.91203504791666	42
125.02042792291665	49
125.12882079791665	42
125.23721367291667	35
125.23721367291667	42
125.34560654791666	42
125.45399942291667	49
125.56239229791666	42
125.67078517291667	38
125.67078517291667	35
125.77542804791666	42
125.88007092291664	49
125.98471379791665	42
126.08935667291665	35
126.08935667291665	42
126.19399954791666	42
126.29864242291664	49
126.40328529791665	42
126.50792817291665	35
126.50792817291665	42
126.61507104791664	42
126.72221392291665	49
126.82935679791665	42
126.93649967291665	35
126.93649967291665	42
127.04364254791665	42
127.15078542291666	49
127.25792829791665	42
127.36507117291664	38
127.36507117291664	35
127.47221404791665	42
127.57935692291665	49
127.68649979791665	42
127.79364267291666	35
127.79364267291666	42
127.90078554791667	42
128.00792842291668	49
128.22221417291667	49
128.22221417291667	35
128.64578567291665	38
128.85757142291664	38
128.85757142291664	47
129.06935717291665	38
129.06935717291665	47
129.28614338742125	38
129.28614338742125	47
129.5029296019259	38
129.5029296019259	47
129.7197158164305	38
129.7197158164305	47
129.93634094375	38
129.93634094375	49
130.50267427708334	47
130.57346594375	47
130.64425761041667	47
130.78584094375	47
130.92742427708333	47
131.06900761041666	47
131.21059094375	47
131.35217427708332	47
131.49375761041668	38
131.63542167291666	35
131.63542167291666	49
132.06904909193176	42
132.2858628014393	35
132.50225713333333	38
132.50225713333333	42
132.92183763333333	42
133.13162788333332	35
133.34141813333332	42
133.55120838333332	35
133.76099863333332	42
134.18084137083332	38
134.18084137083332	42
134.60941287083332	42
134.8236986208333	47
134.93084149583333	47
135.03798437083333	35
135.03798437083333	49
135.47155587083333	42
135.6883416208333	35
135.90512737083333	38
135.90512737083333	42
136.3286988708333	42
136.54048462083333	35
136.75227037083332	42
136.96905612083333	35
137.18584187083331	35
137.18584187083331	42
137.6194133708333	38
137.6194133708333	42
138.04798487083332	42
138.2622706208333	47
138.36941349583333	47
138.4765169333333	35
138.4765169333333	49
138.91414193333333	42
139.1329544333333	35
139.35176693333332	38
139.35176693333332	42
139.77439193333333	42
139.98570443333332	35
140.19701693333332	42
140.41082943333333	35
140.62464193333332	35
140.62464193333332	42
141.05226693333333	38
141.05226693333333	42
141.47989193333333	42
141.69370443333332	47
141.80061068333333	47
141.90751693333334	35
141.90751693333334	49
142.3401419333333	42
142.55645443333333	35
142.77276693333332	38
142.77276693333332	42
143.1853919333333	42
143.3917044333333	35
143.59801693333333	35
143.59801693333333	49
143.87310026666665	38
143.87310026666665	38
144.14818359999998	47
144.14818359999998	47
144.4232669333333	47
144.4232669333333	47
144.70835026666666	47
144.70835026666666	47
144.99343359999997	47
144.99343359999997	47
145.27857943333333	35
145.27857943333333	49
145.72420532750854	42
145.94701827459616	35
146.16977809583332	38
146.16977809583332	42
146.59334959583333	42
146.80513534583332	35
147.0169210958333	42
147.23370684583332	35
147.4504925958333	35
147.4504925958333	42
147.8840640958333	38
147.8840640958333	42
148.3126355958333	42
148.5269213458333	47
148.63406422083332	47
148.74120709583332	35
148.74120709583332	49
149.16977859583332	42
149.3840643458333	35
149.59835009583333	38
149.59835009583333	42
150.02588509583333	42
150.23965259583332	35
150.4534200958333	42
150.66718759583333	35
150.88095509583331	35
150.88095509583331	42
151.30849009583335	38
151.30849009583335	42
151.72681301027055	42
151.93609729263528	47
152.04073943381763	47
152.145381575	35
152.145381575	49
152.578953075	42
152.79573882499997	35
153.012524575	38
153.012524575	42
153.431096075	42
153.640381825	35
153.849667575	42
154.066453325	35
154.283239075	35
154.283239075	42
154.71681057499998	38
154.71681057499998	42
155.15038207499998	42
155.367167825	47
155.4755607	47
155.58395357499998	35
155.58395357499998	49
156.01252507499999	42
156.22681082499997	35
156.441096575	38
156.441096575	42
156.864668075	42
157.076453825	35
157.288239575	35
157.288239575	42
157.497525325	38
157.6021682	38
157.706811075	38
157.91609682499998	38
158.02073969999998	38
158.12538257499997	38
158.23377544869965	38
158.34216832239932	47
158.45056119609896	47
158.5589540697986	47
158.66734694349825	47
158.77573981719794	47
158.8841326908976	49
158.8841326908976	35
158.99252646666667	35
158.99252646666667	49
159.42615353955833	35
159.42615353955833	49
159.64296707600417	35
159.85942121666665	38
159.85942121666665	49
160.28195621666666	35
160.28195621666666	49
160.49322371666665	35
160.70449121666664	35
160.70449121666664	49
160.91575871666666	38
161.12702621666665	49
161.33829371666664	35
161.54956121666666	38
161.54956121666666	49
161.97709591197673	47
162.19086325963175	47
162.40468271666663	35
162.40468271666663	49
162.84030771666662	35
162.84030771666662	49
163.05812021666665	35
163.27593271666663	38
163.27593271666663	49
163.69155771666667	35
163.69155771666667	49
163.89937021666663	35
164.10718271666664	35
164.10718271666664	49
164.31999521666663	38
164.53280771666664	49
164.74562021666662	35
164.95866164166662	38
164.95866164166662	49
165.38844364166664	47
165.38844364166664	49
165.60333464166663	47
165.81822564166663	35
165.81822564166663	49
166.25300764166664	35
166.25300764166664	49
166.47039864166663	35
166.68778964166663	38
166.68778964166663	49
167.11042669999995	35
167.11042669999995	49
167.32169419999997	35
167.53296169999996	35
167.53296169999996	49
167.74422919999995	38
167.95549669999997	49
168.16676419999996	35
168.37803169999995	38
168.37803169999995	49
168.80145316797774	47
168.80145316797774	49
169.01323847773887	47
169.22502378749996	35
169.22502378749996	49
169.66359528749996	35
169.66359528749996	49
169.88288103749994	35
170.10216678749995	38
170.10216678749995	49
170.5257380634535	47
170.6316308824419	47
170.73752370143026	47
170.84341652041866	47
170.94927138124996	35
170.94927138124996	49
171.37977038124995	35
171.37977038124995	49
171.59501988124995	35
171.81026938124995	38
171.81026938124995	49
172.23576838124995	47
172.34214313124994	47
172.44851788124996	47
172.55489263124994	47
172.66133145624994	35
172.66133145624994	49
172.94508145624997	38
172.94508145624997	38
173.22883145624996	47
173.22883145624996	47
173.51258145624996	47
173.51258145624996	47
173.94320645624995	38
174.0149772895833	38
174.08674812291662	38
174.15851895624996	38
174.26617520624995	38
174.37383145624997	38
174.47898770624997	38
174.58414395624996	47
174.68930020624998	47
174.79445645624997	47
174.89961270624994	47
175.00476895624993	47
175.10992520624995	47
175.21508145624995	47
175.32273770624994	47
175.43039395624996	47
175.53805020624995	47
175.64570645624994	35
175.64570645624994	49
175.86101895624995	35
175.86101895624995	49
176.07624395624995	35
176.07624395624995	49
176.51486895624993	35
176.51486895624993	49
176.73418145624996	35
176.95349395624996	38
176.95349395624996	49
177.37711895624994	35
177.37711895624994	49
177.58893145624995	35
177.80074395624993	38
177.80074395624993	49
178.22436895624995	35
178.22436895624995	49
178.43618145624995	35
178.64799395624993	38
178.64799395624993	49
179.0666211500347	35
179.0666211500347	49
179.2759347469271	35
179.48561585624995	35
179.48561585624995	49
179.93040137850758	42
180.07866321926014	35
180.22692506001266	35
180.37487368124997	38
180.37487368124997	42
180.68802493124997	38
180.68802493124997	42
180.93158701458327	35
181.07076534791662	35
181.20994368124994	35
181.20994368124994	42
181.64247868124994	42
181.78665701458328	35
181.93083534791663	35
182.07501368124994	38
182.07501368124994	42
182.38066575723033	38
182.38066575723033	42
182.61839514965956	35
182.75424051676194	35
182.89014573124996	35
182.89014573124996	49
183.31764473124997	42
183.53139423124995	35
183.74514373124995	38
183.74514373124995	38
184.03347639791662	35
184.03347639791662	49
184.32180906458328	35
184.32180906458328	49
184.61014173124994	35
184.61014173124994	49
186.32039099999997	35
186.32039099999997	49
186.76815149999996	42
186.99203174999997	35
187.21591199999995	38
187.21591199999995	42
187.62860875558923	42
187.83444511112793	35
188.0402814666666	42
188.25111471666662	35
188.46194796666663	35
188.46194796666663	42
188.88361446666661	38
188.88361446666661	42
189.3179435791666	42
189.53533457916663	35
189.75262361666663	35
189.75262361666663	42
190.17924861666663	42
190.39256111666663	35
190.60587361666663	38
190.60587361666663	42
191.03249861666663	42
191.24581111666663	35
191.45912361666663	42
191.67493611666663	35
191.89074861666663	35
191.89074861666663	42
192.32237361666665	38
192.32237361666665	42
192.74899861666665	42
192.96231111666665	35
193.17563611666665	35
193.17563611666665	42
193.60326111666666	42
193.81707361666665	35
194.03088611666666	38
194.03088611666666	42
194.45351111666665	42
194.66482361666664	35
194.87613611666663	42
195.08994861666665	35
195.30376111666664	35
195.30376111666664	42
195.73138611666664	38
195.73138611666664	42
196.16401118974576	42
196.38032372628533	35
196.59662361666665	35
196.59662361666665	42
197.02824861666664	42
197.24406111666664	35
197.45987361666664	38
197.45987361666664	42
197.87649861666665	42
198.08481111666663	35
198.29312361666663	42
198.50393611666664	38
198.71474861666664	42
198.92556111666664	35
199.13637361666665	42
199.34968611666665	35
199.45634236666663	35
199.56299861666665	38
199.56299861666665	42
199.77631111666665	38
199.98972361666662	35
199.98972361666662	49
200.41934861666664	35
200.41934861666664	42
200.63416111666663	35
200.84897361666663	38
200.84897361666663	42
201.2785986166666	42
201.49341111666664	35
201.70822361666663	42
201.92553611666662	35
202.1428486166666	35
202.1428486166666	42
202.57747361666662	38
202.57747361666662	42
203.0070986166666	42
203.2219111166666	35
203.4367104479166	35
203.4367104479166	42
203.8652819479166	42
204.07956769791662	35
204.2938534479166	38
204.2938534479166	42
204.7224249479166	42
204.9367106979166	35
205.1509964479166	42
205.3627821979166	35
205.57456794791662	35
205.57456794791662	42
205.99813944791663	38
205.99813944791663	42
206.42171080598033	42
206.6334964850122	35
206.84525811666663	35
206.84525811666663	49
207.27688311666662	42
207.49269561666662	35
207.70850811666662	38
207.70850811666662	42
207.84738311666663	47
207.91682061666663	47
208.02097686666662	47
208.12513311666663	35
208.3334456166666	35
208.3334456166666	49
208.5417581166666	42
208.7575706166666	35
208.9733831166666	35
208.9733831166666	42
209.40500811666664	38
209.40500811666664	42
209.83663326320624	42
210.05244583647604	35
210.26823311041662	35
210.26823311041662	49
210.70285761041663	42
210.92016986041665	35
211.13748211041664	38
211.13748211041664	42
211.55210661041664	42
211.75941886041662	35
211.96673111041662	35
211.96673111041662	49
212.17904336041664	38
212.39135561041664	38
212.60366786041664	38
212.81598011041663	38
213.0332922131953	47
213.14194826458464	47
213.25060431597396	47
213.3592603673633	47
213.46791641875262	47
213.57657247014197	47
213.68525411666664	35
213.68525411666664	49
214.11687911666664	35
214.11687911666664	49
214.33269161666664	35
214.54850411666663	38
214.54850411666663	49
214.97512911666664	35
214.97512911666664	49
215.18844161666664	35
215.40175411666664	38
215.40175411666664	49
215.81837911666665	35
215.81837911666665	49
216.02669161666662	35
216.23500411666663	38
216.23500411666663	49
216.44831661666663	38
216.66162911666663	35
216.66162911666663	49
216.76828536666662	35
216.87494161666663	35
216.98159786666662	35
217.08824161666664	38
217.08824161666664	49
217.51386661666663	35
217.51386661666663	49
217.72667911666665	35
217.93949161666663	38
217.93949161666663	49
218.36011661666663	35
218.36011661666663	49
218.57042911666665	35
218.78074161666663	38
218.78074161666663	49
219.20636661666663	35
219.20636661666663	49
219.41917911666664	35
219.63199161666665	38
219.63199161666665	49
219.84480411666664	38
220.05761661666665	35
220.05761661666665	49
220.16402286666664	35
220.27042911666663	35
220.37683536666665	35
220.48327911666664	38
220.48327911666664	49
220.91690411666664	35
220.91690411666664	49
221.13371661666665	35
221.35052911666662	38
221.35052911666662	49
221.77915411666663	35
221.77915411666663	49
221.99346661666664	35
222.20777911666664	38
222.20777911666664	49
222.63640411666663	35
222.63640411666663	49
222.85071661666663	35
223.06502911666664	38
223.06502911666664	49
223.27934161666664	38
223.49365411666662	35
223.49365411666662	49
223.60081036666662	35
223.70796661666662	35
223.81512286666663	35
223.92235255416662	38
223.92235255416662	49
224.34685255416665	35
224.34685255416665	49
224.55910255416666	35
224.77135255416664	38
224.77135255416664	38
224.9861022214663	35
225.20085188876595	38
225.20085188876595	38
225.41560155606564	35
225.63023692291662	35
225.63023692291662	49
230.3429812483561	35
230.77326061666665	35
230.77326061666665	49
231.20088561666665	49
231.41469811666664	35
231.62851061666666	38
231.84232311666665	49
232.05613561666664	49
232.26994811666665	35
232.69757311666666	49
232.91138561666665	49
233.12519811666664	35
233.33901061666666	38
233.77163547051484	49
233.98794789743891	42
234.20428561666662	35
234.41409811666665	49
234.62391061666665	49
234.83372311666662	35
235.04353561666662	38
235.2583481166666	49
235.47316061666663	49
235.68797311666663	35
236.1175981166666	49
236.33241061666664	49
236.54722311666663	35
236.76203561666662	38
236.76203561666662	49
236.97684811666662	42
237.0842543666666	42
237.1916606166666	49
237.40647311666663	49
237.6211522833333	35
237.6211522833333	42
238.04677728333328	49
238.2595897833333	35
238.4724022833333	38
238.6852147833333	49
238.8980272833333	49
239.1108397833333	35
239.5364647833333	49
239.7492772833333	49
239.96208978333328	35
240.1749022833333	38
240.38521466989204	49
240.59552705645075	49
240.8058394430095	42
241.0161136583333	35
241.22988115833328	49
241.4436486583333	49
241.6574161583333	35
241.87118365833328	38
242.0799511583333	49
242.2887186583333	49
242.4974861583333	35
242.70625365833328	38
242.81542601182176	38
242.92537261310912	35
243.0353192143965	35
243.14526581568384	38
243.2552124169712	38
243.36515901825854	35
243.47510561954593	35
243.5850522208333	38
243.69499798127603	38
243.80494374171883	35
243.9148895021616	35
244.02483526260437	38
244.02483526260437	49
244.46443508124997	35
244.67872083125	49
244.89300658124998	49
245.10729233124997	35
245.32157808124998	38
245.74514958125	49
245.95693533124995	35
246.38251395655152	49
246.59628138214543	49
246.81004880773935	35
247.02381623333332	38
247.1294499833333	42
247.2350837333333	42
247.34071748333332	42
247.4463512333333	49
247.65761873333332	49
247.86892031666665	35
248.08223281666665	49
248.29554531666665	49
248.50885781666665	35
248.72217031666665	38
248.9366569860285	49
249.15154681290787	49
249.36643663978728	35
249.58132646666664	35
249.58132646666664	49
249.86784779999996	38
250.15436913333332	47
250.44089046666664	47
250.7274104301527	47
251.0855603845103	38
251.3000972625	35
251.5113647625	49
251.72263226249999	49
251.93389976249998	35
252.1451672625	38
252.36143476249998	49
252.57770226249997	49
252.79396976249998	35
253.22150476249996	49
253.43277226249998	49
253.64403976249997	35
253.85545817499997	38
254.28902997189778	49
254.50581587034665	42
254.72255028124997	35
254.93230057558125	49
255.1420508699125	49
255.35180116424377	35
255.56165024791662	38
255.77539974791662	49
255.98914924791663	49
256.2028987479166	35
256.4166920104166	35
256.4166920104166	49
256.63219201041665	38
256.84769201041667	38
257.0631920104166	35
257.27939826041666	35
257.27939826041666	49
257.52564995123896	38
257.7719016420612	38
258.01815333288346	35
258.2637392854167	35
258.2637392854167	49
260.1977582854167	49
260.4126492854167	49
260.6275402854167	49
260.8424312854167	49
261.8444407854167	42
262.03184995208335	42
262.10681361875	42
262.1817772854167	42
262.2942227854167	42
262.40666828541674	49
262.6315592854167	42
262.7015229520834	42
262.77148661875003	42
262.8414502854167	42
262.9114139520834	49
263.05134128541675	49
263.1912686187501	49
263.33119595208336	49
263.4711232854167	49