18.998934000000002	49
19.148111000000004	49
19.297288	49
19.883996	49
20.033173	49
20.18235	49
20.480704	49
20.779058	49
21.077412	49
21.380766000000005	49
21.532443	49
21.684120000000004	49
21.977474	49
22.270828	49
22.579182000000003	49
22.887536000000004	49
23.7799675	49
23.927829250000002	49
24.075691000000003	49
24.667138	49
24.81749975	49
24.9678615	49
25.268585	49
25.574308500000004	49
26.183854000000004	49
26.335765000000006	49
26.487676000000004	49
26.781498000000003	49
27.07532	35
27.07532	49
27.374142000000006	35
27.374142000000006	49
27.672964000000004	35
27.672964000000004	49
28.260608000000005	35
28.260608000000005	49
28.860474000000004	38
28.860474000000004	49
29.440340000000006	35
29.440340000000006	49
30.020206	38
30.020206	49
30.610072000000002	35
30.610072000000002	49
31.190672000000003	38
31.190672000000003	49
31.761272000000005	35
31.761272000000005	49
32.041572	35
32.041572	49
32.321872000000006	38
32.321872000000006	49
32.892472000000005	35
32.892472000000005	49
33.47004200000001	38
33.47004200000001	49
34.04761200000001	35
34.04761200000001	49
34.625182	38
34.625182	49
35.202752000000004	35
35.202752000000004	49
35.780322000000005	38
35.780322000000005	49
36.198499500000004	35
36.268195750000004	35
36.337892000000004	38
36.337892000000004	49
36.631676999999996	35
36.631676999999996	49
36.925462	35
36.925462	49
37.503032	35
37.503032	49
38.090602000000004	38
38.090602000000004	49
38.658172	35
38.658172	49
39.235742	38
39.235742	49
39.813312	35
39.813312	49
40.40241900000001	38
40.40241900000001	49
40.829249250000004	38
40.971526000000004	35
40.971526000000004	49
41.25107950000001	35
41.53063300000001	38
41.53063300000001	49
42.09974000000001	35
42.09974000000001	49
42.70379600000001	38
42.70379600000001	49
43.28785200000001	35
43.28785200000001	49
43.871908000000005	38
43.871908000000005	49
44.45596400000001	35
44.45596400000001	49
44.59575350000001	35
44.735543000000014	38
44.735543000000014	49
45.01512200000001	35
45.15741150000001	35
45.29970100000001	38
45.29970100000001	49
45.584280000000014	35
45.72656950000001	35
45.86885900000001	38
45.86885900000001	49
46.15343800000001	35
46.29822750000001	35
46.443017000000005	38
46.443017000000005	49
46.73259600000001	35
46.73259600000001	49
47.31504900000001	38
47.31504900000001	49
47.89750200000001	35
47.89750200000001	49
48.47995500000001	38
48.47995500000001	49
49.062408000000005	35
49.062408000000005	49
49.63492600000001	38
49.63492600000001	49
50.0568145	38
50.197444000000004	35
50.197444000000004	49
50.483703000000006	35
50.483703000000006	49
50.76996200000001	38
50.76996200000001	49
51.35248000000001	35
51.35248000000001	49
51.93311200000001	38
51.93311200000001	49
52.51374400000001	35
52.51374400000001	49
53.104376	38
53.104376	49
53.66500800000001	35
53.66500800000001	49
54.23739100000001	38
54.23739100000001	49
54.65167825	38
54.789774	35
54.789774	49
55.0809655	35
55.372157	38
55.372157	42
55.96454000000001	35
55.96454000000001	49
56.55875	38
56.55875	49
57.14296	35
57.14296	49
57.71717000000001	38
57.71717000000001	49
58.31138000000001	35
58.31138000000001	49
58.88481900000001	38
58.88481900000001	49
59.29989825000001	38
59.43825800000001	35
59.43825800000001	49
59.729977500000004	35
59.729977500000004	49
60.02169700000001	38
60.02169700000001	49
60.58513600000001	35
60.58513600000001	49
61.16913500000001	38
61.16913500000001	49
61.74313400000001	35
61.74313400000001	49
62.31713300000001	38
62.31713300000001	49
62.89113200000001	35
62.89113200000001	49
63.48175400000001	38
63.48175400000001	49
63.91722050000002	35
63.98979825000002	35
64.06237600000001	47
64.06237600000001	47
64.26591666666667	35
64.46945733333335	35
64.67299800000002	38
64.67299800000002	49
65.21362000000002	35
65.21362000000002	49
65.79679400000002	38
65.79679400000002	42
66.33996800000003	35
66.33996800000003	42
66.90314200000002	38
66.90314200000002	42
67.46631600000002	35
67.46631600000002	42
68.03031300000002	38
68.03031300000002	42
68.57431000000003	35
68.57431000000003	42
68.98230775000002	35
69.05030737500002	35
69.11830700000002	38
69.11830700000002	49
69.40030550000002	35
69.68230400000002	35
69.68230400000002	49
70.23852200000002	38
70.23852200000002	42
70.78474000000001	35
70.78474000000001	42
71.35095800000002	38
71.35095800000002	42
71.90717600000002	35
71.90717600000002	42
72.47122800000002	38
72.47122800000002	42
72.87176700000002	38
73.00528000000001	35
73.00528000000001	42
73.28230600000002	35
73.55933200000001	38
73.55933200000001	49
74.13338400000002	35
74.13338400000002	49
74.68926700000002	38
74.68926700000002	42
75.23515000000002	35
75.23515000000002	42
75.79103300000001	38
75.79103300000001	42
76.34691600000002	35
76.34691600000002	42
76.90754600000002	38
76.90754600000002	42
77.44817600000002	35
77.44817600000002	42
77.86114850000003	35
77.92997725000002	35
77.99880600000002	38
77.99880600000002	49
78.27412100000002	35
78.54943600000001	35
78.54943600000001	49
79.12522700000002	38
79.12522700000002	42
79.68101800000001	35
79.68101800000001	42
80.24680900000001	38
80.24680900000001	42
80.81260000000002	35
80.94932300000002	35
81.08604600000002	38
81.08604600000002	49
81.35949200000002	35
81.49621500000002	35
81.63293800000002	38
81.63293800000002	49
81.90638400000002	35
82.04060700000002	35
82.17483000000003	38
82.17483000000003	49
82.44327600000001	35
82.58249900000001	35
82.72172200000001	38
82.72172200000001	49
83.00016800000002	35
83.00016800000002	49
83.56089200000001	38
83.56089200000001	42
84.12161600000002	35
84.12161600000002	42
84.68234000000001	38
84.68234000000001	42
85.24306400000002	35
85.24306400000002	42
85.79071500000002	38
85.79071500000002	42
86.32836600000002	35
86.32836600000002	42
86.73160425000002	35
86.79881062500002	35
86.86601700000003	38
86.86601700000003	49
87.14984250000002	35
87.43366800000001	35
87.43366800000001	49
87.99702700000002	38
87.99702700000002	42
88.56038600000001	35
88.56038600000001	42
89.12374500000001	38
89.12374500000001	42
89.687104	35
89.687104	42
90.228841	38
90.228841	42
90.63514375000001	38
90.77057800000001	35
90.77057800000001	42
91.05144650000001	35
91.332315	38
91.332315	49
91.894052	35
91.894052	49
92.46008200000001	38
92.46008200000001	42
93.006112	35
93.006112	42
93.56214200000001	38
93.56214200000001	42
94.118172	35
94.118172	42
94.67952500000001	38
94.67952500000001	42
95.08553975	38
95.220878	35
95.220878	42
95.62689275	35
95.69456187499999	35
95.762231	38
95.762231	49
96.0429075	35
96.323584	35
96.323584	49
96.890094	38
96.890094	42
97.44660400000001	35
97.44660400000001	42
98.01311399999999	38
98.01311399999999	42
98.549624	35
98.688644	35
98.827664	38
98.827664	49
99.10570399999999	35
99.24472399999999	35
99.383744	38
99.383744	49
99.661784	35
99.798304	35
99.93482399999999	38
99.93482399999999	49
100.20786399999999	35
100.34938399999999	35
100.49090399999999	38
100.49090399999999	49
100.773944	35
100.773944	49
100.91567725	35
101.05741049999999	35
101.19914375	35
101.340877	35
101.340877	38
101.340877	49
101.48011025000001	35
101.6193435	35
101.75857675	35
101.89781	35
101.89781	38
101.89781	49
102.03704325000001	35
102.1762765	35
102.1762765	49
102.31550975	35
102.45474300000001	35
102.45474300000001	38
102.45474300000001	49
102.59147625000001	35
102.7282095	35
102.86494275	35
103.001676	35
103.001676	38
103.001676	49
103.14000800000001	35
103.27834	35
103.416672	35
103.555004	35
103.555004	38
103.555004	49
103.693336	35
103.83166800000001	35
103.83166800000001	49
103.97	35
104.108332	35
104.108332	38
104.108332	49
104.24666400000001	35
104.384996	35
104.384996	49
104.523328	35
104.66166	35
104.66166	38
104.66166	49
104.799992	35
104.93832400000001	35
104.93832400000001	49
105.076656	35
105.214988	35
105.214988	38
105.214988	49
105.35683625	35
105.4986845	35
105.64053275000002	35
105.78238100000002	35
105.78238100000002	38
105.78238100000002	49
105.91922925000001	35
106.05607750000001	35
106.19292575	35
106.329774	35
106.329774	38
106.329774	49
106.46912225000001	35
106.60847050000001	35
106.60847050000001	49
106.74781875000001	35
106.887167	35
106.887167	38
106.887167	49
107.02651525	35
107.1658635	35
107.1658635	49
107.30521175000001	35
107.44456000000001	35
107.44456000000001	38
107.44456000000001	49
107.5843425	35
107.724125	35
107.724125	49
107.86390750000001	35
108.00369000000002	35
108.00369000000002	38
108.00369000000002	49
108.13847250000002	35
108.27325500000002	35
108.27325500000002	49
108.4080375	35
108.54282	35
108.54282	38
108.54282	47
108.6776025	35
108.6776025	38
108.81238500000002	35
108.81238500000002	49
108.9471675	35
109.08195	35
109.08195	38
109.08195	49
109.2217325	35
109.361515	35
109.361515	42
109.5012975	35
109.64108000000002	35
109.64108000000002	49
109.78213225000002	35
109.92318450000002	35
110.06423675000002	35
110.20528900000002	35
110.20528900000002	38
110.20528900000002	49
110.34884125000002	35
110.4923935	35
110.63594575000002	35
110.77949800000002	35
110.77949800000002	38
110.77949800000002	49
110.92055025000002	35
111.06160250000002	35
111.20265475000002	35
111.34370700000002	35
111.34370700000002	38
111.34370700000002	49
111.48225925000003	35
111.62081150000003	35
111.62081150000003	49
111.75936375000002	35
111.89791600000002	35
111.89791600000002	38
111.89791600000002	49
112.03658400000002	35
112.17525200000003	35
112.31392000000002	35
112.45258800000002	35
112.45258800000002	38
112.45258800000002	49
112.58875600000003	35
112.72492400000003	35
112.72492400000003	49
112.86109200000001	35
112.99726000000003	35
112.99726000000003	38
112.99726000000003	49
113.13592800000002	35
113.27459600000002	35
113.27459600000002	49
113.41326400000001	35
113.55193200000002	35
113.55193200000002	38
113.55193200000002	49
113.69060000000002	35
113.82926800000001	35
113.82926800000001	49
113.96793600000002	35
114.10660400000002	35
114.10660400000002	38
114.10660400000002	49
114.24650225000002	35
114.38640050000001	35
114.38640050000001	49
114.52629875000002	35
114.66619700000003	35
114.66619700000003	38
114.66619700000003	49
114.80359525000003	35
114.94099350000002	35
114.94099350000002	49
115.07839175000002	35
115.21579000000003	35
115.21579000000003	38
115.21579000000003	49
115.35318825000003	35
115.49058650000002	35
115.49058650000002	49
115.62798475000002	35
115.76538300000003	35
115.76538300000003	38
115.76538300000003	49
115.90278125000002	35
116.04017950000002	35
116.04017950000002	49
116.17757775000003	35
116.31497600000003	35
116.31497600000003	49
116.38167750000004	38
116.44837900000003	38
116.51508050000004	38
116.58178200000003	38
116.71518500000003	38
116.84858800000003	38
116.91903950000004	38
116.98949100000003	38
117.13039400000002	38
117.27129700000003	38
117.34174850000002	38
117.41220000000003	38
117.55060300000002	38
117.68900600000002	38
117.82740900000003	38
117.96581200000003	38
118.10671500000002	47
118.24761800000002	47
118.38852100000003	35
118.38852100000003	49
118.52942400000003	35
118.52942400000003	49
119.09804800000003	38
119.09804800000003	49
119.51701600000004	38
119.65667200000004	35
119.65667200000004	49
119.93098400000004	35
120.20529600000003	38
120.20529600000003	49
120.48960800000003	35
120.77392000000005	35
120.77392000000005	49
121.33249300000004	38
121.33249300000004	49
121.74392275000004	38
121.88106600000005	35
121.88106600000005	49
122.16035250000004	35
122.43963900000004	38
122.43963900000004	49
122.71892550000004	35
122.99821200000004	35
122.99821200000004	49
123.55122000000004	38
123.55122000000004	49
123.96597600000004	38
124.10422800000003	35
124.10422800000003	49
124.38073200000004	35
124.65723600000004	38
124.65723600000004	49
124.93374000000004	35
125.21024400000003	35
125.21024400000003	49
125.76875100000004	38
125.76875100000004	49
126.18013125000003	38
126.31725800000002	35
126.31725800000002	49
126.59651150000002	35
126.73613825000002	35
126.87576500000003	38
126.87576500000003	49
127.16001850000002	35
127.16001850000002	49
127.44427200000003	35
127.44427200000003	49
128.00027100000003	38
128.00027100000003	49
128.40227025000002	38
128.53627000000003	35
128.53627000000003	49
128.81926950000002	35
129.10226900000004	38
129.10226900000004	49
129.38026850000003	35
129.65826800000005	35
129.65826800000005	49
130.21128300000004	38
130.21128300000004	49
130.62604425000006	38
130.76429800000005	35
130.76429800000005	49
131.04080550000006	35
131.31731300000004	38
131.31731300000004	49
131.59882050000004	35
131.88032800000005	35
131.88032800000005	49
132.43433300000004	38
132.43433300000004	49
132.84233675000004	38
132.97833800000006	35
132.97833800000006	49
133.26034050000004	35
133.54234300000005	38
133.54234300000005	49
133.81934550000005	35
134.09634800000003	35
134.09634800000003	49
134.64764500000004	38
134.64764500000004	49
135.21894200000006	35
135.21894200000006	49
135.28785412500005	38
135.35676625000005	38
135.42567837500005	38
135.49459050000004	38
135.63241475000004	38
135.77023900000003	38
135.90306325000006	38
136.03588750000006	38
136.16871175000003	35
136.16871175000003	49
136.30153600000003	35
136.30153600000003	49
136.865843	38
136.865843	49
137.28157325	38
137.42015	35
137.42015	49
137.69730350000003	35
137.97445700000003	38
137.97445700000003	49
138.24661050000003	35
138.51876400000003	35
138.51876400000003	49
139.07654000000002	38
139.07654000000002	49
139.49487200000004	38
139.63431600000004	35
139.63431600000004	49
139.91320400000004	35
140.19209200000003	38
140.19209200000003	49
140.47098000000003	35
140.74986800000002	35
140.74986800000002	49
141.30979600000003	38
141.30979600000003	49
141.72974200000002	38
141.86972400000002	35
141.86972400000002	49
142.14968800000003	35
142.42965200000003	38
142.42965200000003	49
142.709616	35
142.98958000000002	35
142.98958000000002	49
143.54483800000003	38
143.54483800000003	49
143.82246700000002	35
143.9612815	35
144.100096	38
144.100096	49
144.37772500000003	35
144.51653950000002	35
144.65535400000002	38
144.65535400000002	49
144.932983	35
144.932983	49
145.21061200000003	35
145.21061200000003	49
145.76168500000003	38
145.76168500000003	49
146.0422215	35
146.18248975000003	38
146.32275800000002	35
146.32275800000002	49
146.5982945	35
146.73606275000003	35
146.87383100000002	38
146.87383100000002	49
147.1493675	35
147.42490400000003	35
147.42490400000003	49
147.96951000000004	38
147.96951000000004	49
148.39296450000003	38
148.53411600000004	35
148.53411600000004	49
148.81141900000003	35
149.08872200000002	38
149.08872200000002	49
149.36102500000004	35
149.63332800000003	35
149.63332800000003	49
150.19915100000003	38
150.19915100000003	49
150.61601825000002	38
150.75497400000003	35
150.75497400000003	49
151.03288550000002	35
151.31079700000004	38
151.31079700000004	49
151.58370850000003	35
151.85662000000002	35
151.85662000000002	49
152.12818450000003	38
152.26396675000004	38
152.39974900000004	38
152.54053125000002	38
152.68131350000002	35
152.68131350000002	49
152.96287800000002	38
153.09616025000003	38
153.22944250000003	38
153.36272475	38
153.49600700000002	35
153.49600700000002	49
153.7825715	35
153.7825715	49
154.06913600000001	35
154.06913600000001	49
154.62925800000002	38
154.62925800000002	49
155.0418495	38
155.17938000000004	35
155.17938000000004	49
155.46444100000002	35
155.749502	38
155.749502	49
156.02456300000003	35
156.02456300000003	49
156.29962400000002	49
156.579978	35
156.860332	38
156.860332	49
157.27336300000002	38
157.41104	35
157.41104	49
157.686394	35
157.961748	38
157.961748	49
158.23710200000002	35
158.23710200000002	49
158.7902685	35
159.068081	38
159.068081	49
159.3408935	38
159.47729975000001	38
159.613706	38
159.74761225	38
159.8815185	38
160.01542475000002	38
160.14933100000002	38
160.28573725	38
160.4221435	38
160.55854975000003	38
160.69495600000002	35
160.69495600000002	49
161.290989	38
161.290989	49
161.86702200000002	35
161.86702200000002	49
162.453055	38
162.453055	49
163.03908800000002	35
163.03908800000002	49
163.61217900000003	38
163.61217900000003	49
164.03449725000002	38
164.17527000000004	35
164.17527000000004	49
164.46681550000002	35
164.46681550000002	49
164.758361	38
164.758361	49
165.331452	35
165.331452	49
165.90728000000001	38
165.90728000000001	49
166.47310800000002	35
166.47310800000002	49
167.05893600000002	38
167.05893600000002	49
167.63476400000002	35
167.63476400000002	49
168.22485500000002	38
168.22485500000002	49
168.58741187500002	49
168.804946	38
168.89662783333335	38
168.98830966666668	47
169.07999150000003	47
169.17167333333336	35
169.17167333333336	47
169.26335516666668	35
169.355037	38
169.355037	49
169.94512800000004	35
169.94512800000004	49
170.52403900000002	38
170.52403900000002	49
171.09295000000003	35
171.09295000000003	49
171.66186100000004	38
171.66186100000004	49
172.23077200000003	35
172.23077200000003	49
172.79646700000004	38
172.79646700000004	49
173.22823825000003	38
173.37216200000003	35
173.37216200000003	49
173.66500950000002	35
173.95785700000002	38
173.95785700000002	49
174.53355200000004	35
174.53355200000004	49
175.11124900000004	38
175.11124900000004	49
175.67894600000005	35
175.67894600000005	49
176.26664300000004	38
176.26664300000004	49
176.84434000000005	35
176.98605575000005	35
177.12777150000005	38
177.12777150000005	49
177.41120300000003	35
177.54541875000004	35
177.67963450000005	38
177.67963450000005	49
177.94806600000004	35
178.09228175000004	35
178.23649750000004	38
178.23649750000004	49
178.52492900000004	38
178.52492900000004	42
179.07179200000004	35
179.07179200000004	49
179.63841900000003	38
179.63841900000003	49
180.18504600000006	35
180.18504600000006	49
180.74167300000005	38
180.74167300000005	49
181.29830000000004	35
181.29830000000004	49
181.84052100000005	38
181.84052100000005	49
182.39274200000006	35
182.39274200000006	49
182.81440775000004	35
182.88468537500003	35
182.95496300000005	38
182.95496300000005	49
183.23107350000004	35
183.50718400000005	35
183.50718400000005	49
184.08493100000007	38
184.08493100000007	49
184.64267800000007	35
184.64267800000007	49
185.19042500000003	38
185.19042500000003	49
185.73817200000005	35
185.73817200000005	49
186.28991500000004	38
186.28991500000004	49
186.70372225000006	35
186.77269012500005	35
186.84165800000005	38
186.84165800000005	47
187.0289056666667	35
187.21615333333338	35
187.40340100000003	35
187.40340100000003	49
187.93514400000007	35
187.93514400000007	49
188.50987500000005	38
188.50987500000005	42
189.04460600000007	35
189.04460600000007	42
189.59933700000008	38
189.59933700000008	42
190.16406800000004	35
190.16406800000004	42
190.73239900000004	38
190.73239900000004	42
191.28073000000006	35
191.28073000000006	42
191.69197825000006	35
191.76051962500006	35
191.82906100000005	38
191.82906100000005	42
192.10322650000006	35
192.37739200000004	35
192.37739200000004	49
192.93837800000006	38
192.93837800000006	42
193.48936400000002	35
193.48936400000002	42
194.05035000000004	38
194.05035000000004	42
194.61133600000002	35
194.61133600000002	42
195.16720800000002	38
195.16720800000002	42
195.56911200000005	38
195.70308000000003	35
195.70308000000003	42
195.97601600000004	35
196.24895200000003	38
196.24895200000003	49
196.82482400000004	35
196.82482400000004	49
197.38774300000003	38
197.38774300000003	42
197.94066200000003	35
197.94066200000003	42
198.49358100000003	38
198.49358100000003	42
199.04650000000004	35
199.04650000000004	42
199.60677600000002	38
199.60677600000002	42
200.16705200000004	35
200.16705200000004	42
200.58725900000005	35
200.65729350000004	35
200.72732800000003	38
200.72732800000003	49
201.00246600000006	35
201.27760400000005	35
201.27760400000005	49
201.83487700000006	38
201.83487700000006	42
202.39215000000004	35
202.39215000000004	42
202.94942300000005	38
202.94942300000005	42
203.50669600000006	35
203.50669600000006	42
204.05840100000006	38
204.05840100000006	42
204.45717975000005	38
204.59010600000005	35
204.59010600000005	42
204.87095850000006	35
205.15181100000007	38
205.15181100000007	49
205.42766350000008	35
205.70351600000006	35
205.70351600000006	49
206.25984400000007	38
206.25984400000007	42
206.80617200000003	35
206.80617200000003	42
207.38250000000005	38
207.38250000000005	42
207.93882800000006	35
207.93882800000006	42
208.50651300000004	38
208.50651300000004	42
209.05419800000007	35
209.05419800000007	42
209.47246175000006	35
209.54217237500006	35
209.61188300000006	38
209.61188300000006	49
209.89072550000006	35
210.16956800000006	35
210.16956800000006	49
210.72677800000005	38
210.72677800000005	42
211.28398800000005	35
211.28398800000005	42
211.84119800000005	38
211.84119800000005	42
212.39840800000005	35
212.39840800000005	42
212.96405300000004	38
212.96405300000004	42
213.36578675000004	38
213.49969800000005	35
213.49969800000005	42
213.78252050000006	35
214.06534300000004	38
214.06534300000004	49
214.34316550000005	35
214.62098800000004	35
214.62098800000004	49
215.17339600000005	38
215.17339600000005	42
215.72580400000004	35
215.72580400000004	42
216.27821200000005	38
216.27821200000005	42
216.83062000000004	35
216.83062000000004	42
217.39424500000004	38
217.39424500000004	42
217.79446375000003	38
217.92787000000004	35
217.92787000000004	42
218.20468250000005	35
218.48149500000005	38
218.48149500000005	49
218.75830750000006	35
219.03512000000003	35
219.03512000000003	49
219.62377900000004	38
219.62377900000004	42
220.18243800000005	35
220.18243800000005	42
220.74109700000002	38
220.74109700000002	42
221.01042650000005	42
221.27975600000002	35
221.27975600000002	42
221.34840987500002	38
221.41706375	38
221.485717625	38
221.55437150000003	38
221.69167925000002	38
221.828987	38
221.96129475000004	38
222.09360250000003	35
222.09360250000003	49
222.35821800000002	35
222.35821800000002	49
222.6328335	38
222.77014125000002	38
222.907449	38
223.04975675	47
223.19206450000001	47
223.33437225000003	47
223.47668000000002	35
223.47668000000002	49
223.61885450000003	35
223.761029	35
223.90320350000002	35
224.045378	35
224.045378	38
224.045378	49
224.1850525	35
224.324727	35
224.4644015	35
224.60407600000002	35
224.60407600000002	38
224.60407600000002	49
224.7437505	35
224.88342500000002	35
225.0230995	35
225.162774	35
225.162774	38
225.162774	49
225.2999485	35
225.437123	35
225.5742975	35
225.71147200000001	35
225.71147200000001	38
225.71147200000001	49
225.85423625	35
225.9970005	35
226.13976475	35
226.282529	35
226.282529	38
226.282529	49
226.42279325	35
226.5630575	35
226.70332175000001	35
226.84358600000002	35
226.84358600000002	38
226.84358600000002	49
226.98635025000002	35
227.12911450000001	35
227.12911450000001	49
227.27187875	35
227.27187875	49
227.414643	35
227.414643	38
227.414643	49
227.54990725000002	35
227.54990725000002	49
227.68517150000002	35
227.68517150000002	49
227.82043575	35
227.82043575	49
227.9557	35
227.9557	38
227.9557	49
228.09010600000002	35
228.224512	35
228.35891800000002	35
228.49332400000003	35
228.49332400000003	38
228.49332400000003	49
228.63023	35
228.76713600000002	35
228.76713600000002	49
228.904042	35
229.04094800000001	35
229.04094800000001	38
229.04094800000001	49
229.18035400000002	35
229.31976	35
229.31976	49
229.459166	35
229.59857200000002	35
229.59857200000002	38
229.59857200000002	49
229.735478	35
229.872384	35
229.872384	49
230.00929000000002	35
230.146196	35
230.146196	38
230.146196	49
230.28814125	35
230.4300865	35
230.4300865	49
230.57203175	35
230.713977	35
230.713977	38
230.713977	49
230.85092225	35
230.9878675	35
230.9878675	49
231.12481275	35
231.26175800000001	35
231.26175800000001	38
231.26175800000001	47
231.40120325	35
231.40120325	38
231.5406485	35
231.5406485	49
231.68009375	35
231.819539	35
231.819539	38
231.819539	49
231.95898425000001	35
232.0984295	35
232.23787475	35
232.37732	35
232.37732	49
232.51720325	35
232.6570865	35
232.6570865	49
232.79696975	35
232.93685299999999	35
232.93685299999999	38
232.93685299999999	49
233.07673625	35
233.2166195	35
233.35650275	35
233.496386	35
233.496386	38
233.496386	49
233.63626925	35
233.7761525	35
233.91603575	35
234.055919	35
234.055919	38
234.055919	49
234.19580224999999	35
234.3356855	35
234.3356855	49
234.47556875	35
234.615452	35
234.615452	38
234.615452	49
234.7569375	35
234.898423	35
235.0399085	35
235.18139399999998	35
235.18139399999998	38
235.18139399999998	49
235.3203795	35
235.459365	35
235.459365	49
235.5983505	35
235.737336	35
235.737336	38
235.737336	49
235.8763215	35
236.015307	35
236.015307	49
236.1542925	35
236.1542925	49
236.293278	35
236.293278	38
236.293278	49
236.4297635	35
236.4297635	49
236.566249	35
236.566249	49
236.7027345	35
236.83922	35
236.83922	38
236.83922	47
236.97224075000003	35
237.1052615	35
237.1052615	47
237.23828225	35
237.23828225	38
237.371303	35
237.51432375	35
237.51432375	38
237.51432375	47
237.6573445	35
237.80036525000003	35
237.80036525000003	47
237.943386	35
237.943386	38
238.07640675000002	35
238.20942750000003	35
238.20942750000003	38
238.20942750000003	47
238.34244825	35
238.475469	35
238.475469	47
238.61348975	35
238.61348975	38
238.7515105	35
238.88953125	35
238.88953125	38
238.88953125	47
239.02755200000001	35
239.16611225000003	35
239.16611225000003	47
239.3046725	35
239.3046725	38
239.44323275000002	35
239.581793	35
239.581793	38
239.581793	47
239.71785325000002	35
239.85391350000003	35
239.85391350000003	47
239.98997375000002	35
239.98997375000002	38
240.12603400000003	35
240.26209425000002	35
240.26209425000002	38
240.26209425000002	47
240.39815450000003	35
240.53421475000002	35
240.53421475000002	47
240.67027500000003	35
240.67027500000003	38
240.9673955	35
240.9673955	49
241.26451600000001	35
241.26451600000001	49
241.834779	38
241.834779	49
242.24747625	38
242.38504200000003	35
242.38504200000003	49
242.6651735	35
242.94530500000002	38
242.94530500000002	49
243.2254365	35
243.505568	35
243.505568	49
244.06852	38
244.06852	49
244.483234	38
244.621472	35
244.621472	49
244.902948	35
245.184424	38
245.184424	49
245.45090000000002	35
245.717376	35
245.717376	49
246.2948	38
246.2948	49
246.697868	38
246.832224	35
246.832224	49
247.110936	35
247.389648	38
247.389648	49
247.66836	35
247.947072	35
247.947072	49
248.51263799999998	38
248.51263799999998	49
248.9143125	38
249.048204	35
249.048204	49
249.335987	35
249.47987849999998	35
249.62376999999998	38
249.62376999999998	49
249.89655299999998	35
249.89655299999998	49
250.169336	35
250.169336	49
250.741059	38
250.741059	49
251.14735124999999	38
251.28278199999997	35
251.28278199999997	49
251.5586435	35
251.83450499999998	38
251.83450499999998	49
252.10536649999997	35
252.376228	35
252.376228	49
252.94470099999998	38
252.94470099999998	49
253.36355575	38
253.503174	35
253.503174	49
253.7824105	35
254.061647	38
254.061647	49
254.3408835	35
254.62012	35
254.62012	49
255.17859299999998	38
255.17859299999998	49
255.58994775	38
255.727066	35
255.727066	49
256.0063025	35
256.14592075	35
256.28553899999997	38
256.28553899999997	49
256.5647755	35
256.844012	35
256.980245	35
257.11647800000003	38
257.11647800000003	47
257.25271100000003	38
257.38894400000004	35
257.53017700000004	35
257.67141000000004	38
257.67141000000004	47
257.81264300000004	38
257.95387600000004	35
258.09010900000004	35
258.22634200000005	38
258.22634200000005	47
258.36257500000005	38
258.49880800000005	35
258.49880800000005	49
258.78127400000005	35
258.78127400000005	49
259.06374	35
259.06374	49
259.607586	38
259.607586	49
260.0154705	38
260.151432	35
260.151432	49
260.433355	35
260.715278	38
260.715278	49
260.997201	35
261.279124	35
261.279124	49
261.8358	38
261.8358	49
262.253307	38
262.39247600000004	35
262.39247600000004	49
262.670814	35
262.80998300000005	35
262.949152	38
262.949152	49
263.22749000000005	35
263.22749000000005	49
263.505828	35
263.505828	49
264.072192	38
264.072192	49
264.481965	38
264.618556	35
264.618556	49
264.896738	35
265.17492	38
265.17492	49
265.453102	35
265.731284	35
265.731284	49
266.294197	38
266.294197	49
266.5656535	35
266.83711	35
266.83711	49
266.906224125	38
266.97533825	38
267.044452375	38
267.1135665	38
267.25179475000004	38
267.39002300000004	38
267.52825125000004	38
267.66647950000004	35
267.66647950000004	49
267.94293600000003	35
267.94293600000003	49
268.497337	38
268.497337	49
268.91313775000003	38
269.05173800000006	35
269.05173800000006	49
269.32893850000005	35
269.60613900000004	38
269.60613900000004	49
269.88333950000003	35
270.16054	35
270.16054	49
270.71493200000003	38
270.71493200000003	49
271.12322600000005	38
271.25932400000005	35
271.25932400000005	49
271.54152000000005	35
271.82371600000005	38
271.82371600000005	49
272.10091200000005	35
272.378108	35
272.378108	49
272.951555	38
272.951555	49
273.35914025	38
273.495002	35
273.495002	49
273.7717255	35
274.048449	38
274.048449	49
274.3251725	35
274.601896	35
274.601896	49
274.74109825	38
274.810699375	38
274.88030050000003	38
275.01950275	38
275.158705	38
275.228306125	38
275.29790725000004	38
275.4371095	38
275.57631175	47
275.645912875	47
275.715514	47
275.85471625	47
275.9939185	47
276.13312075	47
276.27232300000003	38
276.40902525	38
276.5457275	49
276.68242975000004	49
276.819132	35
276.819132	49
277.390285	38
277.390285	49
277.81864975	38
277.961438	35
277.961438	49
278.2370145	35
278.51259100000004	38
278.51259100000004	49
278.78816750000004	35
278.78816750000004	49
279.06374400000004	49
279.32709500000004	35
279.59044600000004	38
279.59044600000004	49
279.99297250000006	38
280.12714800000003	35
280.12714800000003	49
280.39549900000003	35
280.66385	38
280.66385	49
280.9272010000001	35
280.9272010000001	49
281.45343950000006	35
281.5848832500001	38
281.6506051250001	38
281.7163270000001	38
281.8477707500001	38
281.97921450000007	38
282.1106582500001	38
282.2421020000001	38
282.37354575000006	38
282.5049895000001	38
282.6364332500001	38
282.76787700000006	38
282.90432075000007	38
283.0407645000001	35
283.0407645000001	49
283.31365200000005	35
283.31365200000005	49
283.87460000000004	38
283.87460000000004	49
284.140074	35
284.405548	35
284.405548	49
284.93649600000003	38
284.93649600000003	49
285.47744400000005	35
285.47744400000005	49
286.04183600000005	38
286.04183600000005	49
286.45763000000005	38
286.59622800000005	35
286.59622800000005	49
286.88342400000005	35
286.88342400000005	49
287.17062000000004	38
287.17062000000004	49
287.72501200000005	35
287.72501200000005	49
288.32171700000004	38
288.32171700000004	49
288.88842200000005	35
288.88842200000005	49
289.46512700000005	38
289.46512700000005	49
290.04183200000006	35
290.04183200000006	49
290.32169550000003	35
290.60155900000007	38
290.60155900000007	49
290.88142250000004	35
291.1612860000001	38
291.25124050000005	47
291.3411950000001	47
291.43114950000006	47
291.5211040000001	35
291.61105850000007	35
291.7010130000001	38
291.7010130000001	49
292.28074000000004	35
292.28074000000004	49
292.859169	38
292.859169	49
293.1433835	35
293.42759800000005	35
293.42759800000005	49
293.996027	38
293.996027	49
294.564456	35
294.564456	49
295.127648	38
295.127648	49
295.550042	38
295.69084	35
295.69084	49
295.972436	35
296.254032	38
296.254032	49
296.807224	35
296.807224	49
297.398614	38
297.398614	49
297.960004	35
297.960004	49
298.53139400000003	38
298.53139400000003	49
299.092784	35
299.235353	35
299.377922	38
299.377922	49
299.66306	35
299.79812899999996	35
299.933198	38
299.933198	49
300.203336	35
300.33840499999997	35
300.473474	38
300.473474	49
300.743612	35
300.88118099999997	35
301.01875	38
301.01875	49
301.293888	35
301.293888	49
303.625452	35
303.625452	49
303.830131	35
303.830131	42
304.03481	38
304.229489	35
304.229489	49
306.761156	38
306.761156	47
306.965196	35
306.965196	49
307.169236	35
307.169236	49
307.557316	35
307.557316	49
307.752243	35
307.752243	49
307.94717	38
308.14209700000004	35
308.14209700000004	49
308.531951	35
308.726878	38
308.726878	49
309.116732	35
309.116732	49
309.32291929166666	35
309.530832	38
309.530832	49
309.914932	35
309.914932	49
310.111982	35
310.309032	38
310.309032	49
310.693132	35
310.693132	49
310.8935295	35
311.093927	38
311.093927	49
311.474722	35
311.474722	49
311.6701195	35
311.6701195	42
311.865517	38
312.0717703229167	35
312.0717703229167	49
312.462591	35
312.64887	38
312.64887	49
313.051428	35
313.051428	49
313.252707	35
313.453986	38
313.453986	49
313.82654399999996	35
313.82654399999996	49
314.0227380833333	35
314.21730399999996	38
314.21730399999996	49
314.40268399999997	35
314.588064	38
314.588064	47
314.79344399999997	35
314.79344399999997	49
314.99882399999996	35
314.99882399999996	49
315.38958399999996	35
315.38958399999996	49
315.5850212708333	35
315.5850212708333	42
315.782094	38
315.983349	35
315.983349	49
316.3816767291666	35
316.57711399999994	38
316.57711399999994	49
316.95962399999996	35
316.95962399999996	42
317.1617175625	35
317.36213399999997	38
317.36213399999997	42
317.7546439999999	35
317.7546439999999	42
317.9517167291666	35
318.14715399999994	38
318.14715399999994	42
318.52966399999997	35
318.52966399999997	42
318.73230049999995	35
318.93493699999993	38
318.93493699999993	42
319.33020999999997	35
319.33020999999997	42
319.5236491520833	35
319.71548299999995	38
319.71548299999995	42
320.110756	35
320.110756	42
320.30744965624996	35
320.50251099999997	38
320.50251099999997	42
320.89426599999996	35
320.89426599999996	42
321.09095965625	35
321.286021	38
321.286021	42
321.677776	35
321.677776	42
321.8764555	35
322.075135	38
322.2738145	35
322.2738145	49
322.6661735	35
322.859853	38
322.859853	42
323.267212	35
323.267212	42
323.46252392291666	35
323.656215	38
323.656215	42
324.035218	35
324.035218	42
324.24057158958334	35
324.44422099999997	38
324.44422099999997	42
324.823224	35
324.823224	42
325.0194315	35
325.215639	38
325.4176848645833	35
325.4176848645833	49
325.8142615	35
326.010469	38
326.010469	42
326.402884	35
326.402884	42
326.59821701041665	35
326.791929	38
326.791929	42
326.9864515	35
327.08371274999996	35
327.180974	47
327.27573524999997	47
327.3704965	35
327.46446807291665	35
327.56001899999995	38
327.56001899999995	49
327.94906399999996	35
327.94906399999996	49
328.14122449999996	35
328.33338499999996	38
328.33338499999996	49
328.53054549999996	35
328.72770599999996	49
328.9307088354166	35
329.13202699999994	38
329.13202699999994	49
329.3241875	35
329.3241875	49
329.516348	49
329.712094	35
329.712094	49
329.90784	38
329.90784	49
330.098586	49
330.193959	42
330.289332	35
330.289332	49
330.490078	35
330.490078	49
330.690824	38
330.690824	49
330.88657	35
330.88657	49
331.082316	35
331.082316	49
331.2855685	35
331.488821	38
331.488821	49
331.6820735	35
331.6820735	49
331.875326	49
332.0735785	35
332.0735785	49
332.271831	38
332.271831	49
332.4700835	35
332.4700835	49
332.668336	49
332.8570235125	35
332.8570235125	49
333.04729000000003	38
333.04729000000003	49
333.2359775125	49
333.33150550000005	38
333.42624400000005	35
333.42624400000005	49
333.630721	35
333.630721	49
333.835198	38
333.835198	49
334.234152	35
334.234152	49
334.430642	35
334.627132	38
334.627132	49
334.823622	35
335.020112	49
335.21660199999997	35
335.21660199999997	49
335.413092	38
335.413092	49
335.604582	35
335.604582	49
335.796072	49
335.9934325	35
335.9934325	49
336.190793	38
336.190793	49
336.3831535	49
336.47933374999997	42
336.575514	35
336.575514	49
336.7686760020833	35
336.7686760020833	49
336.96023499999995	38
336.96023499999995	49
337.15259549999996	35
337.15259549999996	49
337.34495599999997	35
337.34495599999997	49
337.54065949999995	35
337.736363	38
337.736363	49
337.92706649999997	35
337.92706649999997	49
338.11776999999995	49
338.3184735	35
338.3184735	49
338.51917699999996	38
338.51917699999996	49
338.71569593124997	35
338.71569593124997	49
338.910584	35
338.910584	49
339.0082265	38
339.1066826875	38
339.2035115	38
339.301154	38
339.3955036458333	38
339.49143899999996	38
339.58658149999997	38
339.681724	38
339.7793665	38
339.877009	47
339.9746515	47
340.072294	47
340.1724365	47
340.27257899999995	47
340.37272149999995	47
340.47286399999996	35
340.47286399999996	49
340.67349849999994	35
340.67349849999994	42
340.874133	38
341.07891068958327	35
341.07891068958327	49
341.48603649999995	35
341.68667099999993	38
341.68667099999993	42
342.07793999999996	35
342.07793999999996	42
342.47417099999996	38
342.47417099999996	42
342.850402	35
342.850402	42
343.246633	38
343.246633	42
343.6328639999999	35
343.6328639999999	42
344.0230409999999	38
344.0230409999999	42
344.4132179999999	35
344.4132179999999	49
344.6083064999999	35
344.6083064999999	42
344.8033949999999	38
345.00848349999984	35
345.00848349999984	49
345.40449949999993	35
345.595427	38
345.595427	42
345.98728199999994	35
345.98728199999994	42
346.3891369999999	38
346.3891369999999	42
346.7909919999999	35
346.7909919999999	42
346.9882054999999	35
347.1854189999999	38
347.1854189999999	42
347.3776324999999	35
347.47373924999994	35
347.5698459999999	35
347.5698459999999	42
347.7720594999999	35
347.7720594999999	49
347.9742729999999	35
347.9742729999999	49
348.3586999999999	35
348.3586999999999	49
348.5420095145833	35
348.5420095145833	42
348.72685299999995	38
348.9259294999999	35
348.9259294999999	49
349.3240824999999	35
349.5231589999999	38
349.5231589999999	42
349.9213119999999	35
349.9213119999999	42
350.3127219999999	38
350.3127219999999	42
350.7041319999999	35
350.7041319999999	42
351.0955419999999	38
351.0955419999999	42
351.48695199999986	35
351.48695199999986	42
351.8757899999999	38
351.8757899999999	42
352.27462799999984	35
352.27462799999984	49
352.47404699999987	35
352.47404699999987	42
352.67346599999985	38
352.8686950791665	35
352.8686950791665	49
353.2562554999999	35
353.45020699999986	38
353.45020699999986	42
353.8381099999999	35
353.8381099999999	42
354.0370614999999	35
354.2360129999999	38
354.2360129999999	42
354.6339159999999	35
354.6339159999999	42
354.8310422041666	35
355.02981799999986	38
355.02981799999986	42
355.22694420416656	35
355.4257199999999	38
355.4257199999999	49
355.6236709999999	38
355.7226464999999	38
355.8216219999999	38
355.9180974999999	38
356.01457299999987	38
356.11104849999987	38
356.2075239999999	35
356.2075239999999	49
356.3060309999999	35
356.4045379999999	35
356.50304499999993	35
356.6015519999999	35
356.6015519999999	49
356.7935659999999	38
356.9855799999999	49
357.1725939999999	35
357.3596079999999	49
357.5566219999999	38
357.7536359999999	49
357.9436444999999	35
358.1336529999999	49
358.33866149999983	38
358.54366999999985	49
358.7336784999999	35
358.9236869999999	38
358.9236869999999	49
359.3137039999999	35
359.3137039999999	49
359.4133844999999	35
359.5130649999999	35
359.6127454999999	35
359.71242599999994	35
359.71242599999994	49
359.91261767083324	38
360.1111479999999	49
360.3105089999999	35
360.5098699999999	49
360.70923099999993	38
360.90859199999994	49
361.10140449999994	35
361.29421699999995	38
361.29421699999995	49
361.67984199999995	35
361.67984199999995	49
361.88265449999994	35
362.08546699999994	38
362.08546699999994	49
362.4910919999999	35
362.4910919999999	49
362.5889587499999	35
362.6876410562499	35
362.7846922499999	35
362.8825589999999	35
362.8825589999999	49
363.0832924999999	38
363.2840259999999	49
363.4689856104166	35
363.655493	49
363.85122649999994	38
364.04695999999996	49
364.23736549999995	35
364.42777099999995	49
364.62317649999994	38
364.818582	49
365.0189875	35
365.11835522708327	35
365.21939299999997	38
365.21939299999997	49
365.4206335229166	35
365.62020399999994	35
365.62020399999994	49
365.71760449999994	35
365.8150049999999	35
365.9124055	35
366.00980599999997	35
366.00980599999997	49
366.20460699999995	38
366.39940799999994	49
366.589209	35
366.77900999999997	38
366.77900999999997	49
366.97462267083324	35
367.16861199999994	49
367.3586379999999	35
367.5486639999999	38
367.5486639999999	49
367.948716	35
367.948716	49
368.048729	35
368.1479085583333	35
368.24875499999996	35
368.34876799999995	38
368.34876799999995	49
368.73882	35
368.73882	49
368.93939049999994	35
368.93939049999994	49
369.13996099999997	38
369.13996099999997	49
369.34053149999994	35
369.34053149999994	49
369.73087845624997	35
369.922243	38
369.922243	42
370.303384	35
370.303384	42
370.697722	38
370.697722	42
371.10206	35
371.10206	42
371.486398	38
371.486398	42
371.880736	35
371.880736	42
372.27504700000003	38
372.27504700000003	42
372.669358	35
372.669358	42
373.063669	38
373.063669	42
373.45963392083337	35
373.45963392083337	42
373.854921	38
373.854921	42
374.241862	35
374.241862	42
374.4361386270833	35
374.628803	38
374.628803	42
375.005744	35
375.005744	49
375.2030225	35
375.2030225	42
375.400301	38
375.5975795	35
375.5975795	49
375.9921365	35
376.189415	38
376.189415	42
376.58564301250004	35
376.58564301250004	42
376.98501500000003	38
376.98501500000003	42
377.366058	35
377.366058	42
377.75710100000003	38
377.75710100000003	42
378.148144	35
378.148144	42
378.53572	38
378.53572	42
378.933296	35
378.933296	42
379.320872	38
379.320872	42
379.698448	35
379.698448	42
379.8950565	35
380.091665	38
380.091665	42
380.2882735	35
380.48488199999997	38
380.48488199999997	47
380.6814905	47
380.78061395208334	47
380.87809899999996	47
380.97640325	47
381.07388829791665	47
381.17301175	47
381.271316	35
381.271316	49
381.4705898625	35
381.4705898625	49
381.66821	38
381.66821	49
381.86583013750004	35
382.065104	49
382.263551	35
382.461998	38
382.461998	49
382.66044500000004	35
382.66044500000004	49
382.858892	49
383.06352200000003	35
383.06352200000003	49
383.26815199999993	38
383.26815199999993	49
383.4635929583333	49
383.560097	49
383.657412	35
383.657412	49
383.842042	35
383.842042	49
384.026672	38
384.026672	49
384.21130200000005	35
384.3959320000001	35
384.3959320000001	49
384.60434599999996	35
384.81275999999997	38
384.81275999999997	49
385.011174	35
385.011174	49
385.209588	49
385.408002	35
385.408002	49
385.606416	38
385.606416	49
385.79983	35
385.79983	49
385.993244	49
386.1885504	35
386.1885504	49
386.382236	38
386.382236	49
386.5775424	49
386.67398000000003	42
386.771228	35
386.771228	49
386.9665344	35
386.9665344	49
387.16022	38
387.16022	49
387.36054723333336	35
387.36054723333336	49
387.559212	35
387.559212	49
387.76258436875	35
387.964269	38
387.964269	49
388.1617975	35
388.1617975	49
388.359326	49
388.5518545	35
388.5518545	49
388.744383	38
388.744383	49
388.9419115	35
388.9419115	49
389.13944	49
389.3344145	35
389.3344145	49
389.529389	38
389.529389	49
389.7243635	49
389.82185074999995	49
389.919338	35
389.919338	49
390.1143125	35
390.1143125	49
390.309287	38
390.309287	49
390.5042615	35
390.699236	35
390.699236	49
390.89500549999997	35
391.090775	38
391.090775	49
391.28736020624996	35
391.482314	49
391.67808349999996	35
391.67808349999996	49
391.873853	38
391.873853	49
392.0638276270833	35
392.0638276270833	49
392.255392	47
392.3232248333333	47
392.3919055770833	47
392.4588905	47
392.5267233333333	35
392.5945561666666	35
392.66238899999996	47
392.7318884999999	47
392.8022567437499	47
392.8708874999999	47
392.9403869999999	35
393.0098864999999	35
393.0793859999999	47
393.1455521666666	47
393.2125454104166	47
393.27788449999997	47
393.3440506666666	35
393.41021683333327	35
393.47638299999994	38
393.47638299999994	47
393.66488150000004	35
393.85338	35
393.85338	49
394.04876899999994	35
394.04876899999994	42
394.24415799999997	38
394.44454699999994	35
394.44454699999994	49
394.830325	35
395.015714	38
395.015714	42
395.40649199999996	35
395.40649199999996	42
395.80322199999995	38
395.80322199999995	42
396.17995199999996	35
396.17995199999996	42
396.56668199999996	38
396.56668199999996	42
396.96341199999995	35
396.96341199999995	42
397.36385199999995	38
397.36385199999995	42
397.75429199999996	35
397.75429199999996	49
397.9495119999999	35
397.9495119999999	42
398.1447319999999	38
398.329952	35
398.329952	49
398.72358026458323	35
398.93025899999986	38
398.93025899999986	42
399.3253459999999	35
399.3253459999999	42
399.5228894999999	35
399.72043299999996	38
399.72043299999996	42
399.91297649999996	35
400.01005051458327	35
400.10551999999996	38
400.10551999999996	47
400.3005392083333	35
400.3005392083333	49
400.49393999999995	35
400.49393999999995	49
400.69314999999995	35
400.89235999999994	38
400.98696499999994	38
401.08078162499993	38
401.17696337499996	38
401.27077999999995	35
401.27077999999995	49
401.36788499999994	35
401.46498999999994	35
401.56209499999994	35
401.65919999999994	35
401.65919999999994	49
401.7587542499999	35
401.85830849999996	35
401.85830849999996	42
401.95786274999995	35
402.05741699999993	38
402.2415255	35
402.2415255	49
402.6397424999999	35
402.8538509999999	38
402.8538509999999	49
403.25206799999995	35
403.25206799999995	42
403.64219499999996	38
403.64219499999996	42
404.022322	35
404.022322	42
404.422449	38
404.422449	42
404.812576	35
404.812576	42
405.21396899999996	38
405.21396899999996	42
405.59536199999997	35
405.59536199999997	49
405.79105849999996	35
405.79105849999996	42
405.98675499999996	38
406.18245149999996	35
406.18245149999996	49
406.58075377708326	35
406.78505499999994	38
406.78505499999994	42
407.18196199999994	35
407.18196199999994	42
407.38041549999997	35
407.57886899999994	38
407.57886899999994	42
407.76732250000003	35
407.76732250000003	42
407.955776	35
407.955776	42
408.15143199999994	38
408.24925999999994	38
408.347088	38
408.444916	38
408.54274399999997	47
408.5924732333333	47
408.6397567666666	47
408.73839999999996	47
408.83872799999995	47
408.88889199999994	47
408.93905599999994	47
409.0393839999999	47
409.139712	47
409.23753999999997	47
409.33536799999996	47
409.43319599999995	47
409.53102399999995	35
409.53102399999995	49
409.63191199999994	35
409.73279999999994	35
409.83368799999994	35
409.93457599999994	35
409.93457599999994	49
410.13635199999993	38
410.3381279999999	49
410.524904	35
410.71168	35
410.71168	49
410.90345599999995	38
411.09523199999995	49
411.28473449999996	35
411.47423699999996	35
411.47423699999996	49
411.67373949999995	38
411.87324199999995	49
412.06774449999995	35
412.26224699999995	38
412.26224699999995	49
412.66125199999993	35
412.66125199999993	49
412.76100324999993	35
412.8607544999999	35
412.9605057499999	35
413.0602569999999	35
413.0602569999999	49
413.2597594999999	38
413.4592619999999	49
413.6437645	35
413.828267	35
413.828267	49
414.0227694999999	38
414.2172719999999	49
414.4117826479166	35
414.6079209999999	38
414.6079209999999	49
415.0085699999999	35
415.0085699999999	49
415.20889449999993	35
415.40921899999995	38
415.40921899999995	49
415.80986799999994	35
415.80986799999994	49
415.90819674999995	35
416.00652549999995	35
416.10485424999996	35
416.2031829999999	35
416.2031829999999	49
416.39484049999993	38
416.58649799999995	49
416.78315549999996	35
416.9798129999999	35
416.9798129999999	49
417.18647049999987	38
417.3931279999999	49
417.58598649999993	35
417.77884499999993	35
417.77884499999993	49
417.97250707708326	38
418.16456199999993	49
418.35742049999993	35
418.45384974999996	35
418.55027899999993	38
418.55027899999993	49
418.93599599999993	35
418.93599599999993	49
419.03571424999996	35
419.1354324999999	35
419.23515074999995	35
419.3348689999999	35
419.3348689999999	49
419.5293054999999	38
419.7237419999999	49
419.9181784999999	35
420.11261499999995	49
420.30205149999995	38
420.49148799999995	49
420.68276119374997	35
420.87563499999993	38
420.87563499999993	49
421.0103506666666	35
421.14506633333326	38
421.14506633333326	49
421.27978199999995	35
421.4144976666666	38
421.4144976666666	49
421.5483713604166	35
421.6839289999999	38
421.6839289999999	42
421.81197799999995	38
421.94082730624996	38
422.06807599999996	35
422.06807599999996	49
422.260337	35
422.45259799999997	38
422.6648589999999	35
422.6648589999999	49
423.06938099999996	35
423.26164199999994	38
423.26164199999994	49
423.64616399999994	35
423.64616399999994	42
424.03068599999995	38
424.03068599999995	42
424.415208	35
424.415208	42
424.82973	38
424.82973	42
425.224252	35
425.224252	42
425.61393899999996	38
425.61393899999996	42
426.003626	35
426.003626	42
426.393313	38
426.393313	42
426.78299999999996	35
426.78299999999996	42
427.17173499999996	38
427.17173499999996	42
427.56046999999995	35
427.56046999999995	42
427.75483749999995	35
427.94920499999995	38
427.94920499999995	42
428.33793999999995	35
428.33793999999995	49
428.5374859916666	35
428.5374859916666	49
428.735376	38
428.92909399999996	35
428.92909399999996	49
429.32568117499994	35
429.530248	38
429.530248	49
429.92768399999994	35
429.92768399999994	42
430.30535799999996	38
430.30535799999996	42
430.70303199999995	35
430.70303199999995	42
431.09070599999995	38
431.09070599999995	42
431.47837999999996	35
431.47837999999996	42
431.86495499999995	38
431.86495499999995	42
432.25152999999995	35
432.25152999999995	42
432.63810499999994	38
432.63810499999994	42
433.02467999999993	35
433.02467999999993	42
433.21744384999994	38
433.40860799999996	38
433.40860799999996	47
433.59977215	35
433.7925359999999	38
433.7925359999999	47
433.98370014999995	35
434.17646399999995	47
434.17646399999995	47
434.38842799999986	35
434.6003919999999	35
434.6003919999999	49
435.46480899999995	35
435.46480899999995	49
436.86550399999993	35
436.86550399999993	49
437.69067049999995	35
437.69067049999995	49
439.0659479999999	35
439.0659479999999	49
439.89601049999993	35
439.89601049999993	49
441.2694479999999	35
441.2694479999999	49
442.080744	35
442.080744	49
443.4829039999999	35
443.4829039999999	49
444.03590099999997	38
444.03590099999997	49
444.43564875	38
444.568898	35
444.568898	49
444.84039649999994	35
445.11189499999995	38
445.11189499999995	49
445.38339349999995	35
445.65489199999996	35
445.65489199999996	49
446.2072749999999	38
446.2072749999999	49
446.61406224999996	38
446.74965799999995	35
446.74965799999995	49
447.01584949999994	35
447.28204099999994	38
447.28204099999994	49
447.5532325	35
447.82442399999996	35
447.82442399999996	49
448.36680699999994	38
448.36680699999994	49
448.77359425	38
448.90918999999997	35
448.90918999999997	49
449.18038149999995	35
449.45157299999994	38
449.45157299999994	49
449.7227645	35
449.99395599999997	35
449.99395599999997	49
450.55650699999995	38
450.55650699999995	49
450.97092024999995	38
451.10905799999995	35
451.10905799999995	49
451.38533349999994	35
451.52347124999994	35
451.66160899999994	38
451.79974674999994	38
451.93788449999994	35
451.93788449999994	49
452.21415999999994	35
452.21415999999994	49
452.76036199999993	38
452.76036199999993	49
453.15501349999994	38
453.28656399999994	35
453.28656399999994	49
453.55966499999994	35
453.83276599999994	38
453.83276599999994	49
454.1108669999999	35
454.3889679999999	35
454.3889679999999	49
454.9372209999999	38
454.9372209999999	49
455.3334107499999	38
455.4654739999999	35
455.4654739999999	49
455.73960049999994	35
456.0137269999999	38
456.0137269999999	49
456.2878534999999	35
456.5619799999999	35
456.5619799999999	49
457.1210599999999	38
457.1210599999999	49
457.5178699999999	38
457.6501399999999	35
457.6501399999999	49
457.9246799999999	35
458.0619499999999	35
458.1992199999999	38
458.1992199999999	49
458.4687599999999	35
458.7382999999999	35
458.7382999999999	49
458.8073894999999	38
458.8764789999999	38
458.94556849999987	38
459.01465799999994	38
459.1528369999999	38
459.2910159999999	38
459.42669499999994	38
459.5623739999999	35
459.5623739999999	49
459.6980529999999	35
459.6980529999999	49
459.83373199999994	38
459.956911	38
460.08009	38
460.2032689999999	38
460.32644799999997	35
460.32644799999997	49
460.61280599999986	35
460.61280599999986	49
460.89916399999987	35
460.89916399999987	49
461.47970799999985	38
461.47970799999985	49
461.8851159999999	38
462.0202519999999	35
462.0202519999999	49
462.2905239999999	35
462.5607959999999	38
462.5607959999999	49
462.8360679999999	35
463.1113399999999	35
463.1113399999999	49
463.6500419999999	38
463.6500419999999	49
464.06156849999996	38
464.1987439999999	35
464.1987439999999	49
464.47809499999994	35
464.7574459999999	38
464.7574459999999	49
465.0317969999999	35
465.30614799999995	35
465.30614799999995	49
465.84353999999996	38
465.84353999999996	49
466.23908399999993	38
466.370932	35
466.370932	49
466.64462799999995	35
466.9183239999999	38
466.9183239999999	49
467.18701999999996	35
467.45571599999994	35
467.45571599999994	49
468.00082799999996	38
468.00082799999996	49
468.5459399999999	35
468.5459399999999	49
468.8184959999999	38
468.95477399999993	38
469.09105199999993	38
469.22732999999994	38
469.36360799999994	35
469.36360799999994	49
469.63616399999995	35
469.63616399999995	49
470.20686599999993	38
470.20686599999993	49
470.60489249999995	38
470.73756799999995	35
470.73756799999995	49
471.01291899999995	35
471.28826999999995	38
471.28826999999995	49
471.56362099999996	35
471.83897199999996	35
471.83897199999996	49
472.38621399999994	38
472.38621399999994	49
472.79664549999995	38
472.933456	35
472.933456	49
473.20707699999997	35
473.48069799999996	38
473.48069799999996	49
473.75431899999995	35
474.02793999999994	35
474.02793999999994	49
474.55836899999997	38
474.55836899999997	49
474.97119074999995	38
475.1087979999999	35
475.1087979999999	49
475.37901249999993	35
475.64922699999994	38
475.64922699999994	49
475.91944149999995	35
475.91944149999995	49
476.18965599999996	38
476.2580133749999	38
476.32637074999997	35
476.3947281249999	35
476.4630855	47
476.5314428749999	47
476.59980024999993	47
476.66815762499994	47
476.73651499999994	35
476.803622375	35
476.87072974999995	47
476.93783712499993	47
477.00494449999997	47
477.07205187499994	47
477.1391592499999	35
477.20626662499996	35
477.27337399999993	47
477.336731375	47
477.40008875	47
477.46344612499996	47
477.5268035	35
477.590160875	35
477.65351825000005	47
477.716875625	47
477.780233	47
477.849840375	47
477.91944774999996	35
477.989055125	35
478.05866249999997	38
478.05866249999997	47
478.337092	35
478.337092	49
478.92585399999996	38
478.92585399999996	49
479.32992549999994	38
479.464616	35
479.464616	49
479.738997	35
480.01337799999993	38
480.01337799999993	49
480.28775899999994	35
480.28775899999994	49
480.83782199999996	35
481.1135039999999	38
481.1135039999999	49
481.51202699999993	38
481.644868	35
481.644868	49
481.91554999999994	35
482.18623199999996	38
482.18623199999996	49
482.456914	35
482.456914	49
482.98611650000004	35
483.244637	38
483.244637	49
483.51315750000003	38
483.580287625	38
483.64741775	38
483.781678	38
483.91343825	38
483.979318375	38
484.0451985	38
484.17695875	38
484.308719	38
484.44047925	38
484.5722395	35
484.5722395	49
484.83576	35
484.83576	49
485.388272	38
485.388272	49
485.930784	35
485.930784	49
486.493296	38
486.493296	49
487.05580799999996	35
487.05580799999996	49
487.64230999999995	38
487.64230999999995	49
488.05968649999994	38
488.198812	35
488.198812	49
488.47706299999993	35
488.47706299999993	49
488.75531399999994	38
488.75531399999994	49
489.32181599999996	35
489.32181599999996	49
489.91472899999997	38
489.91472899999997	49
490.457642	35
490.457642	49
491.040555	38
491.040555	49
491.61346799999995	35
491.61346799999995	49
492.16811599999994	38
492.16811599999994	49
492.59160199999997	35
492.66218299999997	35
492.732764	35
492.732764	49
493.020088	35
493.020088	49
493.30741199999994	35
493.30741199999994	49
493.87206	35
493.87206	49
494.43863999999996	38
494.43863999999996	49
494.98521999999997	35
494.98521999999997	49
495.5618	38
495.5618	49
496.13838	35
496.13838	49
496.702585	38
496.702585	49
497.11073875	38
497.24679	35
497.24679	49
497.5338925	35
497.820995	38
497.820995	49
498.3852	35
498.3852	49
498.95695	38
498.95695	49
499.5187	35
499.5187	49
500.11045	38
500.11045	49
500.68219999999997	35
500.82277899999997	35
500.96335799999997	38
500.96335799999997	49
501.244516	35
501.377595	35
501.510674	38
501.510674	49
501.77683199999996	35
501.91491099999996	35
502.05298999999997	38
502.05298999999997	49
502.329148	35
502.469727	35
502.610306	38
502.610306	49
502.891464	35
502.891464	49
503.446802	38
503.446802	49
503.8708055	38
504.01214	35
504.01214	49
504.59747799999997	38
504.59747799999997	49
504.88514699999996	35
505.17281599999995	35
505.17281599999995	49
505.760972	38
505.760972	49
506.16458900000003	38
506.299128	35
506.299128	49
506.57820599999997	35
506.57820599999997	49
506.857284	38
506.857284	49
507.14136199999996	35
507.42544	35
507.42544	49
508.00691099999995	38
508.00691099999995	49
508.43551425	38
508.578382	35
508.578382	49
508.86411749999996	35
509.14985299999995	38
509.14985299999995	49
509.4305885	35
509.711324	35
509.711324	49
510.138929	35
510.28146399999997	38
510.28146399999997	49
510.7004020416667	35
510.7704195416667	35
510.841604	49
511.13046537499997	35
511.13046537499997	49
511.421744	35
511.421744	49
511.99188399999997	35
511.99188399999997	49
512.564253	38
512.564253	49
512.97852975	38
513.116622	35
513.116622	49
513.3978065	35
513.678991	38
513.678991	49
513.9601755	35
514.24136	35
514.24136	49
514.805288	38
514.805288	49
515.2282339999999	38
515.3692159999999	35
515.3692159999999	49
515.65118	35
515.933144	38
515.933144	49
516.215108	35
516.497072	35
516.497072	49
517.074116	38
517.074116	49
517.4918990000001	38
517.63116	35
517.63116	49
517.914682	35
518.198204	38
518.198204	49
518.765248	35
518.912009	35
519.05877	38
519.05877	49
519.352292	35
519.4915530000001	35
519.630814	38
519.630814	49
519.9093359999999	35
520.0485970000001	35
520.187858	38
520.187858	49
520.46638	35
520.6056410000001	35
520.744902	38
520.744902	49