88.1286575	38
88.1972684	38
88.26587930000001	38
88.3344902	38
88.4031011	38
88.471712	35
88.471712	49
88.8044785	49
88.97086174999998	35
89.137245	49
89.30612824999999	35
89.4750115	38
89.4750115	49
89.812778	49
89.98166124999999	38
90.1505445	49
90.31942774999999	35
90.488311	38
90.488311	49
90.8260775	38
90.8936308	38
90.9611841	38
91.0287374	38
91.163844	35
91.163844	49
91.50727099999999	49
91.6789845	35
91.85069800000001	49
92.0224115	35
92.194125	38
92.194125	49
92.53755199999999	49
92.70426549999999	38
92.87097899999999	49
93.0376925	35
93.204406	38
93.204406	49
93.542833	38
93.6105184	38
93.6782038	38
93.74588920000001	38
93.88126	35
93.88126	49
94.2379925	49
94.41635874999999	35
94.594725	49
94.76059125	35
94.9264575	38
94.9264575	49
95.25818999999998	49
95.42655624999999	38
95.5949225	35
95.5949225	49
95.76328875	35
95.93165499999999	38
95.93165499999999	49
96.2683875	38
96.335734	38
96.40308049999999	38
96.470427	38
96.60512	35
96.60512	49
96.95185249999999	49
97.12521875	35
97.298585	49
97.46945124999999	35
97.6403175	38
97.6403175	49
97.98205	49
98.15291624999999	38
98.3237825	49
98.49464875	35
98.665515	38
98.665515	49
99.00724749999999	38
99.075594	38
99.1439405	38
99.212287	38
99.34898	35
99.34898	49
99.6957125	49
99.86907874999999	35
100.04244499999999	49
100.21081124999999	35
100.3791775	38
100.3791775	49
100.71591	49
100.88677625	38
101.0576425	35
101.0576425	49
101.22850875	35
101.39937499999999	38
101.39937499999999	49
101.7411075	38
101.809454	38
101.87780049999999	38
101.946147	38
102.08283999999999	35
102.08283999999999	49
102.4245725	49
102.59543875	35
102.766305	49
102.93967124999999	35
103.11303749999999	38
103.11303749999999	49
103.45976999999999	49
103.62813625	38
103.79650249999999	35
103.79650249999999	49
103.96486875	35
104.133235	38
104.133235	49
104.4699675	38
104.537314	38
104.6046605	38
104.672007	38
104.80669999999999	35
104.80669999999999	49
105.14843249999998	49
105.31929874999999	35
105.49016499999999	49
105.66353124999999	35
105.83689749999999	38
105.83689749999999	49
106.18363	49
106.35199625	38
106.5203625	35
106.5203625	49
106.68872875	35
106.85709499999999	38
106.85709499999999	49
107.1988275	38
107.267174	38
107.33552049999999	38
107.40386699999999	38
107.54056	35
107.54056	49
107.8833265	49
108.05470975	35
108.226093	49
108.39747625	35
108.5688595	38
108.5688595	49
108.911626	49
109.07550925	38
109.23939250000001	35
109.23939250000001	49
109.40327574999999	35
109.567159	38
109.567159	49
109.9099255	35
109.9099255	49
110.08130875	38
110.25269200000001	35
110.25269200000001	49
110.58781400000001	35
110.58781400000001	49
110.922936	38
110.922936	42
111.258058	42
111.42561900000001	35
111.59318	42
111.76074100000001	38
111.92830200000002	35
111.92830200000002	42
112.09586300000001	35
112.26342400000001	38
112.26342400000001	42
112.59854600000001	35
112.59854600000001	42
112.766107	38
112.93366800000001	35
112.93366800000001	49
113.26180700000002	35
113.26180700000002	49
113.58994600000001	38
113.58994600000001	42
113.93308499999999	42
114.10465450000001	35
114.276224	42
114.44279350000001	38
114.609363	35
114.609363	42
114.7759325	35
114.942502	38
114.942502	42
115.260641	35
115.260641	42
115.41971050000001	38
115.57878	35
115.57878	49
115.921919	35
115.921919	49
116.26505800000001	38
116.26505800000001	42
116.60319700000001	42
116.7722665	35
116.941336	42
117.1054055	38
117.269475	35
117.269475	42
117.43354450000001	35
117.59761400000001	38
117.59761400000001	42
117.93075300000001	35
117.93075300000001	42
118.0973225	38
118.26389200000001	35
118.26389200000001	49
118.59703100000002	35
118.59703100000002	49
118.93017000000002	38
118.93017000000002	42
119.25830900000001	42
119.42237850000001	35
119.586448	42
119.7555175	38
119.924587	35
119.924587	42
120.09365650000001	35
120.26272600000001	38
120.26272600000001	42
120.42679550000001	35
120.59086500000002	38
120.59086500000002	38
120.7549345	38
120.919004	35
120.919004	49
121.252143	35
121.252143	49
121.585282	38
121.585282	42
121.91842100000001	42
122.0849905	35
122.25156000000001	42
122.4181295	38
122.584699	35
122.584699	42
122.75126850000001	35
122.917838	38
122.917838	42
123.255977	35
123.255977	42
123.42504650000001	38
123.59411600000001	35
123.59411600000001	49
123.92857650000002	35
123.92857650000002	49
124.26303700000001	38
124.26303700000001	42
124.59249750000002	42
124.75722775000001	35
124.921958	42
125.08918825	38
125.25641850000001	35
125.25641850000001	42
125.42364875000001	35
125.59087900000002	38
125.59087900000002	42
125.9253395	35
125.9253395	42
126.09256975000001	38
126.25980000000001	35
126.25980000000001	49
126.5942605	35
126.5942605	49
126.92872100000001	38
126.92872100000001	42
127.2631815	42
127.43041175	35
127.59764200000001	42
127.76237225000001	38
127.92710250000002	35
127.92710250000002	42
128.09183275	35
128.25656300000003	38
128.25656300000003	42
128.5910235	35
128.5910235	42
128.75825375000002	38
128.925484	35
128.925484	49
129.2673015	35
129.2673015	49
129.43821025	35
129.609119	38
129.609119	42
129.9309365	35
129.9309365	42
130.09184525	35
130.252754	38
130.252754	49
130.42116275	38
130.50536712500002	38
130.5895715	38
130.75798025	38
130.926389	38
131.09229775	38
131.2582065	38
131.42411525	38
131.590024	35
131.590024	49
131.9268415	35
131.9268415	49
132.09525025	35
132.263659	38
132.263659	49
132.5804765	35
132.5804765	49
132.73888524999998	35
132.897294	49
133.06570274999999	38
133.23411149999998	35
133.23411149999998	49
133.40252025	35
133.570929	38
133.570929	49
133.9077465	35
133.9077465	49
134.07615525	38
134.244564	35
134.244564	49
134.5813815	35
134.5813815	49
134.74979025	35
134.918199	38
134.918199	49
135.2450165	35
135.2450165	49
135.40842525	35
135.571834	49
135.73774275	38
135.9036515	35
135.9036515	49
136.06956025	35
136.235469	38
136.235469	49
136.5672865	35
136.5672865	49
136.73319525	38
136.899104	35
136.899104	49
137.244226	35
137.244226	49
137.416787	35
137.589348	38
137.589348	49
137.91947000000002	35
137.91947000000002	49
138.08453099999997	35
138.24959199999998	49
138.41715299999998	38
138.584714	35
138.584714	49
138.752275	35
138.91983599999998	38
138.91983599999998	49
139.249958	35
139.249958	49
139.415019	38
139.58007999999998	35
139.58007999999998	49
139.920202	35
139.920202	49
140.090263	35
140.260324	38
140.260324	49
140.585446	35
140.585446	49
140.748007	35
140.910568	49
141.078129	38
141.24569	35
141.24569	49
141.413251	35
141.580812	38
141.580812	49
141.920934	35
141.920934	49
142.090995	38
142.261056	35
142.261056	49
142.5915515	35
142.5915515	49
142.75679925	35
142.922047	38
142.922047	49
143.2475425	35
143.2475425	49
143.41029025	35
143.573038	49
143.74078575000001	38
143.9085335	35
143.9085335	49
144.07628125	35
144.24402899999998	38
144.24402899999998	49
144.5745245	35
144.5745245	49
144.73977225	38
144.90502	35
144.90502	49
145.243159	35
145.243159	49
145.4122285	35
145.581298	38
145.581298	49
145.909437	35
145.909437	49
146.0735065	35
146.23757600000002	49
146.4041455	38
146.570715	35
146.570715	49
146.73728450000002	35
146.903854	38
146.903854	49
147.236993	35
147.236993	49
147.40356250000002	38
147.570132	35
147.570132	49
147.906288	35
147.906288	49
148.074366	35
148.24244399999998	38
148.24244399999998	49
148.5736	35
148.5736	49
148.73917799999998	35
148.904756	49
149.070334	38
149.23591199999998	35
149.23591199999998	49
149.40149	35
149.56706799999998	38
149.56706799999998	49
149.893224	35
149.893224	49
150.056302	38
150.21938	35
150.21938	49
150.56479	35
150.56479	49
150.737495	35
150.9102	38
150.9102	49
151.24061	35
151.24061	49
151.40581500000002	35
151.57102	38
151.6548725	38
151.73872500000002	35
151.82257750000002	35
151.90643000000003	47
151.99028249999998	47
152.07413499999998	47
152.1579875	47
152.24184	35
152.3294425	35
152.41704499999997	47
152.50464749999998	47
152.59224999999998	38
152.67985249999998	38
152.767455	35
152.85505750000002	35
152.94266	35
152.94266	49
152.94266	49
153.60348	35
153.60348	38
153.60348	42
154.2843	35
154.2843	42
154.97512	35
154.97512	38
154.97512	42
155.66594	35
155.66594	42
156.393947	35
156.393947	38
156.393947	42
157.06195400000001	35
157.06195400000001	42
157.77996100000001	35
157.77996100000001	38
157.77996100000001	42
158.457968	35
158.457968	42
158.57596916666668	42
158.69397033333334	42
158.8119715	42
159.165975	35
159.165975	38
159.51997849999998	42
159.6379796666667	42
159.75598083333335	42
159.873982	35
159.873982	42
159.9903165	42
160.10665100000003	42
160.22298550000002	42
160.571989	35
160.571989	38
160.6849901666667	42
160.79799133333336	42
160.91099250000002	42
161.249996	35
161.249996	42
161.36466383333334	42
161.47933166666667	42
161.59399950000002	42
161.938003	35
161.938003	38
162.28200650000002	42
162.39667433333332	42
162.51134216666665	42
162.62601	35
162.62601	42
162.7473445	42
162.868679	42
162.99001349999998	42
163.354017	35
163.354017	38
163.52851875	38
163.7030205	38
164.052024	35
164.052024	49
164.052024	49
164.750031	35
164.750031	38
164.750031	42
165.448038	35
165.448038	42
166.146045	35
166.146045	38
166.146045	42
166.844052	35
166.844052	42
167.548668	35
167.548668	38
167.548668	42
168.23328400000003	35
168.23328400000003	42
168.9379	35
168.9379	38
168.9379	42
169.65251600000002	35
169.65251600000002	42
170.35920000000002	35
170.35920000000002	38
170.35920000000002	42
171.05588400000002	35
171.05588400000002	42
171.752568	35
171.752568	38
171.752568	42
172.42925200000002	35
172.42925200000002	42
173.12593600000002	35
173.12593600000002	38
173.12593600000002	42
173.81262	35
173.81262	42
174.51930400000003	35
174.51930400000003	38
174.51930400000003	42
175.21598800000004	35
175.21598800000004	49
175.21598800000004	49
175.93002800000002	35
175.93002800000002	38
175.93002800000002	42
176.62406800000002	35
176.62406800000002	42
177.31810800000002	35
177.31810800000002	38
177.31810800000002	42
178.00214800000003	35
178.00214800000003	42
178.69618800000003	35
178.69618800000003	38
178.69618800000003	42
179.39022800000004	35
179.39022800000004	42
180.09426800000003	35
180.09426800000003	38
180.09426800000003	42
180.78830800000003	35
180.78830800000003	42
181.49424600000003	35
181.49424600000003	38
181.49424600000003	42
182.18018400000005	35
182.18018400000005	42
182.88612200000006	35
182.88612200000006	38
182.88612200000006	42
183.60206000000005	35
183.60206000000005	42
184.27610000000004	35
184.27610000000004	38
184.27610000000004	42
184.98014000000006	35
184.98014000000006	42
185.68418000000005	35
185.68418000000005	38
185.68418000000005	42
186.37822000000006	35
186.37822000000006	49
186.37822000000006	49
186.72524000000004	35
187.07226000000006	38
187.07226000000006	49
187.41428000000005	35
187.58529000000007	35
187.75630000000007	49
187.92981000000006	35
188.10332000000005	35
188.45034000000007	38
188.45034000000007	49
188.98587000000003	38
189.16438000000005	35
189.16438000000005	49
189.50640000000004	35
189.84842000000006	38
189.84842000000006	49
190.20044000000004	35
190.37645000000003	35
190.55246000000005	49
190.72097000000005	35
190.88948000000005	35
191.22650000000007	38
191.22650000000007	49
191.58352000000005	35
191.76203000000004	38
191.94054000000006	35
191.94054000000006	49
192.29152650000006	35
192.64251300000006	38
192.64251300000006	49
192.98849950000005	35
193.16149275000006	35
193.33448600000006	49
193.50747925000007	35
193.68047250000006	35
194.02645900000007	38
194.02645900000007	49
194.56043875000006	38
194.73843200000007	35
194.73843200000007	49
195.08309600000007	35
195.4277600000001	38
195.4277600000001	49
195.7674240000001	35
195.93725600000008	35
196.10708800000006	49
196.28442000000007	35
196.46175200000008	35
196.81641600000006	38
196.81641600000006	49
197.17108000000005	35
197.34841200000008	38
197.5257440000001	35
197.5257440000001	49
197.87540800000008	35
198.2250720000001	38
198.2250720000001	49
198.5747360000001	35
198.7495680000001	35
198.92440000000008	49
199.0992320000001	35
199.2740640000001	35
199.62372800000009	38
199.62372800000009	49
200.15572400000008	38
200.33305600000008	35
200.33305600000008	49
200.67772000000008	35
201.02238400000007	38
201.02238400000007	49
201.3670480000001	35
201.53938000000005	35
201.71171200000006	49
201.88904400000007	35
202.06637600000005	35
202.4210400000001	38
202.4210400000001	49
202.77070400000008	35
202.9455360000001	38
203.12036800000007	35
203.12036800000007	49
203.28755600000008	38
203.37115000000009	38
203.4547440000001	38
203.62193200000004	38
203.78912000000005	38
203.96630800000005	38
204.14349600000006	35
204.14349600000006	42
204.32068400000009	38
204.40927800000009	38
204.49787200000006	38
204.66256000000007	38
204.82724800000008	38
204.99193600000007	38
205.15662400000008	35
205.15662400000008	42
205.33631200000005	38
205.42615600000005	38
205.51600000000005	38
205.69568800000008	38
205.87537600000007	38
206.05086925000006	38
206.22636250000008	35
206.22636250000008	42
206.40185575000007	38
206.48960237500006	38
206.57734900000008	38
206.74784225000008	38
206.91833550000007	38
207.08882875000006	38
207.25932200000005	35
207.25932200000005	42
207.44231525000006	38
207.53381187500005	38
207.62530850000005	38
207.80830175000008	38
207.99129500000006	38
208.16678825000005	38
208.34228150000007	38
208.51777475000006	38
208.69326800000007	35
208.69326800000007	49
209.03839000000008	35
209.03839000000008	42
209.21095100000008	35
209.38351200000008	38
209.38351200000008	42
209.7136340000001	35
209.7136340000001	42
209.87869500000005	35
210.04375600000006	42
210.21381700000006	38
210.38387800000007	35
210.38387800000007	42
210.5539390000001	35
210.72400000000007	38
210.72400000000007	42
211.06412200000008	38
211.06412200000008	42
211.40424400000006	42
211.56463575000006	38
211.72502750000007	35
211.72502750000007	42
211.88541925000004	35
212.04581100000007	38
212.04581100000007	42
212.37159450000007	42
212.69737800000004	42
212.86776975000004	38
213.03816150000006	35
213.03816150000006	42
213.20855325000008	35
213.37894500000007	38
213.37894500000007	42
213.54933675000007	35
213.71972850000006	38
213.71972850000006	38
213.89012025000005	38
214.06051200000007	35
214.06051200000007	49
214.39600750000008	35
214.39600750000008	42
214.56375525000007	35
214.73150300000006	38
214.73150300000006	49
215.05699850000008	42
215.38249400000007	42
215.55024175000008	38
215.71798950000007	35
215.71798950000007	42
215.88573725000006	35
216.05348500000005	38
216.05348500000005	42
216.38398050000006	38
216.38398050000006	42
216.71447600000008	42
216.87637625000008	38
217.03827650000008	35
217.03827650000008	42
217.20017675000008	35
217.36207700000008	38
217.36207700000008	42
217.6908775000001	42
218.01967800000008	42
218.18657825000008	38
218.35347850000008	35
218.35347850000008	42
218.52037875000008	35
218.68727900000007	38
218.68727900000007	42
218.86167925000007	35
219.03607950000006	38
219.03607950000006	42
219.21047975000008	38
219.38488000000007	35
219.38488000000007	49
219.71868050000006	35
219.71868050000006	49
220.05248100000009	38
220.05248100000009	42
220.38128150000009	42
220.54568175000009	35
220.71008200000009	42
220.87448225000009	38
221.03888250000008	35
221.03888250000008	42
221.20328275000008	35
221.36768300000008	38
221.36768300000008	42
221.7064835000001	38
221.7064835000001	42
222.0452840000001	42
222.2033620000001	38
222.3614400000001	35
222.3614400000001	42
222.5195180000001	35
222.67759600000008	38
222.67759600000008	42
223.01875200000012	42
223.3599080000001	42
223.5279860000001	38
223.6960640000001	35
223.6960640000001	42
223.8641420000001	35
224.03222000000008	38
224.03222000000008	42
224.2002980000001	35
224.3683760000001	38
224.3683760000001	42
224.53645400000008	38
224.70453200000009	35
224.70453200000009	49
225.0370095000001	35
225.0370095000001	49
225.36948700000008	38
225.36948700000008	42
225.7019645000001	42
226.0344420000001	42
226.2006807500001	38
226.36691950000008	35
226.36691950000008	42
226.5331582500001	35
226.6993970000001	38
226.6993970000001	42
227.03187450000007	38
227.03187450000007	42
227.36435200000008	42
227.53059075000007	38
227.6968295000001	35
227.6968295000001	42
227.86306825000008	35
228.02930700000007	38
228.02930700000007	42
228.36178450000008	42
228.52802325000007	38
228.6942620000001	35
228.6942620000001	49
228.86300075000008	38
228.94737012500008	38
229.0317395000001	38
229.20047825000012	38
229.3692170000001	38
229.5354557500001	38
229.70169450000012	38
229.8679332500001	38
230.0341720000001	35
230.0341720000001	49
230.3686325000001	35
230.5358627500001	35
230.7030930000001	38
230.7030930000001	49
231.03255350000006	35
231.03255350000006	49
231.19728375000008	35
231.36201400000007	49
231.5292442500001	38
231.69647450000008	35
231.69647450000008	49
231.86370475000007	35
232.03093500000008	38
232.03093500000008	49
232.3603955000001	35
232.3603955000001	49
232.5251257500001	38
232.68985600000008	35
232.68985600000008	49
233.02733350000008	35
233.02733350000008	49
233.19607225000007	35
233.36481100000006	38
233.36481100000006	49
233.69728850000007	35
233.69728850000007	49
233.86352725000006	35
234.02976600000008	49
234.19600475000007	38
234.36224350000006	35
234.36224350000006	49
234.52848225000008	35
234.69472100000007	38
234.69472100000007	49
234.86095975000006	35
235.02719850000005	38
235.02719850000005	38
235.19343725000007	38
235.35967600000006	35
235.35967600000006	49
235.69479800000008	35
235.86235900000005	35
236.02992000000006	38
236.02992000000006	49
236.36504200000007	35
236.36504200000007	49
236.53260300000005	35
236.70016400000006	49
236.86772500000006	38
237.03528600000007	35
237.03528600000007	49
237.20284700000008	35
237.37040800000005	38
237.37040800000005	49
237.70053000000007	35
237.70053000000007	49
237.86559100000008	38
238.03065200000006	35
238.03065200000006	49
238.36577400000007	35
238.36577400000007	49
238.53333500000008	35
238.70089600000009	38
238.70089600000009	49
239.04101800000007	35
239.04101800000007	49
239.21107900000007	35
239.38114000000007	49
239.54370100000006	38
239.70626200000007	35
239.70626200000007	49
239.86882300000008	35
240.0313840000001	38
240.0313840000001	49
240.1989450000001	35
240.36650600000007	38
240.36650600000007	47
240.53406700000008	38
240.70162800000008	35
240.70162800000008	49
241.0314625000001	35
241.0314625000001	49
241.1963797500001	35
241.3612970000001	38
241.3612970000001	49
241.6911315000001	35
241.6911315000001	49
241.8560487500001	35
242.02096600000007	49
242.18838325000007	38
242.35580050000007	35
242.35580050000007	49
242.52321775000007	35
242.69063500000007	38
242.69063500000007	49
243.02046950000008	35
243.02046950000008	49
243.18538675000008	38
243.35030400000008	35
243.35030400000008	49
243.68712150000007	35
243.68712150000007	49
243.85553025000007	35
244.02393900000007	38
244.02393900000007	49
244.35075650000007	35
244.35075650000007	49
244.51416525000008	35
244.67757400000008	49
244.84348275000008	38
245.00939150000008	35
245.00939150000008	49
245.17530025000008	35
245.34120900000008	38
245.45348150000007	38
245.56575400000008	38
245.67802650000007	38
245.79029900000006	38
245.90257150000008	38
246.01484400000007	38
246.01484400000007	49
246.35401700000008	42
246.5236035000001	35
246.69319000000007	38
246.69319000000007	42
247.01236300000005	35
247.01236300000005	42
247.17194950000007	35
247.33153600000006	38
247.33153600000006	42
247.49612250000007	38
247.66070900000005	35
247.66070900000005	42
247.82529550000007	35
247.98988200000008	38
247.98988200000008	42
248.15196850000007	38
248.31405500000008	35
248.31405500000008	42
248.47614150000007	35
248.63822800000008	38
248.63822800000008	49
248.96975700000007	42
249.13552150000007	35
249.30128600000006	38
249.30128600000006	42
249.62781500000008	35
249.62781500000008	42
249.79107950000008	35
249.95434400000008	38
249.95434400000008	42
250.27087300000008	42
250.42913750000008	35
250.58740200000008	38
250.58740200000008	42
250.75316650000008	35
250.9189310000001	38
251.0846955000001	38
251.2504600000001	35
251.2504600000001	49
251.5810405000001	49
251.7463307500001	35
251.9116210000001	38
251.9116210000001	49
252.2322015000001	35
252.2322015000001	49
252.5527820000001	49
252.7080722500001	38
252.86336250000008	35
252.86336250000008	49
253.0186527500001	35
253.1739430000001	38
253.1739430000001	49
253.4945235000001	35
253.4945235000001	49
253.6548137500001	38
253.81510400000008	35
253.81510400000008	49
254.13870100000008	49
254.30049950000006	35
254.46229800000006	38
254.46229800000006	49
254.78089500000007	35
254.78089500000007	49
254.94019350000008	38
255.09949200000005	49
255.25629050000006	38
255.41308900000007	35
255.41308900000007	49
255.56988750000008	35
255.7266860000001	38
255.7266860000001	49
256.0452830000001	38
256.2045815000001	38
256.36388000000005	35
256.36388000000005	49
256.68247700000006	49
256.8417755000001	35
257.0010740000001	38
257.0010740000001	49
257.3196710000001	35
257.3196710000001	49
257.47896950000006	38
257.6382680000001	49
257.7925665000001	38
257.94686500000006	35
257.94686500000006	49
258.1011635000001	35
258.2554620000001	38
258.2554620000001	49
258.5790590000001	38
258.74085750000006	38
258.9026560000001	35
258.9026560000001	49
259.2212530000001	49
259.3805515000001	35
259.53985000000006	38
259.53985000000006	49
259.8534470000001	47
260.0102455000001	47
260.1670440000001	35
260.1670440000001	49
260.4906410000001	35
260.4906410000001	49
260.65243950000007	35
260.8142380000001	38
260.8142380000001	49
261.1328350000001	38
261.2921335000001	38
261.45143200000007	35
261.45143200000007	49
261.76238600000005	49
261.91786300000007	35
262.0733400000001	38
262.0733400000001	49
262.38929400000006	35
262.38929400000006	49
262.5472710000001	38
262.7052480000001	49
262.86822500000005	38
263.03120200000006	35
263.03120200000006	49
263.1941790000001	35
263.35715600000003	38
263.35715600000003	49
263.67311000000007	49
263.8310870000001	38
263.98906400000004	35
263.98906400000004	49
264.30832300000003	49
264.4679525	35
264.627582	38
264.627582	49
264.94184100000007	35
264.94184100000007	49
265.09897050000006	38
265.25610000000006	49
265.42072950000005	38
265.58535900000004	35
265.58535900000004	49
265.74998850000003	35
265.914618	38
265.914618	49
266.233877	38
266.39350650000006	38
266.55313600000005	35
266.55313600000005	49
266.87239500000004	49
267.03202450000003	35
267.191654	38
267.191654	49
267.505913	35
267.505913	49
267.6630425	38
267.82017200000007	49
267.97980150000006	38
268.13943100000006	35
268.13943100000006	49
268.29906050000005	35
268.45869000000005	38
268.45869000000005	49
268.77794900000004	38
268.93757850000003	38
269.097208	35
269.097208	49
269.41646700000007	49
269.57609650000006	35
269.73572600000006	38
269.73572600000006	49
270.05998500000004	38
270.22211450000003	38
270.384244	35
270.384244	49
270.703503	49
270.8631325	35
271.02276200000006	38
271.02276200000006	49
271.34202100000005	38
271.50165050000004	38
271.66128000000003	35
271.66128000000003	49
271.975539	49
272.1326685	35
272.289798	38
272.289798	49
272.60405700000007	35
272.60405700000007	49
272.91831600000006	49
273.23757500000005	35
273.23757500000005	49
273.39720450000004	35
273.55683400000004	38
273.55683400000004	49
273.881093	35
273.881093	49
274.04322250000007	38
274.20535200000006	35
274.20535200000006	49
274.52961100000005	49
274.69174050000004	35
274.85387000000003	38
274.85387000000003	49
275.168129	35
275.168129	49
275.482388	49
275.63701750000007	38
275.79164700000007	35
275.79164700000007	49
275.94627650000007	35
276.10090600000007	38
276.10090600000007	49
276.43016500000004	35
276.43016500000004	49
276.59479450000003	38
276.759424	35
276.759424	49
277.07868300000007	49
277.23831250000006	35
277.39794200000006	38
277.39794200000006	49
277.71720100000005	35
277.71720100000005	49
278.03646000000003	49
278.1960895	38
278.355719	35
278.355719	49
278.5153485	35
278.67497800000007	38
278.67497800000007	49
278.99423700000006	35
278.99423700000006	49
279.15386650000005	38
279.31349600000004	35
279.31349600000004	49
279.63011050000006	49
279.78841775000006	35
279.946725	38
279.946725	49
280.26333950000003	35
280.26333950000003	49
280.57995400000004	49
280.73826125000005	38
280.89656850000006	35
280.89656850000006	49
281.05487575000006	35
281.2131830000001	38
281.2131830000001	49
281.37149025	35
281.52979750000003	38
281.68810475000004	38
281.84641200000004	35
281.84641200000004	49
282.17000900000005	49
282.3318075	35
282.49360600000006	38
282.49360600000006	49
282.807203	35
282.807203	49
283.12080000000003	38
283.12080000000003	49
283.43939700000004	49
283.5986955	35
283.67834475000006	35
283.75799400000005	38
283.75799400000005	49
283.91729250000003	35
284.07659100000006	35
284.07659100000006	49
284.23588950000004	35
284.395188	38
284.395188	49
284.71708950000004	49
284.87804025	35
285.038991	38
285.038991	49
285.35589250000004	35
285.35589250000004	49
285.672794	38
285.672794	49
285.99469550000003	49
286.15564625	35
286.236121625	35
286.316597	38
286.316597	49
286.48004775000004	35
286.6434985	35
286.6434985	49
286.80694925	35
286.97040000000004	38
286.97040000000004	49
287.28399700000006	49
287.44079550000004	35
287.5975940000001	38
287.5975940000001	49
287.916191	35
287.916191	49
288.23478800000004	38
288.23478800000004	49
288.54838500000005	49
288.70518350000003	35
288.78358275000005	35
288.86198200000007	38
288.86198200000007	49
289.02378050000004	35
289.1855790000001	35
289.1855790000001	49
289.34737750000005	35
289.509176	35
289.509176	49
289.66748325000003	47
289.74663687500004	47
289.82579050000004	47
289.98409775000005	47
290.14240500000005	47
290.29821225	47
290.4540195	47
290.60982675	47
290.76563400000003	35
290.76563400000003	49
290.92894125000004	38
291.01059487500004	38
291.09224850000004	38
291.25555575000004	38
291.418863	38
291.57717025	47
291.7354775	47
291.89378475	35
292.052092	35
292.052092	49
292.052092	49
292.691932	35
292.691932	38
292.691932	38
293.01185200000003	47
293.171812	47
293.331772	35
293.331772	47
293.489232	47
293.64669200000003	47
293.961612	35
293.961612	38
293.961612	38
294.286532	47
294.44899200000003	47
294.61145200000004	35
294.61145200000004	49
295.25657900000004	35
295.25657900000004	38
295.25657900000004	38
295.57414250000005	47
295.73292425000005	47
295.89170600000006	35
295.89170600000006	47
296.1000816666667	38
296.1000816666667	38
296.3084573333334	38
296.3084573333334	38
296.5168330000001	35
296.5168330000001	38
296.5168330000001	38
296.7418753333334	38
296.7418753333334	38
296.96691766666675	38
296.96691766666675	38
297.19196000000005	35
297.19196000000005	49
297.19196000000005	49
297.81254400000006	35
297.81254400000006	38
297.81254400000006	38
298.12783600000006	47
298.28548200000006	47
298.44312800000006	35
298.44312800000006	47
298.60077400000006	47
298.75842000000006	47
299.07371200000006	35
299.07371200000006	38
299.07371200000006	38
299.39400400000005	47
299.55415000000005	47
299.71429600000005	35
299.71429600000005	49
300.3567800000001	35
300.3567800000001	38
300.3567800000001	38
300.99926400000004	35
300.99926400000004	49
301.16238500000003	38
301.24394550000005	38
301.325506	38
301.48862700000006	38
301.65174800000005	38
301.81236900000005	38
301.97299000000004	38
302.13361100000003	38
302.294232	35
302.294232	49
302.61282900000003	49
302.7721275	35
302.93142600000004	49
303.0882245	35
303.245023	38
303.245023	49
303.55862	49
303.71791850000005	38
303.87721700000003	35
303.87721700000003	49
304.0365155	35
304.19581400000004	38
304.19581400000004	49
304.51941100000005	35
304.51941100000005	49
304.6812095	38
304.843008	35
304.843008	49
305.156605	49
305.31340350000005	35
305.47020200000003	49
305.6270005	35
305.78379900000004	38
305.78379900000004	49
306.09739600000006	49
306.25919450000004	38
306.420993	35
306.420993	49
306.58279150000004	35
306.74459	38
306.74459	49
307.063187	49
307.2224855	38
307.38178400000004	35
307.38178400000004	49
307.70038100000005	49
307.8596795	35
308.018978	49
308.17577650000004	35
308.332575	38
308.332575	49
308.64617200000004	49
308.8079705	38
308.96976900000004	35
308.96976900000004	49
309.1315675	35
309.29336600000005	38
309.29336600000005	49
309.60696300000006	38
309.76376150000004	38
309.92056	35
309.92056	49
310.249819	35
310.249819	49
310.4144485	35
310.579078	38
310.579078	49
310.898337	35
310.898337	49
311.0579665	35
311.217596	49
311.531855	35
311.531855	49
311.6889845	35
311.846114	38
311.846114	49
312.165373	38
312.32500250000004	38
312.48463200000003	35
312.48463200000003	49
312.803891	49
312.9635205	35
313.12315	49
313.2802795	35
313.437409	38
313.437409	49
313.751668	49
313.91129750000005	38
314.07092700000004	35
314.07092700000004	49
314.23055650000003	35
314.390186	38
314.390186	49
314.709445	38
314.8690745	38
315.028704	35
315.028704	49
315.34796300000005	49
315.50759250000004	35
315.66722200000004	49
315.82685150000003	35
315.986481	38
315.986481	49
316.30574	49
316.4653695	38
316.624999	35
316.624999	49
316.7846285	35
316.94425800000005	38
316.94425800000005	49
317.26851700000003	38
317.4306465	38
317.592776	35
317.592776	49
317.912035	49
318.0716645	35
318.231294	49
318.3884235	35
318.54555300000004	38
318.54555300000004	49
318.85981200000003	49
319.0194415	38
319.179071	35
319.179071	49
319.3387005	35
319.49833	38
319.49833	49
319.817589	38
319.97721850000005	38
320.13684800000004	35
320.13684800000004	49
320.461107	35
320.461107	49
320.6232365	35
320.785366	38
320.785366	49
321.109625	35
321.109625	49
321.2717545	35
321.43388400000003	49
321.59351350000003	38
321.753143	35
321.753143	49
321.9127725	35
322.072402	38
322.072402	49
322.391661	38
322.5512905	38
322.71092	35
322.71092	49
322.86922725	47
323.0275345	47
323.18584175	35
323.344149	38
323.344149	38
323.6557635	47
323.81157075	47
323.967378	47
324.12818525	35
324.2889925	47
324.44979975	47
324.61060699999996	35
324.61060699999996	47
324.76891424999997	35
324.9272215	38
324.9272215	42
325.243836	35
325.243836	47
325.398796	47
325.553756	47
325.708716	35
325.863676	38
325.863676	38
326.188596	47
326.35105599999997	47
326.513516	47
326.673476	35
326.833436	47
326.993396	47
327.153356	35
327.153356	47
327.313316	35
327.473276	38
327.473276	42
327.793196	35
327.793196	47
327.950656	47
328.108116	47
328.265576	35
328.423036	38
328.423036	38
328.742956	47
328.902916	47
329.062876	47
329.22283600000003	35
329.382796	47
329.542756	47
329.702716	35
329.702716	47
329.862676	35
330.02263600000003	38
330.02263600000003	42
330.342556	35
330.342556	47
330.49850675	47
330.65445750000003	47
330.81040825	35
330.966359	38
330.966359	38
331.29326050000003	47
331.45671125	47
331.620162	47
331.78111275000003	35
331.9420635	47
332.10301425	47
332.263965	35
332.263965	47
332.42741575	35
332.5908665	38
332.5908665	42
332.917768	35
332.917768	47
333.071406	47
333.225044	47
333.378682	35
333.53232	38
333.53232	38
333.859596	47
334.023234	47
334.18687200000005	47
334.34301000000005	35
334.49914800000005	47
334.65528600000005	47
334.81142400000004	35
334.81142400000004	47
334.97256200000004	35
335.13370000000003	38
335.13370000000003	42
335.455976	35
335.455976	47
335.612114	47
335.768252	47
335.92439	35
336.080528	38
336.080528	38
336.397804	47
336.55644200000006	47
336.71508000000006	47
336.87621800000005	35
337.03735600000005	47
337.19849400000004	47
337.35963200000003	35
337.35963200000003	47
337.52327	35
337.686908	38
337.686908	42
338.014184	35
338.014184	47
338.1684825	47
338.322781	47
338.4770795	35
338.63137800000004	38
338.63137800000004	38
338.954975	47
339.1167735	47
339.278572	47
339.43287050000004	35
339.587169	47
339.7414675	47
339.89576600000004	35
339.89576600000004	47
340.0600645	35
340.22436300000004	38
340.22436300000004	42
340.55296	35
340.55296	47
340.71042	47
340.86788	47
341.02533999999997	35
341.1828	38
341.1828	38
341.50772	47
341.67017999999996	47
341.83263999999997	47
341.9976	35
342.16256	47
342.32752	47
342.49247999999994	35
342.49247999999994	47
342.64993999999996	35
342.8074	38
342.96486	38
343.12232	35
343.12232	49
343.44223999999997	35
343.44223999999997	49
343.76216	38
343.76216	42
344.08207999999996	42
344.24204	35
344.402	42
344.56196	38
344.72191999999995	35
344.72191999999995	42
344.88187999999997	35
345.04184	38
345.04184	42
345.35176	35
345.35176	42
345.50672	38
345.66168	35
345.66168	49
345.975277	35
345.975277	49
346.288874	38
346.288874	42
346.61747099999997	42
346.7817695	35
346.94606799999997	42
347.1053665	38
347.264665	35
347.264665	42
347.42396349999996	35
347.583262	38
347.583262	42
347.901859	35
347.901859	42
348.0611575	38
348.22045599999996	35
348.22045599999996	49
348.53905299999997	35
348.53905299999997	49
348.85765	38
348.85765	42
349.176247	42
349.33554549999997	35
349.494844	42
349.6541425	38
349.81344099999995	35
349.81344099999995	42
349.9727395	35
350.13203799999997	38
350.13203799999997	42
350.450635	35
350.450635	42
350.60993349999995	38
350.769232	35
350.769232	49
351.087829	35
351.087829	49
351.40642599999995	38
351.40642599999995	42
351.72502299999996	42
351.8843215	35
352.04362	42
352.20291849999995	38
352.362217	35
352.362217	42
352.52151549999996	35
352.680814	38
352.680814	42
352.8401125	35
352.999411	38
352.999411	38
353.1587095	38
353.31800799999996	35
353.31800799999996	49
353.63726699999995	35
353.63726699999995	49
353.95652599999994	38
353.95652599999994	42
354.280785	42
354.4429145	35
354.60504399999996	42
354.76467349999996	38
354.92430299999995	35
354.92430299999995	42
355.08393249999995	35
355.24356199999994	38
355.24356199999994	42
355.55782099999993	35
355.55782099999993	42
355.7149505	38
355.87208	35
355.87208	49
356.186339	35
356.186339	49
356.50059799999997	38
356.50059799999997	42
356.81985699999996	42
356.97948649999995	35
357.13911599999994	42
357.2987455	38
357.458375	35
357.458375	42
357.6180045	35
357.777634	38
357.777634	42
358.09689299999997	35
358.09689299999997	42
358.25652249999996	38
358.41615199999995	35
358.41615199999995	49
358.7390889999999	35
358.7390889999999	49
359.06202599999995	38
359.06202599999995	42
359.3799629999999	42
359.53893149999993	35
359.69789999999995	42
359.85936849999996	38
360.0208369999999	35
360.0208369999999	42
360.1823054999999	35
360.34377399999994	38
360.34377399999994	42
360.6567109999999	35
360.6567109999999	42
360.81317949999993	38
360.96964799999995	35
360.96964799999995	49
361.28088999999994	35
361.28088999999994	49
361.592132	38
361.592132	38
361.760253	35
361.92837399999996	35
362.09649499999995	38
362.09649499999995	38
362.26461599999993	35
362.41773699999993	35
362.57085799999993	38
362.57085799999993	38
362.723979	35
362.8771	38
362.8771	38
363.042721	35
363.20834199999996	38
363.37396299999995	38
363.53958399999993	35
363.53958399999993	49
363.69439974999995	35
363.84921549999996	35
364.00403124999997	35
364.1588469999999	35
364.1588469999999	38
364.1588469999999	49
364.31866274999993	35
364.31866274999993	49
364.47847849999994	35
364.47847849999994	49
364.63829424999994	35
364.63829424999994	49
364.79810999999995	35
364.79810999999995	38
364.79810999999995	49
364.95542574999996	35
365.1127414999999	35
365.1127414999999	49
365.2700572499999	35
365.42737299999993	35
365.42737299999993	38
365.42737299999993	49
365.58468874999994	35
365.74200449999995	35
365.74200449999995	49
365.89932024999996	35
365.89932024999996	49
366.0566359999999	35
366.0566359999999	38
366.0566359999999	49
366.2147569999999	35
366.2147569999999	49
366.3728779999999	35
366.5309989999999	35
366.68911999999995	35
366.68911999999995	38
366.68911999999995	49
366.85474099999993	35
366.85474099999993	49
367.0203619999999	35
367.0203619999999	49
367.1859829999999	35
367.1859829999999	49
367.3516039999999	35
367.3516039999999	38
367.3516039999999	49
367.5122249999999	35
367.6728459999999	35
367.6728459999999	49
367.8334669999999	35
367.8334669999999	49
367.9940879999999	35
367.9940879999999	38
367.9940879999999	49
368.1522089999999	35
368.1522089999999	49
368.3103299999999	35
368.3103299999999	49
368.4684509999999	35
368.6265719999999	35
368.6265719999999	38
368.6265719999999	49
368.7880404999999	35
368.94950899999986	35
369.1109774999999	35
369.2724459999999	35
369.2724459999999	38
369.2724459999999	49
369.4339144999999	35
369.4339144999999	49
369.59538299999986	35
369.59538299999986	49
369.75685149999987	35
369.75685149999987	49
369.9183199999999	35
369.9183199999999	38
369.9183199999999	49
370.0747884999999	35
370.23125699999986	35
370.23125699999986	49
370.3877254999999	35
370.5441939999999	35
370.5441939999999	38
370.5441939999999	49
370.7006624999999	35
370.85713099999987	35
370.85713099999987	49
371.0135994999999	35
371.0135994999999	49
371.1700679999999	35
371.1700679999999	38
371.1700679999999	49
371.3306889999999	35
371.3306889999999	49
371.4913099999999	35
371.6519309999999	35
371.8125519999999	35
371.8125519999999	38
371.8125519999999	49
371.9731729999999	35
371.9731729999999	49
372.1337939999999	35
372.1337939999999	49
372.2944149999999	35
372.2944149999999	49
372.4550359999999	35
372.4550359999999	38
372.4550359999999	49
372.6131569999999	35
372.7712779999999	35
372.7712779999999	49
372.92939899999993	35
372.92939899999993	49
373.0875199999999	35
373.0875199999999	38
373.0875199999999	49
373.2506409999999	35
373.2506409999999	49
373.4137619999999	35
373.4137619999999	49
373.5768829999999	35
373.7400039999999	35
373.7400039999999	38
373.7400039999999	49
373.89930249999986	35
374.0586009999999	35
374.2178994999999	35
374.3771979999999	35
374.3771979999999	38
374.3771979999999	49
374.5364964999999	35
374.5364964999999	49
374.69579499999986	35
374.69579499999986	49
374.8550934999999	35
374.8550934999999	49
375.0143919999999	35
375.0143919999999	38
375.0143919999999	49
375.1711904999999	35
375.3279889999999	35
375.3279889999999	49
375.48478749999987	35
375.6415859999999	35
375.6415859999999	38
375.6415859999999	49
375.8008844999999	35
375.9601829999999	35
375.9601829999999	49
376.1194814999999	35
376.27877999999987	35
376.27877999999987	38
376.27877999999987	49
376.4405784999999	35
376.4405784999999	49
376.6023769999999	35
376.7641754999999	35
376.9259739999999	35
376.9259739999999	38
376.9259739999999	49
377.09027249999986	35
377.09027249999986	49
377.2545709999999	35
377.2545709999999	49
377.41886949999986	35
377.41886949999986	49
377.5831679999999	35
377.5831679999999	38
377.5831679999999	49
377.73996649999987	35
377.89676499999985	35
377.89676499999985	49
378.0535634999999	35
378.0535634999999	49
378.21036199999986	35
378.21036199999986	38
378.21036199999986	49
378.3671604999999	35
378.3671604999999	49
378.5239589999999	35
378.5239589999999	49
378.68075749999986	35
378.8375559999999	35
378.8375559999999	38
378.8375559999999	49
378.99685449999987	35
379.1561529999999	35
379.3154514999999	35
379.47474999999986	35
379.47474999999986	38
379.47474999999986	49
379.6340484999999	35
379.6340484999999	49
379.79334699999987	35
379.79334699999987	49
379.9526454999999	35
379.9526454999999	49
380.1119439999999	35
380.1119439999999	38
380.1119439999999	49
380.27124249999986	35
380.4305409999999	35
380.4305409999999	49
380.58983949999987	35
380.7491379999999	35
380.7491379999999	38
380.7491379999999	49
380.9084364999999	35
381.06773499999986	35
381.06773499999986	49
381.2270334999999	35
381.38633199999987	35
381.38633199999987	38
381.38633199999987	49
381.54596149999986	35
381.54596149999986	49
381.70559099999986	35
381.86522049999985	35
382.02484999999984	35
382.02484999999984	38
382.02484999999984	49
382.1869794999999	35
382.1869794999999	49
382.3491089999999	35
382.3491089999999	49
382.5112384999999	35
382.67336799999987	38
382.67336799999987	49
382.83299749999986	38
382.91281224999983	38
382.99262699999986	38
383.15225649999985	38
383.31188599999984	38
383.47151549999984	38
383.63114499999983	38
383.7907744999999	38
383.9504039999999	35
383.9504039999999	49
384.26966299999987	35
384.42929249999986	35
384.58892199999985	38
384.58892199999985	49
384.90818099999984	35
384.90818099999984	49
385.06781049999984	35
385.2274399999999	49
385.3845694999999	38
385.5416989999999	35
385.5416989999999	49
385.6988284999999	35
385.8559579999999	38
385.8559579999999	49
386.18021699999986	35
386.18021699999986	49
386.34234649999985	38
386.50447599999984	35
386.50447599999984	49
386.8237349999999	35
386.8237349999999	49
386.9833644999999	35
387.1429939999999	38
387.1429939999999	49
387.45725299999987	35
387.45725299999987	49
387.77151199999986	38
387.8762649999999	38
387.9810179999999	38
388.08577099999985	38
388.19052399999987	38
388.2952769999999	38
388.4000299999999	35
388.4000299999999	42
388.5081163333332	35
388.5081163333332	42
388.61620266666654	35
388.61620266666654	42
388.7242889999999	35
388.7242889999999	42
388.83237533333323	35
388.83237533333323	42
388.9404616666665	35
388.9404616666665	42
389.04854799999987	35
389.04854799999987	49
389.36780699999986	35
389.36780699999986	49
389.52743649999985	35
389.68706599999985	38
389.68706599999985	49
390.0063249999999	35
390.0063249999999	49
390.1659544999999	35
390.3255839999999	38
390.3255839999999	49
390.64984299999986	35
390.64984299999986	49
390.81197249999985	35
390.97410199999985	38
390.97410199999985	49
391.29336099999983	35
391.29336099999983	49
391.4529904999999	35
391.6126199999999	38
391.6126199999999	49
391.9325399999999	35
391.9325399999999	49
392.09249999999986	35
392.25245999999987	38
392.25245999999987	49
392.5673799999999	35
392.5673799999999	49
392.8822999999999	38
392.96352999999993	38
393.0447599999999	47
393.12598999999983	47
393.2072199999999	47
393.2884499999999	47
393.3696799999999	38
393.4509099999999	38
393.53213999999986	35
393.53213999999986	42
393.6121199999999	35
393.6121199999999	42
393.69209999999987	35
393.69209999999987	42
393.7720799999999	35
393.7720799999999	42
393.8520599999999	35
393.8520599999999	42
393.93203999999986	35
393.93203999999986	42
394.0120199999999	35
394.0120199999999	42
394.09199999999987	35
394.09199999999987	42
394.1719799999999	35
394.1719799999999	49
394.4866114999999	35
394.64392724999993	35
394.8012429999999	38
394.8012429999999	49
395.1158744999999	35
395.1158744999999	49
395.2731902499999	35
395.4305059999999	49
395.58782174999993	38
395.7451374999999	35
395.7451374999999	49
395.9024532499999	35
396.0597689999999	38
396.0597689999999	49
396.3744004999999	35
396.3744004999999	49
396.53171624999993	38
396.6890319999999	35
396.6890319999999	49
397.0159334999999	35
397.0159334999999	49
397.1793842499999	35
397.34283499999987	38
397.34283499999987	49
397.6647364999999	35
397.6647364999999	49
397.8256872499999	35
397.98663799999986	49
398.1425887499999	38
398.2985394999999	35
398.2985394999999	49
398.4544902499999	35
398.61044099999987	38
398.61044099999987	49
398.9373424999999	38
399.04630966666656	38
399.15527683333323	38
399.2642439999999	35
399.2642439999999	38
399.2642439999999	49
399.7496394999999	35
399.9114379999999	38
399.9114379999999	42
400.2200349999999	35
400.2200349999999	42
400.5286319999999	38
400.5286319999999	42
400.8422289999999	42
400.9990274999999	35
401.0774267499999	35
401.15582599999993	38
401.15582599999993	42
401.3176244999999	38
401.47942299999994	35
401.47942299999994	42
401.6412214999999	35
401.8030199999999	38
401.8030199999999	49
402.1208709999999	35
402.1208709999999	42
402.2797964999999	35
402.4387219999999	38
402.4387219999999	42
402.7565729999999	35
402.7565729999999	42
403.07442399999985	38
403.1837076666665	38
403.2929913333332	38
403.40227499999986	38
403.51155866666653	38
403.6208423333332	38
403.73012599999987	38
403.73012599999987	38
403.96202666666653	35
404.19392733333325	35
404.4258279999999	35
404.4258279999999	49
404.4258279999999	49
404.9097999999999	35
405.0711239999999	38
405.0711239999999	49
405.3787719999999	35
405.3787719999999	49
405.5325959999999	38
405.6864199999999	49
405.8427439999999	38
405.9990679999999	35
405.9990679999999	49
406.1553919999999	35
406.3117159999999	38
406.3117159999999	49
406.6243639999999	35
406.6243639999999	49
406.7806879999999	38
406.9370119999999	35
406.9370119999999	49
407.2523039999999	49
407.4099499999999	35
407.5675959999999	38
407.5675959999999	49
407.8878879999999	35
407.8878879999999	49
408.0480339999999	38
408.2081799999999	49
408.3608259999999	38
408.5134719999999	35
408.5134719999999	49
408.6661179999999	35
408.81876399999993	38
408.81876399999993	49
409.13405599999993	35
409.13405599999993	49
409.29170199999993	38
409.44934799999993	35
409.44934799999993	49
409.77426799999995	49
409.9367279999999	35
410.0991879999999	38
410.0991879999999	49
410.41910799999994	35
410.41910799999994	49
410.5790679999999	38
410.7390279999999	49
410.8989879999999	38
411.05894799999993	35
411.05894799999993	49
411.21890799999994	35
411.3788679999999	38
411.3788679999999	49
411.7037879999999	38
411.8662479999999	38
412.02870799999994	35
412.02870799999994	49
412.3436279999999	49
412.5010879999999	35
412.65854799999994	38
412.65854799999994	49
412.9734679999999	47
413.1309279999999	47
413.28838799999994	35
413.28838799999994	49
413.6133079999999	49
413.7757679999999	35
413.9382279999999	38
413.9382279999999	49
414.25814799999995	38
414.4181079999999	38
414.5780679999999	35
414.5780679999999	49
414.8966649999999	49
415.0559634999999	35
415.21526199999994	38
415.21526199999994	49
415.5288589999999	35
415.5288589999999	49
415.8424559999999	49
416.00425449999994	38
416.1660529999999	35
416.1660529999999	49
416.3278514999999	35
416.4896499999999	38
416.4896499999999	49
416.80324699999994	35
416.80324699999994	49
416.9600454999999	38
417.1168439999999	35
417.1168439999999	49
417.4277979999999	35
417.4277979999999	49
417.5832749999999	35
417.7387519999999	38
417.7387519999999	49
418.0647059999999	35
418.0647059999999	49
418.2276829999999	38
418.3906599999999	49
418.5436369999999	38
418.6966139999999	35
418.6966139999999	49
418.8495909999999	35
419.0025679999999	38
419.0025679999999	49
419.3285219999999	35
419.3285219999999	49
419.4914989999999	38
419.6544759999999	35
419.6544759999999	49
419.98373499999985	49
420.14836449999984	35
420.31299399999983	38
420.31299399999983	49
420.6322529999999	35
420.6322529999999	49
420.7918824999999	38
420.95151199999987	49
421.10864149999986	38
421.26577099999986	35
421.26577099999986	49
421.42290049999986	35
421.58002999999985	38
421.58002999999985	49
421.88928899999985	35
421.88928899999985	49
422.0439184999999	38
422.1985479999999	35
422.1985479999999	49
422.3588382499999	47
422.4389833749999	47
422.5191284999999	47
422.6794187499999	47
422.8397089999999	47
422.9999992499999	47
423.1602894999999	47
423.3205797499999	47
423.4808699999999	35
423.4808699999999	49
423.6411602499999	38
423.72130537499993	38
423.80145049999993	38
423.9617407499999	38
424.1220309999999	38
424.2848212499999	38
424.4476114999999	38
424.6104017499999	38
424.7731919999999	35
424.7731919999999	49
425.2465627499999	35
425.4043529999999	38
425.4043529999999	42
425.7249334999999	35
425.7249334999999	49
426.0455139999999	42
426.2058042499999	38
426.3660944999999	35
426.3660944999999	42
426.5263847499999	35
426.6866749999999	38
426.6866749999999	42
427.0072554999999	35
427.0072554999999	42
427.16754574999993	38
427.3278359999999	35
427.3278359999999	49
427.64577299999985	42
427.80474149999986	35
427.9637099999999	38
427.9637099999999	42
428.29164699999984	35
428.29164699999984	49
428.61958399999986	42
428.7760524999999	38
428.93252099999984	35
428.93252099999984	42
429.08898949999985	35
429.24545799999987	38
429.24545799999987	42
429.56339499999984	35
429.56339499999984	42
429.72236349999986	38
429.8813319999999	35
429.8813319999999	49
430.2062519999999	42
430.36871199999985	35
430.53117199999986	38
430.53117199999986	42
430.8410919999999	35
430.8410919999999	49
431.15101199999987	42
431.3109719999999	38
431.4709319999999	42
431.6308919999999	35
431.79085199999986	38
431.79085199999986	42
432.1157719999999	35
432.1157719999999	42
432.2782319999999	38
432.4406919999999	35
432.4406919999999	49
432.7573064999999	42
432.9156137499999	35
433.0739209999999	38
433.0739209999999	42
433.3855354999999	35
433.3855354999999	49
433.6971499999999	35
433.6971499999999	38
433.7763036249999	38
433.8554572499999	38
433.9346108749999	38
434.0137644999999	38
434.0929181249999	38
434.17207174999993	35
434.17207174999993	38
434.25122537499993	38
434.3303789999999	38
434.4095326249999	38
434.4886862499999	38
434.5678398749999	38
434.6469934999999	35
434.6469934999999	38
434.7261471249999	38
434.8053007499999	38
434.8844543749999	38
434.9636079999999	35
434.9636079999999	49
435.2828669999999	42
435.4424964999999	35
435.6021259999999	38
435.6021259999999	42
435.92138499999993	35
435.92138499999993	49
436.2406439999999	38
436.2406439999999	42
436.5599029999999	42
436.7195324999999	35
436.7993472499999	35
436.8791619999999	38
436.8791619999999	42
437.0412914999999	35
437.2034209999999	35
437.2034209999999	42
437.3655504999999	35
437.5276799999999	38
437.5276799999999	49
437.8489219999999	42
438.0095429999999	35
438.17016399999994	38
438.17016399999994	42
438.48640599999993	35
438.48640599999993	49
438.8026479999999	38
438.8026479999999	42
439.1138899999999	42
439.26951099999997	35
439.34732149999996	35
439.42513199999996	38
439.42513199999996	42
439.59075299999995	35
439.75637399999994	35
439.75637399999994	42
439.9219949999999	35
440.0876159999999	38
440.0876159999999	49
440.4105529999999	42
440.5720214999999	35
440.65275574999987	35
440.7334899999999	38
440.7334899999999	42
441.0464269999999	35
441.0464269999999	49
441.3593639999999	38
441.3593639999999	42
441.6673009999999	42
441.8212694999999	35
441.8982537499999	35
441.97523799999993	38
441.97523799999993	42
442.3031749999999	35
442.3031749999999	49
442.6311119999999	35
442.6311119999999	49
442.9490489999999	38
443.0020384999999	38
443.05502799999994	38
443.1610069999999	38
443.2669859999999	47
443.32164216666655	47
443.37629833333324	47
443.48561066666656	47
443.5949229999999	47
443.64957916666657	47
443.70423533333326	47
443.8135476666666	47
443.9228599999999	47
443.97751616666653	47
444.0321723333332	47
444.14148466666654	47
444.25079699999986	47
444.3054531666666	47
444.3601093333333	47
444.4694216666666	47
444.57873399999994	47
444.67971299999994	47
444.78069199999993	47
444.8816709999999	47
444.9826499999999	47
445.0836289999999	35
445.0836289999999	49
445.1846079999999	35
445.1846079999999	49
446.1503124999999	38
446.1503124999999	38
446.63316474999993	38
446.7941154999999	35
446.7941154999999	38
446.9550662499999	35
447.1160169999999	38
447.1160169999999	38
447.4379184999999	38
447.5183938749999	38
447.5988692499999	38
447.6793446249999	38
447.75981999999993	35
447.75981999999993	38
447.9207707499999	38
448.0817214999999	38
448.2426722499999	38
448.4036229999999	38
448.5620737499999	35
448.7205244999999	38
448.7205244999999	38
449.0374259999999	38
449.1933767499999	38
449.34932749999996	38
449.50527824999995	35
449.66122899999993	38
449.66122899999993	38
449.98813049999995	38
450.0698558749999	38
450.15158124999994	38
450.2333066249999	38
450.3150319999999	35
450.3150319999999	38
450.47300899999993	38
450.6309859999999	38
450.7889629999999	35
450.9469399999999	38
451.10991699999994	35
451.2728939999999	38
451.2728939999999	38
451.5988479999999	38
451.7518249999999	38
451.9048019999999	35
451.9048019999999	38
452.0577789999999	35
452.2107559999999	38
452.2107559999999	38
452.5317099999999	38
452.61194849999987	38
452.69218699999993	38
452.7724254999999	38
452.8526639999999	35
452.8526639999999	38
453.0138019999999	38
453.1749399999999	38
453.3360779999999	35
453.49721599999987	38
453.65585399999986	35
453.81449199999986	38
453.81449199999986	38
454.1317679999999	38
454.2879059999999	38
454.4440439999999	35
454.4440439999999	38
454.6001819999999	35
454.7563199999999	38
454.7563199999999	38
455.0785959999999	38
455.15916499999986	38
455.2397339999999	38
455.32030299999985	38
455.4008719999999	35
455.4008719999999	38
455.5608319999999	38
455.7207919999999	38
455.88075199999986	35
455.88075199999986	38
456.04071199999987	38
456.2031719999999	35
456.3656319999999	38
456.3656319999999	38
456.69055199999985	38
456.84801199999987	38
457.0054719999999	35
457.0054719999999	38
457.1629319999999	35
457.32039199999986	38
457.32039199999986	38
457.6403119999999	38
457.72029199999986	38
457.8002719999999	38
457.88025199999987	38
457.9602319999999	35
457.9602319999999	38
458.1208529999999	38
458.2814739999999	38
458.4420949999999	35
458.4420949999999	38
458.60271599999993	38
458.7658369999999	35
458.9289579999999	38
458.9289579999999	38
459.2551999999999	38
459.4108209999999	38
459.5664419999999	35
459.5664419999999	38
459.72206299999993	35
459.87768399999993	38
459.87768399999993	38
460.1989259999999	38
460.2792364999999	38
460.3595469999999	38
460.4398574999999	38
460.5201679999999	35
460.5201679999999	38
460.6766364999999	38
460.8331049999999	38
460.9895734999999	35
460.9895734999999	38
461.1460419999999	38
461.3050104999999	35
461.4639789999999	38
461.4639789999999	38
461.7819159999999	38
461.9383844999999	38
462.0948529999999	35
462.0948529999999	38
462.2513214999999	35
462.4077899999999	38
462.4077899999999	38
462.7357269999999	38
462.8177112499999	38
462.8996954999999	38
462.9816797499999	38
463.0636639999999	35
463.0636639999999	38
463.3842444999999	38
463.5445347499999	35
463.5445347499999	38
463.7048249999999	38
463.8651152499999	35
464.0254054999999	38
464.0254054999999	38
464.3459859999999	38
464.50377624999993	38
464.66156649999994	35
464.66156649999994	38
464.8193567499999	35
464.9771469999999	38
464.9771469999999	38
465.2977274999999	38
465.3778726249999	38
465.4580177499999	38
465.5381628749999	38
465.6183079999999	35
465.6183079999999	49
465.9355839999999	49
466.0942219999999	35
466.2528599999999	49
466.4089979999999	35
466.5651359999999	38
466.5651359999999	49
466.87741199999994	49
467.0410499999999	38
467.2046879999999	49
467.3683259999999	35
467.5319639999999	38
467.5319639999999	49
467.8492399999999	49
468.0078779999999	38
468.1665159999999	35
468.1665159999999	49
468.3302977499999	49
468.4940794999999	49
468.6578612499999	35
468.8216429999999	49
468.9804247499999	35
469.1392064999999	38
469.1392064999999	49
469.2979882499999	49
469.4567699999999	49
469.6155517499999	38
469.7743334999999	49
469.9331152499999	35
470.0918969999999	38
470.0918969999999	49
470.4094604999999	49
470.5682422499999	38
470.7270239999999	35
470.7270239999999	49
470.8866534999999	49
471.0462829999999	49
471.2059124999999	35
471.3655419999999	49
471.53017149999994	35
471.6948009999999	38
471.6948009999999	49
471.8594304999999	49
472.0240599999999	49
472.1786894999999	38
472.3333189999999	49
472.4879484999999	35
472.6425779999999	38
472.6425779999999	49
472.8047074999999	49
472.9668369999999	49
473.12896649999993	38
473.2910959999999	35
473.2910959999999	49
473.4507254999999	49
473.6103549999999	49
473.7699844999999	35
473.9296139999999	49
474.0867434999999	35
474.2438729999999	38
474.2438729999999	49
474.4010024999999	49
474.5581319999999	49
474.71776149999994	38
474.87739099999993	49
475.0370204999999	49
475.1966499999999	38
475.1966499999999	49
475.5259089999999	49
475.6905384999999	38
475.8551679999999	35
475.8551679999999	49
476.0099837499999	49
476.1647994999999	49
476.3196152499999	35
476.47443099999987	49
476.6317467499999	35
476.7890624999999	38
476.7890624999999	49
476.9463782499999	49
477.1036939999999	49
477.2610097499999	38
477.41832549999987	49
477.5756412499999	35
477.7329569999999	38
477.7329569999999	49
477.8952727499999	49
478.0575884999999	49
478.2199042499999	38
478.38221999999985	35
478.38221999999985	49
478.53585799999985	49
478.68949599999985	49
478.84313399999985	35
478.99677199999985	49
479.15540999999985	35
479.31404799999984	38
479.31404799999984	49
479.47268599999984	49
479.6313239999999	49
479.7899619999999	38
479.9485999999999	49
480.1072379999999	35
480.2658759999999	38
480.2658759999999	49
480.42951399999987	49
480.59315199999986	49
480.75678999999985	38
480.92042799999984	35
480.92042799999984	49
481.08038799999986	49
481.24034799999987	49
481.4003079999998	35
481.56026799999984	49
481.72022799999985	35
481.88018799999986	38
481.88018799999986	49
482.0401479999998	49
482.20010799999983	49
482.35756799999984	38
482.51502799999986	49
482.6724879999999	35
482.82994799999983	38
482.82994799999983	49
482.98990799999984	49
483.14986799999986	49
483.30982799999987	38
483.4697879999999	35
483.4697879999999	49
483.62974799999984	49
483.78970799999985	49
483.94966799999986	35
484.1096279999999	49
484.2695879999998	35
484.42954799999984	38
484.42954799999984	49
484.58950799999985	49
484.74946799999987	49
484.9069279999999	38
485.06438799999984	49
485.22184799999985	35
485.37930799999987	38
485.37930799999987	49
485.7042279999999	38
485.7692119999998	38
485.83419599999985	38
485.89917999999983	38
486.02914799999985	35
486.02914799999985	49
486.33943999999985	49
486.49458599999986	35
486.64973199999986	49
486.80987799999986	35
486.97002399999985	38
486.97002399999985	49
487.29031599999985	49
487.44796199999985	38
487.60560799999985	35
487.60560799999985	49
487.76325399999985	35
487.92089999999985	38
487.92089999999985	49
488.23619199999985	38
488.29925039999983	38
488.3623087999998	38
488.42536719999987	38
488.55148399999985	35
488.55148399999985	49
488.8777259999998	49
489.0408469999998	35
489.20396799999986	49
489.36208899999986	35
489.52020999999985	38
489.52020999999985	49
489.83645199999984	49
489.99707299999983	38
490.1576939999998	35
490.1576939999998	49
490.31831499999987	35
490.47893599999986	38
490.47893599999986	49
490.80017799999985	38
490.86442639999984	38
490.92867479999984	38
490.99292319999984	38
491.12141999999983	35
491.12141999999983	49
491.4406789999998	49
491.6003084999998	35
491.7599379999998	49
491.91956749999986	35
492.07919699999985	38
492.07919699999985	49
492.39845599999984	49
492.55808549999983	38
492.7177149999998	35
492.7177149999998	49
492.8773444999998	35
493.0369739999998	38
493.0369739999998	49
493.3512329999998	38
493.41408479999984	38
493.4769365999998	38
493.53978839999985	38
493.66549199999986	35
493.66549199999986	49
493.9821064999999	49
494.1404137499999	35
494.2987209999999	49
494.46202824999983	35
494.62533549999984	38
494.62533549999984	49
494.95194999999984	49
495.10775724999985	38
495.26356449999986	35
495.26356449999986	49
495.41937174999987	35
495.5751789999998	38
495.5751789999998	49
495.89179349999984	38
495.95511639999984	38
496.01843929999984	38
496.08176219999984	38
496.20840799999985	35
496.20840799999985	49
496.52766699999984	49
496.68729649999983	35
496.8469259999998	49
497.0065554999999	35
497.16618499999987	38
497.16618499999987	49
497.48544399999986	49
497.64757349999985	38
497.80970299999984	35
497.80970299999984	49
497.97183249999983	35
498.1339619999998	38
498.1339619999998	49
498.4532209999998	38
498.5170727999998	38
498.58092459999983	38
498.64477639999984	38
498.77247999999986	35
498.77247999999986	49
499.09673899999984	49
499.25886849999983	35
499.4209979999998	49
499.5806274999998	35
499.7402569999998	38
499.7402569999998	49
500.0595159999998	49
500.21664549999986	38
500.37377499999985	35
500.37377499999985	49
500.53090449999985	35
500.68803399999985	38
500.68803399999985	49
501.00229299999984	38
501.0651447999998	38
501.12799659999985	38
501.1908483999999	38
501.31655199999983	35
501.31655199999983	49
501.6358109999999	49
501.79544049999987	35
501.95506999999986	49
502.11719949999986	35
502.27932899999985	38
502.27932899999985	49
502.60358799999983	49
502.7632174999998	38
502.9228469999998	35
502.9228469999998	49
503.0824764999998	35
503.24210599999986	38
503.24210599999986	49
503.55636499999986	38
503.61921679999983	38
503.6820685999998	38
503.74492039999984	38
503.87062399999985	35
503.87062399999985	49
504.19488299999983	49
504.3570124999998	35
504.5191419999998	49
504.6787714999998	35
504.83840099999986	38
504.83840099999986	49
505.15765999999985	49
505.31728949999984	38
505.47691899999984	35
505.47691899999984	49
505.63654849999983	35
505.7961779999998	38
505.7961779999998	49
506.1154369999998	38
506.27506649999987	38
506.43469599999986	35
506.43469599999986	49
506.75197199999985	49
506.91060999999985	35
507.0692479999999	49
507.2353859999999	35
507.4015239999999	38
507.4015239999999	49
507.73379999999986	49
507.87993799999987	38
508.0260759999999	35
508.0260759999999	49
508.1722139999998	35
508.3183519999999	38
508.3183519999999	49
508.6406279999999	38
508.8017659999999	38
508.96290399999987	35
508.96290399999987	49
509.28716299999985	49
509.44929249999984	35
509.61142199999983	49
509.7735514999999	35
509.9356809999999	38
509.9356809999999	49
510.2599399999998	49
510.4120694999998	38
510.5641989999998	35
510.5641989999998	49
510.7163284999998	35
510.86845799999986	38
510.86845799999986	49
511.19271699999985	38
511.2737817499999	38
511.3548464999999	38
511.4359112499999	38
511.5169759999999	35
511.5169759999999	49
511.8425564999999	49
512.00534675	35
512.1681369999999	49
512.3284272499999	35
512.4887174999999	38
512.4887174999999	49
512.8092979999999	49
512.9670882499998	38
513.1248784999999	35
513.1248784999999	49
513.2826687499999	35
513.4404589999999	38
513.4404589999999	49
513.7610394999999	38
513.9213297499999	38
514.0816199999999	35
514.0816199999999	49
514.405505	49
514.5674475	35
514.72939	49
514.8938325	35
515.058275	38
515.058275	49
515.3871599999999	49
515.5441024999999	38
515.7010449999999	35
515.7010449999999	49
515.8579874999999	35
516.0149299999999	38
516.0149299999999	49
516.1793725	35
516.343815	38
516.343815	38
516.5082575	38
516.5082575	38
516.6727	35
516.6727	49
516.983654	49
517.1391309999999	35
517.2946079999999	49
517.452585	35
517.610562	38
517.610562	49
517.926516	49
518.084493	38
518.24247	35
518.24247	49
518.400447	35
518.558424	38
518.558424	49
518.7189010000001	35
518.879378	38
519.039855	38
519.200332	35
519.200332	49
519.5162859999999	35
519.5162859999999	49
519.674263	35
519.83224	49
519.992717	35
520.153194	38
520.153194	49
520.4741479999999	49
520.6296249999999	38
520.7851019999999	35
520.7851019999999	49
520.940579	35
521.096056	38
521.096056	49
521.41201	38
521.4909984999999	38
521.569987	38
521.6489755	38
521.7279639999999	35
521.7279639999999	49
522.0505274999999	49
522.2118092499999	35
522.3730909999999	49
522.5318727499998	35
522.6906544999999	38
522.6906544999999	49
523.0082179999999	49
523.1719997499999	38
523.3357814999999	35
523.3357814999999	49
523.4995632499999	35
523.6633449999999	38
523.6633449999999	49
523.8246267499999	35
523.9859084999999	38
523.9859084999999	49
524.1471902499999	38
524.3084719999999	35
524.3084719999999	49
524.6170689999999	49
524.7713675	35
524.925666	49
525.0874645	35
525.2492629999999	38
525.2492629999999	49
525.57286	35
525.57286	49
525.7346585	38
525.8964569999999	35
525.8964569999999	49
526.0582555	35
526.2200539999999	38
526.2200539999999	49
526.3818525	35
526.543651	38
526.543651	47
526.7054495	38
526.8672479999999	35
526.8672479999999	49
527.1832019999999	38
527.1832019999999	49
527.4991559999999	38
527.4991559999999	49
527.6571329999999	38
527.8151099999999	49
527.9730869999999	38
528.1310639999999	49
528.2915409999999	35
528.452018	38
528.452018	49
528.7729719999999	35
528.7729719999999	49
528.9309489999999	35
529.0889259999999	38
529.0889259999999	49
529.2469029999999	38
529.4048799999999	35
529.4048799999999	49
529.723765	38
529.723765	49
529.8832074999999	35
530.04265	38
530.04265	49
530.2020924999999	35
530.361535	38
530.361535	49
530.5209774999998	38
530.6804199999999	49
530.8423624999999	38
531.0043049999999	38
531.0043049999999	49
531.1662474999999	35
531.32819	38
531.32819	49
531.4901325	35
531.652075	38
531.652075	49
531.8140175	38
531.97596	35
531.97596	49
532.295219	38
532.295219	49
532.4548485	35
532.614478	38
532.614478	49
532.7716075	38
532.928737	49
533.0858665	38
533.242996	49
533.4026255	38
533.562255	38
533.562255	49
533.7218845	35
533.881514	38
533.881514	49
534.0436435	35
534.205773	38
534.205773	49
534.3679025	38
534.530032	35
534.530032	49
534.850986	38
534.850986	49
535.011463	35
535.17194	38
535.17194	49
535.327417	35
535.482894	38
535.482894	49
535.6383709999999	38
535.793848	49
535.951825	38
536.1098020000001	38
536.1098020000001	49
536.267779	35
536.425756	38
536.425756	49
536.583733	35
536.74171	38
536.74171	49
536.899687	38
537.057664	35
537.057664	49
537.3856010000001	38
537.3856010000001	49
537.5495695000001	35
537.713538	38
537.713538	49
537.8700064999999	38
538.026475	49
538.1829435	38
538.339412	49
538.4983805	38
538.6573490000001	38
538.6573490000001	49
538.8163175000001	35
538.975286	38
538.975286	49
539.1367545	35
539.298223	38
539.298223	49
539.4596915000001	38
539.62116	35
539.62116	49
539.9417405	38
539.9417405	49
540.10203075	35
540.262321	38
540.262321	49
540.42261125	35
540.5829015	38
540.5829015	49
540.74319175	38
540.903482	49
541.06127225	38
541.2190625000001	38
541.2190625000001	49
541.37685275	35
541.5346430000001	38
541.5346430000001	49
541.69243325	35
541.8502235000001	38
541.8502235000001	49
542.00801375	38
542.1658040000001	35
542.1658040000001	49
542.4863845000001	38
542.4863845000001	49
542.6466747500001	35
542.8069650000001	38
542.8069650000001	49
542.9647552499999	38
543.1225455	49
543.28033575	38
543.438126	49
543.59841625	38
543.7587065	38
543.7587065	49
543.91899675	35
544.079287	38
544.079287	49
544.2420772500001	35
544.4048675	38
544.4048675	49
544.5676577500001	38
544.730448	35
544.730448	49
545.054045	38
545.054045	49
545.2158435000001	35
545.377642	38
545.377642	49
545.696239	38
545.696239	49
545.8555375	38
546.0148360000001	49
546.1691345	38
546.323433	38
546.323433	49
546.4777315	35
546.63203	38
546.63203	38
546.7938285000001	35
546.955627	38
547.1174255000001	38
547.279224	35
547.279224	49
547.5928210000001	35
547.5928210000001	49
547.906418	38
547.906418	42
548.235015	42
548.3993135000001	35
548.563612	42
548.7229105	38
548.882209	35
548.882209	42
549.0415075	35
549.2008060000001	38
549.2008060000001	42
549.514403	35
549.514403	42
549.6712014999999	38
549.828	35
549.828	49
550.141597	35
550.141597	49
550.455194	38
550.455194	42
550.7787910000001	42
550.9405895000001	35
551.102388	42
551.2616865	38
551.420985	35
551.420985	42
551.5802835000001	35
551.739582	38
551.739582	42
552.058179	35
552.058179	42
552.2174775	38
552.3767760000001	35
552.3767760000001	49
552.700373	35
552.700373	49
553.02397	38
553.02397	42
553.342567	42
553.5018655	35
553.661164	42
553.8204625	38
553.979761	35
553.979761	42
554.1390595	35
554.298358	38
554.298358	42
554.606955	35
554.606955	42
554.7612535000001	38
554.915552	35
554.915552	49
555.2354720000001	35
555.2354720000001	49
555.5553920000001	38
555.5553920000001	42
555.875312	42
556.0352720000001	35
556.195232	42
556.3576920000002	38
556.520152	35
556.520152	42
556.6826120000001	35
556.8450720000001	38
556.8450720000001	42
557.005032	35
557.164992	38
557.164992	38
557.324952	38
557.484912	35
557.484912	49
557.802849	35
557.802849	49
558.120786	38
558.120786	42
558.443723	42
558.6051915	35
558.76666	42
558.9256285	38
559.084597	35
559.084597	42
559.2435655	35
559.402534	38
559.402534	42
559.715471	35
559.715471	42
559.8719394999999	38
560.028408	35
560.028408	49
560.3489885	35
560.3489885	49
560.669569	38
560.669569	42
560.9901495	42
561.15043975	35
561.31073	42
561.47102025	38
561.6313105	35
561.6313105	42
561.79160075	35
561.951891	38
561.951891	42
562.2724715	35
562.2724715	42
562.43276175	38
562.5930520000001	35
562.5930520000001	49
562.911649	35
562.911649	49
563.2302460000001	38
563.2302460000001	42
563.548843	42
563.7081415	35
563.8674400000001	42
564.0292385000001	38
564.191037	35
564.191037	42
564.3528355000001	35
564.514634	38
564.514634	42
564.8282310000001	35
564.8282310000001	42
564.9850295	38
565.141828	35
565.141828	49
565.4554250000001	35
565.4554250000001	49
565.7690220000001	35
565.9258205	38
565.9258205	38
566.2394175000001	35
566.3962160000001	38
566.3962160000001	38
566.724813	35
566.8891115	38
566.8891115	38
567.2127085000001	35
567.372007	38
567.5313055	38
567.690604	35
567.690604	49
568.0092010000001	38
568.0092010000001	49
568.327798	38
568.327798	49
568.4895965000001	38
568.4895965000001	49
568.6513950000001	35
568.8131935000001	38
568.8131935000001	49
568.974992	35
569.1342905	38
569.1342905	49
569.293589	38
569.293589	49
569.4528875000001	35
569.6121860000001	38
569.6121860000001	49
569.7664845	35
569.920783	38
569.920783	49
570.0750815	38
570.0750815	49
570.2293800000001	35
570.2293800000001	49
570.5479770000001	38
570.5479770000001	49
570.7072755	35
570.866574	38
570.866574	49
571.0308725000001	35
571.1951710000001	38
571.1951710000001	49
571.3594695	38
571.3594695	49
571.523768	35
571.6830665	38
571.6830665	49
571.8423650000001	38
571.8423650000001	49
572.0016635000001	35
572.160962	38
572.160962	49
572.3202605	35
572.479559	38
572.479559	49
572.6388575000001	38
572.6388575000001	49
572.7981560000001	35
572.7981560000001	49
573.116753	38
573.116753	49
573.2760515	35
573.4353500000001	38
573.4353500000001	49
573.5946485000001	38
573.5946485000001	49
573.753947	35
573.9132455	38
573.9132455	49
574.072544	35
574.2318425000001	38
574.2318425000001	49
574.3911410000001	38
574.3911410000001	49
574.5504395	35
574.709738	38
574.709738	49
574.8690365	35
575.0283350000001	38
575.0283350000001	49
575.1876335000001	38
575.1876335000001	49
575.346932	35
575.346932	49
575.673174	38
575.673174	49
575.8362950000001	35
575.999416	38
575.999416	49
576.160037	35
576.320658	38
576.320658	49
576.4812790000001	38
576.4812790000001	49
576.8025210000001	38
576.8025210000001	49
576.9631420000001	38
576.9631420000001	49
577.123763	35
577.284384	38
577.284384	49
577.440005	35
577.595626	38
577.595626	49
577.751247	38
577.751247	49
577.906868	35
577.906868	49
578.2284825	38
578.2284825	49
578.3892897500001	35
578.550097	38
578.550097	49
578.7034042500001	38
578.7034042500001	49
578.8567115000001	35
579.0100187500001	38
579.0100187500001	49
579.1633260000001	35
579.32163325	38
579.32163325	49
579.4799405	38
579.4799405	49
579.63824775	35
579.796555	38
579.796555	49
579.95986225	35
580.1231695	38
580.1231695	49
580.28647675	38
580.28647675	49
580.449784	35
580.449784	49
580.771026	38
580.771026	49
580.931647	35
581.092268	38
581.092268	49
581.2503889999999	35
581.40851	38
581.40851	49
581.566631	38
581.566631	49
581.7247520000001	35
581.8853730000001	38
581.8853730000001	49
582.0459940000001	38
582.0459940000001	49
582.206615	35
582.367236	38
582.367236	49
582.527857	35
582.688478	38
582.688478	49
582.849099	38
582.849099	49
583.00972	35
583.00972	49
583.327657	38
583.327657	49
583.4866255000001	35
583.645594	38
583.645594	49
583.8045625	38
583.8045625	49
583.963531	35
584.1224995	38
584.1224995	49
584.281468	35
584.4429365000001	38
584.4429365000001	49
584.604405	38
584.604405	49
584.7658735000001	35
584.927342	38
584.927342	49
585.0863105	35
585.245279	38
585.245279	49
585.4042475	38
585.4042475	49
585.563216	35
585.563216	49
585.8751175	38
585.8751175	49
586.03106825	35
586.1870190000001	38
586.1870190000001	49
586.34546975	35
586.5039205	38
586.5039205	49
586.66237125	38
586.66237125	49
586.820822	35
586.98177275	38
586.98177275	49
587.1427235	38
587.1427235	49
587.3036742500001	35
587.4646250000001	38
587.5735921666667	38
587.6825593333334	38
587.7915265	38
587.9004936666666	38
588.0094608333334	38
588.118428	35
588.118428	49
588.430704	35
588.430704	49
588.74298	38
588.74298	42
589.060256	42
589.218894	35
589.377532	42
589.53867	38
589.699808	35
589.699808	42
589.860946	35
590.022084	38
590.022084	42
590.3393599999999	35
590.3393599999999	42
590.4979979999999	38
590.656636	35
590.656636	49
590.9795730000001	35
590.9795730000001	49
591.30251	38
591.30251	42
591.615447	42
591.7719155	35
591.928384	42
592.0898525000001	38
592.2513210000001	35
592.2513210000001	42
592.4127895000001	35
592.574258	38
592.574258	42
592.892195	35
592.892195	42
593.0511635	38
593.210132	35
593.210132	49
593.5280690000001	35
593.5280690000001	49
593.846006	38
593.846006	42
594.168943	42
594.3304115000001	35
594.49188	42
594.6483485	38
594.8048170000001	35
594.8048170000001	42
594.9612855	35
595.117754	38
595.117754	42
595.440691	35
595.440691	42
595.6021595000001	38
595.763628	35
595.763628	49
596.0845820000001	35
596.0845820000001	49
596.405536	38
596.405536	42
596.72649	42
596.886967	38
597.047444	42
597.202921	35
597.3583980000001	38
597.3583980000001	49
597.669352	35
597.669352	42
597.824829	38
597.980306	42
598.135783	35
598.2912600000001	35
598.2912600000001	49
598.6125020000001	35
598.6125020000001	49
598.933744	38
598.933744	42
599.094365	35
599.254986	35
599.254986	42
599.4156070000001	38
599.5762280000001	42
599.7368490000001	35
599.8974700000001	38
599.8974700000001	49
600.0580910000001	35
600.2187120000001	35
600.2187120000001	42
600.3793330000001	38
600.5399540000001	35
600.5399540000001	42
600.7005750000001	35
600.8611960000001	35
600.8611960000001	49
601.1771500000001	35
601.1771500000001	49
601.493104	38
601.493104	42
601.6535810000001	35
601.814058	35
601.814058	42
601.9745350000001	38
602.1350120000001	35
602.1350120000001	42
602.292989	35
602.4509660000001	38
602.4509660000001	42
602.6089430000001	35
602.76692	35
602.76692	42
602.9198970000001	38
603.0728740000001	42
603.225851	35
603.3788280000001	35
603.3788280000001	49
603.7044085000001	35
603.7044085000001	49
604.0299890000002	38
604.0299890000002	42
604.1977792500002	35
604.3655695000002	35
604.3655695000002	42
604.5333597500002	38
604.7011500000001	35
604.7011500000001	42
604.8564402500001	35
605.0117305000001	38
605.0117305000001	42
605.1670207500001	35
605.3223110000001	35
605.3223110000001	42
605.4801012500001	38
605.6378915000001	35
605.6378915000001	42
605.7956817500001	35
605.9534720000001	47
606.0342778750002	47
606.1150837500002	38
606.1958896250002	47
606.2766955000002	35
606.3575013750002	35
606.4383072500001	47
606.5191131250001	47
606.5999190000001	38
606.6807248750001	47
606.7615307500001	35
606.8423366250001	35
606.9231425000002	47
607.0039483750002	47
607.0847542500002	38
607.1655601250002	47
607.2463660000002	35
607.3259218750002	35
607.40547775	47
607.4850336250001	47
607.5645895000001	38
607.6441453750001	47
607.7237012500001	35
607.8032571250002	35
607.8828130000002	38
607.9636188750002	38
608.0444247500002	47
608.1252306250002	47
608.2060365000002	47
608.2868423750001	47
608.3676482500001	47
608.4484541250001	47
608.5292600000001	35
608.5292600000001	49
608.8508745000001	35
608.8508745000001	49
609.1724890000002	38
609.1724890000002	49
609.4891035000002	35
609.4891035000002	49
609.6474107500002	35
609.8057180000001	49
609.9640252500001	38
610.1223325000001	35
610.1223325000001	49
610.2806397500001	35
610.4389470000001	38
610.4389470000001	49
610.7505615000001	35
610.7505615000001	49
610.9063687500001	38
611.0621760000001	35
611.0621760000001	49
611.3901130000002	35
611.3901130000002	49
611.5540815000002	35
611.7180500000001	38
611.7180500000001	49
612.0359870000001	35
612.0359870000001	49
612.1949555000001	38
612.2744397500002	38
612.3539240000001	35
612.3539240000001	49
612.5128925000001	38
612.6718610000001	35
612.6718610000001	49
612.8308295000002	35
612.9897980000001	38
612.9897980000001	49
613.1462665	35
613.3027350000001	38
613.3027350000001	38
613.4592035000001	38
613.6156720000001	35
613.6156720000001	49
613.9375735000001	49
614.0985242500001	35
614.2594750000002	38
614.2594750000002	49
614.5813765000001	49
614.7423272500001	35
614.9032780000001	38
614.9032780000001	49
615.2201795000001	35
615.2201795000001	49
615.3786302500001	35
615.5370810000002	38
615.5370810000002	49
615.8589825000001	35
615.8589825000001	49
616.0199332500001	35
616.1808840000001	38
616.1808840000001	49
616.4994810000001	35
616.4994810000001	49
616.6587795000002	35
616.8180780000001	38
616.8180780000001	49
617.1366750000001	35
617.1366750000001	49
617.2959735000001	38
617.4552720000002	35
617.4552720000002	49
617.6145705000001	38
617.6942197500001	38
617.7738690000001	38
617.9331675000001	38
618.0924660000001	38
618.2517645000001	38
618.4110630000001	35
618.4110630000001	49
618.7296600000001	35
618.7296600000001	49
619.0482570000001	49
619.2075555000001	35
619.3668540000001	38
619.3668540000001	49
619.6854510000001	35
619.6854510000001	49
619.8447495000001	35
620.0040480000001	49
620.1658465000002	38
620.3276450000001	35
620.3276450000001	49
620.4894435000001	35
620.6512420000001	38
620.6512420000001	49
620.9648390000001	35
620.9648390000001	49
621.1216375	38
621.278436	35
621.278436	49
621.5970330000001	35
621.5970330000001	49
621.7563315000001	35
621.9156300000001	38
621.9156300000001	49
622.2342270000001	35
622.2342270000001	49
622.3935255000001	35
622.5528240000001	49
622.7096225	38
622.8664210000001	35
622.8664210000001	49
623.0232195000001	35
623.1800180000001	38
623.2862170000001	38
623.3924160000001	38
623.4986150000001	38
623.6048140000001	38
623.7110130000001	38
623.8172120000003	35
623.8172120000003	49
624.1558090000002	42
624.3251075000002	35
624.494406	38
624.494406	49
624.8080030000001	35
624.8080030000001	49
625.1216000000001	38
625.1216000000001	42
625.4301970000001	42
625.5844955000001	35
625.7387940000001	38
625.7387940000001	42
625.9005925000001	38
626.062391	35
626.062391	42
626.2241895000002	35
626.3859880000001	38
626.3859880000001	49
626.7045850000001	42
626.8638835	35
627.0231820000001	38
627.0231820000001	42
627.3417790000001	35
627.3417790000001	42
627.5010775000001	35
627.660376	38
627.7400252500001	38
627.8196745000001	38
627.8993237500001	38
627.9789730000001	38
628.0586222500001	38
628.1382715000001	38
628.2179207500001	38
628.2975700000001	38
628.4568685	38
628.6161670000001	38
628.7754655000001	38
628.9347640000001	35
628.9347640000001	49
629.4126595000001	35
629.5719580000001	38
629.5719580000001	49
629.8905550000001	35
629.8905550000001	49
630.2091520000001	49
630.3684505000001	35
630.5277490000001	35
630.5277490000001	49
630.846346	38
630.846346	49
631.1699430000001	35
631.1699430000001	49
631.3317415000001	38
631.49354	35
631.49354	49
631.8141205000001	49
631.9744107500001	35
632.1347010000001	38
632.1347010000001	49
632.4552815000001	35
632.4552815000001	49
632.7758620000001	49
632.9311522500001	38
633.0864425000001	35
633.0864425000001	49
633.2417327500001	35
633.3970230000001	38
633.3970230000001	49
633.7226035000001	35
633.7226035000001	49
633.8853937500002	38
634.0481840000001	35
634.0481840000001	49
634.3687645000001	49
634.5290547500001	35
634.6893450000001	38
634.6893450000001	49
635.0099255	35
635.0099255	49
635.330506	49
635.48829625	38
635.6460865	35
635.6460865	49
635.80387675	35
635.961667	38
635.961667	49
636.2822475	35
636.2822475	49
636.44253775	38
636.602828	35
636.602828	49
636.9217990000001	35
636.9217990000001	49
637.0812845000002	35
637.24077	38
637.24077	49
637.549741	47
637.7042265	47
637.8587120000001	35
637.8587120000001	49
638.0156975000001	38
638.0156975000001	38
638.172683	35
638.3296685	38
638.486654	38
638.6461395000001	35
638.8056250000001	38
639.124596	35
639.124596	49
639.4521595	49
639.61594125	35
639.779723	38
639.779723	49
640.1072865	35
640.1072865	49
640.43485	49
640.5936317499999	38
640.7524135	35
640.7524135	49
640.9111952499999	35
641.069977	38
641.069977	49
641.3825405	38
641.53882225	38
641.695104	35
641.695104	49
642.013041	49
642.1720095000001	35
642.330978	38
642.330978	49
642.658915	35
642.658915	49
642.986852	49
643.1458205	38
643.304789	35
643.304789	49
643.4637575	35
643.622726	38
643.622726	49
643.940663	38
644.0996315	38
644.2586	35
644.2586	49
644.576537	49
644.7355055	35
644.894474	38
644.894474	49
645.207411	35
645.207411	49
645.520348	49
645.6793165	38
645.838285	35
645.838285	49
645.9972535	35
646.156222	38
646.156222	49
646.469159	35
646.469159	49
646.782096	35
646.782096	49
646.94120775	47
647.0207636250001	47
647.1003195000001	47
647.179875375	47
647.2594312499999	47
647.338987125	47
647.418543	47
647.499348875	47
647.58015475	47
647.660960625	47
647.7417665	47
647.822572375	47
647.9033782500001	47
647.9841841250001	47
648.0649900000001	35
648.0649900000001	49
648.22910175	38
648.311157625	38
648.3932135	38
648.475269375	38
648.5573252500001	38
648.639381125	38
648.721437	38
648.802242875	38
648.8830487500001	47
648.9638546250001	47
649.0446605000001	47
649.125466375	47
649.20627225	47
649.287078125	47
649.367884	35
649.367884	49
649.686481	42
649.8457795	35
650.005078	38
650.005078	42
650.323675	35
650.323675	49
650.642272	42
650.8015705	38
650.960869	35
650.960869	42
651.1201675	35
651.279466	38
651.279466	42
651.598063	35
651.598063	42
651.7573615	38
651.91666	35
651.91666	49
652.240257	42
652.4020555000001	35
652.563854	38
652.563854	42
652.882451	35
652.882451	49
653.201048	42
653.3578464999999	38
653.514645	35
653.514645	42
653.6714434999999	35
653.828242	38
653.828242	42
654.146839	35
654.146839	42
654.3061375	38
654.465436	35
654.465436	49
654.789033	42
654.9508315	35
655.11263	38
655.11263	42
655.431227	35
655.431227	49
655.749824	42
655.9066224999999	38
656.063421	35
656.063421	42
656.2202195	35
656.377018	38
656.377018	42
656.695615	35
656.695615	42
656.8549135	38
657.014212	35
657.014212	49
657.337809	42
657.4996075	35
657.6614059999999	38
657.6614059999999	42
657.975003	35
657.975003	49
658.2886	42
658.4453984999999	38
658.602197	42
658.7589955	35
658.915794	38
659.0236596666667	38
659.1315253333333	38
659.239391	38
659.3472566666667	38
659.4551223333333	38
659.562988	35
659.562988	49
659.886585	42
660.0483835	35
660.210182	38
660.210182	49
660.523779	35
660.523779	49
660.837376	38
660.837376	42
661.150973	42
661.3077715	35
661.38617075	35
661.46457	38
661.46457	42
661.6263685	35
661.788167	35
661.788167	42
661.9499655000001	35
662.111764	38
662.111764	49
662.430361	42
662.5896595	35
662.748958	38
662.748958	42
663.067555	35
663.067555	49
663.386152	38
663.386152	42
663.704749	42
663.8640475	35
663.94369675	35
664.023346	38
664.023346	42
664.1826445	35
664.341943	35
664.341943	42
664.5012415	35
664.66054	38
664.66054	49
664.981782	42
665.142403	35
665.3030239999999	38
665.3030239999999	42
665.6192659999999	35
665.6192659999999	49
665.935508	38
665.935508	42
666.25675	42
666.417371	35
666.577992	38
666.577992	42
666.904234	35
666.904234	42
667.067355	35
667.230476	38
667.3099602499999	47
667.3894445	47
667.4689287499999	47
667.548413	35
667.6278972499999	35
667.7073815	38
667.78686575	47
667.8663499999999	47
667.9445842499999	47
668.0228184999999	35
668.10105275	35
668.1792869999999	38
668.25752125	47
668.3357554999999	47
668.41398975	47
668.492224	35
668.5729582499999	35
668.6536925	38
668.7344267499999	47
668.815161	47
668.89589525	47
668.9766295000001	35
669.0573637499999	35
669.1380979999999	38
669.1380979999999	38
669.2970664999999	47
669.2970664999999	47
669.4560349999999	47
669.4560349999999	47
669.6150035	35
669.773972	35
669.773972	49
669.773972	49
670.101909	35
670.101909	49
670.4298459999999	38
670.4298459999999	49
670.7477829999999	35
670.7477829999999	49
670.9067514999999	35
671.0657199999999	49
671.2221884999999	38
671.378657	35
671.378657	49
671.5351254999999	35
671.6915939999999	38
671.6915939999999	49
672.0095309999999	35
672.0095309999999	49
672.1684994999999	38
672.327468	35
672.327468	49
672.6517269999999	35
672.6517269999999	49
672.9759859999999	38
672.9759859999999	49
673.2952449999999	35
673.2952449999999	49
673.4548745	35
673.6145039999999	49
673.7716334999999	38
673.928763	35
673.928763	49
674.0858924999999	35
674.243022	38
674.243022	49
674.562281	35
674.562281	49
674.7219104999999	38
674.88154	35
674.88154	49
675.205799	35
675.205799	49
675.5300579999999	38
675.5300579999999	49
675.8443169999999	35
675.8443169999999	49
676.0014464999999	35
676.1585759999999	49
676.3182055	38
676.4778349999999	35
676.4778349999999	49
676.6374645	35
676.7970939999999	38
676.7970939999999	49
677.111353	35
677.111353	49
677.2684824999999	38
677.425612	35
677.425612	49
677.754871	35
677.754871	49
678.08413	38
678.08413	49
678.393389	35
678.393389	49
678.5480185	35
678.702648	49
678.8597775	38
679.016907	35
679.016907	49
679.1740364999999	35
679.3311659999999	38
679.3311659999999	49
679.4907955	38
679.4907955	49
679.6504249999999	38
679.6504249999999	49
679.8100545	35
679.9696839999999	35
679.9696839999999	49
679.9696839999999	49
680.287621	35
680.287621	49
680.6055579999999	38
680.6055579999999	49
680.9284949999999	35
680.9284949999999	49
681.0899635	35
681.2514319999999	49
681.4104004999999	38
681.5693689999999	35
681.5693689999999	49
681.7283375	35
681.8873059999999	38
681.8873059999999	49
682.2102429999999	35
682.2102429999999	49
682.3717115	38
682.5331799999999	35
682.5331799999999	49
682.8511169999999	35
682.8511169999999	49
683.1690539999998	38
683.1690539999998	49
683.4969909999999	35
683.4969909999999	49
683.6609594999999	35
683.8249279999999	49
683.9788964999999	38
684.1328649999999	35
684.1328649999999	49
684.2868335	35
684.4408019999998	38
684.4408019999998	49
684.7587389999999	35
684.7587389999999	49
684.9177074999999	38
685.0766759999999	35
685.0766759999999	49
685.3972564999999	35
685.3972564999999	49
685.7178369999999	38
685.7178369999999	49
686.0384174999999	49
686.1987077499999	35
686.3589979999999	49
686.5192882499999	38
686.6795784999999	35
686.6795784999999	49
686.8398687499999	35
687.0001589999999	38
687.0001589999999	49
687.3157395	35
687.3157395	49
687.63132	35
687.63132	49
687.7906184999999	47
687.8702677499999	47
687.9499169999999	47
688.02956625	47
688.1092155	47
688.18886475	47
688.268514	47
688.34691325	47
688.4253124999999	47
688.50371175	47
688.5821109999999	47
688.6605102499999	47
688.7389094999999	47
688.8173087499999	47
688.895708	35
688.895708	49
688.97535725	47
689.0550065	47
689.13465575	47
689.214305	47
689.29395425	47
689.3736035	47
689.4532527499999	47
689.5329019999999	47
689.6150512500001	47
689.6972005	47
689.77934975	47
689.861499	47
689.94364825	47
690.0257975	47
690.10794675	47
690.1900959999999	35
690.1900959999999	49
690.515016	35
690.515016	49
690.677476	35
690.839936	38
690.839936	49
691.1548559999999	35
691.1548559999999	49
691.3123159999999	35
691.4697759999999	49
691.632236	38
691.7946959999999	35
691.7946959999999	49
691.9571559999999	35
692.119616	38
692.119616	49
692.4345359999999	35
692.4345359999999	49
692.5919959999999	38
692.7494559999999	35
692.7494559999999	49
693.0680529999998	35
693.0680529999998	49
693.2273514999999	35
693.3866499999999	38
693.3866499999999	49
693.7052469999999	35
693.7052469999999	49
693.8645454999998	35
694.0238439999999	49
694.1806424999999	38
694.3374409999999	35
694.3374409999999	49
694.4942394999998	35
694.6510379999999	38
694.6510379999999	49
694.9696349999999	35
694.9696349999999	49
695.1289334999999	38
695.2882319999999	35
695.2882319999999	49
695.606829	35
695.606829	49
695.7661274999999	35
695.9254259999999	38
695.9254259999999	49
696.2440229999999	35
696.2440229999999	49
696.4033215	35
696.5626199999999	49
696.7219184999999	38
696.8812169999999	35
696.8812169999999	49
697.0405154999999	35
697.199814	38
697.199814	49
697.5184109999999	35
697.5184109999999	49
697.6777094999999	38
697.8370079999999	35
697.8370079999999	49
698.1606049999999	35
698.1606049999999	49
698.3224035	35
698.4842019999999	38
698.4842019999999	49
698.8027989999999	35
698.8027989999999	49
698.9620974999999	35
699.1213959999999	49
699.2781944999998	38
699.4349929999998	35
699.4349929999998	49
699.5917914999999	35
699.7485899999999	38
699.7485899999999	49
700.0671869999999	35
700.0671869999999	49
700.2264854999999	38
700.385784	35
700.385784	49
700.7093809999999	35
700.7093809999999	49
700.8711794999999	35
701.0329779999998	38
701.0329779999998	49
701.3515749999999	35
701.3515749999999	49
701.5108734999999	35
701.6701719999999	49
701.8294704999998	38
701.9887689999999	35
701.9887689999999	49
702.1480674999999	35
702.3073659999999	38
702.3073659999999	49
702.6259629999998	35
702.6259629999998	49
702.7852614999999	38
702.9445599999999	35
702.9445599999999	49
703.2631569999999	35
703.2631569999999	49
703.4224554999998	35
703.5817539999999	38
703.5817539999999	49
703.8903509999999	35
703.8903509999999	49
704.0446494999999	35
704.1989479999999	49
704.3607465	38
704.5225449999999	35
704.5225449999999	49
704.6843435	35
704.8461419999999	38
704.8461419999999	49
705.1697389999999	35
705.1697389999999	49
705.3315375	38
705.4933359999999	35
705.4933359999999	49
705.8189164999999	35
705.8189164999999	49
705.98170675	35
706.1444969999999	38
706.1444969999999	49
706.4550774999999	35
706.4550774999999	49
706.6103677499999	35
706.7656579999999	49
706.9259482499999	38
707.0862384999999	35
707.0862384999999	49
707.2465287499999	35
707.4068189999999	38
707.4068189999999	49
707.7273994999999	35
707.7273994999999	49
707.8876897499999	38
708.0479799999999	35
708.0479799999999	49
708.3772389999999	35
708.3772389999999	49
708.5418685	35
708.7064979999999	38
708.7064979999999	49
709.0257569999999	35
709.0257569999999	49
709.1853864999999	35
709.3450159999999	49
709.4996454999999	38
709.654275	35
709.654275	49
709.8089044999999	35
709.963534	38
709.963534	49
710.272793	35
710.272793	49
710.4274224999999	35
710.582052	35
710.582052	38
710.582052	38
712.2207314999999	35
712.2207314999999	38
712.2207314999999	38
713.891142	35
713.891142	38
713.891142	38
715.5039525	35
715.5039525	38
715.5039525	38
716.9296264999999	38
717.0517659999999	38
717.1739054999999	38
717.4181844999999	35
717.4181844999999	47
717.5333852499999	47
717.6485859999999	35
717.6485859999999	47
717.7587867499999	35
717.7587867499999	47
717.8689875	38
717.97918825	47
718.089389	47
718.20458975	47
718.3197905	35
718.3197905	47
718.4399912499999	47
718.5601919999999	35
718.5601919999999	47
718.6753927499999	35
718.6753927499999	47
718.7905935	38
718.91079425	47
719.030995	35
719.030995	47
719.14808475	47
719.2651745	47
719.3822642499999	35
719.3822642499999	47
719.4993539999999	38
719.6114437499999	47
719.7235334999999	47
719.84562325	47
719.967713	35
719.967713	47
720.08480275	47
720.2018925	47
720.31398225	35
720.31398225	47
720.426072	38
720.54816175	47
720.6702515	35
720.6702515	47
720.78847375	47
720.9066959999999	47
721.0249182499999	35
721.0249182499999	47
721.1431405	38
721.25136275	47
721.3595849999999	47
721.47280725	47
721.5860295	35
721.5860295	47
721.70925175	47
721.8324739999999	47
721.95069625	35
721.95069625	47
722.0689185	38
722.1921407499999	47
722.3153629999999	35
722.3153629999999	47
722.430706	47
722.5460489999999	47
722.661392	35
722.661392	47
722.7767349999999	38
722.892078	47
723.0074209999999	47
723.122764	47
723.2381069999999	35
723.2381069999999	47
723.35595	47
723.4737929999999	47
723.591636	35
723.591636	47
723.7094789999999	38
723.827322	38
723.945165	38
724.180851	35
724.180851	49
724.29407325	47
724.4072954999999	35
724.4072954999999	47
724.53051775	35
724.65374	38
724.65374	49
724.8901844999999	47
725.00340675	47
725.116629	35
725.116629	49
725.23985125	47
725.3630734999999	35
725.3630734999999	47
725.47629575	35
725.589518	38
725.589518	49
725.8159625	35
725.8159625	49
725.93767425	47
726.0593859999999	35
726.0593859999999	47
726.1810977499999	35
726.3028095	38
726.3028095	49
726.5362329999999	47
726.64794475	47
726.7596564999999	35
726.7596564999999	49
726.8763682499999	47
726.99308	35
726.99308	47
727.10979175	35
727.2265034999999	38
727.2265034999999	49
727.459927	35
727.459927	49
727.57701675	47
727.6941065	35
727.6941065	47
727.81119625	35
727.9282860000001	38
727.9282860000001	49
728.1824654999998	47
728.2895552499999	47
728.396645	35
728.396645	49
728.51873475	47
728.6408245	35
728.6408245	47
728.75291425	35
728.865004	38
728.865004	49
729.1091835	35
729.1091835	49
729.22627325	47
729.343363	35
729.343363	47
729.46045275	35
729.5775424999999	38
729.5775424999999	49
729.811722	47
729.92881175	47
730.0459015	35
730.0459015	49
730.16299125	47
730.280081	35
730.280081	47
730.39717075	35
730.5142605	38
730.63135025	38
730.74844	35
730.74844	49
731.0007354999999	47
731.1268832499999	47
731.253031	47
731.3741787499998	35
731.4953264999999	38
731.4953264999999	49
731.7376219999999	47
731.8462697499999	47
731.9549175	47
732.0635652499999	47
732.1722129999999	35
732.1722129999999	49
732.3945085	38
732.50565625	38
732.616804	35
732.616804	49
732.8507935	47
732.96778825	47
733.084783	47
733.20677775	35
733.3287725	38
733.3287725	49
733.572762	47
733.68975675	47
733.8067515	47
733.92374625	35
734.040741	38
734.040741	49
734.2697305	38
734.3842252500001	38
734.49872	35
734.49872	49
734.7316405	49
734.8531007500001	35
734.974561	38
734.974561	49
735.2174815000001	49
735.32894175	38
735.4404020000001	35
735.4404020000001	49
735.56186225	38
735.6833225	49
735.7897827500001	35
735.896243	38
735.896243	49
736.1291635	35
736.1291635	49
736.25062375	38
736.3720840000001	49
736.48354425	35
736.5950045000001	38
736.5950045000001	49
736.837925	49
736.9493852500001	38
737.0608455	35
737.0608455	49
737.1823057500001	38
737.303766	35
737.303766	49
737.42022625	35
737.5366865000001	38
737.5366865000001	49
737.7696070000001	35
737.7696070000001	49
738.0125275	49
738.1289877500001	35
738.245448	38
738.245448	49
738.4883685	49
738.60482875	38
738.7212890000001	35
738.7212890000001	49
738.83774925	38
738.9542095	35
738.9542095	49
739.06566975	35
739.17713	38
739.17713	49
739.4000505	35
739.4000505	49
739.5236512500001	38
739.647252	49
739.77085275	35
739.8944535	38
739.8944535	49
740.131655	49
740.24525575	38
740.3588565	35
740.3588565	49
740.47245725	38
740.586058	49
740.70965875	35
740.8332595	38
740.94686025	38
741.060461	35
741.060461	49
741.2913066666667	35
741.4067295	35
741.5221523333333	49
741.6375751666667	35
741.752998	38
741.9838436666668	49
742.0992665	35
742.3301121666667	35
742.4455350000001	35
742.4455350000001	49
742.6830473333334	38
742.8018035	38
742.9205596666667	35
742.9205596666667	49
743.2768281666667	35
743.3955843333333	38
743.3955843333333	49
743.6330966666667	38
743.7518528333334	38
743.8706090000001	35
743.8706090000001	49
744.21195175	35
744.339066	49
744.4361802500001	35
744.5732945000001	38
744.7975230000001	49
744.91463725	38
745.15886575	47
745.27598	35
745.27598	49
745.5973227500002	35
745.6758798750002	35
745.754437	38
745.754437	49
745.9786655	38
746.09577975	38
746.212894	35
746.212894	49
746.4371225000001	47
746.4906796250001	47
746.5442367500002	35
746.6127938750002	35
746.6813510000001	38
746.6813510000001	49
746.9155795	38
747.04269375	38
747.1498079999999	35
747.1498079999999	49
747.2469222500001	38
747.3740365000001	38
747.5011507500001	35
747.5011507500001	49
747.85241925	35
747.96950875	38
747.96950875	42
748.2236877500001	42
748.3207772500001	38
748.4378667500001	35
748.4378667500001	42
748.55495625	38
748.68204575	35
748.68204575	42
748.7891352500001	35
748.9062247500001	38
748.9062247500001	42
749.1504037500001	42
749.25749325	38
749.3745827500001	35
749.3745827500001	42
749.4916722500001	38
749.6087617500001	38
749.7258512500001	35
749.7258512500001	42
749.9800302499999	35
749.9800302499999	42
750.09711975	35
750.2142092500001	38
750.2142092500001	42
750.4383882500001	42
750.55547775	38
750.67256725	35
750.67256725	42
750.7896567500001	38
750.9067462500001	35
750.9067462500001	42
751.0238357500001	35
751.1409252500001	38
751.1409252500001	42
751.3751042499999	42
751.4921937500001	38
751.5992832500002	35
751.5992832500002	42
751.7163727500001	38
751.8434622499999	38
751.96055175	35
751.96055175	42
752.19473075	35
752.19473075	42
752.3118202500001	35
752.4189097500002	38
752.4189097500002	42
752.6630887499999	42
752.7801782500001	38
752.8872677500002	35
752.8872677500002	42
753.01435725	38
753.1314467500001	35
753.1314467500001	42
753.24853625	35
753.36562575	38
753.36562575	42
753.59980475	42
753.7068942500002	38
753.8339837499999	35
753.8339837499999	42
753.95107325	38
754.0781627499999	38
754.1752522500001	35
754.1752522500001	42
754.4094312500001	35
754.4094312500001	42
754.52652075	35
754.64361025	38
754.64361025	42
754.8777892500001	42
754.9948787500001	38
755.1119682500001	35
755.1119682500001	42
755.22905775	38
755.3461472500001	35
755.3461472500001	42
755.4632367500001	35
755.5803262500001	38
755.5803262500001	42
755.8128385833334	42
755.9290947500001	38
756.0453509166667	35
756.0453509166667	42
756.1616070833335	38
756.2778632500001	42
756.3941194166667	35
756.5103755833334	38
756.5103755833334	42
756.7428879166667	38
756.8591440833335	38
756.9754002500001	35
756.9754002500001	49
757.21957925	35
757.21957925	49
757.3366687500001	35
757.4637582500001	38
757.4637582500001	49
757.6979372500001	49
757.82502675	38
757.9121162500002	35
757.9121162500002	49
758.0292057500001	38
758.1462952500001	35
758.1462952500001	49
758.2733847500001	35
758.3904742500001	38
758.3904742500001	49
758.63465325	49
758.7417427500001	38
758.8588322500001	35
758.8588322500001	49
758.9759217500001	38
759.0830112500001	38
759.20010075	35
759.20010075	49
759.44427975	35
759.44427975	49
759.5613692500001	35
759.6684587500001	38
759.6684587500001	49
759.91263775	49
760.0197272500001	38
760.1368167500001	35
760.1368167500001	49
760.27390625	38
760.3809957500001	35
760.3809957500001	49
760.4880852500002	35
760.6051747500001	38
760.6051747500001	49
760.8393537500001	49
760.9364432500003	38
761.07353275	35
761.07353275	49
761.2006222499999	38
761.3177117500001	38
761.4348012500001	35
761.4348012500001	49
761.5400040000001	38
761.64520675	38
761.7654095000001	38
761.8856122500001	35
761.8856122500001	49
762.0008150000001	38
762.1160177500001	38
762.2312205000001	38
762.34642325	35
762.34642325	49
762.4616260000001	38
762.5768287500001	38
762.6920315000001	35
762.6920315000001	49
762.8072342500001	38
762.932437	38
763.05763975	35
763.05763975	49
763.29763975	38
763.35763975	38
763.41763975	38
763.53763975	38
763.6570905000001	47
763.7168158750001	38
763.77654125	38
763.895992	38
764.01544275	47
764.0754427500001	38
764.13544275	38
764.25544275	38
764.37544275	47
764.43544275	38
764.49544275	38
764.6406811529489	38
764.787201614466	35
764.8604618452244	35
764.9337220759829	38
764.9337220759829	38
765.0802425375	47
765.2330997875	47
765.3859570375	47
765.5388142874999	38
765.5388142874999	38
765.6916715374999	47
765.8428045843841	47
765.9948668590339	47
766.1469291336836	47
766.2989914083333	47
766.4920080914441	38
766.4920080914441	38
767.0769700958333	35
767.0769700958333	49
767.0769700958333	49