63.357652	47
63.357652	47
63.57443775	47
63.791223499999994	47
64.224795	47
64.224795	47
64.44658075000001	47
64.6683665	47
65.111938	35
65.111938	49
65.111938	42
66.648547	35
66.86663399999999	35
67.30462973124999	35
67.74258523124999	38
68.61849623124999	35
68.61849623124999	49
70.16257841041666	35
70.38316541041665	35
70.82433941041666	35
71.26551341041665	38
72.15783268958333	35
72.15783268958333	49
73.02639468958333	47
73.02639468958333	47
73.45567635102985	47
73.88507160625	47
74.15091813958333	47
74.55433560624999	47
74.77742360625	47
74.99801160624999	47
75.21859960625	47
75.43918760625	47
75.65974687708334	35
75.65974687708334	49
76.09902771430761	49
76.53833715416667	38
76.53833715416667	49
76.97940465416667	35
76.97940465416667	49
77.42047215416666	35
77.42047215416666	49
77.86153965416666	49
78.30260715416667	38
78.30260715416667	49
78.74367465416667	49
79.18474215416667	35
79.18474215416667	49
79.61580965416665	49
80.04687715416665	38
80.04687715416665	49
80.49294465416665	35
80.49294465416665	49
80.93901215416666	35
80.93901215416666	49
81.38007965416666	49
81.82114715416667	38
81.82114715416667	49
82.26221465416666	49
82.70328215416666	35
82.70328215416666	49
83.14434965416666	49
83.58541715416666	38
83.58541715416666	49
84.01839843946802	35
84.01839843946802	42
84.45135408749998	35
84.45135408749998	49
84.89430958749998	49
85.33726508749999	38
85.33726508749999	49
85.77522058749999	49
86.21317608749999	35
86.21317608749999	49
86.65613158749998	49
87.0990870875	38
87.0990870875	49
87.5270439660887	35
87.5270439660887	49
87.95511885625	35
87.95511885625	49
88.40629485625	49
88.85747085625	38
88.85747085625	49
89.29364685625	49
89.72982285625	35
89.72982285625	49
90.17599885624999	49
90.62217485625	38
90.62217485625	49
91.05979585624999	35
91.05979585624999	49
91.49741685625	35
91.49741685625	49
91.93503785624999	49
92.37265885625	38
92.37265885625	49
92.81027985624999	49
93.24790085625	35
93.24790085625	49
93.69052185624999	49
94.13314285624999	38
94.13314285624999	49
94.57428935624999	35
94.57428935624999	49
95.01543585625	35
95.01543585625	49
95.45158235625	49
95.88772885624999	38
95.88772885624999	49
96.32887535625	49
96.77002185625	35
96.77002185625	49
97.21116835625	49
97.65231485625	38
97.65231485625	49
98.08527035625	35
98.08527035625	49
98.51822585625	35
98.51822585625	42
98.96118135625	49
99.40413685625	38
99.40413685625	49
99.84528601875	49
100.28646201875	35
100.28646201875	49
100.72763801875	49
101.16881401875	38
101.16881401875	49
101.60499001875	35
101.60499001875	49
102.04116601874999	35
102.04116601874999	49
102.48234201874999	49
102.92351801874999	38
102.92351801874999	49
103.35969401874999	47
103.57778201874999	47
103.79587001875	35
103.79587001875	49
104.24204601874999	49
104.68822201875	38
104.68822201875	49
105.12592201875	35
105.12592201875	49
105.56362201875	35
105.56362201875	49
106.00632201875	49
106.44902201875	38
106.44902201875	49
106.88672201875	49
107.32442201875	35
107.32442201875	49
107.76212201875	49
108.19982201875	38
108.19982201875	49
108.63436101875	35
108.63436101875	49
109.06890001874999	35
109.06890001874999	49
109.51343901874999	49
109.95797801874998	38
109.95797801874998	49
110.39251701875	49
110.82705601874999	35
110.82705601874999	49
111.72224001874999	38
111.72224001874999	49
112.14983201874999	35
112.14983201874999	49
112.57742401874998	35
112.57742401874998	49
113.03501601874999	38
113.03501601874999	47
113.70640401874999	47
113.92020001874998	47
114.34779201874998	35
114.34779201874998	49
114.78538401874998	42
115.22297601874997	42
115.66913700079292	42
116.11531308541666	35
116.11531308541666	42
116.55148908541666	35
116.55148908541666	42
116.98766508541665	38
116.98766508541665	47
117.42004652614749	49
117.85236439375	35
117.85236439375	42
118.29968189374999	42
118.74699939374999	42
119.18431689375	42
119.62163439375	35
119.62163439375	42
120.05895189374999	35
120.05895189374999	42
120.49626939375	38
120.49626939375	42
120.93069989375	49
121.36513039375001	35
121.36513039375001	42
121.81956135144937	42
122.27395071250001	38
122.27395071250001	42
122.71012671250001	35
122.71012671250001	42
123.1463027125	35
123.1463027125	42
123.5874787125	42
124.0286547125	38
124.0286547125	42
124.4661412125	49
124.9036277125	35
124.9036277125	42
125.3411142125	42
125.7786007125	38
125.7786007125	42
126.2110872125	35
126.2110872125	42
126.64357371250001	35
126.64357371250001	42
127.0883785091749	42
127.53316025000001	38
127.53316025000001	42
127.96064675000001	49
128.38813325	35
128.38813325	42
128.84561975	42
129.30310625	38
129.30310625	42
129.73059275000003	42
130.15807925000001	35
130.15807925000001	42
130.59556575000002	35
130.59556575000002	42
131.03305225	38
131.03305225	42
131.47053875	49
131.90811086666668	35
131.90811086666668	42
132.35587136666666	42
132.80363186666668	38
132.80363186666668	42
133.24639236666667	42
133.6891528666667	35
133.6891528666667	42
134.13191336666668	35
134.13191336666668	42
134.57467386666667	38
134.57467386666667	42
135.01456464264336	49
135.45434602083336	35
135.45434602083336	42
135.89412802083336	42
136.33391002083334	38
136.33391002083334	42
136.76869202083336	35
136.76869202083336	42
137.20350046666667	35
137.20350046666667	42
137.64145596666668	42
138.07941146666667	38
138.07941146666667	42
138.51736696666669	49
138.95532246666667	35
138.95532246666667	42
139.40308296666666	42
139.85078859583334	38
139.85078859583334	42
140.29196459583335	49
140.73314059583333	35
140.73314059583333	49
141.16792259583335	42
141.60270459583333	38
141.60270459583333	42
142.04043259583332	42
142.47816059583334	35
142.47816059583334	42
142.92088859583333	35
142.92088859583333	42
143.36361659583332	38
143.36361659583332	42
143.79973545483267	49
144.23591112916668	35
144.23591112916668	49
144.68208712916666	42
145.12826312916667	38
145.12826312916667	42
145.57283062916667	42
146.01739812916668	35
146.01739812916668	42
146.4569649933556	35
146.4569649933556	42
146.8964200791667	38
146.8964200791667	42
147.33759607916667	49
147.77877207916669	35
147.77877207916669	49
148.21994807916667	42
148.66112407916668	38
148.66112407916668	42
149.0909060791667	42
149.5206880791667	35
149.5206880791667	42
149.96046992598158	35
149.96046992598158	42
150.40027872083334	38
150.40027872083334	42
150.84145472083335	49
151.28292097291668	35
151.28292097291668	42
151.73904894333333	42
152.19509109375002	38
152.19509109375002	42
152.61084759375004	42
153.02660409375002	47
153.02660409375002	47
153.24448133628783	47
153.4623585788257	47
153.89846441041672	47
154.1190524104167	47
154.3396404104167	47
154.78081641041672	35
154.78081641041672	49
155.22699241805492	49
155.67316706250006	38
155.67316706250006	49
156.11401956250003	35
156.11401956250003	49
156.55487206250004	35
156.55487206250004	49
156.99572456250004	49
157.43657706250005	38
157.43657706250005	49
157.87742956250005	49
158.31828206250003	35
158.31828206250003	49
158.75913456250004	49
159.19997270833338	38
159.19997270833338	49
159.63738020833335	35
159.63738020833335	49
160.07478770833336	35
160.07478770833336	49
160.51219520833337	49
160.94960270833337	38
160.94960270833337	49
161.39201020833335	49
161.83441770833335	35
161.83441770833335	49
162.27182520833335	49
162.70925170208335	38
162.70925170208335	49
163.15121770208336	35
163.15121770208336	49
163.59318370208334	35
163.59318370208334	42
164.03514970208334	49
164.47711570208335	38
164.47711570208335	49
164.91408170208337	49
165.35104770208335	35
165.35104770208335	49
165.79301370208336	49
166.23494976875003	38
166.23494976875003	49
166.66973176875004	35
166.66973176875004	49
167.10451376875002	35
167.10451376875002	49
167.54929546237983	49
167.9941044104167	38
167.9941044104167	49
168.4302804104167	49
168.86645641041667	35
168.86645641041667	49
169.2976322846622	49
169.72879731458335	38
169.72879731458335	49
170.16731031458335	35
170.16731031458335	49
170.60582331458335	35
170.60582331458335	49
171.05433631458334	49
171.50284931458333	38
171.50284931458333	49
171.94136231458333	49
172.37987531458333	35
172.37987531458333	49
172.81838831458333	49
173.25691241041667	38
173.25691241041667	49
173.6980884104167	35
173.6980884104167	49
174.13926441041667	35
174.13926441041667	49
174.5754404104167	49
175.01161641041668	38
175.01161641041668	49
175.4527924104167	49
175.89396841041668	35
175.89396841041668	49
176.3351444104167	49
176.77632359166668	38
176.77632359166668	49
177.21826309166667	35
177.21826309166667	49
177.6602025916667	35
177.6602025916667	42
178.10214209166668	49
178.54408159166667	38
178.54408159166667	49
178.9810210916667	49
179.41796059166668	35
179.41796059166668	49
179.85990009166667	49
180.30180976875002	38
180.30180976875002	49
180.73659176875003	35
180.73659176875003	49
181.17137376875002	35
181.17137376875002	49
181.60615576875003	49
182.04093776875	35
182.04093776875	49
182.47980308125	35
182.47980308125	42
182.91872008125	35
182.91872008125	49
183.36263709146692	49
183.80655228749998	38
183.80655228749998	49
184.2450387875	35
184.2450387875	49
184.6835252875	35
184.6835252875	49
185.12201178749999	49
185.5604982875	38
185.5604982875	49
185.98898478750002	35
185.98898478750002	49
186.41747128749998	35
186.41747128749998	49
186.86595778749998	49
187.31444428749998	38
187.31444428749998	49
187.7529307875	35
187.7529307875	49
188.1914172875	35
188.1914172875	42
188.63990378749997	49
189.0883902875	38
189.0883902875	49
189.52187678750002	49
189.95536328749998	35
189.95536328749998	49
190.3938497875	49
190.83233628749997	38
190.83233628749997	49
191.27347866875	49
191.71465466875	35
191.71465466875	49
192.15583066874999	49
192.59700666875	38
192.59700666875	49
193.03818266874998	49
193.47935866875	35
193.47935866875	49
193.92053466875	49
194.36172428541667	38
194.36172428541667	49
194.80616828541667	35
194.80616828541667	49
195.25061228541665	35
195.25061228541665	49
195.68681536443236	49
196.12299151875	38
196.12299151875	49
196.55916751875	49
196.99534351875002	35
196.99534351875002	49
197.44651951875002	49
197.89769551875	38
197.89769551875	49
198.32887151875002	35
198.32887151875002	49
198.76004751875	35
198.76004751875	49
199.20622442473177	49
199.65223966875	38
199.65223966875	49
200.09202166875002	49
200.09202166875002	35
200.53180366875	35
200.53180366875	42
200.96658566875	49
201.40139431041666	38
201.40139431041666	49
201.83757031041668	35
201.83757031041668	49
202.27374631041667	35
202.27374631041667	42
202.71492231041668	49
203.15609831041667	38
203.15609831041667	49
203.5941477416667	49
204.03210324166668	35
204.03210324166668	49
204.47005874166666	49
204.90800101875	38
204.90800101875	49
205.34278301875003	49
205.77756501875	35
205.77756501875	49
206.21234701875002	49
206.64712901875	38
206.64712901875	49
207.08191101875002	49
207.51712563541668	35
207.51712563541668	49
207.9798863331045	49
208.44263483333333	38
208.44263483333333	49
208.87256283333335	49
209.30249083333334	35
209.30249083333334	49
209.74741883333334	38
209.74741883333334	49
210.19234683333332	49
210.41481083333332	47
210.63727483333332	47
211.08220283333333	35
211.08220283333333	49
211.52713083333333	42
211.97201538333334	38
211.97201538333334	42
212.41151538333332	42
212.85101538333333	35
212.85101538333333	42
213.28551538333332	35
213.28551538333332	42
213.72001538333333	38
213.72001538333333	42
214.15451538333332	42
214.58901538333333	35
214.58901538333333	42
215.02851521503013	42
215.46804463541667	38
215.46804463541667	42
215.90956513541667	42
216.35108563541667	35
216.35108563541667	42
216.7876061354167	35
216.7876061354167	42
217.22412663541667	38
217.22412663541667	42
217.66564713541666	42
218.10716763541666	35
218.10716763541666	42
218.54868813541665	42
218.99018055833332	38
218.99018055833332	42
219.20507155833332	38
219.563223225	38
219.70648389166666	38
219.84974455833333	47
219.98602878333332	47
220.13293255833335	38
220.27452655833332	47
220.41612055833332	38
220.55771455833332	47
220.6993085583333	47
220.84923247362454	47
220.9991563889158	47
221.149080304207	47
221.29900421949822	47
221.44892813478944	47
221.59946740625	35
221.59946740625	49
222.04722790625	49
222.49496097083332	38
222.49496097083332	49
222.93613697083333	35
222.93613697083333	49
223.37731297083332	35
223.37731297083332	49
223.81848897083333	49
224.2596649708333	38
224.2596649708333	49
224.70084097083333	49
225.1420169708333	35
225.1420169708333	49
225.58319297083332	49
226.02436626041666	38
226.02436626041666	49
226.45989176041664	35
226.45989176041664	49
226.89541726041665	35
226.89541726041665	49
227.33594276041666	49
227.77646826041666	38
227.77646826041666	49
228.21699376041664	49
228.65751926041665	35
228.65751926041665	49
229.09804476041666	49
229.53857026041666	38
229.53857026041666	49
229.97909576041664	35
229.97909576041664	49
230.41962126041665	35
230.41962126041665	42
230.86514676041665	49
231.31067226041665	38
231.31067226041665	49
231.74119776041664	49
232.17172326041666	35
232.17172326041666	49
232.61724884179569	49
233.06275992083332	38
233.06275992083332	49
233.4998439208333	35
233.4998439208333	49
233.9369279208333	35
233.9369279208333	49
234.36901192083332	49
234.80109592083332	38
234.80109592083332	49
235.23317992083332	49
235.6652639208333	35
235.6652639208333	49
236.11734767667653	49
236.56944614999995	38
236.56944614999995	49
237.01494514999996	35
237.01494514999996	49
237.46044414999997	35
237.46044414999997	49
237.89094315	49
238.32144214999997	38
238.32144214999997	49
238.76194114999998	49
239.20244014999997	35
239.20244014999997	49
239.64293914999996	49
240.08343814999998	38
240.08343814999998	49
240.52893714999996	35
240.52893714999996	49
240.97443614999997	35
240.97443614999997	49
241.40993478909058	49
241.84537056249997	38
241.84537056249997	49
242.27832606249996	49
242.71128156249998	35
242.71128156249998	49
243.14923706249996	49
243.58719256249998	38
243.58719256249998	49
244.03011220883798	35
244.03011220883798	49
244.47942984999997	35
244.47942984999997	42
244.92387384999995	49
245.36831784999995	38
245.36831784999995	49
245.80635445624995	49
246.24430995624996	35
246.24430995624996	49
246.68726545624995	49
247.13022095624993	38
247.13022095624993	49
247.55817645624995	35
247.55817645624995	49
247.98613195624995	35
247.98613195624995	49
248.4340859245082	49
248.88217714374994	38
248.88217714374994	49
249.31335314374994	49
249.74452914374996	35
249.74452914374996	49
250.19070514374997	49
250.63688114374995	38
250.63688114374995	49
251.06805714374997	35
251.06805714374997	49
251.49923314374993	35
251.49923314374993	49
251.94540914374994	49
252.39158514374995	38
252.39158514374995	49
252.83276114374996	49
253.27393714374995	35
253.27393714374995	49
253.7201139803262	49
254.16614153749993	38
254.16614153749993	49
254.60409703749994	35
254.60409703749994	49
255.04205253749993	35
255.04205253749993	49
255.50923854834357	38
255.50923854834357	49
255.98232520208322	47
256.2548630583333	47
256.5275903083333	47
257.0740548916666	35
257.0740548916666	42
257.0740548916666	49