14.107652000000002	49
14.20819125	42
14.308730500000001	49
14.409269750000002	42
14.509809	49
14.607848250000002	42
14.705887500000001	49
14.80392675	42
14.901966000000002	49
15.000005250000001	42
15.0980445	49
15.196083750000001	42
15.294123	49
15.39216225	42
15.490201500000001	49
15.58824075	42
15.686280000000002	35
15.686280000000002	49
15.980397750000002	35
15.980397750000002	49
16.2745155	35
16.2745155	49
16.470594000000002	42
16.56863325	42
16.6666725	42
16.862751	42
16.960790250000002	42
17.0588295	42
17.254908	42
17.35044725	42
17.4459865	42
17.637065	42
17.73510425	42
17.8331435	42
18.029222	42
18.12976125	42
18.230300500000002	42
18.431379	42
18.529418250000003	42
18.627457500000002	42
18.823536	35
18.823536	49
19.110153750000002	35
19.110153750000002	49
19.4017715	35
19.4017715	49
19.59785	42
19.69588925	42
19.7939285	42
19.990007	42
20.090546250000003	42
20.191085500000003	42
20.392164	42
20.49020325	42
20.5882425	42
20.784321000000002	42
20.87986025	42
20.975399499999998	42
21.166478	42
21.26451725	42
21.3625565	42
21.558635	42
21.65917425	42
21.759713500000004	42
21.960792	35
21.960792	49
22.254909750000003	35
22.254909750000003	49
22.544027500000002	35
22.544027500000002	49
22.735106	42
22.83314525	42
22.9311845	42
23.127263	42
23.22780225	42
23.3283415	42
23.529420000000002	42
23.62745925	42
23.7254985	42
23.921577000000003	42
24.019616250000002	42
24.1176555	42
24.313734	42
24.411773250000003	42
24.509812500000002	42
24.705891	42
24.80393025	42
24.901969500000003	42
25.098048000000002	35
25.098048000000002	49
25.39216575	35
25.39216575	49
25.686283500000002	35
25.686283500000002	49
25.882362	42
25.980401250000003	42
26.078440500000003	42
26.274519	42
26.37255825	42
26.4705975	42
26.666676000000002	42
26.8627545	47
26.96079375	47
27.156872250000003	47
27.254911500000002	47
27.45099	47
27.54902925	47
27.745107750000003	47
27.843147000000002	38
27.94118625	38
28.0392255	47
28.137264750000003	47
28.235304000000003	35
28.235304000000003	49
28.333343250000002	42
28.4313825	42
28.627461	35
28.627461	38
28.627461	42
28.725500250000003	42
28.823539500000003	42
29.019618	35
29.019618	42
29.11765725	42
29.215696500000004	42
29.411775000000002	35
29.411775000000002	38
29.411775000000002	42
29.50981425	42
29.6078535	42
29.803932000000003	35
29.803932000000003	42
29.901971250000003	42
30.000010500000002	42
30.196089	35
30.196089	38
30.196089	42
30.294128250000004	42
30.392167500000003	42
30.588246	35
30.588246	42
30.68628525	42
30.7843245	42
30.980403000000003	35
30.980403000000003	38
30.980403000000003	42
31.078442250000002	42
31.1764815	42
31.372560000000004	35
31.372560000000004	42
31.470599250000003	42
31.568638500000002	42
31.764717	35
31.764717	38
31.764717	42
31.862756250000004	42
31.960795500000003	42
32.156874	35
32.156874	42
32.25491325	42
32.3529525	42
32.549031	35
32.549031	38
32.549031	42
32.64707025	42
32.745109500000005	42
32.941188000000004	35
32.941188000000004	42
33.03922725	42
33.1372665	42
33.333345	35
33.333345	38
33.333345	42
33.43138425	42
33.5294235	42
33.725502	35
33.725502	42
33.823541250000005	42
33.921580500000005	42
34.117659	35
34.117659	38
34.117659	42
34.21569825	42
34.3137375	42
34.509816	35
34.509816	49
34.60785525	42
34.7058945	42
34.901973000000005	35
34.901973000000005	38
34.901973000000005	42
35.000012250000005	42
35.098051500000004	42
35.29413	35
35.29413	42
35.39216925	42
35.4902085	42
35.686287	35
35.686287	38
35.686287	42
35.78432625	42
35.882365500000006	42
36.078444000000005	35
36.078444000000005	42
36.176483250000004	42
36.2745225	42
36.470601	35
36.470601	38
36.470601	42
36.56864025	42
36.6666795	42
36.862758	35
36.862758	42
36.960797250000006	42
37.058836500000005	42
37.254915000000004	35
37.254915000000004	38
37.254915000000004	42
37.35295425	42
37.4509935	42
37.647072	35
37.647072	42
37.74511125	42
37.8431505	42
38.039229000000006	35
38.039229000000006	38
38.039229000000006	42
38.137268250000005	42
38.235307500000005	42
38.431386	35
38.431386	42
38.52942525	42
38.6274645	42
38.823543	35
38.823543	38
38.823543	42
38.92158225	42
39.0196215	35
39.0196215	49
39.411778500000004	47
39.50981775	47
39.70589625	47
39.8039355	47
40.000014	47
40.09805325	47
40.294131750000005	47
40.392171000000005	38
40.490210250000004	38
40.5882495	47
40.68628875	47
40.784328	35
40.784328	49
40.9804065	42
41.176485	35
41.176485	38
41.176485	42
41.274524250000006	42
41.372563500000005	42
41.568642000000004	35
41.568642000000004	42
41.66668125	42
41.7647205	42
41.960799	35
41.960799	38
41.960799	42
42.05883825	42
42.1568775	42
42.352956000000006	35
42.352956000000006	42
42.450995250000005	42
42.549034500000005	42
42.745113	35
42.745113	38
42.745113	42
42.84315225	42
42.9411915	42
43.13727	35
43.13727	42
43.23530925	42
43.3333485	42
43.529427000000005	35
43.529427000000005	38
43.529427000000005	42
43.627466250000005	42
43.725505500000004	42
43.921584	35
43.921584	42
44.01962325	42
44.1176625	42
44.313741	35
44.313741	38
44.313741	42
44.41178025	42
44.509819500000006	42
44.705898000000005	35
44.705898000000005	42
44.803937250000004	42
44.9019765	42
45.098055	35
45.098055	38
45.098055	42
45.19609425	42
45.2941335	42
45.490212	35
45.490212	42
45.588251250000006	42
45.686290500000005	42
45.882369000000004	35
45.882369000000004	38
45.882369000000004	42
45.98040825	42
46.0784475	42
46.274526	35
46.274526	42
46.37256525	42
46.4706045	42
46.666683000000006	35
46.666683000000006	38
46.666683000000006	42
46.764722250000005	42
46.862761500000005	42
47.058840000000004	35
47.058840000000004	49
47.15687925	42
47.2549185	42
47.450997	35
47.450997	38
47.450997	42
47.54903625	42
47.6470755	42
47.843154000000006	35
47.843154000000006	42
47.941193250000005	42
48.039232500000004	42
48.235311	35
48.235311	38
48.235311	42
48.33335025	42
48.4313895	42
48.627468	35
48.627468	42
48.72550725000001	42
48.823546500000006	42
49.019625000000005	35
49.019625000000005	38
49.019625000000005	42
49.117664250000004	42
49.215703500000004	42
49.411782	35
49.411782	42
49.50982125	42
49.6078605	42
49.80393900000001	35
49.80393900000001	38
49.80393900000001	42
49.901978250000006	42
50.000017500000006	42
50.196096000000004	35
50.196096000000004	42
50.294135250000004	42
50.3921745	42
50.588253	35
50.588253	38
50.588253	42
50.68629225	42
50.7843315	42
50.980410000000006	35
50.980410000000006	42
51.078449250000006	42
51.176488500000005	42
51.372567000000004	35
51.372567000000004	38
51.372567000000004	42
51.47060625	42
51.5686455	42
51.764724	38
51.96080250000001	35
52.058841750000006	35
52.254920250000005	35
52.352959500000004	35
52.549038	35
52.549038	49
52.941195	35
53.137273500000006	35
53.333352000000005	35
53.333352000000005	49
53.431391250000004	42
53.529430500000004	42
53.725509	38
53.725509	42
53.82354825	42
53.9215875	42
54.11766600000001	42
54.215705250000006	42
54.313744500000006	42
54.509823000000004	38
54.509823000000004	42
54.607862250000004	42
54.7059015	42
54.90198	42
55.00001925	42
55.0980585	42
55.294137000000006	38
55.294137000000006	42
55.38967625	42
55.4852155	42
55.676294000000006	42
55.77683325000001	42
55.87737250000001	42
56.078451	38
56.078451	42
56.17649025	42
56.27452950000001	42
56.470608000000006	42
56.568647250000005	42
56.666686500000004	42
56.862765	38
56.862765	42
56.96080425	42
57.0588435	42
57.254922	42
57.35296125000001	42
57.451000500000006	42
57.647079000000005	38
57.647079000000005	42
57.745118250000004	42
57.843157500000004	42
58.039236	42
58.13727525	42
58.2353145	42
58.43139300000001	38
58.43139300000001	42
58.529432250000006	42
58.627471500000006	42
58.823550000000004	42
58.921589250000004	42
59.0196285	42
59.215707	38
59.215707	42
59.31374625	42
59.4117855	42
59.607864000000006	35
59.607864000000006	49
59.705903250000006	42
59.803942500000005	42
60.000021000000004	38
60.000021000000004	42
60.09806025	42
60.1960995	42
60.392178	42
60.49021725	42
60.58825650000001	42
60.784335000000006	38
60.784335000000006	42
60.882374250000005	42
60.980413500000004	42
61.176492	42
61.27453125	42
61.3725705	42
61.568649	38
61.568649	42
61.66668825000001	42
61.764727500000006	42
61.960806000000005	42
62.058845250000005	42
62.156884500000004	42
62.352962999999995	38
62.352962999999995	42
62.44850225	42
62.5440415	42
62.735120000000016	42
62.83565925000001	42
62.93619850000001	42
63.137277000000005	38
63.137277000000005	42
63.235316250000004	42
63.3333555	42
63.529434	42
63.62747325	42
63.72551250000001	42
63.92159100000001	38
63.92159100000001	42
64.01963025	42
64.1176695	42
64.313748	42
64.5098265	47
64.60786575	47
64.80394425	47
64.9019835	47
65.098062	47
65.19610125	47
65.39217975000001	47
65.49021900000001	38
65.58825825000001	38
65.68629750000001	47
65.78433675000001	47
65.88237600000001	35
65.88237600000001	49
65.98041525000001	42
66.0784545	42
66.274533	35
66.274533	38
66.274533	42
66.37257225	42
66.4706115	42
66.66669	35
66.66669	42
66.76472925	42
66.8627685	42
67.058847	35
67.058847	38
67.058847	42
67.15688625	42
67.2549255	42
67.451004	35
67.451004	42
67.54904325000001	42
67.64708250000001	42
67.84316100000001	35
67.84316100000001	38
67.84316100000001	42
67.94120025000001	42
68.03923950000001	42
68.235318	35
68.235318	42
68.33335725	42
68.4313965	42
68.627475	35
68.627475	38
68.627475	42
68.72551425	42
68.8235535	42
69.019632	35
69.019632	42
69.11767125	42
69.2157105	42
69.411789	35
69.411789	38
69.411789	42
69.50982825	42
69.60786750000001	42
69.80394600000001	35
69.80394600000001	42
69.90198525000001	42
70.00002450000001	42
70.19610300000001	35
70.19610300000001	38
70.19610300000001	42
70.29414225000001	42
70.3921815	42
70.58826	35
70.58826	42
70.68629925	42
70.7843385	42
70.980417	35
70.980417	38
70.980417	42
71.07845625	42
71.1764955	42
71.372574	35
71.372574	42
71.47061325	42
71.5686525	42
71.76473100000001	35
71.76473100000001	38
71.76473100000001	42
71.86277025000001	42
71.96080950000001	42
72.15688800000001	35
72.15688800000001	49
72.25492725000001	42
72.35296650000001	42
72.549045	35
72.549045	38
72.549045	42
72.64708425	42
72.7451235	42
72.941202	35
72.941202	42
73.03924125	42
73.1372805	42
73.333359	35
73.333359	38
73.333359	42
73.43139825	42
73.5294375	42
73.725516	35
73.725516	42
73.82355525	42
73.92159450000001	42
74.11767300000001	35
74.11767300000001	38
74.11767300000001	42
74.21571225000001	42
74.31375150000001	42
74.50983000000001	35
74.50983000000001	42
74.60786925000001	42
74.7059085	42
74.901987	35
74.901987	38
74.901987	42
75.00002625	42
75.0980655	42
75.294144	35
75.294144	42
75.39218325	42
75.4902225	42
75.686301	35
75.686301	38
75.686301	42
75.78434025	42
75.8823795	42
76.07845800000001	35
76.07845800000001	42
76.17649725000001	42
76.27453650000001	42
76.47061500000001	35
76.47061500000001	38
76.47061500000001	42
76.56865425000001	42
76.66669350000001	42
76.862772	35
76.862772	42
77.0588505	47
77.15688975	47
77.35296825	47
77.4510075	47
77.647086	47
77.74512525	47
77.94120375	47
78.039243	38
78.13728225	38
78.23532150000001	47
78.33336075000001	47
78.43140000000001	35
78.43140000000001	49
78.52943925000001	42
78.62747850000001	42
78.82355700000001	35
78.82355700000001	38
78.82355700000001	42
78.92159625000001	42
79.0196355	42
79.215714	35
79.215714	42
79.31375325	42
79.4117925	42
79.607871	35
79.607871	38
79.607871	42
79.70591025	42
79.8039495	42
80.000028	35
80.000028	42
80.09806725	42
80.1961065	42
80.39218500000001	35
80.39218500000001	38
80.39218500000001	42
80.49022425000001	42
80.58826350000001	42
80.78434200000001	35
80.78434200000001	42
80.88238125000001	42
80.98042050000001	42
81.176499	35
81.176499	38
81.176499	42
81.27453825	42
81.3725775	42
81.568656	35
81.568656	42
81.66669525	42
81.7647345	42
81.960813	35
81.960813	38
81.960813	42
82.05885225	42
82.1568915	42
82.35297	35
82.35297	42
82.45100925	42
82.54904850000001	42
82.74512700000001	35
82.74512700000001	38
82.74512700000001	42
82.84316625000001	42
82.94120550000001	42
83.13728400000001	35
83.13728400000001	42
83.23532325000001	42
83.3333625	42
83.529441	35
83.529441	38
83.529441	42
83.62748025	42
83.7255195	42
83.921598	35
83.921598	42
84.01963725	42
84.1176765	42
84.313755	35
84.313755	38
84.313755	42
84.41179425	42
84.5098335	42
84.70591200000001	35
84.70591200000001	49
84.80395125000001	42
84.90199050000001	42
85.09806900000001	35
85.09806900000001	38
85.09806900000001	42
85.19610825000001	42
85.29414750000001	42
85.490226	35
85.490226	42
85.58826525	42
85.6863045	42
85.882383	35
85.882383	38
85.882383	42
85.98042225	42
86.0784615	42
86.27454	35
86.27454	42
86.37257925	42
86.4706185	42
86.666697	35
86.666697	38
86.666697	42
86.76473625000001	42
86.86277550000001	42
87.05885400000001	35
87.05885400000001	42
87.15689325000001	42
87.25493250000001	42
87.45101100000001	35
87.45101100000001	38
87.45101100000001	42
87.54905025000001	42
87.6470895	42
87.843168	35
87.843168	42
87.94120725	42
88.0392465	42
88.235325	35
88.235325	38
88.235325	42
88.33336425	42
88.4314035	42
88.627482	35
88.627482	42
88.72552125	42
88.8235605	42
89.01963900000001	35
89.01963900000001	38
89.01963900000001	42
89.11767825000001	42
89.21571750000001	42
89.41179600000001	35
89.41179600000001	42
89.60787450000001	47
89.70591375000001	47
89.90199225	47
90.0000315	47
90.19611	47
90.29414925	47
90.49022775	47
90.588267	38
90.68630625	38
90.7843455	47
90.88238475	47
90.980424	35
90.980424	49
91.07846325000001	42
91.17650250000001	42
91.37258100000001	35
91.37258100000001	38
91.37258100000001	42
91.47062025000001	42
91.56865950000001	42
91.76473800000001	35
91.76473800000001	42
91.86277725000001	42
91.9608165	42
92.156895	35
92.156895	38
92.156895	42
92.25493425	42
92.3529735	42
92.549052	35
92.549052	42
92.64709125	42
92.7451305	42
92.941209	35
92.941209	38
92.941209	42
93.03924825	42
93.1372875	42
93.33336600000001	35
93.33336600000001	42
93.43140525000001	42
93.52944450000001	42
93.72552300000001	35
93.72552300000001	38
93.72552300000001	42
93.82356225000001	42
93.92160150000001	42
94.11768000000001	35
94.11768000000001	42
94.21571925	42
94.3137585	42
94.509837	35
94.509837	38
94.509837	42
94.60787625	42
94.7059155	42
94.901994	35
94.901994	42
95.00003325	42
95.0980725	42
95.294151	35
95.294151	38
95.294151	42
95.39219025000001	42
95.49022950000001	42
95.68630800000001	35
95.68630800000001	42
95.78434725000001	42
95.88238650000001	42
96.07846500000001	35
96.07846500000001	38
96.07846500000001	42
96.17650425000001	42
96.27454350000001	42
96.470622	35
96.470622	42
96.56866125	42
96.6667005	42
96.862779	35
96.862779	38
96.862779	42
96.96081825	42
97.0588575	42
97.254936	35
97.254936	49
97.35297525	42
97.45101450000001	42
97.64709300000001	35
97.64709300000001	38
97.64709300000001	42
97.74513225000001	42
97.84317150000001	42
98.03925000000001	35
98.03925000000001	42
98.13728925000001	42
98.23532850000001	42
98.43140700000001	35
98.43140700000001	38
98.43140700000001	42
98.52944625	42
98.6274855	42
98.823564	35
98.823564	42
98.92160325	42
99.0196425	42
99.215721	35
99.215721	38
99.215721	42
99.31376025	42
99.4117995	42
99.60787800000001	35
99.60787800000001	42
99.70591725000001	42
99.80395650000001	42
100.00003500000001	35
100.00003500000001	38
100.00003500000001	42
100.09807425000001	42
100.19611350000001	42
100.39219200000001	35
100.39219200000001	42
100.49023125000001	42
100.58827050000001	42
100.784349	35
100.784349	38
100.784349	42
100.88238825	42
100.9804275	42
101.176506	35
101.176506	42
101.27454525	42
101.3725845	42
101.568663	35
101.568663	38
101.568663	42
101.66670225	42
101.76474150000001	42
101.96082000000001	38
102.15689850000001	35
102.25493775000001	35
102.45101625000001	35
102.54905550000001	35
102.74513400000001	35
102.74513400000001	49
103.137291	35
103.3333695	35
103.529448	35
103.529448	49
103.62748725	42
103.7255265	42
103.92160500000001	35
103.92160500000001	38
103.92160500000001	42
104.01964425000001	42
104.11768350000001	42
104.31376200000001	35
104.31376200000001	42
104.41180125000001	42
104.50984050000001	42
104.70591900000001	35
104.70591900000001	38
104.70591900000001	42
104.80395825000001	42
104.90199750000001	42
105.098076	35
105.098076	42
105.19611525	42
105.2941545	42
105.490233	35
105.490233	38
105.490233	42
105.58827225	42
105.6863115	42
105.88239	35
105.88239	42
105.98042925	42
106.07846850000001	42
106.27454700000001	35
106.27454700000001	38
106.27454700000001	42
106.37258625000001	42
106.47062550000001	42
106.66670400000001	35
106.66670400000001	42
106.76474325000001	42
106.86278250000001	42
107.05886100000001	35
107.05886100000001	38
107.05886100000001	42
107.15690025	42
107.2549395	42
107.451018	35
107.451018	42
107.54905725	42
107.6470965	42
107.843175	35
107.843175	38
107.843175	42
107.94121425	42
108.0392535	42
108.23533200000001	35
108.23533200000001	42
108.33337125000001	42
108.43141050000001	42
108.62748900000001	35
108.62748900000001	38
108.62748900000001	42
108.72552825000001	42
108.82356750000001	42
109.01964600000001	35
109.01964600000001	42
109.11768525000001	42
109.21572450000001	42
109.411803	35
109.411803	38
109.411803	42
109.50984225	42
109.6078815	42
109.80396	35
109.80396	49
109.90199925	42
110.0000385	42
110.196117	35
110.196117	38
110.196117	42
110.29415625	42
110.39219550000001	42
110.58827400000001	35
110.58827400000001	42
110.68631325000001	42
110.78435250000001	42
110.98043100000001	35
110.98043100000001	38
110.98043100000001	42
111.07847025000001	42
111.17650950000001	42
111.37258800000001	35
111.37258800000001	42
111.47062725	42
111.5686665	42
111.764745	35
111.764745	38
111.764745	42
111.86278425	42
111.9608235	42
112.156902	35
112.156902	42
112.25494125	42
112.3529805	42
112.54905900000001	35
112.54905900000001	38
112.54905900000001	42
112.64709825000001	42
112.74513750000001	42
112.94121600000001	35
112.94121600000001	42
113.03925525000001	42
113.13729450000001	42
113.33337300000001	35
113.33337300000001	38
113.33337300000001	42
113.43141225000001	42
113.52945150000001	42
113.72553	35
113.72553	42
113.82356925	42
113.9216085	42
114.117687	35
114.117687	38
114.117687	42
114.21572625	42
114.3137655	42
114.509844	38
114.70592250000001	35
114.80396175000001	35
115.00004025000001	35
115.09807950000001	35
115.29415800000001	35
115.29415800000001	49
115.68631500000001	35
115.8823935	35
116.078472	35
116.078472	49
116.17651125	42
116.2745505	42
116.470629	35
116.470629	38
116.470629	42
116.56866825	42
116.6667075	42
116.86278600000001	35
116.86278600000001	42
116.96082525000001	42
117.05886450000001	42
117.25494300000001	35
117.25494300000001	38
117.25494300000001	42
117.35298225000001	42
117.45102150000001	42
117.64710000000001	35
117.64710000000001	42
117.74513925000001	42
117.84317850000001	42
118.039257	35
118.039257	38
118.039257	42
118.13729625	42
118.2353355	42
118.431414	35
118.431414	42
118.52945325	42
118.6274925	42
118.823571	35
118.823571	38
118.823571	42
118.92161025000001	42
119.01964950000001	42
119.21572800000001	35
119.21572800000001	42
119.31376725000001	42
119.41180650000001	42
119.60788500000001	35
119.60788500000001	38
119.60788500000001	42
119.70592425000001	42
119.80396350000001	42
120.00004200000001	35
120.00004200000001	42
120.09808125	42
120.1961205	42
120.392199	35
120.392199	38
120.392199	42
120.49023825	42
120.5882775	42
120.784356	35
120.784356	42
120.88239525	42
120.9804345	42
121.17651300000001	35
121.17651300000001	38
121.17651300000001	42
121.27455225000001	42
121.37259150000001	42
121.56867000000001	35
121.56867000000001	42
121.66670925000001	42
121.76474850000001	42
121.96082700000001	35
121.96082700000001	38
121.96082700000001	42
122.05886625000001	42
122.15690550000001	42
122.352984	35
122.352984	49
122.45102325	42
122.5490625	42
122.745141	35
122.745141	38
122.745141	42
122.84318025	42
122.9412195	42
123.137298	35
123.137298	42
123.23533725000001	42
123.33337650000001	42
123.52945500000001	35
123.52945500000001	38
123.52945500000001	42
123.62749425000001	42
123.72553350000001	42
123.92161200000001	35
123.92161200000001	42
124.01965125000001	42
124.11769050000001	42
124.31376900000001	35
124.31376900000001	38
124.31376900000001	42
124.41180825	42
124.5098475	42
124.705926	35
124.705926	42
124.80396525	42
124.9020045	42
125.098083	35
125.098083	38
125.098083	42
125.19612225	42
125.29416150000002	42
125.49024000000001	35
125.49024000000001	42
125.58827925000001	42
125.68631850000001	42
125.88239700000001	35
125.88239700000001	38
125.88239700000001	42
125.98043625000001	42
126.07847550000001	42
126.27455400000001	35
126.27455400000001	42
126.37259325000001	42
126.47063250000001	42
126.666711	35
126.666711	38
126.666711	42
126.76475025	42
126.8627895	42
127.058868	35
127.058868	42
127.2549465	47
127.35298575	47
127.54906425000001	47
127.64710350000001	47
127.84318200000001	47
127.94122125000001	47
128.13729975	47
128.235339	38
128.33337825	38
128.4314175	47
128.52945675	47
128.627496	35
128.627496	49
128.72553525	42
128.8235745	42
129.019653	35
129.019653	38
129.019653	42
129.11769225	42
129.2157315	42
129.41181	35
129.41181	42
129.50984925	42
129.6078885	42
129.803967	35
129.803967	38
129.803967	42
129.90200625	42
130.0000455	42
130.196124	35
130.196124	42
130.29416325	42
130.3922025	42
130.588281	35
130.588281	38
130.588281	42
130.68632025000002	42
130.78435950000002	42
130.98043800000002	35
130.98043800000002	42
131.07847725000002	42
131.17651650000002	42
131.37259500000002	35
131.37259500000002	38
131.37259500000002	42
131.47063425000002	42
131.56867350000002	42
131.76475200000002	35
131.76475200000002	42
131.86279125000001	42
131.96083050000001	42
132.156909	35
132.156909	38
132.156909	42
132.25494825	42
132.3529875	42
132.549066	35
132.549066	42
132.64710525	42
132.7451445	42
132.941223	35
132.941223	38
132.941223	42
133.03926225	42
133.1373015	42
133.33338	35
133.33338	42
133.43141925	42
133.5294585	42
133.725537	35
133.725537	38
133.725537	42
133.82357625	42
133.9216155	42
134.117694	35
134.117694	42
134.21573325	42
134.3137725	42
134.509851	35
134.509851	38
134.509851	42
134.60789025	42
134.7059295	42
134.902008	35
134.902008	49
135.00004725000002	42
135.09808650000002	42
135.29416500000002	35
135.29416500000002	38
135.29416500000002	42
135.39220425000002	42
135.49024350000002	42
135.68632200000002	35
135.68632200000002	42
135.78436125000002	42
135.88240050000002	42
136.07847900000002	35
136.07847900000002	38
136.07847900000002	42
136.17651825000002	42
136.27455750000001	42
136.470636	35
136.470636	42
136.56867525	42
136.6667145	42
136.862793	35
136.862793	38
136.862793	42
136.96083225	42
137.0588715	42
137.25495	35
137.25495	42
137.35298925	42
137.4510285	42
137.647107	35
137.647107	38
137.647107	42
137.74514625	42
137.8431855	42
138.039264	35
138.039264	42
138.13730325	42
138.2353425	42
138.431421	35
138.431421	38
138.431421	42
138.52946025	42
138.6274995	42
138.823578	35
138.823578	42
138.92161725	42
139.0196565	42
139.21573500000002	35
139.21573500000002	38
139.21573500000002	42
139.31377425000002	42
139.41181350000002	42
139.60789200000002	35
139.60789200000002	42
139.80397050000002	47
139.90200975000002	47
140.09808825000002	47
140.19612750000002	47
140.39220600000002	47
140.49024525000002	47
140.68632375	47
140.784363	38
140.88240225	38
140.9804415	47
141.07848075	47
141.17652	35
141.17652	49
141.27455925	42
141.3725985	42
141.568677	35
141.568677	38
141.568677	42
141.66671625	42
141.7647555	42
141.960834	35
141.960834	42
142.05887325	42
142.1569125	42
142.352991	35
142.352991	38
142.352991	42
142.45103025	42
142.5490695	42
142.745148	35
142.745148	42
142.84318725	42
142.9412265	42
143.137305	35
143.137305	38
143.137305	42
143.23534425	42
143.3333835	42
143.52946200000002	35
143.52946200000002	42
143.62750125000002	42
143.72554050000002	42
143.92161900000002	35
143.92161900000002	38
143.92161900000002	42
144.01965825000002	42
144.11769750000002	42
144.31377600000002	35
144.31377600000002	42
144.41181525000002	42
144.50985450000002	42
144.70593300000002	35
144.70593300000002	38
144.70593300000002	42
144.80397225000002	42
144.90201150000001	42
145.09809	35
145.09809	42
145.19612925	42
145.2941685	42
145.490247	35
145.490247	38
145.490247	42
145.58828625	42
145.6863255	42
145.882404	35
145.882404	42
145.98044325	42
146.0784825	42
146.274561	35
146.274561	38
146.274561	42
146.37260025	42
146.4706395	42
146.666718	35
146.666718	42
146.76475725	42
146.8627965	42
147.058875	35
147.058875	38
147.058875	42
147.15691425	42
147.2549535	42
147.451032	35
147.451032	49
147.54907125	42
147.6471105	42
147.84318900000002	35
147.84318900000002	38
147.84318900000002	42
147.94122825000002	42
148.03926750000002	42
148.23534600000002	35
148.23534600000002	42
148.33338525000002	42
148.43142450000002	42
148.62750300000002	35
148.62750300000002	38
148.62750300000002	42
148.72554225000002	42
148.82358150000002	42
149.01966000000002	35
149.01966000000002	42
149.11769925000002	42
149.21573850000001	42
149.411817	35
149.411817	38
149.411817	42
149.50985625	42
149.6078955	42
149.803974	35
149.803974	42
149.90201325	42
150.0000525	42
150.196131	35
150.196131	38
150.196131	42
150.29417025	42
150.3922095	42
150.588288	35
150.588288	42
150.68632725	42
150.7843665	42
150.980445	35
150.980445	38
150.980445	42
151.07848425	42
151.1765235	42
151.372602	35
151.372602	42
151.47064125	42
151.5686805	42
151.764759	35
151.764759	38
151.764759	42
151.86279825	42
151.9608375	42
152.15691600000002	35
152.15691600000002	42
152.25495525000002	42
152.35299450000002	42
152.54907300000002	35
152.54907300000002	38
152.54907300000002	42
152.64711225000002	42
152.74515150000002	42
152.94123000000002	35
152.94123000000002	42
153.03926925000002	42
153.13730850000002	42
153.33338700000002	35
153.33338700000002	38
153.33338700000002	42
153.43142625000002	42
153.52946550000001	42
153.725544	35
153.725544	49
153.82358325	42
153.9216225	42
154.117701	35
154.117701	38
154.117701	42
154.21574025	42
154.3137795	42
154.509858	35
154.509858	42
154.60789725	42
154.7059365	42
154.902015	35
154.902015	38
154.902015	42
155.00005425	42
155.0980935	42
155.294172	35
155.294172	42
155.39221125	42
155.4902505	42
155.686329	35
155.686329	38
155.686329	42
155.78436825	42
155.8824075	42
156.078486	35
156.078486	42
156.17652525	42
156.2745645	42
156.47064300000002	35
156.47064300000002	38
156.47064300000002	42
156.56868225000002	42
156.66672150000002	42
156.86280000000002	35
156.86280000000002	42
156.96083925000002	42
157.05887850000002	42
157.25495700000002	35
157.25495700000002	38
157.25495700000002	42
157.35299625000002	42
157.45103550000002	42
157.64711400000002	35
157.64711400000002	42
157.74515325000002	42
157.84319250000001	42
158.039271	35
158.039271	38
158.039271	42
158.13731025	42
158.2353495	42
158.431428	35
158.431428	42
158.52946725	42
158.6275065	42
158.823585	35
158.823585	38
158.823585	42
158.92162425	42
159.0196635	42
159.215742	35
159.215742	42
159.31378125	42
159.4118205	42
159.607899	35
159.607899	38
159.607899	42
159.70593825	42
159.8039775	42
160.000056	35
160.000056	49
160.09809525	42
160.1961345	42
160.392213	35
160.392213	38
160.392213	42
160.49025225	42
160.5882915	42
160.78437000000002	35
160.78437000000002	42
160.88240925000002	42
160.98044850000002	42
161.17652700000002	35
161.17652700000002	38
161.17652700000002	42
161.27456625000002	42
161.37260550000002	42
161.56868400000002	35
161.56868400000002	42
161.66672325000002	42
161.76476250000002	42
161.96084100000002	35
161.96084100000002	38
161.96084100000002	42
162.05888025000002	42
162.15691950000001	42
162.352998	35
162.352998	42
162.45103725	42
162.5490765	42
162.745155	35
162.745155	38
162.745155	42
162.84319425	42
162.9412335	42
163.137312	35
163.137312	42
163.23535125	42
163.3333905	42
163.529469	35
163.529469	38
163.529469	42
163.62750825	42
163.7255475	42
163.921626	35
163.921626	42
164.01966525	42
164.1177045	42
164.313783	35
164.313783	38
164.313783	42
164.41182225	42
164.5098615	42
164.70594	35
164.70594	49
164.9020185	47
165.00005775000002	47
165.19613625000002	47
165.29417550000002	47
165.49025400000002	47
165.58829325000002	47
165.78437175000002	47
165.88241100000002	38
165.98045025000002	38
166.07848950000002	47
166.17652875000002	47
166.27456800000002	35
166.27456800000002	49
166.37260725000002	42
166.47064650000002	42
166.666725	35
166.666725	38
166.666725	42
166.76476425	42
166.8628035	42
167.058882	35
167.058882	42
167.15692125	42
167.2549605	42
167.451039	35
167.451039	38
167.451039	42
167.54907825	42
167.6471175	42
167.84319599999998	35
167.84319599999998	42
167.93873524999998	42
168.03427449999998	42
168.225353	35
168.225353	38
168.225353	42
168.32339225	42
168.4214315	42
168.61751000000004	35
168.61751000000004	42
168.71804925000004	42
168.81858850000003	42
169.019667	35
169.019667	38
169.019667	42
169.11770625	42
169.21574550000003	42
169.41182400000002	35
169.41182400000002	42
169.50986325000002	42
169.60790250000002	42
169.80398100000002	35
169.80398100000002	38
169.80398100000002	42
169.90202025000002	42
170.00005950000002	42
170.19613800000002	35
170.19613800000002	42
170.29417725000002	42
170.39221650000002	42
170.58829500000002	35
170.58829500000002	38
170.58829500000002	42
170.68633425000002	42
170.78437350000002	42
170.980452	35
170.980452	42
171.07849125	42
171.1765305	42
171.372609	35
171.372609	38
171.372609	42
171.47064825	42
171.5686875	42
171.764766	35
171.764766	42
171.86280525	42
171.9608445	42
172.156923	35
172.156923	38
172.156923	42
172.25496225	42
172.3530015	42
172.54908	35
172.54908	49
172.64711925	42
172.7451585	42
172.941237	35
172.941237	38
172.941237	42
173.03927625	42
173.1373155	42
173.333394	35
173.333394	42
173.43143325	42
173.52947250000003	42
173.72555100000002	35
173.72555100000002	38
173.72555100000002	42
173.82359025000002	42
173.92162950000002	42
174.11770800000002	35
174.11770800000002	42
174.21574725000002	42
174.31378650000002	42
174.50986500000002	35
174.50986500000002	38
174.50986500000002	42
174.60790425000002	42
174.70594350000002	42
174.90202200000002	35
174.90202200000002	42
175.00006125000002	42
175.09810050000002	42
175.294179	35
175.294179	38
175.294179	42
175.39221825	42
175.4902575	42
175.686336	35
175.686336	42
175.78437525	42
175.8824145	42
176.078493	35
176.078493	38
176.078493	42
176.17653225	42
176.2745715	42
176.47065	35
176.47065	42
176.56868925	42
176.6667285	42
176.862807	35
176.862807	38
176.862807	42
176.96084625	42
177.0588855	42
177.254964	35
177.254964	42
177.35300325	42
177.4510425	42
177.647121	35
177.647121	38
177.647121	42
177.74516025	42
177.84319950000003	42
178.03927800000002	35
178.03927800000002	42
178.13731725000002	42
178.23535650000002	42
178.43143500000002	35
178.43143500000002	38
178.43143500000002	42
178.52947425000002	42
178.62751350000002	42
178.82359200000002	35
178.82359200000002	49
178.92163125000002	42
179.01967050000002	42
179.21574900000002	35
179.21574900000002	38
179.21574900000002	42
179.31378825000002	42
179.41182750000002	42
179.607906	35
179.607906	42
179.70594525	42
179.8039845	42
180.000063	35
180.000063	38
180.000063	42
180.09810225	42
180.1961415	42
180.39222	35
180.39222	42
180.49025925	42
180.5882985	42
180.784377	35
180.784377	38
180.784377	42
180.88241625	42
180.9804555	42
181.176534	35
181.176534	42
181.27457325	42
181.3726125	42
181.568691	35
181.568691	38
181.568691	42
181.66673025	42
181.7647695	42
181.960848	35
181.960848	42
182.05888725000003	42
182.15692650000003	42
182.35300500000002	35
182.35300500000002	38
182.35300500000002	42
182.45104425000002	42
182.54908350000002	42
182.74516200000002	35
182.74516200000002	42
182.84320125000002	42
182.94124050000002	42
183.13731900000002	35
183.13731900000002	38
183.13731900000002	42
183.23535825000002	42
183.33339750000002	42
183.52947600000002	35
183.52947600000002	42
183.62751525000002	42
183.72555450000002	42
183.921633	35
183.921633	38
183.921633	42
184.01967225	42
184.1177115	42
184.31379	35
184.31379	42
184.41182925	42
184.5098685	42
184.705947	35
184.705947	38
184.705947	42
184.80398625	42
184.9020255	42
185.098104	35
185.098104	49
185.19614325	42
185.2941825	42
185.490261	35
185.490261	38
185.490261	42
185.58830025	42
185.6863395	42
185.882418	35
185.882418	42
185.98045725	42
186.0784965	42
186.274575	35
186.274575	38
186.274575	42
186.37261425000003	42
186.47065350000003	42
186.66673200000002	35
186.66673200000002	42
186.76477125000002	42
186.86281050000002	42
187.05888900000002	35
187.05888900000002	38
187.05888900000002	42
187.15692825000002	42
187.25496750000002	42
187.45104600000002	35
187.45104600000002	42
187.54908525000002	42
187.64712450000002	42
187.84320300000002	35
187.84320300000002	38
187.84320300000002	42
187.94124225000002	42
188.03928150000002	42
188.23536000000001	35
188.23536000000001	42
188.33339925	42
188.4314385	42
188.627517	35
188.627517	38
188.627517	42
188.72555625	42
188.8235955	42
189.019674	35
189.019674	42
189.11771325	42
189.2157525	42
189.411831	35
189.411831	38
189.411831	42
189.50987025	42
189.6079095	42
189.803988	38
190.0000665	35
190.09810575	35
190.29418425	35
190.3922235	35
190.588302	35
190.588302	49
190.98045900000002	35
191.17653750000002	35
191.37261600000002	35
191.56869450000002	35
191.76477300000002	35
191.76477300000002	49