3.166469	38
3.25470425	38
3.3429395	38
3.4311747500000003	38
3.51941	38
3.60764525	38
3.6958805	38
3.872351	38
4.0488215	38
4.225292	35
4.225292	49
4.581566333333333	42
4.937840666666667	38
4.937840666666667	42
5.294115	38
5.294115	42
5.647056	42
5.999997	35
5.999997	42
6.352938	35
6.352938	42
6.5294085	38
6.7058789999999995	42
7.05882	42
7.411760999999999	38
7.411760999999999	42
7.764702	38
7.764702	42
8.117643	42
8.470583999999999	35
8.470583999999999	42
8.823525	42
9.176466	42
9.529406999999999	38
9.529406999999999	42
9.882348	42
10.0588185	38
10.235289	35
10.235289	42
10.58823	35
10.58823	42
10.941170999999999	42
11.294112	38
11.294112	42
11.647053	38
11.647053	42
11.999994	42
12.352934999999999	42
12.705876	35
12.705876	42
13.062150333333333	42
13.418424666666665	38
13.418424666666665	42
13.774699	38
13.774699	42
14.12764	42
14.480580999999999	35
14.480580999999999	42
14.833521999999999	35
14.833521999999999	42
15.186463	42
15.539404	42
15.892344999999999	38
15.892344999999999	42
16.241952666666666	47
16.591560333333334	47
16.941167999999998	35
16.941167999999998	49
17.294109	42
17.64705	42
17.999990999999998	38
17.999990999999998	42
18.352932	42
18.705873	35
18.705873	42
19.058813999999998	35
19.058813999999998	42
19.2352845	38
19.411755	42
19.5882255	38
19.764696	42
19.941166499999998	38
20.117637	38
20.117637	42
20.2941075	38
20.470578	42
20.6470485	38
20.823518999999997	42
20.999989499999998	38
21.17646	35
21.17646	42
21.529401	42
21.7058715	42
21.882341999999998	42
22.235283	38
22.235283	42
22.588224	42
22.941164999999998	35
22.941164999999998	42
23.1176355	38
23.20587075	38
23.294106	35
23.294106	42
23.647047	42
23.823517499999998	38
23.999988	42
24.352929	38
24.352929	42
24.5293995	38
24.705869999999997	42
25.058811	35
25.058811	42
25.411752	35
25.411752	42
25.761359666666664	42
25.9361635	42
26.11096733333333	42
26.460575	38
26.460575	42
26.813515999999996	42
27.166456999999998	35
27.166456999999998	42
27.519398	35
27.519398	42
27.87567233333333	42
28.053809499999996	38
28.231946666666666	42
28.588220999999997	38
28.588220999999997	42
28.941162	42
29.294103	38
29.294103	42
29.647043999999998	35
29.647043999999998	42
29.999985	42
30.1764555	42
30.352926	42
30.529396499999997	38
30.705866999999998	38
30.705866999999998	42
30.8823375	38
31.058808	42
31.411748999999997	35
31.411748999999997	38
31.411748999999997	42
31.588219499999997	38
31.764689999999998	35
31.764689999999998	42
32.117630999999996	42
32.2941015	42
32.470572	42
32.823513	38
32.823513	42
33.176454	38
33.176454	42
33.529395	38
33.529395	42
33.882335999999995	35
33.882335999999995	49
34.23861033333333	38
34.23861033333333	42
34.594884666666665	38
34.594884666666665	42
34.951159	38
34.951159	42
35.3041	42
35.657041	35
35.657041	42
36.009981999999994	35
36.009981999999994	42
36.359589666666665	42
36.70919733333333	38
36.70919733333333	42
37.058805	38
37.058805	42
37.411746	42
37.5882165	38
37.764686999999995	35
37.764686999999995	42
38.117627999999996	35
38.117627999999996	42
38.470569	42
38.6470395	38
38.82351	42
39.176451	38
39.176451	42
39.529392	42
39.705862499999995	38
39.882332999999996	35
39.882332999999996	42
40.235274	35
40.235274	42
40.588215	42
40.7646855	38
40.941156	35
40.941156	42
41.294097	38
41.294097	42
41.647037999999995	42
41.823508499999996	38
41.91174375	38
41.999978999999996	35
41.999978999999996	42
42.35292	35
42.35292	42
42.52772383333333	38
42.70252766666667	42
42.8773315	38
43.05213533333333	42
43.401743	38
43.401743	42
43.5782135	38
43.754684	42
43.9311545	38
44.107625	35
44.107625	42
44.460566	35
44.460566	42
44.81684033333333	42
44.994977500000005	38
45.17311466666667	35
45.17311466666667	42
45.529388999999995	38
45.529388999999995	42
45.705859499999995	38
45.882329999999996	42
46.0588005	38
46.235271	35
46.235271	42
46.352917999999995	38
46.470565	38
46.588212	35
46.588212	42
46.941153	42
47.1176235	38
47.294094	42
47.647034999999995	38
47.647034999999995	42
47.999976	42
48.1764465	38
48.352917	35
48.352917	42
48.705858	35
48.705858	42
48.8823285	38
49.058799	42
49.2352695	38
49.411739999999995	35
49.411739999999995	42
49.764680999999996	38
49.764680999999996	42
49.9411515	38
50.117622	42
50.2940925	38
50.470563	35
50.470563	42
50.823504	35
50.823504	42
50.998307833333335	38
51.17311166666667	42
51.34791549999999	38
51.52271933333333	38
51.52271933333333	42
51.872327	38
51.872327	42
52.050464166666664	38
52.22860133333333	42
52.4067385	38
52.58487566666667	35
52.58487566666667	42
52.763012833333335	38
52.94115	35
52.94115	42
53.294090999999995	42
53.470561499999995	38
53.647031999999996	42
53.999973	38
53.999973	42
54.352914	42
54.5293845	38
54.705855	35
54.705855	42
55.058796	35
55.058796	42
55.235266499999994	38
55.411736999999995	42
55.588207499999996	38
55.764677999999996	35
55.764677999999996	42
56.117619	38
56.117619	42
56.47389333333333	42
56.6520305	38
56.83016766666667	35
56.83016766666667	42
56.948925777777774	38
57.06768388888889	38
57.18644199999999	35
57.18644199999999	49
57.36291249999999	38
57.539382999999994	42
57.715853499999994	38
57.892323999999995	35
57.892323999999995	42
58.245264999999996	38
58.245264999999996	42
58.598206	42
58.7746765	38
58.951147	42
59.12761749999999	38
59.30408799999999	35
59.30408799999999	42
59.480558499999994	38
59.657028999999994	38
59.657028999999994	42
59.833499499999995	35
60.009969999999996	35
60.009969999999996	42
60.362911	38
60.362911	42
60.71251866666667	42
60.88732249999999	38
61.062126333333325	35
61.062126333333325	42
61.411733999999996	35
61.411733999999996	42
61.764675	42
61.9411455	38
62.117616	38
62.117616	42
62.470557	38
62.470557	42
62.823497999999994	42
62.999968499999994	38
63.176438999999995	42
63.352909499999996	38
63.529379999999996	35
63.529379999999996	42
63.7058505	38
63.882321	38
63.882321	42
64.0587915	35
64.23526199999999	35
64.23526199999999	42
64.4117325	38
64.588203	38
64.588203	42
64.941144	42
65.1176145	38
65.294085	35
65.294085	42
65.647026	35
65.647026	42
65.82349649999999	38
65.999967	42
66.17643749999999	38
66.352908	38
66.352908	42
66.705849	38
66.705849	42
66.88398616666666	38
67.06212333333333	42
67.2402605	38
67.41839766666668	38
67.41839766666668	42
67.59653483333334	35
67.774672	35
67.774672	42
68.127613	42
68.3040835	38
68.480554	35
68.480554	42
68.833495	38
68.833495	42
69.186436	42
69.36290650000001	35
69.539377	35
69.539377	42
69.892318	35
69.892318	42
70.06712183333333	38
70.24192566666667	42
70.41672949999999	38
70.59153333333333	35
70.59153333333333	42
70.941141	38
70.941141	42
71.294082	42
71.4705525	38
71.64702299999999	35
71.64702299999999	42
71.99996399999999	35
71.99996399999999	42
72.1764345	38
72.35290499999999	42
72.5293755	38
72.705846	38
72.705846	42
73.058787	38
73.058787	42
73.23359083333334	38
73.40839466666667	42
73.58319849999998	38
73.75800233333332	35
73.75800233333332	42
73.93280616666665	38
74.10761	35
74.10761	38
74.10761	42
74.28408049999999	38
74.460551	42
74.63702149999999	38
74.813492	38
74.813492	42
75.166433	38
75.166433	42
75.52270733333332	42
75.7008445	38
75.87898166666666	38
75.87898166666666	42
76.05711883333333	35
76.23525599999999	35
76.23525599999999	42
76.588197	42
76.7646675	38
76.941138	38
76.941138	42
77.294079	38
77.294079	42
77.47054949999999	38
77.64702	42
77.882314	35
77.999961	35
77.999961	42
78.352902	35
78.352902	42
78.5293725	38
78.705843	42
78.8823135	38
79.058784	35
79.058784	42
79.41172499999999	38
79.41172499999999	42
79.5881955	38
79.76466599999999	42
79.9411365	38
80.11760699999999	35
80.11760699999999	42
80.470548	35
80.470548	42
80.6470185	38
80.823489	42
80.9999595	38
81.17643	38
81.17643	42
81.529371	38
81.529371	42
81.70584149999999	38
81.882312	42
82.05878249999999	35
82.235253	35
82.235253	42
82.588194	35
82.588194	42
82.7646645	38
82.941135	42
83.1176055	38
83.29407599999999	38
83.29407599999999	42
83.64701699999999	38
83.64701699999999	42
83.8234875	38
83.99995799999999	42
84.1764285	38
84.352899	35
84.352899	42
84.70584	35
84.70584	42
85.06211433333333	42
85.2402515	38
85.41838866666667	35
85.41838866666667	42
85.774663	38
85.774663	42
86.127604	42
86.3040745	35
86.480545	35
86.480545	42
86.83348600000001	42
87.0099565	38
87.186427	42
87.3628975	38
87.539368	38
87.539368	42
87.892309	38
87.892309	42
88.09819125	38
88.24525	35
88.45113225	38
88.598191	38
88.80407325	35
88.951132	35
88.951132	49
89.30073966666667	42
89.4755435	38
89.65034733333333	42
89.999955	38
89.999955	42
90.352896	42
90.5293665	38
90.705837	35
90.705837	42
91.05877799999999	35
91.05877799999999	42
91.41171899999999	42
91.5881895	38
91.76465999999999	35
91.76465999999999	42
92.117601	38
92.117601	42
92.470542	42
92.6470125	38
92.73524775	38
92.823483	35
92.823483	42
93.176424	35
93.176424	42
93.34956116666666	38
93.52269833333334	42
93.6958355	38
93.86897266666666	42
94.215247	38
94.215247	42
94.39505083333333	38
94.57485466666667	42
94.75465849999999	38
94.93446233333333	35
94.93446233333333	42
95.29406999999999	35
95.29406999999999	42
95.64701099999999	42
95.8234815	38
95.999952	35
95.999952	42
96.352893	38
96.352893	42
96.5293635	38
96.705834	42
96.88230449999999	38
97.058775	35
97.058775	42
97.176422	38
97.294069	38
97.411716	35
97.411716	42
97.764657	42
97.9411275	38
98.117598	42
98.470539	38
98.470539	42
98.82347999999999	42
98.9999505	38
99.17642099999999	35
99.17642099999999	42
99.52936199999999	42
99.882303	42
100.0587735	38
100.235244	35
100.235244	42
100.588185	38
100.588185	42
100.941126	42
101.11759649999999	38
101.294067	35
101.294067	42
101.41171399999999	38
101.529361	38
101.647008	35
101.647008	42
102.00328233333333	42
102.18141949999999	38
102.35955666666668	42
102.715831	38
102.715831	42
103.068772	42
103.2452425	38
103.421713	35
103.421713	42
103.774654	35
103.774654	42
103.9511245	38
104.127595	42
104.30406550000001	38
104.480536	35
104.480536	42
104.833477	38
104.833477	42
105.00828083333333	38
105.18308466666667	42
105.3578885	38
105.53269233333333	35
105.53269233333333	42
105.8823	35
105.8823	42
106.05710383333333	38
106.23190766666667	42
106.4067115	38
106.58151533333331	38
106.58151533333331	42
106.93112299999999	38
106.93112299999999	42
107.10926016666666	38
107.28739733333332	42
107.46553449999999	38
107.64367166666666	35
107.64367166666666	42
107.82180883333334	38
107.999946	35
107.999946	42
108.352887	42
108.705828	42
109.058769	38
109.058769	42
109.40504333333334	42
109.75131766666667	35
109.75131766666667	42
110.097592	35
110.097592	38
110.097592	47
110.450533	38
110.803474	35
110.803474	38
110.803474	47
111.156415	35
111.156415	38
111.156415	47
111.51268933333333	35
111.51268933333333	38
111.51268933333333	47
111.86896366666666	35
111.86896366666666	38
111.86896366666666	47
112.22523799999999	35
112.22523799999999	49
112.40670849999998	38
112.58817899999998	42
112.76964949999999	38
112.95111999999999	35
112.95111999999999	42
113.314061	38
113.314061	42
113.66366866666667	42
113.8384725	38
114.01327633333334	42
114.18808016666667	38
114.362884	35
114.362884	42
114.5393545	38
114.715825	38
114.715825	42
114.8922955	35
115.068766	35
115.068766	42
115.421707	38
115.421707	42
115.77131466666667	42
115.94611850000001	38
116.12092233333333	35
116.12092233333333	42
116.47053	35
116.47053	42
116.823471	42
116.99994149999999	38
117.176412	38
117.176412	42
117.529353	38
117.529353	42
117.882294	42
118.0587645	38
118.23523499999999	42
118.4117055	38
118.58817599999999	35
118.58817599999999	42
118.7646465	38
118.94111699999999	38
118.94111699999999	42
119.1175875	35
119.29405799999999	35
119.29405799999999	42
119.4705285	38
119.646999	38
119.646999	42
119.99660666666666	42
120.1714105	38
120.34621433333332	35
120.34621433333332	42
120.69582199999999	35
120.69582199999999	42
120.87562583333332	38
121.05542966666667	42
121.23523349999999	38
121.41503733333333	38
121.41503733333333	42
121.77464499999999	38
121.77464499999999	42
121.9511155	38
122.127586	42
122.3040565	38
122.480527	38
122.480527	42
122.6569975	35
122.833468	35
122.833468	42
123.186409	42
123.3628795	38
123.53935	35
123.53935	42
123.892291	38
123.892291	42
124.245232	42
124.4217025	35
124.598173	35
124.598173	42
124.951114	35
124.951114	42
125.12591783333333	38
125.30072166666667	42
125.4755255	38
125.65032933333332	35
125.65032933333332	42
125.99993699999999	38
125.99993699999999	42
126.35287799999999	42
126.5293485	38
126.70581899999999	35
126.70581899999999	42
127.05875999999999	35
127.05875999999999	49
127.2352305	38
127.58817149999999	38
127.764642	47
127.94111249999999	47
128.117583	38
128.2940535	42
128.47052399999998	42
128.6469945	47
128.9999355	38
129.176406	35
129.176406	47
129.3528765	38
129.7058175	38
129.882288	47
130.235229	38
130.4116995	38
130.58817	47
130.76464049999998	47
130.941111	47
131.1175815	47
131.294052	35
131.4705225	38
131.64699299999998	47
131.8234635	35
131.8234635	38
132.1764045	35
132.35287499999998	38
132.53101216666667	38
132.70914933333333	47
132.8872865	47
133.24356083333333	47
133.421698	35
133.421698	47
133.59816849999999	38
133.77463899999998	47
133.95110949999997	35
133.95110949999997	38
134.12758	47
134.3040505	35
134.3040505	47
134.48052099999998	38
134.6553248333333	47
134.83012866666667	47
135.0049325	47
135.35454016666665	47
135.52934399999998	35
135.52934399999998	49
135.70414783333334	38
135.87895166666667	47
136.0537555	35
136.22855933333332	47
136.40336316666668	35
136.578167	38
136.578167	47
136.7546375	38
136.931108	35
136.931108	47
137.10757850000002	47
137.284049	47
137.4605195	35
137.4605195	47
137.63699	35
137.63699	47
137.81512716666666	38
137.99326433333334	47
138.1714015	35
138.1714015	47
138.34953866666666	47
138.52767583333332	35
138.705813	38
138.8822835	47
139.058754	35
139.058754	47
139.2352245	47
139.41169499999998	47
139.5881655	35
139.764636	35
139.764636	47
139.94277316666665	38
140.1209103333333	47
140.2990475	35
140.2990475	47
140.47718466666666	47
140.65532183333332	35
140.83345899999998	38
141.0099295	38
141.1864	35
141.1864	47
141.36287049999999	47
141.45110574999998	47
141.53934099999998	47
141.71581149999997	38
141.892282	35
141.892282	47
142.0687525	38
142.24522299999998	47
142.42169349999998	35
142.42169349999998	38
142.598164	47
142.7746345	35
142.7746345	47
142.95110499999998	38
143.12424216666665	38
143.2973793333333	47
143.4705165	47
143.64365366666667	47
143.81679083333333	47
143.81679083333333	47
143.989928	35
143.989928	49
144.34620233333334	42
144.70247666666666	42
145.058751	42
145.411692	42
145.764633	35
145.764633	42
146.117574	35
146.117574	42
146.470515	42
146.6469855	42
146.823456	42
147.17639699999998	42
147.529338	42
147.88227899999998	42
148.23522	35
148.23522	42
148.58816099999999	42
148.941102	42
149.294043	42
149.646984	42
149.999925	35
149.999925	42
150.352866	35
150.352866	42
150.705807	42
150.8822775	42
151.05874799999998	42
151.411689	42
151.76462999999998	42
152.117571	42
152.47051199999999	35
152.47051199999999	42
152.823453	42
153.176394	42
153.529335	42
153.882276	42
154.235217	35
154.235217	42
154.588158	35
154.588158	42
154.93776566666665	42
155.1125695	42
155.28737333333333	42
155.636981	38
155.636981	42
155.99325533333334	38
155.99325533333334	42
156.34952966666665	35
156.34952966666665	38
156.34952966666665	42
156.705804	35
156.705804	49
157.06541166666665	38
157.06541166666665	42
157.42501933333335	38
157.42501933333335	42
157.784627	38
157.784627	42
158.13423466666669	42
158.4838423333333	35
158.4838423333333	42
158.83344999999997	35
158.83344999999997	42
159.18305766666666	42
159.5326653333333	38
159.5326653333333	42
159.882273	38
159.882273	42
160.23521399999998	42
160.4116845	38
160.588155	35
160.588155	42
160.941096	35
160.941096	42
161.294037	42
161.4705075	38
161.646978	42
161.999919	38
161.999919	42
162.35286	42
162.5293305	38
162.70580099999998	35
162.70580099999998	42
163.058742	35
163.058742	42
163.41168299999998	42
163.5881535	38
163.764624	35
163.764624	42
164.11756499999998	38
164.11756499999998	42
164.470506	42
164.6469765	38
164.73521175	38
164.823447	35
164.823447	42
165.176388	35
165.176388	42
165.35452516666666	38
165.3990594583333	38
165.48812804166667	38
165.62173091666665	38
165.71079949999998	38
165.88893666666667	38
166.06707383333332	38
166.24521099999998	38
166.42168149999998	38
166.59815199999997	38
166.7746225	38
166.951093	38
167.12756349999998	38
167.30403399999997	35
167.30403399999997	49
167.4805045	38
167.656975	42
167.83344549999998	38
168.00991599999998	35
168.00991599999998	42
168.362857	38
168.362857	42
168.71246466666665	42
168.88726849999998	38
169.06207233333333	42
169.23687616666666	38
169.41168	35
169.41168	42
169.58815049999998	38
169.764621	38
169.764621	42
169.9410915	35
170.117562	35
170.117562	42
170.47050299999998	38
170.47050299999998	42
170.82011066666666	42
170.9949145	38
171.16971833333332	35
171.16971833333332	42
171.519326	35
171.519326	42
171.87560033333332	42
172.05373749999998	38
172.23187466666667	38
172.23187466666667	42
172.588149	38
172.588149	42
172.94109	42
173.1175605	38
173.294031	42
173.47050149999998	38
173.646972	35
173.646972	42
173.8234425	38
173.999913	38
173.999913	42
174.1763835	35
174.35285399999998	35
174.35285399999998	42
174.5293245	38
174.705795	38
174.705795	42
175.05873599999998	42
175.2352065	38
175.411677	35
175.411677	42
175.76461799999998	35
175.76461799999998	42
175.94275516666664	38
176.12089233333333	42
176.2990295	38
176.47716666666665	38
176.47716666666665	42
176.833441	38
176.833441	42
177.0099115	38
177.18638199999998	42
177.36285249999997	38
177.539323	38
177.539323	42
177.7157935	35
177.89226399999998	35
177.89226399999998	42
178.24520499999997	42
178.4216755	38
178.59814599999999	35
178.59814599999999	42
178.95108699999997	38
178.95108699999997	42
179.29736133333333	42
179.4704985	35
179.64363566666665	35
179.64363566666665	42
179.98991	35
179.98991	42
180.16804716666667	38
180.34618433333333	42
180.52432149999999	38
180.70245866666667	35
180.70245866666667	42
181.058733	38
181.058733	42
181.411674	42
181.5881445	38
181.764615	35
181.764615	42
182.11755599999998	35
182.11755599999998	42
182.2940265	38
182.470497	42
182.6469675	38
182.82343799999998	38
182.82343799999998	42
183.176379	38
183.176379	42
183.3528495	38
183.52931999999998	42
183.70579049999998	38
183.882261	35
183.882261	42
184.0587315	38
184.235202	35
184.235202	38
184.235202	42
184.41167249999998	38
184.588143	42
184.7646135	38
184.941084	38
184.941084	42
185.294025	38
185.294025	42
185.646966	42
185.82343649999999	38
185.99990699999998	38
185.99990699999998	42
186.1763775	35
186.352848	35
186.352848	42
186.70578899999998	42
186.8822595	38
187.05873	38
187.05873	42
187.41167099999998	38
187.41167099999998	42
187.58814149999998	38
187.764612	42
187.9410825	35
188.117553	35
188.117553	42
188.470494	35
188.470494	42
188.6469645	38
188.823435	42
188.99990549999998	38
189.176376	35
189.176376	42
189.529317	38
189.529317	42
189.70578749999999	38
189.88225799999998	42
190.0587285	38
190.235199	35
190.235199	42
190.58813999999998	35
190.58813999999998	42
190.7646105	38
190.941081	42
191.1175515	38
191.29402199999998	38
191.29402199999998	42
191.646963	38
191.646963	42
191.8234335	38
191.999904	42
192.17637449999998	35
192.352845	35
192.352845	42
192.705786	35
192.705786	42
192.88392316666665	38
193.06206033333333	42
193.2401975	38
193.41833466666665	38
193.41833466666665	42
193.77460899999997	38
193.77460899999997	42
193.9510795	38
194.12754999999999	42
194.30402049999998	38
194.48049099999997	35
194.48049099999997	42
194.833432	35
194.833432	49
195.00990249999998	38
195.18637299999997	42
195.36284349999997	38
195.539314	38
195.539314	42
195.89225499999998	38
195.89225499999998	42
196.245196	42
196.4216665	38
196.59813699999998	35
196.59813699999998	42
196.951078	35
196.951078	42
197.12921516666665	38
197.30735233333334	42
197.4854895	38
197.66362666666666	35
197.66362666666666	42
198.019901	38
198.019901	42
198.3661753333333	42
198.5393125	38
198.71244966666666	42
198.88558683333332	38
199.05872399999998	35
199.05872399999998	42
199.23519449999998	38
199.411665	38
199.411665	42
199.5881355	35
199.764606	35
199.764606	42
200.117547	38
200.117547	42
200.46715466666666	42
200.6419585	38
200.81676233333334	35
200.81676233333334	42
201.16637	35
201.16637	42
201.52264433333332	42
201.7007815	38
201.87891866666666	38
201.87891866666666	42
202.23519299999998	38
202.23519299999998	42
202.588134	42
202.7646045	38
202.94107499999998	42
203.11754549999998	38
203.294016	35
203.294016	38
203.294016	42
203.4704865	38
203.646957	38
203.646957	42
203.82342749999998	35
203.999898	35
203.999898	42
204.1763685	38
204.352839	38
204.352839	42
204.70578	42
204.8822505	38
205.058721	35
205.058721	42
205.41166199999998	35
205.41166199999998	42
205.5881325	38
205.764603	42
205.9410735	38
206.11754399999998	38
206.11754399999998	42
206.470485	38
206.470485	42
206.6469555	38
206.82342599999998	42
206.99989649999998	38
207.176367	38
207.176367	42
207.3528375	35
207.529308	35
207.529308	49
207.87891566666667	38
208.22852333333333	38
208.578131	38
208.93440533333333	38
209.29067966666665	38
209.646954	35
209.646954	38
209.99989499999998	38
210.1763655	38
210.352836	38
210.5293065	38
210.70577699999998	38
211.058718	38
211.411659	35
211.411659	38
211.7646	35
211.7646	38
212.12087433333332	38
212.29901149999998	38
212.47714866666666	38
212.83342299999998	38
213.18303066666664	38
213.53263833333332	38
213.88224599999998	35
213.88224599999998	38
214.235187	38
214.58812799999998	38
214.941069	38
215.29401	38
215.646951	35
215.646951	38
215.999892	35
215.999892	38
216.34949966666667	38
216.69910733333333	38
217.048715	38
217.40498933333333	38
217.76126366666665	38
218.117538	35
218.117538	38
218.47047899999998	38
218.64694949999998	38
218.82342	38
218.9998905	38
219.17636099999999	38
219.529302	38
219.882243	35
219.882243	38
220.235184	35
220.235184	38
220.588125	38
220.76459549999998	38
220.94106599999998	38
221.294007	38
221.64694799999998	38
221.999889	38
222.35282999999998	35
222.35282999999998	38
222.705771	38
223.05871199999999	38
223.411653	38
223.764594	38
224.117535	35
224.117535	38
224.470476	35
224.470476	49
224.82341699999998	42
225.176358	38
225.176358	42
225.52929899999998	38
225.52929899999998	42
225.88224	42
226.0587105	38
226.23518099999998	35
226.23518099999998	42
226.588122	35
226.588122	42
226.94106299999999	42
227.11753349999998	38
227.294004	42
227.646945	38
227.646945	42
227.999886	42
228.1763565	38
228.352827	35
228.352827	42
228.70576799999998	35
228.70576799999998	42
229.058709	42
229.2351795	38
229.41164999999998	35
229.41164999999998	42
229.764591	38
229.764591	42
230.11753199999998	42
230.29400249999998	38
230.38223775	38
230.470473	35
230.470473	42
230.82341399999999	35
230.82341399999999	42
230.9982178333333	38
231.17302166666667	42
231.3478255	38
231.52262933333333	42
231.872237	38
231.872237	42
232.0487075	38
232.225178	42
232.4016485	38
232.578119	35
232.578119	42
232.93106	35
232.93106	42
233.28733433333332	42
233.4654715	38
233.64360866666667	35
233.64360866666667	42
233.99988299999998	38
233.99988299999998	42
234.17635349999998	38
234.352824	42
234.5292945	38
234.70576499999999	42
234.70576499999999	35
234.823412	38
234.941059	38
235.058706	35
235.058706	42
235.411647	42
235.58811749999998	38
235.764588	42
236.117529	38
236.117529	42
236.47046999999998	42
236.6469405	38
236.823411	35
236.823411	42
237.17635199999998	35
237.17635199999998	42
237.3528225	38
237.529293	42
237.7057635	38
237.88223399999998	35
237.88223399999998	42
238.235175	38
238.235175	42
238.41331216666666	38
238.59144933333332	42
238.76958649999997	38
238.94772366666666	35
238.94772366666666	42
239.06648177777777	38
239.18523988888887	38
239.30399799999998	35
239.30399799999998	42
239.4788018333333	38
239.65360566666666	42
239.8284095	38
240.00321333333332	35
240.00321333333332	42
240.35282099999998	38
240.35282099999998	42
240.705762	35
240.705762	42
240.8822325	38
241.05870299999998	42
241.2351735	38
241.411644	35
241.411644	42
241.5881145	38
241.76458499999998	42
241.94105549999998	38
242.117526	35
242.117526	42
242.47046699999999	38
242.47046699999999	42
242.64693749999998	38
242.823408	42
242.9998785	38
243.176349	35
243.176349	42
243.35281949999998	38
243.52928999999997	35
243.52928999999997	42
243.7057605	38
243.882231	42
244.05870149999998	38
244.23517199999998	38
244.23517199999998	42
244.588113	38
244.588113	42
244.9443873333333	35
244.9443873333333	42
245.1225245	38
245.30066166666666	42
245.47879883333331	38
245.65693599999997	35
245.65693599999997	49
245.83340649999997	38
246.009877	42
246.18634749999998	38
246.36281799999998	35
246.36281799999998	42
246.715759	38
246.715759	42
247.06869999999998	42
247.24517049999997	38
247.42164099999997	42
247.5981115	38
247.77458199999998	35
247.77458199999998	42
247.95105249999997	38
248.12752299999997	38
248.12752299999997	42
248.3039935	35
248.48046399999998	35
248.48046399999998	42
248.83340499999997	38
248.83340499999997	42
249.18301266666666	42
249.35781649999998	38
249.5326203333333	35
249.5326203333333	42
249.882228	35
249.882228	42
250.23516899999998	42
250.41163949999998	38
250.58811	38
250.58811	42
250.941051	38
250.941051	42
251.29399199999997	42
251.4704625	38
251.646933	42
251.82340349999998	38
251.99987399999998	35
251.99987399999998	42
252.1763445	38
252.352815	38
252.352815	42
252.5292855	35
252.70575599999998	35
252.70575599999998	42
252.8822265	38
253.058697	38
253.058697	42
253.41163799999998	42
253.58810849999998	38
253.764579	35
253.764579	42
254.11751999999998	35
254.11751999999998	42
254.29399049999998	38
254.470461	42
254.6469315	38
254.823402	38
254.823402	42
255.17634299999997	38
255.17634299999997	42
255.3528135	38
255.529284	42
255.70575449999998	38
255.88222499999998	38
255.88222499999998	42
256.0586955	35
256.235166	35
256.235166	42
256.5914403333333	42
256.76957749999997	38
256.9477146666666	35
256.9477146666666	42
257.303989	38
257.303989	42
257.65693	42
257.8334005	35
258.009871	35
258.009871	42
258.36281199999996	35
258.36281199999996	42
258.5359491666666	38
258.70908633333335	42
258.8822235	38
259.0553606666667	35
259.0553606666667	42
259.401635	38
259.401635	42
259.7579093333333	42
259.9360465	38
260.11418366666663	35
260.11418366666663	42
260.470458	35
260.470458	42
260.6469285	38
260.823399	42
260.9998695	38
261.17634	38
261.17634	42
261.52928099999997	38
261.52928099999997	42
261.70575149999996	38
261.882222	42
262.0586925	38
262.235163	35
262.235163	42
262.4116335	38
262.588104	35
262.588104	38
262.588104	49
262.7645745	38
262.941045	42
263.11751549999997	38
263.29398599999996	38
263.29398599999996	42
263.646927	38
263.646927	42
263.999868	42
264.1763385	38
264.352809	38
264.352809	42
264.5292795	35
264.70574999999997	35
264.70574999999997	42
265.06202433333334	42
265.2401615	38
265.41829866666666	38
265.41829866666666	42
265.774573	38
265.774573	42
265.9493768333333	38
266.12418066666663	42
266.29898449999996	35
266.47378833333335	35
266.47378833333335	42
266.823396	35
266.823396	42
266.9998665	38
267.176337	42
267.3528075	38
267.529278	35
267.529278	42
267.88221899999996	38
267.88221899999996	42
268.0586895	38
268.23516	42
268.4116305	38
268.588101	35
268.588101	42
268.941042	35
268.941042	42
269.1175125	38
269.29398299999997	42
269.47045349999996	38
269.646924	38
269.646924	42
269.999865	38
269.999865	42
270.1796688333333	38
270.35947266666665	42
270.53927649999997	35
270.7190803333333	35
270.7190803333333	42
271.07868799999994	35
271.07868799999994	42
271.2551585	38
271.431629	42
271.6080995	38
271.78457	35
271.78457	42
272.13751099999996	38
272.13751099999996	42
272.4837853333333	42
272.65692249999995	38
272.83005966666667	42
273.00319683333333	38
273.176334	35
273.176334	42
273.3528045	38
273.529275	42
273.7057455	38
273.88221599999997	38
273.88221599999997	42
274.235157	38
274.235157	42
274.4116275	38
274.588098	42
274.7645685	38
274.941039	38
274.941039	42
275.1175095	35
275.29398	35
275.29398	49
275.47211716666664	38
275.6502543333333	42
275.8283915	38
276.00652866666667	38
276.00652866666667	42
276.362803	38
276.362803	42
276.54094016666664	38
276.7190773333333	42
276.89721449999996	38
277.0753516666666	35
277.0753516666666	42
277.431626	35
277.431626	42
277.6080965	38
277.784567	42
277.9610375	38
278.13750799999997	35
278.13750799999997	42
278.49044899999996	38
278.49044899999996	42
278.8367233333333	42
279.0098605	38
279.18299766666667	42
279.35613483333333	38
279.529272	35
279.529272	42
279.7057425	38
279.882213	38
279.882213	42
280.0586835	35
280.23515399999997	35
280.23515399999997	42
280.588095	38
280.588095	42
280.93770266666667	42
281.1125065	38
281.2873103333333	35
281.2873103333333	42
281.636918	35
281.636918	49
281.8167218333333	38
281.9965256666667	42
282.1763295	38
282.35613333333333	38
282.35613333333333	42
282.715741	38
282.715741	42
282.89387816666664	38
283.0720153333333	42
283.25015249999996	38
283.4282896666666	35
283.4282896666666	42
283.784564	35
283.784564	42
283.9610345	38
284.137505	42
284.31397549999997	38
284.49044599999996	35
284.49044599999996	42
284.84338699999995	38
284.84338699999995	42
285.18966133333333	42
285.3627985	38
285.53593566666666	42
285.7090728333333	38
285.88221	35
285.88221	42
286.06034716666665	38
286.2384843333333	38
286.2384843333333	42
286.41662149999996	35
286.5947586666666	35
286.5947586666666	42
286.951033	38
286.951033	42
287.30064066666665	42
287.4754445	38
287.6502483333333	35
287.6502483333333	42
287.99985599999997	35
287.99985599999997	42
288.352797	42
288.5292675	38
288.705738	38
288.705738	42
289.058679	38
289.058679	42
289.41161999999997	42
289.58809049999996	38
289.764561	42
289.9410315	38
290.117502	35
290.117502	42
290.2939725	38
290.38220774999996	38
290.470443	38
290.55867825	38
290.6469135	38
290.823384	38
290.99985449999997	38
291.17632499999996	38
291.17632499999996	42