3.905	38
4.2	38
4.352500000000001	38
4.505	38
4.657500000000001	47
4.81	35
4.81	49
5.1225	35
5.1225	42
5.435	38
5.435	42
5.7475	35
5.7475	42
6.06	42
6.3675	35
6.3675	42
6.675	38
6.675	42
6.83125	35
6.9875	42
7.3	35
7.3	42
7.6053965	35
7.6053965	42
7.910793	38
7.910793	42
8.2211895	35
8.2211895	42
8.531585999999999	42
8.8419825	35
8.8419825	42
9.152379	38
9.152379	42
9.30507725	35
9.457775499999999	42
9.763172	35
9.763172	42
10.075157500000001	35
10.075157500000001	42
10.387143	38
10.387143	42
10.6991285	35
10.6991285	42
11.011114000000001	42
11.3130995	35
11.3130995	42
11.615085	38
11.615085	42
11.76857775	35
11.9220705	42
12.229056000000002	35
12.229056000000002	42
12.536761000000002	42
12.536761000000002	47
12.844466000000002	35
12.844466000000002	42
13.152171000000001	35
13.152171000000001	42
13.459876000000001	42
13.459876000000001	47
13.767581000000002	35
13.767581000000002	42
14.075286000000002	42
14.075286000000002	47
14.387991000000003	42
14.387991000000003	47
14.700696	35
14.700696	49
15.397362	49
16.730694000000003	49
18.044026000000002	49
19.407358000000002	49
20.76069	49
22.104022	49
23.336547	49
24.2403355	38
24.2403355	47
24.548265	38
24.548265	47
24.70222975	38
24.70222975	47
25.164124	35
25.164124	49
25.477053500000004	42
25.63351825	35
25.789983000000003	38
25.789983000000003	42
26.097912500000003	35
26.097912500000003	42
26.405842	42
26.7137715	35
26.7137715	42
27.021701	38
27.021701	42
27.170665749999998	35
27.3196305	42
27.617559999999997	35
27.617559999999997	42
27.927203	42
28.082024499999996	35
28.236845999999996	38
28.236845999999996	42
28.551489	35
28.551489	42
28.866132	42
29.175774999999998	35
29.175774999999998	42
29.485418	38
29.485418	42
29.6402395	35
29.795060999999997	42
30.104703999999998	35
30.104703999999998	42
30.414347	42
30.5691685	35
30.72399	38
30.72399	42
31.033633	35
31.033633	42
31.343276	42
31.652918999999997	35
31.652918999999997	42
31.962562	38
31.962562	42
32.114883500000005	35
32.267205	42
32.571848	35
32.571848	42
32.881491000000004	42
33.0363125	35
33.191134	38
33.191134	42
33.500777	35
33.500777	42
33.81042	42
34.120063	35
34.120063	42
34.429706	38
34.429706	42
34.5845275	35
34.739349	49
35.048992	35
35.048992	42
35.353635	42
35.505956499999996	35
35.658277999999996	38
35.658277999999996	42
35.972921	35
35.972921	42
36.287563999999996	42
36.597207000000004	35
36.597207000000004	42
36.90685	38
36.90685	42
37.059171500000005	35
37.211493	42
37.516135999999996	35
37.516135999999996	42
37.825779	42
37.980600499999994	35
38.135422	38
38.135422	42
38.45506499999999	35
38.45506499999999	42
38.774708	42
39.084351	35
39.084351	42
39.393994	38
39.393994	42
39.5463155	35
39.698637000000005	42
40.00328	35
40.00328	42
40.309	42
40.461859999999994	35
40.61472	38
40.61472	42
40.925439999999995	35
40.925439999999995	42
41.23616	42
41.54187999999999	35
41.54187999999999	42
41.84759999999999	38
41.84759999999999	42
42.00046	35
42.153319999999994	49
42.459039999999995	35
42.459039999999995	42
42.765303499999995	42
42.918435249999995	35
43.071566999999995	38
43.071566999999995	42
43.38283049999999	35
43.38283049999999	42
43.69409399999999	42
44.00035749999999	35
44.00035749999999	42
44.30662099999999	38
44.30662099999999	42
44.45975274999999	35
44.61288449999999	35
44.61288449999999	49
44.91914799999999	35
44.91914799999999	42
45.23478049999999	42
45.392596749999996	35
45.55041299999999	38
45.55041299999999	42
45.86604549999999	35
45.86604549999999	42
46.18167799999999	42
46.49731049999999	35
46.49731049999999	42
46.81294299999999	38
46.81294299999999	42
46.968259249999996	35
47.123575499999994	42
47.434208	35
47.434208	42
47.736193500000006	42
47.88718625	35
48.038179	38
48.038179	42
48.3501645	35
48.3501645	42
48.66215	42
48.9691355	35
48.9691355	42
49.276120999999996	38
49.276120999999996	42
49.42961375	35
49.5831065	49
49.890091999999996	35
49.890091999999996	42
50.199239	42
50.3538125	35
50.508385999999994	38
50.508385999999994	42
50.817533	35
50.817533	42
51.12667999999999	42
51.44082699999999	35
51.44082699999999	42
51.754974	38
51.754974	42
51.9070475	35
52.059121	42
52.363268	35
52.363268	42
52.6645315	42
52.81516325	35
52.965795	38
52.965795	42
53.277058499999995	35
53.277058499999995	42
53.588322	42
53.8945855	35
53.8945855	42
54.200849	38
54.200849	42
54.356480749999996	35
54.51211249999999	35
54.51211249999999	49
54.823375999999996	35
54.823375999999996	42
55.1335225	42
55.28859575	35
55.44366899999999	38
55.44366899999999	42
55.7588155	35
55.7588155	42
56.073962	42
56.3841085	35
56.3841085	42
56.694255	38
56.694255	42
56.84682825	35
56.9994015	42
57.304548	35
57.304548	42
57.607276999999996	42
57.758641499999996	35
57.910005999999996	38
57.910005999999996	42
58.217735	35
58.217735	42
58.525464	42
58.838193000000004	35
58.838193000000004	42
59.150921999999994	38
59.150921999999994	42
59.3022865	35
59.453650999999994	42
59.55456066666666	42
59.655470333333334	42
59.75638	35
59.75638	42
60.065250500000005	42
60.219685750000004	35
60.374120999999995	38
60.374120999999995	49
60.6829915	35
60.6829915	42
60.991862000000005	42
61.2907325	35
61.2907325	42
61.589603	38
61.589603	42
61.73903825	35
61.888473499999996	42
62.187344	35
62.187344	42
62.4912145	42
62.64314975	35
62.795085	38
62.795085	42
63.0989555	35
63.0989555	42
63.402826	42
63.55726125	38
63.7116965	35
63.7116965	42
64.020567	38
64.020567	42
64.17250225000001	35
64.3244375	35
64.3244375	49
64.628308	35
64.628308	49
65.09873499999999	35
65.255544	38
65.255544	49
65.564162	35
65.564162	49
65.87277999999999	49
66.176398	35
66.176398	49
66.480016	38
66.480016	49
66.631825	35
66.78363399999999	42
67.08725199999999	35
67.08725199999999	49
67.395791	49
67.5500605	35
67.70433	38
67.70433	49
68.002869	35
68.002869	49
68.301408	49
68.604947	35
68.604947	49
68.908486	38
68.908486	49
69.0602555	35
69.212025	49
69.515564	35
69.515564	49
69.816784	49
69.967394	35
70.118004	38
70.118004	49
70.419224	35
70.419224	49
70.720444	49
71.021664	35
71.021664	49
71.322884	38
71.322884	49
71.473494	35
71.624104	42
71.925324	35
71.925324	49
72.2274265	49
72.37847775	35
72.529529	38
72.529529	49
72.8316315	35
72.8316315	42
73.133734	49
73.43583650000001	35
73.43583650000001	49
73.737939	38
73.737939	49
73.89149025	35
74.04504150000001	49
74.35214400000001	35
74.35214400000001	49
74.65896800000002	49
74.81238	35
74.96579200000001	38
74.96579200000001	49
75.27261600000001	35
75.27261600000001	49
75.57944	49
75.881264	35
75.881264	49
76.183088	38
76.183088	49
76.3365	35
76.489912	49
76.79673600000001	35
76.79673600000001	49
77.10206850000002	49
77.25473475000001	35
77.40740100000001	38
77.40740100000001	49
77.71273350000001	35
77.71273350000001	49
78.018066	49
78.32339850000001	35
78.32339850000001	49
78.62873100000002	38
78.62873100000002	49
78.78139725000001	35
78.93406350000001	49
79.08672975	38
79.23939600000001	35
79.23939600000001	49
79.54414950000002	49
79.69652625000002	35
79.848903	38
79.848903	49
80.1486565	35
80.1486565	49
80.44841000000001	49
80.75316350000001	35
80.75316350000001	49
81.057917	38
81.057917	49
81.21279375	35
81.36767050000002	49
81.67742400000002	35
81.67742400000002	49
81.98129450000002	49
82.13322975000001	35
82.28516500000002	38
82.28516500000002	49
82.58903550000002	35
82.58903550000002	49
82.89290600000001	42
83.19677650000001	35
83.19677650000001	42
83.50064700000001	38
83.50064700000001	42
83.80451750000002	38
83.95645275000001	38
84.10838800000002	35
84.10838800000002	49
84.41766650000002	42
84.57230575000001	35
84.72694500000001	38
84.72694500000001	42
85.03622350000002	35
85.03622350000002	42
85.34550200000002	42
85.65978050000002	35
85.65978050000002	42
85.97405900000003	38
85.97405900000003	42
86.12619825000003	35
86.27833750000002	42
86.58261600000002	35
86.58261600000002	42
86.88637850000002	42
87.03825975000001	35
87.19014100000001	38
87.19014100000001	42
87.49390350000002	35
87.49390350000002	49
87.79766600000002	42
88.10142850000001	35
88.10142850000001	49
88.40519100000002	38
88.40519100000002	42
88.71395350000003	35
88.71395350000003	49
89.02271600000002	35
89.02271600000002	42
89.33521600000002	35
89.33521600000002	42
89.49146600000002	35
89.64771600000002	38
89.64771600000002	42
89.96021600000002	35
89.96021600000002	42
90.27271600000002	42
90.58021600000001	35
90.58021600000001	42
90.88771600000001	38
90.88771600000001	42
91.195216	42
91.502716	35
91.502716	42
91.805023	42
91.95617650000001	35
92.10733	38
92.10733	42
92.409637	35
92.409637	49
92.711944	42
92.8655975	35
93.01925100000001	35
93.01925100000001	42
93.326558	38
93.326558	42
93.62886500000002	42
93.78001850000001	35
93.93117200000002	35
93.93117200000002	49
94.24445850000002	42
94.40110175000002	35
94.55774500000003	38
94.55774500000003	42
94.87603150000002	35
94.87603150000002	49
95.19431800000002	42
95.34346125000002	35
95.49260450000001	35
95.49260450000001	42
95.79089100000002	38
95.79089100000002	42
96.09917750000002	42
96.25332075000003	35
96.40746400000002	35
96.40746400000002	49
96.709867	42
96.86106850000002	35
97.01227000000002	38
97.01227000000002	42
97.31967300000001	35
97.31967300000001	49
97.62707600000002	42
97.77827750000002	35
97.929479	35
97.929479	42
98.23188200000001	38
98.23188200000001	42
98.539285	42
98.6929865	35
98.84668800000001	35
98.84668800000001	49
99.14702500000001	42
99.29719350000002	35
99.44736200000001	38
99.44736200000001	42
99.75269900000002	35
99.75269900000002	49
100.05803600000002	42
100.35837300000001	35
100.35837300000001	42
100.65871000000001	38
100.65871000000001	42
100.96404700000004	42
101.26938400000003	35
101.26938400000003	49
101.57325450000003	38
101.57325450000003	42
101.87712500000004	38
101.87712500000004	42
102.02906025000003	35
102.18099550000004	42
102.33293075000003	35
102.48486600000003	38
102.48486600000003	42
102.78373650000002	35
102.78373650000002	42
102.93317175000003	35
103.08260700000002	38
103.08260700000002	42
103.38647750000003	35
103.38647750000003	42
103.69034800000003	35
103.69034800000003	49
104.00948350000004	42
104.16905125000004	35
104.32861900000003	38
104.32861900000003	42
104.64775450000003	35
104.64775450000003	42
104.96689000000002	42
105.27102550000002	35
105.27102550000002	42
105.57516100000002	38
105.57516100000002	42
105.72722875000004	35
105.87929650000002	42
106.18343200000004	35
106.18343200000004	42
106.48951000000004	42
106.64254900000005	35
106.79558800000004	38
106.79558800000004	42
107.10166600000004	35
107.10166600000004	42
107.40774400000004	42
107.71882200000003	35
107.71882200000003	42
108.02990000000003	38
108.02990000000003	42
108.18293900000003	35
108.33597800000003	49
108.64205600000003	35
108.64205600000003	42
108.95313400000003	42
109.10867300000004	35
109.26421200000003	38
109.26421200000003	47
109.57029000000003	35
109.57029000000003	42
109.87636800000004	42
110.18744600000005	35
110.18744600000005	42
110.49852400000005	38
110.49852400000005	42
110.65156300000004	35
110.80460200000005	42
111.11068000000004	35
111.11068000000004	42
111.41488400000004	42
111.56698600000004	35
111.71908800000004	38
111.71908800000004	42
112.01329200000004	35
112.01329200000004	42
112.16039400000003	35
112.30749600000003	42
112.61170000000003	35
112.61170000000003	42
112.91590400000004	38
112.91590400000004	42
113.22510800000005	35
113.22510800000005	49
113.53431200000004	35
113.53431200000004	49
113.85359050000005	42
114.01322975000004	35
114.17286900000003	38
114.17286900000003	42
114.48214750000004	35
114.48214750000004	42
114.79142600000004	42
115.10070450000003	35
115.10070450000003	42
115.40998300000003	38
115.40998300000003	42
115.55712225000003	35
115.70426150000003	42
115.99854000000003	35
115.99854000000003	42
116.29548100000004	42
116.44395150000004	35
116.59242200000003	38
116.59242200000003	42
116.88936300000003	35
116.88936300000003	49
117.18630400000004	42
117.48324500000004	35
117.48324500000004	49
117.78018600000003	38
117.78018600000003	42
118.08212700000004	38
118.23309750000004	38
118.38406800000004	35
118.38406800000004	49
118.69034200000004	42
118.99661600000005	38
118.99661600000005	42
119.30289000000005	35
119.30289000000005	42
119.60916400000004	42
119.92543800000004	35
119.92543800000004	42
120.24171200000002	38
120.24171200000002	42
120.38734900000003	35
120.53298600000002	42
120.67862300000003	35
120.82426000000004	38
120.82426000000004	47
121.26931450000004	38
121.41766600000004	38
121.71936900000004	38
122.17192350000005	38
122.32277500000005	38
122.62447800000005	47
122.62447800000005	47
122.92118100000005	47
123.06953250000005	47
123.21788400000005	35
123.21788400000005	49
123.53349450000005	42
123.69129975000004	35
123.84910500000005	38
123.84910500000005	42
124.15471550000005	35
124.15471550000005	42
124.46032600000005	42
124.77093650000006	35
124.77093650000006	42
125.08154700000006	38
125.08154700000006	42
125.23435225000006	35
125.38715750000004	42
125.69276800000004	35
125.69276800000004	42
126.00236400000004	42
126.15716200000004	35
126.31196000000004	38
126.31196000000004	42
126.62155600000004	35
126.62155600000004	42
126.93115200000004	42
127.24074800000004	35
127.24074800000004	42
127.55034400000004	38
127.55034400000004	42
127.70514200000004	35
127.85994000000004	49
128.16953600000005	35
128.16953600000005	42
128.47282250000006	42
128.62446575000007	35
128.77610900000005	38
128.77610900000005	42
129.08939550000005	35
129.08939550000005	42
129.40268200000006	42
129.71096850000006	35
129.71096850000006	42
130.01925500000004	38
130.01925500000004	42
130.17089825000005	35
130.32254150000006	42
130.62582800000007	35
130.62582800000007	42
130.93429800000007	42
131.08853300000007	35
131.24276800000007	38
131.24276800000007	42
131.55123800000007	35
131.55123800000007	42
131.85970800000004	42
132.15817800000005	35
132.15817800000005	42
132.45664800000006	38
132.45664800000006	42
132.76011800000006	42
132.91185300000006	49
133.06358800000007	35
133.06358800000007	49
133.38108800000006	42
133.53983800000006	35
133.69858800000006	38
133.69858800000006	42
134.01108800000006	35
134.01108800000006	42
134.32358800000006	42
134.63108800000006	35
134.63108800000006	42
134.93858800000007	38
134.93858800000007	42
135.09483800000007	35
135.25108800000007	42
135.56358800000007	35
135.56358800000007	42
135.86482850000007	42
136.01544875000008	35
136.16606900000008	38
136.16606900000008	42
136.47730950000008	35
136.47730950000008	42
136.78855000000007	42
137.09979050000007	35
137.09979050000007	42
137.41103100000007	38
137.41103100000007	42
137.56165125000007	35
137.71227150000007	42
137.81268500000007	42
137.91309850000007	42
138.01351200000008	35
138.01351200000008	42
138.31475250000008	42
138.46537275000009	35
138.6159930000001	38
138.6159930000001	42
138.9222335000001	35
138.9222335000001	42
139.22847400000006	42
139.53971450000006	35
139.53971450000006	42
139.85095500000006	38
139.85095500000006	42
140.00407525000006	35
140.15719550000006	49
140.46343600000006	35
140.46343600000006	42
140.76967650000006	42
140.92279675000006	35
141.07591700000006	38
141.07591700000006	42
141.38215750000006	35
141.38215750000006	42
141.68839800000006	42
141.99463850000006	35
141.99463850000006	42
142.30087900000007	38
142.30087900000007	42
142.60711950000007	38
142.60711950000007	49
142.91336000000007	35
142.91336000000007	42
143.21938550000007	42
143.3723982500001	35
143.52541100000008	38
143.52541100000008	42
143.84143650000007	35
143.84143650000007	42
144.15746200000007	42
144.46848750000007	35
144.46848750000007	42
144.77951300000007	38
144.77951300000007	42
144.93502575000008	35
145.09053850000006	42
145.40156400000006	35
145.40156400000006	42
145.70678700000008	42
145.85939850000005	35
146.01201000000006	38
146.01201000000006	42
146.31723300000007	35
146.31723300000007	42
146.62245600000006	42
146.93267900000006	35
146.93267900000006	42
147.24290200000004	38
147.24290200000004	42
147.39301350000005	35
147.54312500000006	42
147.84334800000008	35
147.84334800000008	42
148.15334000000007	42
148.30833600000008	35
148.46333200000007	38
148.46333200000007	42
148.7733240000001	35
148.7733240000001	49
149.08331600000008	42
149.38830800000008	35
149.38830800000008	42
149.69330000000008	38
149.69330000000008	42
149.8482960000001	35
150.00329200000007	49
150.3132840000001	35
150.3132840000001	42
150.6154490000001	42
150.7665315000001	35
150.9176140000001	38
150.9176140000001	42
151.2197790000001	35
151.2197790000001	42
151.5219440000001	42
151.8241090000001	35
151.8241090000001	42
152.1262740000001	47
152.28235650000008	35
152.28235650000008	47
152.43843900000007	42
152.75060400000007	35
152.75060400000007	49
153.05988250000007	42
153.36916100000008	38
153.36916100000008	42
153.67843950000005	35
153.67843950000005	42
153.98771800000006	42
154.29199650000007	35
154.29199650000007	42
154.59627500000008	38
154.59627500000008	42
154.74841425000008	35
154.9005535000001	42
155.2048320000001	35
155.2048320000001	42
155.5103605000001	35
155.5103605000001	42
155.81588900000008	38
155.81588900000008	42
156.1214175000001	35
156.1214175000001	42
156.4269460000001	42
156.7374745000001	35
156.7374745000001	42
157.04800300000008	38
157.04800300000008	42
157.2007672500001	35
157.3535315000001	42
157.50629575000008	35
157.6590600000001	35
157.6590600000001	42
157.9655805000001	35
157.9655805000001	42
158.2721010000001	38
158.2721010000001	49
158.57862150000008	35
158.57862150000008	42
158.8851420000001	42
159.1966625000001	35
159.1966625000001	42
159.5081830000001	38
159.5081830000001	42
159.65894325000008	35
159.8097035000001	42
159.9604637500001	35
160.1112240000001	35
160.1112240000001	42
160.4133265000001	35
160.4133265000001	42
160.7154290000001	38
160.7154290000001	42
161.0175315000001	35
161.0175315000001	49
161.6217365000001	35
161.6217365000001	49
161.9238390000001	38
162.0723902500001	35
162.22094150000012	49
162.36949275000012	38
162.51804400000012	35
162.51804400000012	49
162.8389810000001	35
162.8389810000001	42
163.1599180000001	38
163.1599180000001	42
163.47085500000009	35
163.47085500000009	42
163.7817920000001	42
164.0927290000001	35
164.0927290000001	42
164.4036660000001	38
164.4036660000001	42
164.55413450000012	35
164.7046030000001	42
165.0055400000001	35
165.0055400000001	42
165.3102935000001	35
165.3102935000001	42
165.61504700000012	38
165.61504700000012	42
165.91980050000012	35
165.91980050000012	49
166.2245540000001	42
166.5343075000001	35
166.5343075000001	42
166.8440610000001	38
166.8440610000001	42
166.9964377500001	35
167.1488145000001	42
167.3011912500001	49
167.4535680000001	35
167.4535680000001	49
167.7642045000001	35
167.7642045000001	42
168.0748410000001	38
168.0748410000001	42
168.3804775000001	35
168.3804775000001	42
168.6861140000001	42
168.9917505000001	35
168.9917505000001	42
169.2973870000001	38
169.2973870000001	42
169.4477052500001	35
169.5980235000001	42
169.8986600000001	35
169.8986600000001	42
170.1954630000001	38
170.1954630000001	42
170.4922660000001	38
170.4922660000001	42
170.6406675000001	35
170.7890690000001	42
170.9374705000001	35
171.08587200000008	38
171.08587200000008	42
171.3826750000001	35
171.3826750000001	42
171.5310765000001	35
171.6794780000001	38
171.82787950000008	38
171.97628100000009	47
172.2730840000001	35
172.2730840000001	49
172.58372050000008	42
172.73903875000008	35
172.8943570000001	38
172.8943570000001	42
173.1949935000001	35
173.1949935000001	42
173.4956300000001	42
173.8062665000001	35
173.8062665000001	42
174.1169030000001	38
174.1169030000001	42
174.2672212500001	35
174.4175395000001	42
174.71817600000008	35
174.71817600000008	42
175.01903750000008	42
175.16946825000008	35
175.31989900000008	38
175.31989900000008	42
175.62076050000007	35
175.62076050000007	49
175.9216220000001	42
176.0695527500001	35
176.2174835000001	35
176.2174835000001	49
176.5133450000001	38
176.5133450000001	42
176.6637757500001	35
176.8142065000001	49
176.8142065000001	35
177.1150680000001	35
177.1150680000001	42
177.42092950000008	42
177.57386025000008	35
177.72679100000008	38
177.72679100000008	42
178.02765250000007	35
178.02765250000007	49
178.3285140000001	42
178.4789447500001	35
178.6293755000001	35
178.6293755000001	42
178.9302370000001	38
178.9302370000001	42
179.2260985000001	42
179.5219600000001	35
179.5219600000001	42
179.8228215000001	42
179.9732522500001	35
180.12368300000009	38
180.12368300000009	42
180.41954450000006	35
180.41954450000006	49
180.7154060000001	42
181.0212675000001	35
181.0212675000001	49
181.3271290000001	38
181.3271290000001	42
181.6279905000001	49
181.7784212500001	35
181.7784212500001	49
181.9288520000001	35
181.9288520000001	49
182.2452655000001	42
182.4034722500001	35
182.56167900000008	38
182.56167900000008	42
182.86309250000008	35
182.86309250000008	49
183.1645060000001	42
183.3127127500001	35
183.46091950000007	35
183.46091950000007	42
183.75733300000007	38
183.75733300000007	42
184.05874650000007	42
184.36016000000006	35
184.36016000000006	42
184.66491350000007	42
184.81729025000007	35
184.96966700000007	38
184.96966700000007	42
185.26942050000008	35
185.26942050000008	49
185.56917400000006	42
185.72155075000006	35
185.87392750000006	35
185.87392750000006	42
186.17868100000007	38
186.17868100000007	42
186.48343450000007	42
186.63581125000007	35
186.78818800000008	35
186.78818800000008	49
187.08529050000007	42
187.2338417500001	35
187.3823930000001	38
187.3823930000001	42
187.68449550000008	35
187.68449550000008	49
187.98659800000007	42
188.1376492500001	35
188.2887005000001	35
188.2887005000001	42
188.59080300000008	38
188.59080300000008	42
188.8929055000001	42
189.1950080000001	35
189.1950080000001	42
189.50211050000007	38
189.50211050000007	42
189.80921300000009	38
189.80921300000009	42
189.96026425000008	35
190.11131550000007	42
190.26236675000007	35
190.41341800000006	38
190.41341800000006	42
190.7105205000001	35
190.85907175000008	35
191.00762300000008	38
191.00762300000008	49
191.3147255000001	35
191.62182800000008	35
191.62182800000008	49
191.93432800000008	42
192.09057800000008	35
192.24682800000008	38
192.24682800000008	42
192.56432800000007	35
192.56432800000007	42
192.88182800000007	42
193.18932800000007	35
193.18932800000007	42
193.49682800000008	38
193.49682800000008	42
193.64307800000006	35
193.78932800000007	42
194.0818280000001	35
194.0818280000001	42
194.38885750000009	42
194.54237225000008	35
194.69588700000006	38
194.69588700000006	42
194.9979165000001	35
194.9979165000001	42
195.2999460000001	42
195.6069755000001	35
195.6069755000001	42
195.91400500000006	38
195.91400500000006	42
196.21103450000007	38
196.21103450000007	49
196.50806400000008	35
196.50806400000008	49
196.83064400000006	42
197.15322400000008	38
197.15322400000008	42
197.46030557916674	35
197.46030557916674	42
197.76642707916673	42
198.07254857916672	35
198.07254857916672	42
198.37867007916674	38
198.37867007916674	42
198.52673082916672	35
198.67479157916674	49
198.97091307916673	35
198.97091307916673	42
199.26827307916673	42
199.41695307916675	35
199.56563307916673	38
199.56563307916673	42
199.86799307916672	35
199.86799307916672	49
200.17035307916672	42
200.46271307916672	35
200.46271307916672	42
200.75507307916675	38
200.75507307916675	42
201.05243307916675	47
201.20111307916673	47
201.34979307916674	35
201.34979307916674	49
201.65777957916674	42
201.96576607916674	38
201.96576607916674	42
202.27375257916674	35
202.27375257916674	42
202.58173907916674	42
202.88972557916674	35
202.88972557916674	42
203.19771207916673	38
203.19771207916673	42
203.34670532916675	35
203.4956985791667	42
203.79368507916672	35
203.79368507916672	42
204.08137157916673	42
204.22521482916673	35
204.36905807916673	38
204.36905807916673	42
204.67174457916673	35
204.67174457916673	49
204.97443107916672	42
205.27211757916672	35
205.27211757916672	42
205.56980407916674	38
205.56980407916674	42
205.71614732916674	38
205.86249057916675	42
206.00883382916675	35
206.00883382916675	49
206.15517707916675	35
206.15517707916675	49
206.46463007916674	42
206.77408307916673	38
206.77408307916673	42
207.08853607916674	35
207.08853607916674	42
207.40298907916673	42
207.69744207916673	35
207.69744207916673	42
207.99189507916674	38
207.99189507916674	42
208.13412157916673	35
208.27634807916672	42
208.56080107916674	35
208.56080107916674	49
208.86025407916674	42
209.15970707916674	38
209.15970707916674	42
209.45916007916674	38
209.45916007916674	42
209.75861307916674	42
209.90583957916675	35
210.05306607916674	38
210.05306607916674	42
210.20029257916676	38
210.34751907916674	42
210.49474557916676	38
210.64197207916672	35
210.64197207916672	49
210.93642507916672	35
210.93642507916672	49
211.2385275791667	42
211.54063007916673	38
211.54063007916673	42
211.85273257916674	35
211.85273257916674	42
212.16483507916672	42
212.46693757916674	35
212.46693757916674	42
212.76904007916673	38
212.76904007916673	42
212.92009132916672	35
213.07114257916675	42
213.37324507916674	35
213.37324507916674	42
213.66562807916674	42
213.81181957916675	35
213.95801107916674	38
213.95801107916674	42
214.25539407916673	35
214.25539407916673	49
214.55277707916676	42
214.85516007916675	35
214.85516007916675	42
215.15754307916674	38
215.15754307916674	42
215.30623457916673	35
215.45492607916674	42
215.75230907916674	35
215.75230907916674	49
216.06324907916672	42
216.21871907916673	35
216.37418907916674	38
216.37418907916674	42
216.67512907916674	35
216.67512907916674	49
216.97606907916673	42
217.28200907916673	35
217.28200907916673	42
217.58794907916675	38
217.58794907916675	42
217.73841907916673	35
217.88888907916674	49
218.18982907916674	35
218.18982907916674	42
218.49251557916674	42
218.79520207916673	38
218.79520207916673	42
219.09788857916672	35
219.09788857916672	49
219.4005750791667	42
219.6982615791667	35
219.6982615791667	42
219.99594807916674	38
219.99594807916674	42
220.14479132916674	38
220.29363457916673	49
220.44247782916673	38
220.59132107916673	35
220.59132107916673	49
220.89365957916672	42
221.04482882916673	35
221.19599807916674	38
221.19599807916674	42
221.49833657916673	35
221.49833657916673	42
221.80067507916672	42
222.09801357916675	35
222.09801357916675	42
222.39535207916674	38
222.39535207916674	42
222.54652132916675	35
222.69769057916673	49
223.00002907916675	35
223.00002907916675	42
223.28914557916676	42
223.43370382916675	35
223.57826207916676	38
223.57826207916676	42
223.87237857916676	35
223.87237857916676	42
224.16649507916676	42
224.47061157916676	35
224.47061157916676	42
224.77472807916675	38
224.77472807916675	42
224.91928632916674	35
225.06384457916676	42
225.35296107916676	35
225.35296107916676	42
225.65057507916677	42
225.79938207916675	35
225.94818907916675	38
225.94818907916675	42
226.25703016041675	35
226.25703016041675	42
226.56579828541678	42
226.86282778541675	35
226.86282778541675	42
227.15985728541676	38
227.15985728541676	42
227.30337203541677	35
227.44688678541675	42
227.73391628541677	38
227.73391628541677	47
228.17833267188914	38
228.32646331875011	38
228.6227248187501	38
229.0646170687501	38
229.2102478187501	38
229.5015093187501	47
229.79777081875008	47
229.9459015687501	47
230.0940323187501	35
230.0940323187501	49