5.940416000000001	35
5.940416000000001	49
6.188350000000001	49
6.312317000000001	49
6.4362840000000014	38
6.4362840000000014	49
6.684218000000001	35
6.684218000000001	49
6.932152000000001	49
7.056119000000002	49
7.180086000000001	35
7.180086000000001	49
7.428020000000001	38
7.428020000000001	49
7.680954000000002	35
7.680954000000002	42
7.933888000000001	35
7.933888000000001	49
8.181822	49
8.305789	49
8.429756000000001	38
8.429756000000001	49
8.677690000000002	35
8.677690000000002	49
8.925624000000001	49
9.049591000000001	49
9.173558000000002	35
9.173558000000002	49
9.421492	38
9.421492	49
9.669426000000001	35
9.669426000000001	49
9.917360000000002	35
9.917360000000002	49
10.165294000000001	49
10.289261000000002	49
10.413228000000002	38
10.413228000000002	49
10.661162000000001	35
10.661162000000001	49
10.909096000000002	49
11.033063000000002	49
11.157030000000002	35
11.157030000000002	49
11.404964000000001	38
11.404964000000001	49
11.652898000000002	35
11.652898000000002	42
11.900832000000001	35
11.900832000000001	49
12.148766000000002	49
12.272733000000002	49
12.396700000000001	38
12.396700000000001	49
12.644634000000002	35
12.644634000000002	49
12.892568000000002	49
13.016535000000001	49
13.140502000000001	35
13.140502000000001	49
13.388436000000002	38
13.388436000000002	49
13.641370000000002	35
13.641370000000002	49
13.894304000000002	35
13.894304000000002	49
14.142854000000002	49
14.267129000000002	49
14.391404000000001	38
14.391404000000001	49
14.639954000000001	35
14.639954000000001	49
14.888504000000001	49
15.010279000000002	49
15.132054	35
15.132054	49
15.375604000000003	38
15.375604000000003	49
15.629154000000003	35
15.629154000000003	42
15.882704000000002	35
15.882704000000002	49
16.131254000000002	49
16.255529000000003	49
16.379804000000004	38
16.379804000000004	49
16.628354000000005	35
16.628354000000005	49
16.876904000000003	49
16.998679000000003	49
17.120454000000002	35
17.120454000000002	49
17.364004	38
17.364004	49
17.612554000000003	35
17.612554000000003	49
17.861104	35
17.861104	49
18.109654000000003	49
18.233929000000003	49
18.358204	38
18.358204	49
18.606754000000002	35
18.606754000000002	49
18.855304000000004	49
18.979579	49
19.103854000000002	35
19.103854000000002	49
19.352404000000003	38
19.352404000000003	49
19.600954	35
19.600954	42
19.849504000000003	35
19.849504000000003	49
20.098054	49
20.222329000000002	49
20.346604000000003	38
20.346604000000003	49
20.600154000000003	35
20.600154000000003	49
20.853704000000004	35
20.853704000000004	49
20.975479000000004	49
21.097254000000003	35
21.097254000000003	49
21.340804000000002	38
21.340804000000002	49
21.584354	35
21.584354	49
21.827904	35
21.827904	49
22.076454000000002	49
22.200729	49
22.325004000000003	38
22.325004000000003	49
22.573554	35
22.573554	49
22.822104	49
22.946379	49
23.070654	35
23.070654	49
23.319204000000003	38
23.319204000000003	49
23.567754	35
23.567754	42
23.816304	35
23.816304	49
24.064854	49
24.189129	49
24.313404000000002	38
24.313404000000002	49
24.561954000000004	35
24.561954000000004	49
24.810504	49
24.934779000000002	49
25.059054	35
25.059054	49
25.307604	38
25.307604	49
25.556154000000003	35
25.556154000000003	49
25.804704	35
25.804704	49
26.053254	49
26.177529000000003	49
26.301804	38
26.301804	49
26.550354000000002	35
26.550354000000002	49
26.798904000000004	49
26.923179	49
27.047454000000002	35
27.047454000000002	49
27.296004	38
27.296004	49
27.544554	35
27.544554	42
27.793104000000003	35
27.793104000000003	49
28.041654	49
28.165929000000002	49
28.290204	38
28.290204	49
28.538754	35
28.538754	49
28.787304000000002	49
28.911579	49
29.035854000000004	35
29.035854000000004	49
29.284404000000002	38
29.284404000000002	49
29.532954	35
29.532954	49
29.781504	35
29.781504	49
30.025054000000004	49
30.146829	49
30.268604000000007	38
30.268604000000007	49
30.517154	35
30.517154	49
30.765704000000003	49
30.889979	49
31.014254000000005	35
31.014254000000005	49
31.262804000000006	38
31.262804000000006	49
31.511354	35
31.511354	42
31.759904000000002	35
31.759904000000002	49
32.007633	49
32.1314975	49
32.255362	38
32.255362	49
32.513091	35
32.513091	49
32.77082	49
32.892184500000006	49
33.013549	35
33.013549	49
33.256278	38
33.256278	49
33.504007	35
33.504007	49
33.751736	35
33.751736	49
33.999465	49
34.123329500000004	49
34.247194	38
34.247194	49
34.49992300000001	35
34.49992300000001	49
34.752652000000005	49
34.8740165	49
34.995381	35
34.995381	49
35.238110000000006	38
35.238110000000006	49
35.485839000000006	35
35.485839000000006	42
35.733568000000005	35
35.733568000000005	49
35.981297000000005	49
36.1051615	49
36.229026000000005	38
36.229026000000005	49
36.486755	35
36.486755	49
36.744484	49
36.865848500000006	49
36.987213	35
36.987213	49
37.229942	38
37.229942	49
37.472671	35
37.472671	49
37.7154	35
37.7154	49
37.968129000000005	49
38.094493500000006	49
38.220858	38
38.220858	49
38.468587	35
38.468587	49
38.716316	49
38.8401805	49
38.964045	35
38.964045	49
39.211774000000005	38
39.211774000000005	49
39.459503000000005	35
39.459503000000005	42
39.707232000000005	35
39.707232000000005	49
39.954961000000004	49
40.0788255	49
40.202690000000004	38
40.202690000000004	49
40.455419000000006	35
40.455419000000006	49
40.708148	49
40.8320125	49
40.955877	35
40.955877	49
41.203606	38
41.203606	49
41.451335	35
41.451335	49
41.699064	35
41.699064	49
41.946793	49
42.0706575	49
42.194522	38
42.194522	49
42.442251	35
42.442251	49
42.68998	49
42.811344500000004	49
42.932708999999996	35
42.932708999999996	49
43.175438	38
43.175438	49
43.42816700000001	35
43.42816700000001	42
43.680896	35
43.680896	49
43.928625000000004	49
44.0524895	49
44.176353999999996	38
44.176353999999996	49
44.429083000000006	35
44.429083000000006	49
44.68181200000001	49
44.8031765	49
44.924541000000005	35
44.924541000000005	49
45.16727	38
45.16727	49
45.414999	35
45.414999	49
45.662728	35
45.662728	49
45.91169	49
46.036171	49
46.160652	38
46.160652	49
46.409614000000005	35
46.409614000000005	49
46.658576000000004	49
46.783057	49
46.907538	35
46.907538	49
47.1565	38
47.1565	49
47.405462	35
47.405462	42
47.654424	35
47.654424	49
47.903386000000005	49
48.027867	49
48.152348	38
48.152348	49
48.40131	35
48.40131	49
48.650272	49
48.772253000000006	49
48.894234	35
48.894234	49
49.138196	38
49.138196	49
49.38715800000001	35
49.38715800000001	49
49.636120000000005	35
49.636120000000005	49
49.885082000000004	49
50.009563	49
50.134044	38
50.134044	49
50.388006000000004	35
50.388006000000004	49
50.641968	35
50.641968	49
50.761449	49
50.880930000000006	49
51.11989200000001	38
51.11989200000001	49
51.368854000000006	35
51.368854000000006	42
51.617816000000005	35
51.617816000000005	49
51.866778000000004	49
51.99125900000001	49
52.11574000000001	38
52.11574000000001	49
52.374702000000006	35
52.374702000000006	49
52.633664	35
52.633664	49
52.755645	49
52.877626	49
53.121588	38
53.121588	49
53.36555	35
53.36555	49
53.609512	35
53.609512	49
53.85847400000001	42
53.982955000000004	38
53.982955000000004	42
54.10743600000001	38
54.10743600000001	42
54.356398000000006	35
54.356398000000006	42
54.605360000000005	35
54.605360000000005	42
54.72984100000001	42
54.854322	42
55.10328400000001	38
55.10328400000001	42
55.35224600000001	35
55.35224600000001	42
55.60120800000001	35
55.60120800000001	42
55.8437325	42
55.96499475	38
55.96499475	42
56.086257	38
56.086257	42
56.3387815	35
56.3387815	42
56.59130600000001	35
56.59130600000001	42
56.71506825000001	42
56.83883050000001	42
57.086355000000005	38
57.086355000000005	42
57.33387950000001	42
57.581404000000006	35
57.581404000000006	42
57.82892850000001	42
57.95269075000001	38
57.95269075000001	42
58.07645300000001	38
58.07645300000001	42
58.323977500000005	35
58.323977500000005	42
58.57150200000001	35
58.57150200000001	42
58.69526425000001	42
58.81902650000001	42
59.066551000000004	38
59.066551000000004	42
59.31907550000001	35
59.31907550000001	42
59.571600000000004	35
59.571600000000004	42
59.81912450000001	42
59.94288675000001	38
59.94288675000001	42
60.066649000000005	38
60.066649000000005	42
60.3141735	35
60.3141735	42
60.56169800000001	35
60.56169800000001	42
60.68296025000001	42
60.8042225	42
61.046747	38
61.046747	42
61.29927150000001	35
61.29927150000001	42
61.551796	35
61.551796	42
61.79932050000001	42
61.923082750000006	38
61.923082750000006	42
62.046845000000005	38
62.046845000000005	42
62.2943695	35
62.2943695	42
62.541894000000006	35
62.541894000000006	42
62.665656250000005	42
62.789418500000004	42
63.03694300000001	38
63.03694300000001	42
63.284467500000005	35
63.284467500000005	42
63.531992	35
63.531992	42
63.774516500000004	42
63.89577875	38
63.89577875	42
64.017041	38
64.017041	42
64.26956550000001	35
64.26956550000001	42
64.52209	35
64.52209	42
64.64585225	42
64.7696145	42
65.017139	38
65.017139	42
65.26966350000002	42
65.52218800000001	35
65.52218800000001	42
65.76971250000001	42
65.89347475000001	38
65.89347475000001	42
66.01723700000001	38
66.01723700000001	42
66.2647615	35
66.2647615	42
66.512286	35
66.512286	42
66.63604825000002	42
66.75981050000001	42
67.00733500000001	38
67.00733500000001	42
67.2598595	35
67.2598595	42
67.512384	35
67.512384	42
67.75634600000001	42
67.878327	38
67.878327	42
68.000308	38
68.000308	42
68.24927000000001	35
68.24927000000001	42
68.498232	35
68.498232	42
68.620213	42
68.742194	35
68.742194	42
68.98615600000001	38
68.98615600000001	42
69.24011800000001	42
69.49408000000001	35
69.49408000000001	49
69.743042	42
69.867523	38
69.867523	42
69.99200400000001	38
69.99200400000001	42
70.240966	35
70.240966	42
70.489928	35
70.489928	42
70.61190900000001	42
70.73389	42
70.977852	38
70.977852	42
71.226814	35
71.226814	42
71.475776	35
71.475776	42
71.724738	42
71.849219	38
71.849219	42
71.97370000000001	38
71.97370000000001	42
72.222662	35
72.222662	42
72.471624	35
72.471624	42
72.59110499999998	42
72.71058599999999	42
72.94954800000001	38
72.94954800000001	42
73.20351000000001	35
73.20351000000001	42
73.457472	35
73.457472	42
73.701434	42
73.823415	38
73.823415	42
73.945396	38
73.945396	42
74.199358	35
74.199358	42
74.45331999999999	35
74.45331999999999	42
74.577801	42
74.702282	42
74.951244	38
74.951244	42
75.200206	35
75.200206	42
75.449168	35
75.449168	42
75.697102	42
75.821069	38
75.821069	42
75.945036	38
75.945036	42
76.19797000000001	35
76.19797000000001	42
76.45090400000001	35
76.45090400000001	42
76.572371	42
76.693838	42
76.936772	38
76.936772	42
77.18970600000002	35
77.18970600000002	42
77.44264000000001	35
77.44264000000001	42
77.69057400000001	42
77.814541	38
77.814541	42
77.93850800000001	38
77.93850800000001	42
78.186442	35
78.186442	42
78.434376	35
78.434376	42
78.55834300000001	42
78.68231	42
78.930244	38
78.930244	42
79.178178	35
79.178178	42
79.426112	35
79.426112	42
79.674046	42
79.79801300000001	38
79.79801300000001	42
79.92198	38
79.92198	42
80.169914	35
80.169914	42
80.417848	35
80.417848	42
80.541815	42
80.66578200000001	42
80.91371600000001	38
80.91371600000001	42
81.16165000000001	42
81.40958400000001	35
81.40958400000001	42
81.652518	42
81.773985	38
81.773985	42
81.895452	38
81.895452	42
82.14838600000002	35
82.14838600000002	42
82.40132000000001	35
82.40132000000001	42
82.52278700000001	42
82.644254	42
82.887188	38
82.887188	42
83.140122	35
83.140122	42
83.393056	35
83.393056	42
83.64099	38
83.76495700000001	38
83.888924	38
84.14185800000001	35
84.14185800000001	42
84.39479200000001	35
84.39479200000001	47
84.637726	38
84.75919300000001	38
84.88066	38
85.128594	35
85.128594	47
85.37652800000001	35
85.37652800000001	49
85.62946200000002	42
85.88239600000001	38
85.88239600000001	42
86.13033000000001	35
86.13033000000001	42
86.37826400000002	35
86.37826400000002	42
86.62619800000002	42
86.87413200000002	38
86.87413200000002	42
87.12206600000002	35
87.12206600000002	42
87.37000000000002	35
87.37000000000002	42
87.612934	42
87.855868	38
87.855868	42
88.103802	35
88.103802	42
88.351736	35
88.351736	42
88.59967	42
88.847604	38
88.847604	42
89.10053800000001	35
89.10053800000001	42
89.35347200000001	35
89.35347200000001	42
89.60140600000001	42
89.84934000000001	38
89.84934000000001	42
90.092274	35
90.092274	42
90.33520800000001	35
90.33520800000001	42
90.58314200000001	42
90.83107600000001	38
90.83107600000001	42
91.07901000000001	35
91.07901000000001	42
91.32694400000001	35
91.32694400000001	42
91.57987800000002	42
91.832812	38
91.832812	42
92.08074600000002	35
92.08074600000002	42
92.32868	35
92.32868	42
92.57661400000002	42
92.82454800000001	38
92.82454800000001	42
93.07248200000001	35
93.07248200000001	42
93.32041600000001	35
93.32041600000001	42
93.56835000000001	42
93.81628400000001	38
93.81628400000001	42
94.06421800000001	35
94.06421800000001	42
94.31215200000001	35
94.31215200000001	42
94.56008600000001	42
94.80802000000001	38
94.80802000000001	42
95.06095400000001	35
95.06095400000001	42
95.313888	35
95.313888	42
95.55682200000001	42
95.79975600000002	38
95.79975600000002	42
96.04769000000002	35
96.04769000000002	42
96.29562400000002	35
96.29562400000002	42
96.54355800000002	42
96.79149200000002	38
96.79149200000002	42
97.039426	35
97.039426	42
97.28736000000002	35
97.28736000000002	49
97.53632200000003	42
97.78528400000002	38
97.78528400000002	42
98.03424600000002	35
98.03424600000002	42
98.28320800000002	35
98.28320800000002	42
98.53217000000002	42
98.78113200000003	38
98.78113200000003	42
99.03009400000002	35
99.03009400000002	42
99.27905600000003	35
99.27905600000003	42
99.52801800000002	42
99.77698000000002	38
99.77698000000002	42
100.03094200000001	35
100.03094200000001	42
100.28490400000001	35
100.28490400000001	42
100.52886600000002	35
100.52886600000002	49
100.77282800000002	38
101.02179000000002	35
101.02179000000002	42
101.27075200000002	35
101.27075200000002	49
101.51971400000002	42
101.76867600000003	38
101.76867600000003	42
102.01763800000002	35
102.01763800000002	42
102.26660000000003	35
102.26660000000003	42
102.51556200000002	42
102.76452400000002	38
102.76452400000002	42
103.008486	35
103.008486	42
103.25244800000002	35
103.25244800000002	42
103.50141000000002	42
103.75037200000001	38
103.75037200000001	42
103.99933400000002	35
103.99933400000002	42
104.24829600000001	35
104.24829600000001	42
104.492258	42
104.73622000000002	38
104.73622000000002	42
104.99018200000002	35
104.99018200000002	42
105.24414400000002	35
105.24414400000002	42
105.48748800000001	42
105.73083200000002	38
105.73083200000002	42
105.97917600000001	35
105.97917600000001	42
106.22752000000001	35
106.22752000000001	42
106.47586400000002	42
106.72420800000002	38
106.72420800000002	42
106.97255200000002	35
106.97255200000002	42
107.22089600000001	35
107.22089600000001	42
107.46924000000001	42
107.71758400000002	38
107.71758400000002	42
107.97092800000003	35
107.97092800000003	42
108.22427200000001	35
108.22427200000001	42
108.47261600000002	42
108.72096000000002	38
108.72096000000002	42
108.96930400000002	35
108.96930400000002	42
109.21764800000003	35
109.21764800000003	42
109.46599200000001	42
109.71433600000002	38
109.71433600000002	42
109.96268000000002	35
109.96268000000002	42
110.21102400000002	35
110.21102400000002	42
110.45436800000002	42
110.69771200000001	38
110.69771200000001	42
110.95105600000002	35
110.95105600000002	42
111.20440000000002	35
111.20440000000002	42
111.45233400000002	42
111.70026800000002	38
111.70026800000002	42
111.94320200000001	35
111.94320200000001	42
112.18613600000002	35
112.18613600000002	42
112.43407000000002	42
112.68200400000002	38
112.68200400000002	42
112.92993800000002	35
112.92993800000002	42
113.17787200000002	35
113.17787200000002	49
113.17787200000002	49
113.43080600000003	42
113.68374000000003	38
113.68374000000003	42
113.926674	35
113.926674	42
114.16960800000001	35
114.16960800000001	42
114.41754200000001	42
114.66547600000001	38
114.66547600000001	42
114.91341000000001	35
114.91341000000001	42
115.16134400000001	35
115.16134400000001	42
115.40927800000001	35
115.40927800000001	42
115.65721200000002	38
115.65721200000002	42
115.90514600000002	35
115.90514600000002	42
116.15308000000002	35
116.15308000000002	42
116.40101400000002	35
116.40101400000002	42
116.64894800000002	38
116.64894800000002	42
116.90688200000002	35
116.90688200000002	42
117.16481600000003	35
117.16481600000003	49
117.40775000000002	35
117.40775000000002	49
117.65068400000003	38
117.65068400000003	49
117.90361800000004	35
117.90361800000004	49
118.15655200000003	35
118.15655200000003	49
118.40448600000003	35
118.40448600000003	49
118.65242000000002	38
118.65242000000002	49
118.89535400000001	35
118.89535400000001	49
119.13828800000002	35
119.13828800000002	49
119.39122200000003	42
119.51768900000003	38
119.51768900000003	42
119.64415600000002	38
119.64415600000002	42
119.89209000000002	35
119.89209000000002	42
120.14002400000003	35
120.14002400000003	42
120.26149100000004	42
120.38295800000002	42
120.62589200000002	38
120.62589200000002	42
120.87882600000003	35
120.87882600000003	42
121.13176000000003	35
121.13176000000003	42
121.37969400000003	42
121.50366100000002	38
121.50366100000002	42
121.62762800000003	38
121.62762800000003	42
121.87556200000003	35
121.87556200000003	42
122.12349600000003	35
122.12349600000003	42
122.24746300000002	42
122.37143000000003	42
122.61936400000003	38
122.61936400000003	42
122.86729800000003	35
122.86729800000003	42
123.11523200000003	35
123.11523200000003	42
123.36816600000002	42
123.49463300000002	38
123.49463300000002	42
123.62110000000001	38
123.62110000000001	42
123.86903400000001	35
123.86903400000001	42
124.11696800000001	35
124.11696800000001	42
124.24093500000002	42
124.36490200000001	42
124.61283600000002	38
124.61283600000002	42
124.86077000000002	35
124.86077000000002	42
125.10870400000002	35
125.10870400000002	42
125.35266600000003	42
125.47464700000002	38
125.47464700000002	42
125.59662800000002	38
125.59662800000002	42
125.85059000000003	35
125.85059000000003	42
126.10455200000001	35
126.10455200000001	42
126.22903300000002	42
126.35351400000002	42
126.60247600000002	38
126.60247600000002	42
126.85143800000002	35
126.85143800000002	42
127.10040000000002	35
127.10040000000002	42
127.34436200000002	42
127.46634300000002	38
127.46634300000002	42
127.58832400000003	38
127.58832400000003	42
127.837286	35
127.837286	42
128.086248	35
128.086248	42
128.20822900000002	42
128.33021000000002	42
128.57417200000003	38
128.57417200000003	42
128.823134	35
128.823134	42
129.07209600000002	35
129.07209600000002	42
129.32105800000002	42
129.44553900000002	38
129.44553900000002	42
129.57002000000003	38
129.57002000000003	42
129.81898200000003	35
129.81898200000003	42
130.067944	35
130.067944	42
130.19242500000001	42
130.31690600000002	42
130.56586800000002	38
130.56586800000002	42
130.81983000000002	35
130.81983000000002	42
131.07379200000003	35
131.07379200000003	42
131.317754	42
131.439735	38
131.439735	42
131.56171600000002	38
131.56171600000002	42
131.81067800000002	35
131.81067800000002	42
132.05964000000003	35
132.05964000000003	42
132.18162100000004	42
132.303602	42
132.54756400000002	38
132.54756400000002	42
132.80152600000002	35
132.80152600000002	42
133.05548800000003	35
133.05548800000003	42
133.30445000000003	42
133.42893100000003	38
133.42893100000003	42
133.553412	38
133.553412	42
133.80237400000001	35
133.80237400000001	42
134.05133600000002	35
134.05133600000002	42
134.17331700000003	42
134.29529800000003	35
134.29529800000003	42
134.53926000000004	38
134.53926000000004	42
134.78822200000002	35
134.78822200000002	42
135.03718400000002	35
135.03718400000002	49
135.28114600000004	42
135.403127	38
135.403127	42
135.52510800000002	38
135.52510800000002	42
135.77407000000002	35
135.77407000000002	42
136.023032	35
136.023032	42
136.147513	42
136.271994	42
136.520956	38
136.520956	42
136.76991800000002	35
136.76991800000002	42
137.01888000000002	35
137.01888000000002	42
137.262842	42
137.384823	38
137.384823	42
137.50680400000002	38
137.50680400000002	42
137.765766	35
137.765766	42
138.02472800000004	35
138.02472800000004	42
138.14420900000005	42
138.26369000000005	42
138.502652	38
138.502652	42
138.756614	35
138.756614	42
139.01057600000001	35
139.01057600000001	42
139.25289550000002	42
139.37405525000003	38
139.37405525000003	42
139.49521500000003	38
139.49521500000003	42
139.74753450000003	35
139.74753450000003	42
139.99985400000003	35
139.99985400000003	42
140.12601375	42
140.2521735	42
140.50449300000002	38
140.50449300000002	42
140.75181250000003	35
140.75181250000003	42
140.99913200000003	35
140.99913200000003	42
141.24645150000003	42
141.37011125000004	38
141.37011125000004	42
141.49377100000004	38
141.49377100000004	42
141.74109050000004	35
141.74109050000004	42
141.98841000000004	35
141.98841000000004	42
142.11206975000005	42
142.23572950000005	42
142.48304900000002	38
142.48304900000002	42
142.73036850000003	35
142.73036850000003	42
142.97768800000003	35
142.97768800000003	42
143.23000750000003	42
143.35616725000003	38
143.35616725000003	42
143.48232700000003	38
143.48232700000003	42
143.72964650000003	35
143.72964650000003	42
143.97696600000003	35
143.97696600000003	42
144.10062575000003	42
144.22428550000004	42
144.471605	38
144.471605	42
144.7189245	35
144.7189245	42
144.96624400000002	35
144.96624400000002	42
145.214178	42
145.33814500000003	38
145.33814500000003	42
145.46211200000002	38
145.46211200000002	42
145.710046	35
145.710046	42
145.95798000000002	35
145.95798000000002	42
146.081947	42
146.205914	42
146.45384800000002	38
146.45384800000002	42
146.701782	35
146.701782	42
146.94971600000002	35
146.94971600000002	42
147.19265000000001	42
147.314117	38
147.314117	42
147.43558400000003	38
147.43558400000003	42
147.68851800000002	35
147.68851800000002	42
147.94145200000003	35
147.94145200000003	42
148.06541900000002	42
148.189386	42
148.43732000000003	38
148.43732000000003	42
148.690254	35
148.690254	42
148.94318800000002	35
148.94318800000002	42
149.186122	38
149.307589	38
149.42905600000003	38
149.68199	35
149.68199	42
149.93492400000002	35
149.93492400000002	47
150.17785800000001	38
150.299325	38
150.420792	38
150.66872600000002	35
150.66872600000002	47
150.91666	35
150.91666	49
151.174594	42
151.43252800000002	38
151.43252800000002	42
151.68046200000003	35
151.68046200000003	42
151.92839600000002	35
151.92839600000002	42
152.17633000000004	42
152.42426400000002	38
152.42426400000002	42
152.66719800000004	35
152.66719800000004	42
152.910132	35
152.910132	42
153.158682	42
153.407232	38
153.407232	42
153.65578200000002	35
153.65578200000002	42
153.904332	35
153.904332	42
154.152882	42
154.401432	38
154.401432	42
154.649982	35
154.649982	42
154.89853200000002	35
154.89853200000002	42
155.147082	42
155.395632	38
155.395632	42
155.644182	35
155.644182	42
155.892732	35
155.892732	42
156.14128200000002	42
156.389832	38
156.389832	42
156.633382	35
156.633382	42
156.876932	35
156.876932	42
157.130482	42
157.384032	38
157.384032	42
157.62758200000002	35
157.62758200000002	42
157.87113200000002	35
157.87113200000002	42
158.119682	42
158.24395700000002	38
158.368232	38
158.368232	42
158.616782	35
158.616782	42
158.86533200000002	35
158.86533200000002	42
159.11388200000002	42
159.362432	38
159.362432	42
159.610982	35
159.610982	42
159.859532	35
159.859532	42
160.10808200000002	42
160.35663200000002	38
160.35663200000002	42
160.610182	35
160.610182	42
160.863732	35
160.863732	42
161.107282	42
161.35083200000003	38
161.35083200000003	42
161.59938200000002	35
161.59938200000002	42
161.84793200000001	35
161.84793200000001	42
162.096482	42
162.345032	38
162.345032	42
162.59358200000003	35
162.59358200000003	42
162.84213200000002	35
162.84213200000002	49
163.08568200000002	42
163.32923200000002	38
163.32923200000002	42
163.577782	35
163.577782	42
163.82633200000004	35
163.82633200000004	42
164.07988200000003	42
164.33343200000002	38
164.33343200000002	42
164.581982	35
164.581982	42
164.830532	35
164.830532	42
165.07908200000003	42
165.32763200000002	38
165.32763200000002	42
165.57618200000002	35
165.57618200000002	49
165.824732	35
166.06328200000002	35
166.06328200000002	49
166.30183200000002	38
166.550382	35
166.550382	42
166.798932	35
166.798932	49
167.052482	42
167.30603200000002	38
167.30603200000002	42
167.559582	35
167.559582	42
167.81313200000002	35
167.81313200000002	42
168.06168200000002	42
168.310232	38
168.310232	42
168.558782	35
168.558782	42
168.807332	35
168.807332	42
169.05588200000003	42
169.30443200000002	38
169.30443200000002	42
169.55298200000001	35
169.55298200000001	42
169.801532	35
169.801532	42
170.045082	42
170.28863200000004	38
170.28863200000004	42
170.53718200000003	35
170.53718200000003	42
170.78573200000002	35
170.78573200000002	42
171.03928200000001	42
171.292832	38
171.292832	42
171.54138200000003	35
171.54138200000003	42
171.78993200000002	35
171.78993200000002	42
172.03348200000002	42
172.27703200000002	38
172.27703200000002	42
172.525582	35
172.525582	42
172.774132	35
172.774132	42
173.022066	42
173.27	38
173.27	42
173.517934	35
173.517934	42
173.765868	35
173.765868	42
174.013802	42
174.261736	38
174.261736	42
174.50967	35
174.50967	42
174.75760400000001	35
174.75760400000001	42
175.010538	42
175.263472	38
175.263472	42
175.511406	35
175.511406	42
175.75934	35
175.75934	42
176.002274	42
176.24520800000002	38
176.24520800000002	42
176.498142	35
176.498142	42
176.751076	35
176.751076	42
176.99901	42
177.246944	38
177.246944	42
177.494878	35
177.494878	42
177.74281200000001	35
177.74281200000001	42
177.990746	42
178.23868	38
178.23868	42
178.486614	35
178.486614	42
178.734548	35
178.734548	49
178.982482	38
179.106449	38
179.230416	38
179.47835	35
179.47835	42
179.726284	35
179.726284	42
179.974218	42
180.222152	38
180.222152	42
180.470086	35
180.470086	42
180.71802	35
180.71802	42
180.965954	35
180.965954	42
181.213888	38
181.213888	42
181.461822	35
181.461822	42
181.709756	35
181.709756	42
181.95769	35
181.95769	42
182.205624	38
182.205624	42
182.45855799999998	35
182.45855799999998	42
182.711492	35
182.711492	42
182.949426	35
182.949426	42
183.18736	38
183.18736	42
183.445294	35
183.445294	42
183.703228	35
183.703228	42
183.941162	35
183.941162	42
184.17909600000002	38
184.17909600000002	42
184.43203	35
184.43203	42
184.684964	35
184.684964	49
184.932898	42
185.05686500000002	38
185.05686500000002	42
185.180832	38
185.180832	42
185.428766	35
185.428766	42
185.6767	35
185.6767	42
185.803167	42
185.929634	42
186.182568	38
186.182568	42
186.430502	35
186.430502	42
186.678436	35
186.678436	42
186.92178	42
187.043452	38
187.043452	42
187.16512400000002	38
187.16512400000002	42
187.41846800000002	35
187.41846800000002	42
187.67181200000002	35
187.67181200000002	42
187.795984	42
187.920156	42
188.1685	38
188.1685	42
188.416844	35
188.416844	42
188.665188	35
188.665188	42
188.908532	42
189.03020400000003	38
189.03020400000003	42
189.15187600000002	38
189.15187600000002	42
189.40022000000002	35
189.40022000000002	42
189.64856400000002	35
189.64856400000002	42
189.772736	42
189.89690800000002	42
190.14525200000003	38
190.14525200000003	42
190.393596	35
190.393596	42
190.64194	35
190.64194	42
190.890284	42
191.01445600000002	38
191.01445600000002	42
191.138628	38
191.138628	42
191.38697200000001	35
191.38697200000001	42
191.63531600000002	35
191.63531600000002	42
191.759488	42
191.88366000000002	42
192.13200400000002	38
192.13200400000002	42
192.38034800000003	35
192.38034800000003	42
192.628692	35
192.628692	42
192.877036	42
193.00120800000002	38
193.00120800000002	42
193.12538	38
193.12538	42
193.373724	35
193.373724	42
193.622068	35
193.622068	42
193.74374	42
193.86541200000002	42
194.10875600000003	38
194.10875600000003	42
194.36210000000003	35
194.36210000000003	42
194.61544400000002	35
194.61544400000002	42
194.863788	42
194.98796000000002	38
194.98796000000002	42
195.112132	38
195.112132	42
195.360476	35
195.360476	42
195.60882	35
195.60882	42
195.73049200000003	42
195.85216400000002	42
196.09550800000002	38
196.09550800000002	42
196.34885200000002	35
196.34885200000002	42
196.60219600000002	35
196.60219600000002	42
196.84554000000003	42
196.96721200000002	38
196.96721200000002	42
197.08888400000004	38
197.08888400000004	42
197.342228	35
197.342228	42
197.595572	35
197.595572	42
197.71724400000002	42
197.838916	42
198.08226000000002	38
198.08226000000002	42
198.33560400000002	35
198.33560400000002	42
198.58894800000002	35
198.58894800000002	38
198.58894800000002	42
200.5757	35
200.5757	49
200.829044	42
201.082388	38
201.082388	42
201.330732	35
201.330732	42
201.57907600000001	35
201.57907600000001	42
201.82242000000002	42
202.065764	38
202.065764	42
202.319108	35
202.319108	42
202.572452	35
202.572452	42
202.815796	42
203.05914	38
203.05914	42
203.30748400000002	35
203.30748400000002	42
203.55582800000002	35
203.55582800000002	42
203.79917200000003	42
204.04251600000003	38
204.04251600000003	42
204.29086	35
204.29086	42
204.539204	35
204.539204	42
204.78754800000002	42
205.03589200000002	38
205.03589200000002	42
205.28923600000002	35
205.28923600000002	42
205.54258000000002	35
205.54258000000002	42
205.79092400000002	42
206.03926800000002	38
206.03926800000002	42
206.28761200000002	35
206.28761200000002	42
206.535956	35
206.535956	42
206.7843	42
207.032644	38
207.032644	42
207.280988	35
207.280988	42
207.529332	35
207.529332	42
207.777676	42
207.90184800000003	38
208.02602000000002	38
208.02602000000002	42
208.27936400000002	35
208.27936400000002	42
208.532708	35
208.532708	42
208.77605200000002	42
209.01939600000003	38
209.01939600000003	42
209.26774	35
209.26774	42
209.516084	35
209.516084	42
209.764428	42
210.012772	38
210.012772	42
210.26111600000002	35
210.26111600000002	42
210.50946000000002	35
210.50946000000002	42
210.75280400000003	42
210.99614800000003	38
210.99614800000003	42
211.24949200000003	35
211.24949200000003	42
211.502836	35
211.502836	42
211.74618	42
211.98952400000002	38
211.98952400000002	42
212.23786800000002	35
212.23786800000002	42
212.48621200000002	35
212.48621200000002	49
212.73955600000002	42
212.99290000000002	38
212.99290000000002	42
213.24124400000002	35
213.24124400000002	42
213.48958800000003	35
213.48958800000003	42
213.732932	42
213.976276	38
213.976276	42
214.22962	35
214.22962	42
214.482964	35
214.482964	42
214.725898	42
214.96883200000002	38
214.96883200000002	42
215.221766	35
215.221766	49
215.4747	35
215.717634	35
215.717634	49
215.96056800000002	38
216.213502	35
216.213502	42
216.46643600000002	35
216.46643600000002	49
216.71937	42
216.972304	38
216.972304	42
217.220238	35
217.220238	42
217.468172	35
217.468172	42
217.716106	42
217.96404	38
217.96404	42
218.206974	35
218.206974	42
218.44990800000002	35
218.44990800000002	42
218.697842	42
218.94577600000002	38
218.94577600000002	42
219.19871	35
219.19871	42
219.451644	35
219.451644	42
219.694578	42
219.937512	38
219.937512	42
220.190446	35
220.190446	42
220.44338	35
220.44338	42
220.686314	42
220.929248	38
220.929248	42
221.17718200000002	35
221.17718200000002	42
221.425116	35
221.425116	42
221.67805	42
221.930984	38
221.930984	42
222.178918	35
222.178918	42
222.426852	35
222.426852	42
222.674786	42
222.92272	38
222.92272	42
223.170654	35
223.170654	42
223.418588	35
223.418588	42
223.66652200000001	42
223.914456	38
223.914456	42
224.16239000000002	35
224.16239000000002	42
224.410324	35
224.410324	42
224.653258	42
224.896192	38
224.896192	42
225.149126	35
225.149126	42
225.40206	35
225.40206	42
225.649994	42
225.897928	38
225.897928	42
226.145862	35
226.145862	42
226.393796	35
226.393796	42
226.63673	42
226.87966400000002	38
226.87966400000002	42
227.127598	35
227.127598	42
227.37553200000002	35
227.37553200000002	42
227.623466	42
227.87140000000002	38
227.87140000000002	42
228.119334	35
228.36726800000002	35
228.36726800000002	49
228.863136	38
228.863136	42
229.11107	35
229.11107	42
229.359004	35
229.359004	42
229.611938	42
229.864872	38
229.864872	42
230.112806	35
230.112806	42
230.36074	35
230.36074	42
230.603674	35
230.603674	42
230.846608	38
230.846608	42
231.099542	35
231.099542	42
231.352476	35
231.352476	42
231.60041	35
231.60041	42
231.848344	38
231.848344	42
232.096278	35
232.096278	42
232.344212	35
232.344212	42
232.592762	35
232.592762	42
232.841312	38
232.841312	42
233.089862	35
233.089862	42
233.338412	35
233.338412	42
233.581962	35
233.581962	42
233.825512	38
233.825512	42
234.079062	35
234.079062	42
234.332612	35
234.332612	42
234.576162	35
234.576162	42
234.819712	38
234.819712	42
235.073262	35
235.073262	42
235.326812	35
235.326812	42
235.57036200000002	35
235.57036200000002	42
235.81391200000002	38
235.81391200000002	42
236.067462	35
236.067462	42
236.321012	35
236.321012	49
240.307812	35
240.307812	49
240.556362	42
240.68063700000002	38
240.68063700000002	42
240.80491200000003	38
240.80491200000003	42
241.04846200000003	35
241.04846200000003	42
241.292012	35
241.292012	42
241.416287	42
241.540562	42
241.789112	38
241.789112	42
242.037662	35
242.037662	42
242.286212	35
242.286212	42
242.529762	42
242.65153700000002	38
242.65153700000002	42
242.773312	38
242.773312	42
243.021862	35
243.021862	42
243.27041200000002	35
243.27041200000002	42
243.394687	42
243.51896200000002	42
243.767512	38
243.767512	42
244.016062	35
244.016062	42
244.264612	35
244.264612	42
244.50816200000003	42
244.629937	38
244.629937	42
244.75171200000003	38
244.75171200000003	42
245.00026200000002	35
245.00026200000002	42
245.24881200000002	35
245.24881200000002	42
245.37058700000003	42
245.492362	42
245.735912	38
245.735912	42
245.989462	35
245.989462	42
246.24301200000002	35
246.24301200000002	42
246.49156200000002	42
246.61583700000003	38
246.61583700000003	42
246.740112	38
246.740112	42
246.988662	35
246.988662	42
247.23721200000003	35
247.23721200000003	42
247.363987	42
247.49076200000002	42
247.744312	38
247.744312	42
247.992862	35
247.992862	42
248.241412	35
248.241412	42
248.48496200000002	42
248.606737	38
248.606737	42
248.72851200000002	38
248.72851200000002	42
248.97706200000002	35
248.97706200000002	42
249.225612	35
249.225612	42
249.34738700000003	42
249.46916199999998	42
249.712712	38
249.712712	42
249.961262	35
249.961262	42
250.209812	35
250.209812	42
250.457746	42
250.581713	38
250.581713	42
250.70568	38
250.70568	42
250.963614	35
250.963614	42
251.221548	35
251.221548	42
251.343015	42
251.464482	42
251.70741600000002	38
251.70741600000002	42
251.96035	35
251.96035	42
252.21328400000002	35
252.21328400000002	42
252.456218	42
252.57768500000003	38
252.57768500000003	42
252.69915200000003	38
252.69915200000003	42
252.947086	35
252.947086	42
253.19502000000003	35
253.19502000000003	42
253.32148700000002	42
253.447954	42
253.70088800000002	38
253.70088800000002	42
253.948822	35
253.948822	42
254.19675600000002	35
254.19675600000002	49