5.125888000000001	35
5.449150500000001	38
5.610781750000001	38
5.772413	35
6.438938	35
6.757200500000001	38
6.916331750000001	38
7.075463000000001	35
7.24209425	35
7.408725500000001	38
7.741988	35
8.0714256	38
8.238212	38
8.40362	35
8.739436000000001	38
9.075252	35
9.381068	38
9.533976000000001	38
9.686884000000001	35
9.854792000000002	35
10.0227	38
10.358516	35
10.678193935416667	38
10.84003925	38
11.000547	35
11.3165625	38
11.632577999999999	35
11.9385935	38
12.09160125	38
12.244609	35
12.40261675	35
12.5606245	38
12.71863225	35
12.87664	35
13.196119266666667	38
13.357864	38
13.518272	35
13.849088	38
14.179904	35
14.50072	38
14.661128	38
14.821536	35
15.142351999999999	38
15.463168	35
15.797584766666667	38
15.966892000000001	38
16.134800000000002	35
16.295208000000002	35
16.455616000000003	38
16.616024000000003	35
16.776432	35
17.082248	38
17.388064	35
17.545972	35
17.703879999999998	38
18.019696	35
18.328619433333333	38
18.48502	38
18.640128	35
18.797736	35
18.955344	38
19.112952000000003	35
19.270560000000003	35
19.590776	38
19.910992	35
20.226208	38
20.541424	35
20.851741102083334	38
21.00884725	38
21.164655	35
21.32046275	35
21.4762705	38
21.630779852083332	35
21.787886	35
22.0945015	38
22.401117000000003	35
22.722732500000003	38
23.044348	35
23.361436270833334	38
23.5219705	38
23.681178	35
23.8378855	35
23.994593	38
24.151300499999998	35
24.308007999999997	35
24.626423	38
24.944837999999997	38
26.905327999999997	35