4.373624	35
4.78271375	35
4.919077000000001	38
4.919077000000001	38
5.191803500000001	35
5.46453	35
5.8736197500000005	35
6.009983	38
6.009983	38
6.555436	35
6.964525750000001	35
7.1008890000000005	38
7.1008890000000005	38
7.3736155000000005	35
7.646342000000001	35
8.191795	38
8.191795	38
8.737248000000001	35
9.14633775	35
9.282701000000001	38
9.282701000000001	38
9.5554275	35
9.828154000000001	35
10.237243750000001	35
10.373607000000002	38
10.373607000000002	38
10.91906	35
11.328149750000001	35
11.464513	38
11.464513	38
11.737239500000001	35
12.009966	38
12.009966	38
12.282692500000001	35
12.41905575	38
12.555419	35
12.691782250000001	38
12.828145500000002	35
12.828145500000002	38
12.96450875	38
13.100872	35
13.100872	49
13.50246175	35
13.636325000000001	38
13.636325000000001	38
13.914051500000001	35
14.191778000000001	35
14.459504500000001	42
14.727231000000002	38
14.727231000000002	38
15.282684000000001	35
15.691773750000001	35
15.828137000000002	38
15.828137000000002	38
16.100863500000003	35
16.373590000000004	35
16.782679750000003	35
16.919043000000002	38
16.919043000000002	38
17.464496000000004	35
17.873585750000004	35
18.009949000000002	38
18.009949000000002	38
18.282675500000003	35
18.555402000000004	35
18.828128500000002	42
18.964491750000004	35
19.100855000000003	38
19.100855000000003	38
19.646308000000005	35
20.055397750000004	35
20.191761000000003	38
20.191761000000003	38
20.464487500000004	35
20.737214000000005	35
20.737214000000005	38
20.737214000000005	38
21.009940500000003	35
21.146303750000005	38
21.282667000000004	35
21.419030250000002	38
21.555393500000005	35
21.555393500000005	38
21.691756750000003	38
21.828120000000002	35
21.828120000000002	49
22.244709750000005	35
22.383573000000002	38
22.383573000000002	38
22.656299500000003	35
22.929026	35
23.2017525	42
23.33811575	35
23.474479000000002	38
23.474479000000002	38
24.009932000000003	35
24.419021750000002	35
24.555385000000005	38
24.555385000000005	38
24.828111500000002	35
25.100838000000003	35
25.646291000000005	38
25.646291000000005	38
26.191744000000003	35
26.600833750000003	35
26.737197000000005	38
26.737197000000005	38
27.009923500000003	35
27.282650000000004	35
27.555376500000005	42
27.828103000000006	38
27.828103000000006	38
28.373556000000004	35
30.545368000000003	35
30.954457750000003	35
31.090821000000002	38
31.090821000000002	38
31.368547500000005	35
31.646274000000005	35
32.191727	38
32.191727	38
32.73718	35
33.14626975	35
33.282633000000004	38
33.282633000000004	38
33.5553595	35
33.828086	35
34.23717575	35
34.373539	38
34.373539	38
34.918992	35
35.32808175	35
35.464445	38
35.464445	38
35.7371715	35
36.009898	35
36.41898775	35
36.555351	38
36.555351	38
37.100804000000004	35
37.50989375	35
37.646257	38
37.646257	38
37.9189835	35
38.19171	35
38.19171	38
38.19171	38
38.4644365	35
38.60079975	38
38.737163	35
38.87602625000001	38
39.0148895	35
39.0148895	38
39.15375275000001	38
39.29261600000001	35
39.29261600000001	38
39.70170575000001	35
39.838069000000004	38
39.838069000000004	38
40.11079550000001	35
40.383522000000006	35
40.78511175	35
40.918975	38
40.918975	38
41.464428000000005	35
41.873517750000005	35
42.009881	38
42.009881	38
42.282607500000005	35
42.555334	35
43.100787000000004	38
43.100787000000004	38
43.64624	35
44.04782975	35
44.181693	38
44.181693	38
44.4444195	35
44.707146	35
45.14623575	35
45.29259900000001	38
45.29259900000001	38
45.828052	35
46.23714175	35
46.373505	38
46.373505	38
46.6462315	35
46.918958	35
46.918958	38
46.918958	38
47.1916845	35
47.32804775	38
47.464411000000005	35
47.60077425	38
47.7371375	35
47.7371375	38
47.873500750000005	38
48.009864	35
48.009864	49
48.27759050000001	42
48.41145375	35
48.545317000000004	38
48.545317000000004	42
48.8230435	35
48.8230435	42
49.100770000000004	35
49.100770000000004	42
49.368496500000006	42
49.636223	38
49.636223	42
49.9139495	42
50.191676	35
50.191676	42
50.464402500000006	42
50.60076575	35
50.737129	38
50.737129	42
51.0098555	35
51.0098555	42
51.282582000000005	35
51.282582000000005	42
51.5553085	42
51.828035	38
51.828035	42
52.10576150000001	42
52.38348800000001	35
52.38348800000001	42
52.656214500000004	42
52.79257775000001	35
52.92894100000001	38
52.92894100000001	42
53.201667500000006	35
53.201667500000006	42
53.47439400000001	35
53.47439400000001	42
53.74712050000001	42
54.019847000000006	38
54.019847000000006	42
54.28757350000001	42
54.5553	35
54.5553	42
54.8280265	42
54.96438975	35
55.100753000000005	38
55.100753000000005	42
55.3734795	35
55.3734795	42
55.64620600000001	35
55.64620600000001	38
55.64620600000001	42
55.918932500000004	35
56.055295750000006	38
56.191659	35
56.328022250000004	38
56.464385500000006	35
56.464385500000006	38
56.60074875	38
56.737112	35
56.737112	42
57.0148385	42
57.15370175	35
57.29256500000001	38
57.29256500000001	42
57.56529150000001	35
57.56529150000001	42
57.838018000000005	35
57.838018000000005	42
58.11074450000001	42
58.38347100000001	38
58.38347100000001	42
58.65619750000001	42
58.92892400000001	35
58.92892400000001	42
59.20165050000001	42
59.33801375000001	35
59.47437700000001	38
59.47437700000001	42
59.742103500000006	35
59.742103500000006	42
60.00983	35
60.00983	42
60.282556500000005	42
60.555283	38
60.555283	42
60.8280095	42
61.100736000000005	35
61.100736000000005	42
61.378462500000005	42
61.517325750000005	35
61.65618900000001	38
61.65618900000001	42
61.92891550000001	35
61.92891550000001	42
62.20164200000001	35
62.20164200000001	42
62.47436850000001	42
62.74709500000001	38
62.74709500000001	42
63.019821500000006	42
63.29254800000001	35
63.29254800000001	42
63.56527450000001	42
63.70163775000001	35
63.838001000000006	38
63.838001000000006	42
64.1107275	35
64.1107275	42
64.383454	35
64.383454	38
64.383454	42
64.6561805	35
64.79254375000001	38
64.928907	35
64.928907	38
65.06527025	38
65.2016335	35
65.2016335	38
65.33799675	38
65.47436	35
65.47436	49
65.74208650000001	42
65.87594975	35
66.00981300000001	38
66.00981300000001	42
66.28253950000001	35
66.28253950000001	42
66.55526600000002	35
66.55526600000002	42
66.82799250000001	42
67.10071900000001	38
67.10071900000001	42
67.37344550000002	42
67.646172	35
67.646172	42
67.91889850000001	42
68.05526175000001	35
68.19162500000002	38
68.19162500000002	42
68.4643515	35
68.4643515	42
68.73707800000001	35
68.73707800000001	42
69.00980450000002	42
69.282531	38
69.282531	42
69.82798400000001	35
69.82798400000001	42
70.1057105	42
70.24457375	35
70.383437	38
70.383437	42
70.6561635	35
70.6561635	42
70.92889	35
70.92889	42
71.2016165	42
71.474343	38
71.474343	42
71.74206950000001	42
72.00979600000001	35
72.00979600000001	42
72.28252250000001	42
72.41888575000002	35
72.55524900000002	38
72.55524900000002	42
72.82797550000001	35
72.82797550000001	42
73.10070200000001	35
73.10070200000001	38
73.10070200000001	42
73.37342850000002	35
73.37342850000002	42
73.50979175	38
73.64615500000001	35
73.64615500000001	38
73.78251825000001	38
73.91888150000001	35
73.91888150000001	38
74.05524475000001	38
74.19160800000002	35
74.19160800000002	49
74.4643345	42
74.60069775000001	35
74.73706100000001	38
74.73706100000001	42
75.00978750000002	35
75.00978750000002	42
75.282514	35
75.282514	42
75.55524050000001	42
75.82796700000002	38
75.82796700000002	42
76.1056935	42
76.38342	35
76.38342	42
76.6561465	42
76.79250975000001	35
76.928873	38
76.928873	42
77.2015995	35
77.2015995	42
77.474326	35
77.474326	42
77.74705250000001	42
78.019779	38
78.019779	42
78.28750550000001	42
78.55523200000002	35
78.55523200000002	42
78.82795850000001	42
78.96432175000001	35
79.10068500000001	38
79.10068500000001	42
79.37341150000002	35
79.37341150000002	42
79.64613800000001	35
79.64613800000001	42
79.91886450000001	42
80.19159100000002	38
80.19159100000002	42
80.4643175	42
80.73704400000001	35
80.73704400000001	42
81.01477050000001	42
81.15363375000001	35
81.292497	38
81.292497	42
81.5602235	35
81.5602235	42
81.82795000000002	35
81.82795000000002	38
81.82795000000002	42
82.1006765	35
82.23703975000001	38
82.37340300000001	35
82.50976625000001	38
82.64612950000001	35
82.64612950000001	38
82.78249275000002	38
82.91885600000002	35
82.91885600000002	49
83.32794575000001	35
83.46430900000001	38
83.46430900000001	38
83.73703550000002	35
84.00976200000001	35
84.54521500000001	38
84.54521500000001	38
85.10066800000001	35
85.50975775000002	35
85.64612100000001	38
85.64612100000001	38
85.91884750000001	35
86.19157400000002	35
86.60066375000001	35
86.73702700000001	38
86.73702700000001	38
87.28248	35
87.69156975000001	35
87.82793300000002	38
87.82793300000002	38
88.1056595	35
88.383386	35
88.78497575000002	35
88.91883900000002	38
88.91883900000002	38
89.46429200000001	35
89.87338175000001	35
90.00974500000001	38
90.00974500000001	38
90.28247150000001	35
90.55519800000002	35
90.55519800000002	38
90.55519800000002	38
90.82792450000001	35
90.96428775000001	38
91.10065100000001	35
91.23451425000002	38
91.36837750000001	35
91.36837750000001	38
91.50224075000001	38
91.636104	35
91.636104	38
92.05269375000002	35
92.19155700000002	38
92.19155700000002	38
92.46428350000001	35
92.73701000000001	35
93.15359975000001	35
93.292463	38
93.292463	38
93.82791600000002	35
94.23700575000001	35
94.37336900000001	38
94.37336900000001	38
94.64609550000002	35
94.91882200000002	35
95.46427500000001	38
95.46427500000001	38
96.00972800000001	35
96.41881775000002	38
96.55518100000002	38
97.110634	38
97.51972375000001	38
97.656087	38
98.20154	38
98.59562975	38
98.72699300000001	38
98.99971950000001	35
99.272446	35
99.5451725	35
99.68153575000001	38
99.81789900000001	35
99.81789900000001	38
99.95676225000003	38
100.09562550000003	35
100.09562550000003	38
100.23448875000001	38
100.37335200000001	35
100.37335200000001	49
100.6410785	42
100.77494175000001	35
100.90880500000003	38
100.90880500000003	42
101.19153150000001	35
101.19153150000001	42
101.474258	35
101.474258	42
101.74198450000002	42
102.00971100000001	38
102.00971100000001	42
102.28243750000001	42
102.55516400000002	35
102.55516400000002	42
102.82789050000001	42
102.96425375000001	35
103.10061700000001	38
103.10061700000001	42
103.37334350000002	35
103.37334350000002	42
103.64607000000001	35
103.64607000000001	42
103.91879650000001	42
104.19152300000002	38
104.19152300000002	42
104.73697600000001	35
104.73697600000001	42
105.00970250000002	42
105.14606575000002	35
105.28242900000001	38
105.28242900000001	42
105.55515550000001	35
105.55515550000001	42
105.82788200000002	35
105.82788200000002	42
106.10560850000002	42
106.383335	38
106.383335	42
106.6560615	42
106.92878800000001	35
106.92878800000001	42
107.2015145	42
107.33787775	35
107.474241	38
107.474241	42
107.74696750000001	35
107.74696750000001	42
108.019694	35
108.019694	38
108.019694	38
108.28742050000001	35
108.42128375000001	38
108.55514700000002	35
108.55514700000002	38
108.69151025000002	38
108.82787350000001	35
108.82787350000001	38
108.96423675000001	38
109.10060000000001	35
109.10060000000001	49
109.37332650000002	42
109.50968975000002	35
109.64605300000001	38
109.64605300000001	42
109.92377950000001	35
109.92377950000001	42
110.20150600000001	35
110.20150600000001	42
110.4742325	42
110.746959	38
110.746959	42
111.01968550000001	42
111.29241200000001	35
111.29241200000001	42
111.5651385	42
111.70150175	35
111.83786500000001	38
111.83786500000001	42
112.11059150000001	35
112.11059150000001	42
112.383318	35
112.383318	42
112.6510445	42
112.91877100000004	38
112.91877100000004	42
113.19649750000002	42
113.474224	35
113.474224	42
113.74695050000001	42
113.88331375	35
114.01967699999999	38
114.01967699999999	42
114.2874035	35
114.2874035	42
114.55513000000003	35
114.55513000000003	42
114.83285650000002	42
115.11058299999999	38
115.11058299999999	42
115.3783095	42
115.64603600000001	35
115.64603600000001	42
115.91876250000001	42
116.05512575000002	35
116.19148900000002	38
116.19148900000002	42
116.46421550000001	35
116.46421550000001	42
116.73694200000001	35
116.73694200000001	38
116.73694200000001	38
117.00966850000002	35
117.14603175000002	38
117.28239500000004	35
117.28239500000004	38
117.42125825000002	38
117.56012150000002	35
117.56012150000002	38
117.69898475000002	38
117.83784800000001	35
117.83784800000001	49
118.11057450000001	42
118.24693775	35
118.38330099999999	38
118.38330099999999	42
118.6510275	35
118.6510275	42
118.91875400000002	35
118.91875400000002	42
119.19148050000001	42
119.46420700000002	38
119.46420700000002	42
119.73693350000002	42
120.00966000000001	35
120.00966000000001	42
120.28238650000002	42
120.41874975000002	35
120.55511300000002	38
120.55511300000002	42
120.82783950000001	35
120.82783950000001	42
121.10056600000001	35
121.10056600000001	42
121.37329250000002	42
121.64601900000002	38
121.64601900000002	42
122.20147200000001	35
122.20147200000001	42
122.4741985	42
122.61056175	35
122.746925	38
122.746925	42
123.01965150000001	35
123.01965150000001	42
123.292378	35
123.292378	42
123.5601045	42
123.82783100000002	38
123.82783100000002	42
124.10055750000002	42
124.37328400000001	35
124.37328400000001	42
124.64601050000002	42
124.78237375000002	35
124.91873700000004	38
124.91873700000004	42
125.19646350000002	35
125.19646350000002	42
125.47419	35
125.47419	38
125.47419	42
125.7419165	35
125.7419165	42
125.87577975	38
126.00964300000001	35
126.00964300000001	38
126.14600625000001	38
126.28236950000002	35
126.28236950000002	38
126.41873275000002	38
126.55509600000002	35
126.55509600000002	49
126.82782250000001	42
126.96418575000001	35
127.10054900000002	38
127.10054900000002	42
127.37327550000002	35
127.37327550000002	42
127.64600200000002	35
127.64600200000002	42
127.92372850000002	42
128.201455	38
128.201455	42
128.47418150000001	42
128.74690800000002	35
128.74690800000002	42
129.01963450000002	42
129.15599775	35
129.29236100000003	38
129.29236100000003	42
129.56508750000003	35
129.56508750000003	42
129.837814	35
129.837814	42
130.1105405	42
130.38326700000002	38
130.38326700000002	42
130.6509935	42
130.91872	35
130.91872	42
131.19644650000004	42
131.33530975000002	35
131.47417300000004	38
131.47417300000004	42
131.7468995	35
131.7468995	42
132.01962600000002	35
132.01962600000002	42
132.2873525	42
132.555079	38
132.555079	42
132.8278055	42
133.10053200000002	35
133.10053200000002	42
133.3732585	42
133.50962175	35
133.645985	38
133.645985	42
133.9187115	35
133.9187115	42
134.191438	35
134.191438	38
134.191438	42
134.4641645	35
134.60052775	38
134.736891	35
134.736891	42
134.87325425	38
135.0096175	35
135.0096175	38
135.14598075	38
135.282344	35
135.282344	49
135.5500705	42
135.68393375000002	35
135.817797	38
135.817797	42
136.09052350000002	35
136.09052350000002	42
136.36325000000002	35
136.36325000000002	42
136.6409765	42
136.918703	38
136.918703	42
137.1914295	42
137.464156	35
137.464156	42
137.7368825	42
137.87324575	35
138.009609	38
138.009609	42
138.28233550000002	35
138.28233550000002	42
138.555062	35
138.555062	42
138.8277885	42
139.100515	38
139.100515	42
139.3732415	42
139.645968	35
139.645968	42
139.92369450000004	42
140.06255775000002	35
140.201421	38
140.201421	42
140.47414750000002	35
140.47414750000002	42
140.74687400000002	35
140.74687400000002	42
141.01960050000002	42
141.29232700000003	38
141.29232700000003	42
141.56505350000003	42
141.83778	35
141.83778	42
142.1105065	42
142.24686975000003	35
142.38323300000002	38
142.38323300000002	42
142.65595950000002	35
142.65595950000002	42
142.92868600000003	35
142.92868600000003	38
142.92868600000003	42
143.1964125	35
143.33027575	38
143.46413900000002	35
143.46413900000002	38
143.60050225	38
143.7368655	35
143.7368655	38
143.87322875	38
144.009592	35
144.009592	49
144.2823185	42
144.41868175	35
144.555045	38
144.555045	42
144.8277715	35
144.8277715	42
145.10049800000002	35
145.10049800000002	42
145.3732245	42
145.645951	38
145.645951	42
145.92367750000003	42
146.20140400000003	35
146.20140400000003	42
146.4691305	42
146.60299375	35
146.73685700000001	38
146.73685700000001	42
147.01458350000001	35
147.01458350000001	42
147.29231000000001	35
147.29231000000001	42
147.56503650000002	42
147.83776300000002	38
147.83776300000002	42
148.11048950000003	42
148.38321600000003	35
148.38321600000003	42
148.65594250000004	42
148.79230575000003	35
148.928669	38
148.928669	42
149.20139550000002	35
149.20139550000002	42
149.47412200000002	35
149.47412200000002	42
149.74684850000003	42
150.01957500000003	38
150.01957500000003	42
150.2873015	42
150.555028	35
150.555028	42
150.83275450000002	42
150.97161775000004	35
151.11048100000002	38
151.11048100000002	42
151.3782075	35
151.3782075	42
151.645934	35
151.645934	38
151.645934	42
151.91866050000002	35
152.05502375	38
152.191387	35
152.191387	38
152.32775025	38
152.4641135	35
152.4641135	38
152.60047675	38
152.73684	35
152.73684	49
153.0095665	42
153.14592975	35
153.282293	38
153.282293	42
153.55001950000002	35
153.55001950000002	42
153.817746	35
153.817746	42
154.0954725	42
154.373199	38
154.373199	42
154.6459255	42
154.918652	35
154.918652	42
155.1913785	42
155.32774175	35
155.46410500000002	38
155.46410500000002	42
155.7368315	35
155.7368315	42
156.009558	35
156.009558	42
156.2822845	42
156.555011	38
156.555011	42
156.8277375	42
157.10046400000002	35
157.10046400000002	42
157.3731905	42
157.50955375	35
157.645917	38
157.645917	42
157.9186435	35
157.9186435	42
158.19137	35
158.19137	42
158.4640965	42
158.73682300000002	38
158.73682300000002	42
159.0145495	42
159.29227600000002	35
159.29227600000002	42
159.56500250000002	42
159.70136575000004	35
159.83772900000002	38
159.83772900000002	42
160.11045550000003	35
160.11045550000003	42
160.38318200000003	35
160.38318200000003	38
160.38318200000003	42
160.6509085	35
160.78477175	38
160.918635	35
160.918635	38
161.05499825	38
161.1913615	35
161.1913615	38
161.32772475000002	38
161.464088	35
161.464088	49
161.7368145	42
161.87317775	35
162.009541	38
162.009541	42
162.28226750000002	35
162.28226750000002	42
162.554994	35
162.554994	42
162.8327205	42
163.11044700000002	38
163.11044700000002	42
163.37817350000003	42
163.6459	35
163.6459	42
163.9236265	42
164.06248975000003	35
164.201353	38
164.201353	42
164.46907950000002	35
164.46907950000002	42
164.736806	35
164.736806	42
165.0145325	42
165.29225900000003	38
165.29225900000003	42
165.56498550000003	42
165.83771200000004	35
165.83771200000004	42
166.11043850000001	42
166.24680175000003	35
166.38316500000002	38
166.38316500000002	42
166.65589150000002	35
166.65589150000002	42
166.92861800000003	35
166.92861800000003	42
167.20134450000003	42
167.47407100000004	38
167.47407100000004	42
167.7467975	42
168.01952400000002	35
168.01952400000002	42
168.29225050000002	42
168.42861375000004	35
168.56497700000003	38
168.56497700000003	42
168.83770350000003	35
168.83770350000003	42
169.11043000000004	35
169.11043000000004	38
169.11043000000004	42
169.37315650000002	35
169.37315650000002	42
169.50451975000001	38
169.635883	35
169.635883	38
169.77224625000002	38
169.9086095	35
169.9086095	38
170.04497275000003	38
170.18133600000002	35
170.18133600000002	49
170.59042575	35
170.72678900000002	38
170.72678900000002	42
171.00451550000002	35
171.282242	35
171.282242	42
171.5499685	42
171.81769500000001	38
171.81769500000001	49
172.08542150000002	42
172.35314800000003	35
172.35314800000003	42
172.63587450000003	42
172.77723775	35
172.918601	38
172.918601	42
173.1913275	35
173.1913275	42
173.464054	35
173.464054	42
173.7367805	42
174.009507	38
174.009507	49
174.2872335	42
174.56496	35
174.56496	42
174.83768650000002	42
174.97404975000003	35
175.11041300000002	38
175.11041300000002	42
175.37813950000003	35
175.37813950000003	42
175.645866	35
175.645866	42
175.91859250000002	42
176.191319	38
176.191319	49
176.4640455	42
176.736772	35
176.736772	42
177.0094985	42
177.14586175	35
177.282225	38
177.282225	42
177.54995150000002	35
177.54995150000002	42
177.81767800000003	35
177.81767800000003	38
178.0954045	35
178.0954045	42
178.23426775000001	38
178.373131	35
178.373131	38
178.50949425000002	38
178.6458575	35
178.6458575	38
178.78222075	38
178.918584	35
178.918584	49
179.1963105	42
179.33517375000002	35
179.47403700000004	38
179.47403700000004	42
179.73676350000002	35
179.73676350000002	42
179.99949	35
179.99949	42
180.2722165	42
180.54494300000002	38
180.54494300000002	49
180.82266950000002	42
181.10039600000002	35
181.10039600000002	42
181.3731225	42
181.50948575	35
181.645849	38
181.645849	42
181.9185755	35
181.9185755	42
182.191302	35
182.191302	42
182.4640285	42
182.73675500000002	38
182.73675500000002	49
183.01448150000002	42
183.29220800000002	35
183.29220800000002	42
183.56493450000002	42
183.70129775000004	35
183.83766100000003	38
183.83766100000003	42
184.10538750000003	35
184.10538750000003	42
184.37311400000002	35
184.37311400000002	42
184.64584050000002	42
184.918567	38
184.918567	49
185.1912935	42
185.46402	35
185.46402	42
185.7367465	42
185.87310975	35
186.009473	38
186.009473	42
186.28219950000002	35
186.28219950000002	42
186.554926	35
186.554926	38
186.8226525	35
186.8226525	42
186.95651575000002	38
187.090379	35
187.090379	38
187.22924225000003	38
187.3681055	35
187.3681055	38
187.50696875	38
187.645832	35
187.645832	49
188.05492175	35
188.19128500000002	38
188.19128500000002	38
188.4640115	35
188.736738	35
189.282191	38
189.282191	38
189.82764400000002	35
190.23673375	35
190.373097	38
190.373097	38
190.6458235	35
190.91855	35
191.33513975	35
191.47400300000004	38
191.47400300000004	38
192.01945600000002	35
192.42854575000004	35
192.56490900000003	38
192.56490900000003	38
192.83763550000003	35
193.11036200000004	35
193.51195175000004	35
193.645815	38
193.645815	38
194.191268	35
194.60035775	35
194.73672100000002	38
194.73672100000002	38
195.00944750000002	35
195.282174	35
195.282174	38
195.282174	38
195.5549005	35
195.69126375000002	38
195.827627	35
195.827627	38
195.96649025	38
196.1053535	35
196.1053535	38
196.24421675	38
196.38308000000004	35
196.79216975000003	35
196.92853300000002	38
196.92853300000002	38
197.20125950000002	35
197.47398600000002	35
197.88307575000002	35
198.01943900000003	38
198.01943900000003	38
198.56489200000001	35
198.97398175000004	35
199.11034500000002	38
199.11034500000002	38
199.38307150000003	35
199.65579800000003	35
200.20125100000004	38
200.20125100000004	38
200.74670400000002	35
201.15579375000002	35
201.29215700000003	38
201.29215700000003	38
201.56488350000004	35
201.83761000000004	35
202.24669975000003	35
202.38306300000002	38
202.38306300000002	38