5.8979800000000004	35
5.8979800000000004	49
6.400977	38
6.400977	42
6.893974	35
6.893974	42
7.1399735	35
7.385973	38
7.385973	42
7.6324715	35
7.87897	35
7.87897	42
8.374967999999999	38
8.374967999999999	42
8.871965999999999	35
8.871965999999999	42
9.117437422916666	35
9.364963	38
9.364963	42
9.857959999999999	35
9.857959999999999	42
10.349958999999998	38
10.349958999999998	42
10.841957999999998	35
10.841957999999998	42
11.089457999999999	35
11.336957999999997	38
11.336957999999997	42
11.583957999999997	35
11.830957999999997	35
11.830957999999997	42
12.334957999999997	38
12.334957999999997	42
12.817954999999998	35
12.817954999999998	42
13.069954999999997	35
13.321954999999997	38
13.321954999999997	42
13.805954999999997	35
13.805954999999997	42
14.301952999999997	38
14.301952999999997	42
14.797950999999998	35
14.797950999999998	42
15.044950999999998	35
15.291950999999997	38
15.291950999999997	42
15.538419749999997	35
15.786950999999997	35
15.786950999999997	42
16.27895	38
16.27895	42
16.769949999999998	35
16.769949999999998	42
17.017449999999997	35
17.26495	38
17.26495	42
17.759949999999996	35
17.759949999999996	42
18.262946999999997	38
18.262946999999997	42
18.746946999999995	35
18.746946999999995	42
18.993946999999995	35
19.240946999999995	38
19.240946999999995	42
19.48641842291666	35
19.733943999999994	35
19.733943999999994	42
20.230941999999995	38
20.230941999999995	42
20.727939999999993	35
20.727939999999993	42
20.972939499999992	35
21.217938999999994	38
21.217938999999994	42
21.714936999999995	35
21.714936999999995	42
22.205936999999995	38
22.205936999999995	42
22.699936999999995	35
22.699936999999995	42
22.948936999999994	35
23.197936999999996	38
23.197936999999996	42
23.442936499999995	35
23.687935999999997	35
23.687935999999997	42
24.185935999999998	38
24.185935999999998	42
24.674933999999997	35
24.674933999999997	42
24.922397587499997	35
25.171931999999998	38
25.171931999999998	42
25.662931999999998	35
25.662931999999998	42
26.157932	38
26.157932	42
26.65493	35
26.65493	42
26.899407083333333	35
27.14593	38
27.14593	42
27.394429	35
27.642928	35
27.642928	42
28.132927000000002	38
28.132927000000002	42
28.627927000000003	35
28.627927000000003	42
28.876927000000002	35
29.125927000000004	38
29.125927000000004	42
29.614925000000003	35
29.614925000000003	42
30.113925000000002	38
30.113925000000002	42
30.602923	35
30.602923	42
30.850922	35
31.098921	38
31.098921	42
31.589921	35
31.589921	42
32.085919	38
32.085919	42
32.582916999999995	38
32.582916999999995	42
32.82791649999999	35
33.07291599999999	35
33.07291599999999	42
33.31991599999999	38
33.56691599999999	35
33.56691599999999	49
34.06191599999999	38
34.06191599999999	42
34.55591599999999	35
34.55591599999999	42
34.80491599999999	35
35.05391599999999	38
35.05391599999999	42
35.29739625416666	35
35.54291399999999	35
35.54291399999999	42
36.04091399999999	38
36.04091399999999	42
36.530912999999984	35
36.530912999999984	42
36.778911999999984	35
37.026910999999984	38
37.026910999999984	42
37.522908999999984	35
37.522908999999984	42
38.013908999999984	38
38.013908999999984	42
38.509906999999984	35
38.509906999999984	42
38.75590649999999	35
39.001905999999984	38
39.001905999999984	42
39.248404499999985	35
39.49490299999999	35
39.49490299999999	42
39.98789999999998	38
39.98789999999998	42
40.48289999999998	35
40.48289999999998	42
40.73189999999998	35
40.98089999999998	38
40.98089999999998	42
41.470898999999974	35
41.470898999999974	42
41.96889899999997	38
41.96889899999997	42
42.457896999999974	35
42.457896999999974	42
42.705895999999974	35
42.953894999999974	38
42.953894999999974	42
43.201358587499975	35
43.45089299999997	35
43.45089299999997	42
43.94089199999997	38
43.94089199999997	42
44.43788999999997	35
44.43788999999997	42
44.68338999999997	35
44.92888999999997	38
44.92888999999997	42
45.42288999999997	35
45.42288999999997	42
45.91588699999997	38
45.91588699999997	42
46.41088699999997	35
46.41088699999997	42
46.65988699999997	35
46.908886999999964	38
46.908886999999964	42
47.15338599999996	35
47.39788499999997	35
47.39788499999997	42
47.885884999999966	38
47.885884999999966	42
48.38588399999996	35
48.38588399999996	42
48.63388299999996	35
48.88188199999996	38
48.88188199999996	42
49.37887999999996	35
49.37887999999996	42
49.86887899999996	38
49.86887899999996	42
50.365876999999955	35
50.365876999999955	42
50.611376999999955	38
50.856876999999955	38
50.856876999999955	42
51.10287649999996	35
51.348875999999954	35
51.348875999999954	38
51.348875999999954	42
53.323872999999956	35
53.323872999999956	49
53.823872999999956	38
53.823872999999956	42
54.31287099999996	35
54.31287099999996	42
54.56136999999996	35
54.809868999999956	38
54.809868999999956	42
55.05786799999996	35
55.30586699999996	35
55.30586699999996	42
55.796866999999956	38
55.796866999999956	42
56.292864999999956	35
56.292864999999956	42
56.53734208333329	35
56.783864999999956	38
56.783864999999956	42
57.275863999999956	35
57.275863999999956	42
57.771861999999956	38
57.771861999999956	42
58.26686199999995	35
58.26686199999995	42
58.515360999999956	35
58.76385999999995	38
58.76385999999995	42
59.00935999999995	35
59.25485999999995	35
59.25485999999995	42
59.74885999999995	38
59.74885999999995	42
60.24085899999995	35
60.24085899999995	42
60.48885799999995	35
60.73685699999995	38
60.73685699999995	42
61.23285499999995	35
61.23285499999995	42
61.72385499999995	38
61.72385499999995	42
62.22085299999995	35
62.22085299999995	42
62.465330083333285	35
62.71185299999995	38
62.71185299999995	42
62.95885299999995	35
63.20585299999995	35
63.20585299999995	42
63.703852999999945	38
63.703852999999945	42
64.19385199999995	35
64.19385199999995	42
64.44285199999995	35
64.69185199999995	38
64.69185199999995	42
65.18084999999995	35
65.18084999999995	42
65.67584999999995	38
65.67584999999995	42
66.16884699999996	35
66.16884699999996	42
66.41684599999995	35
66.66484499999996	38
66.66484499999996	42
66.91284399999995	35
67.16084299999996	35
67.16084299999996	42
67.65084199999995	38
67.65084199999995	42
68.14884199999996	38
68.3933190833333	38
68.63984199999996	38
68.88934199999996	38
69.13884199999995	35
69.13884199999995	49
69.63084099999996	38
69.63084099999996	42
70.12584099999997	35
70.12584099999997	42
70.37284099999997	35
70.61984099999997	38
70.61984099999997	42
70.86332125416664	35
71.10883899999996	35
71.10883899999996	42
71.60383899999997	38
71.60383899999997	42
72.09583799999997	35
72.09583799999997	42
72.34383699999997	35
72.59183599999997	38
72.59183599999997	42
73.08783399999997	35
73.08783399999997	42
73.57883399999997	38
73.57883399999997	42
74.07583199999998	35
74.07583199999998	42
74.32133199999998	35
74.56683199999998	38
74.56683199999998	42
74.81383199999998	35
75.06083199999998	35
75.06083199999998	42
75.55883199999998	38
75.55883199999998	42
76.04883099999998	35
76.04883099999998	42
76.29783099999997	35
76.54683099999998	38
76.54683099999998	42
77.03682999999998	35
77.03682999999998	42
77.53082999999998	38
77.53082999999998	42
78.02382699999998	35
78.02382699999998	42
78.27129058749998	35
78.52082499999999	38
78.52082499999999	42
78.76729375	35
79.01582499999999	35
79.01582499999999	42
79.50682499999999	38
79.50682499999999	42
80.003823	35
80.003823	42
80.24830008333333	35
80.494823	38
80.494823	42
80.988823	35
80.988823	42
81.486823	38
81.486823	42
81.976822	35
81.976822	42
82.225822	35
82.474822	38
82.474822	42
82.71932100000001	35
82.96382	35
82.96382	42
83.45882	38
83.45882	42
83.95581800000001	35
83.95581800000001	42
84.20131800000001	35
84.44681800000001	38
84.44681800000001	42
84.69431800000001	35
84.94181800000001	35
84.94181800000001	49
86.92480900000002	35
86.92480900000002	49
87.42480900000002	38
87.42480900000002	42
87.91380700000002	35
87.91380700000002	42
88.15780700000002	35
88.40180700000002	38
88.40180700000002	42
88.64680650000003	35
88.89180600000002	35
88.89180600000002	42
89.38680600000002	38
89.38680600000002	42
89.88280400000002	35
89.88280400000002	42
90.12880350000002	35
90.37480300000003	38
90.37480300000003	42
90.87080100000003	35
90.87080100000003	42
91.36180100000003	38
91.36180100000003	42
91.85680100000003	35
91.85680100000003	42
92.10280050000003	35
92.34880000000004	38
92.34880000000004	42
92.59529850000004	35
92.84179700000004	35
92.84179700000004	42
93.34079700000004	38
93.34079700000004	42
93.83179700000004	35
93.83179700000004	42
94.08079700000003	35
94.32979700000004	38
94.32979700000004	42
94.81679700000004	35
94.81679700000004	42
95.31379500000004	38
95.31379500000004	42
95.81179500000005	35
95.81179500000005	42
96.05679450000005	35
96.30179400000004	38
96.30179400000004	42
96.55029300000004	35
96.79879200000005	35
96.79879200000005	42
97.28879100000005	38
97.28879100000005	42
97.78379100000005	35
97.78379100000005	42
98.03028950000005	35
98.27678800000005	38
98.27678800000005	42
98.77178800000006	35
98.77178800000006	42
99.26878600000006	38
99.26878600000006	42
99.75878500000006	35
99.75878500000006	42
100.00778500000006	35
100.25678500000006	38
100.25678500000006	42
100.50178450000007	35
100.74678400000006	35
100.74678400000006	42
101.24178400000007	38
101.24178400000007	42
101.73878200000007	35
101.73878200000007	42
101.98325908333341	35
102.22978200000007	38
102.22978200000007	42
102.72678000000008	35
102.72678000000008	42
103.21677900000007	38
103.21677900000007	42
103.71177900000008	35
103.71177900000008	42
103.95725042291674	35
104.20477600000008	38
104.20477600000008	42
104.45124475000009	35
104.69977600000009	35
104.69977600000009	42
105.19677400000009	38
105.19677400000009	42
105.68677300000009	35
105.68677300000009	42
105.93577300000008	35
106.18477300000009	38
106.18477300000009	42
106.67477200000009	35
106.67477200000009	42
107.1697720000001	38
107.1697720000001	42
107.6667700000001	35
107.6667700000001	42
107.9117695000001	35
108.1567690000001	38
108.1567690000001	42
108.40526800000009	35
108.6537670000001	35
108.6537670000001	42
109.1437660000001	38
109.1437660000001	42
109.6387660000001	35
109.6387660000001	42
109.8857660000001	35
110.1327660000001	38
110.1327660000001	42
110.6267660000001	35
110.6267660000001	42
111.12476600000011	38
111.12476600000011	42
111.6147650000001	35
111.6147650000001	42
111.8632640000001	35
112.11176300000011	38
112.11176300000011	42
112.60176200000011	35
112.60176200000011	42
113.09676200000011	38
113.09676200000011	42
113.59376000000012	38
113.59376000000012	42
113.83825900000012	35
114.08275800000011	35
114.08275800000011	42
114.33475800000011	38
114.58675800000012	35
114.58675800000012	49
115.07275600000011	38
115.07275600000011	42
115.56875400000011	35
115.56875400000011	42
115.8217530000001	35
116.07475200000012	38
116.07475200000012	42
116.31975150000012	35
116.56475100000011	35
116.56475100000011	42
117.05174900000011	38
117.05174900000011	42
117.54174800000011	35
117.54174800000011	42
117.78924800000011	35
118.03674800000012	38
118.03674800000012	42
118.52974500000012	35
118.52974500000012	42
119.02474500000012	38
119.02474500000012	42
119.52174300000013	35
119.52174300000013	42
119.76974200000012	35
120.01774100000013	38
120.01774100000013	42
120.26374050000013	35
120.50974000000014	35
120.50974000000014	42
120.99973900000013	38
120.99973900000013	42
121.49373900000013	35
121.49373900000013	42
121.74273900000013	35
121.99173900000014	38
121.99173900000014	42
122.48273900000014	35
122.48273900000014	49
122.98073900000014	38
122.98073900000014	42
123.46973700000014	35
123.46973700000014	42
123.71773600000013	35
123.96573500000014	38
123.96573500000014	42
124.21123500000014	35
124.45673500000014	35
124.45673500000014	42
124.95173500000014	38
124.95173500000014	42
125.44973500000015	35
125.44973500000015	42
125.69473450000015	35
125.93973400000014	38
125.93973400000014	42
126.43673200000015	35
126.43673200000015	42
126.92673100000015	38
126.92673100000015	42
127.42173100000015	35
127.42173100000015	42
127.67073100000015	35
127.91973100000016	38
127.91973100000016	42
128.16473050000016	35
128.40973000000017	35
128.40973000000017	42
128.90672800000016	38
128.90672800000016	42
129.39772800000017	35
129.39772800000017	42
129.64419675000016	35
129.89272800000018	38
129.89272800000018	42
130.3837280000002	35
130.3837280000002	49
130.88172800000018	38
130.88172800000018	42
131.3797280000002	35
131.3797280000002	42
131.6237280000002	35
131.8677280000002	38
131.8677280000002	42
132.1147280000002	35
132.3617280000002	35
132.3617280000002	42
132.8547250000002	38
132.8547250000002	42
133.3497250000002	35
133.3497250000002	42
133.5987250000002	35
133.8477250000002	38
133.8477250000002	42
134.3367230000002	35
134.3367230000002	42
134.8447230000002	38
134.8447230000002	42
135.3347220000002	35
135.3347220000002	42
135.5772220000002	35
135.8197220000002	38
135.8197220000002	42
136.06572150000022	35
136.3117210000002	35
136.3117210000002	42
136.8077190000002	38
136.8077190000002	42
137.3017190000002	35
137.3017190000002	42
137.5532175000002	35
137.80471600000018	38
137.80471600000018	42
138.30271600000017	35
138.30271600000017	49
138.7827150000002	38
138.7827150000002	42
139.27971300000019	35
139.27971300000019	42
139.52771200000018	35
139.77571100000017	38
139.77571100000017	42
140.02021000000016	35
140.26470900000018	35
140.26470900000018	42
140.76270900000017	38
140.76270900000017	42
141.25270800000018	35
141.25270800000018	42
141.49917675000017	35
141.7477080000002	38
141.7477080000002	42
142.23970700000018	35
142.23970700000018	42
142.73470700000018	38
142.73470700000018	42
143.23170500000018	35
143.23170500000018	42
143.47720500000017	35
143.7227050000002	38
143.7227050000002	42
143.9697050000002	35
144.2167050000002	35
144.2167050000002	42
144.7107050000002	38
144.7107050000002	42
145.2047050000002	35
145.2047050000002	42
145.45370500000018	35
145.70270500000018	38
145.70270500000018	42
146.1927040000002	35
146.1927040000002	42
146.68970200000018	38
146.68970200000018	42
147.1797010000002	35
147.1797010000002	42
147.4277000000002	35
147.67569900000018	38
147.67569900000018	42
148.1716970000002	35
148.1716970000002	42
148.6626970000002	38
148.6626970000002	42
149.1596950000002	35
149.1596950000002	42
149.4056945000002	38
149.6516940000002	38
149.6516940000002	42
149.8961710833335	35
150.1426940000002	35
150.1426940000002	38
150.1426940000002	42
152.10769100000022	35
152.10769100000022	49
152.6176910000002	38
152.6176910000002	42
153.10769000000022	35
153.10769000000022	42
153.3556890000002	35
153.6036880000002	38
153.6036880000002	42
153.8511515875002	35
154.1006860000002	35
154.1006860000002	42
154.5906850000002	38
154.5906850000002	42
155.0876830000002	35
155.0876830000002	42
155.3326825000002	35
155.5776820000002	38
155.5776820000002	42
156.0726820000002	35
156.0726820000002	42
156.5706820000002	38
156.5706820000002	42
157.0576820000002	35
157.0576820000002	42
157.3076820000002	35
157.5576820000002	38
157.5576820000002	42
157.8026815000002	35
158.0476810000002	35
158.0476810000002	42
158.5446790000002	38
158.5446790000002	42
159.0326790000002	35
159.0326790000002	42
159.2821790000002	35
159.5316790000002	38
159.5316790000002	42
160.02767700000018	35
160.02767700000018	42
160.5176760000002	38
160.5176760000002	42
161.01467400000018	35
161.01467400000018	42
161.26017400000018	35
161.5056740000002	38
161.5056740000002	42
161.7521427500002	35
162.0006740000002	35
162.0006740000002	42
162.4926730000002	38
162.4926730000002	42
162.9876730000002	35
162.9876730000002	42
163.2366730000002	35
163.4856730000002	38
163.4856730000002	42
163.9736730000002	35
163.9736730000002	49
164.4736730000002	38
164.4736730000002	42
164.9626710000002	35
164.9626710000002	42
165.2106700000002	35
165.45866900000019	38
165.45866900000019	42
165.70613258750018	35
165.95566700000018	35
165.95566700000018	42
166.4456660000002	38
166.4456660000002	42
166.94266400000018	35
166.94266400000018	42
167.18816400000017	35
167.4336640000002	38
167.4336640000002	42
167.9286640000002	35
167.9286640000002	42
168.4206630000002	38
168.4206630000002	42
168.9156630000002	35
168.9156630000002	42
169.1646630000002	35
169.41366300000018	38
169.41366300000018	42
169.6586625000002	35
169.9036620000002	35
169.9036620000002	42
170.3976620000002	38
170.3976620000002	42
170.8906590000002	35
170.8906590000002	42
171.1381590000002	35
171.3856590000002	38
171.3856590000002	42
171.6346590000002	35
171.8836590000002	35
171.8836590000002	42
172.3736580000002	38
172.3736580000002	42
172.8706560000002	35
172.8706560000002	42
173.1156555000002	35
173.3606550000002	38
173.3606550000002	42
173.8556550000002	35
173.8556550000002	42
174.34865200000021	38
174.34865200000021	42
174.84365200000022	35
174.84365200000022	42
175.09215100000023	35
175.3406500000002	38
175.3406500000002	42
175.58564950000022	35
175.83064900000022	35
175.83064900000022	42
176.3266470000002	38
176.3266470000002	42
176.8186460000002	35
176.8186460000002	42
177.0651147500002	35
177.3136460000002	38
177.3136460000002	42
177.5621450000002	35
177.8106440000002	35
177.8106440000002	42
178.3006430000002	38
178.3006430000002	42
178.7986430000002	35
178.7986430000002	42
179.0436425000002	35
179.2886420000002	38
179.2886420000002	42
179.7826420000002	35
179.7826420000002	42
180.2756390000002	38
180.2756390000002	42
180.7716370000002	35
180.7716370000002	42
181.0201360000002	35
181.2686350000002	38
181.2686350000002	42
181.5136345000002	35
181.7586340000002	35
181.7586340000002	42
182.2556320000002	38
182.2556320000002	42
182.7456310000002	35
182.7456310000002	42
182.9936300000002	35
183.2416290000002	38
183.2416290000002	42
183.48909258750018	35
183.73862700000018	35
183.73862700000018	42
184.2286260000002	38
184.2286260000002	42
184.72562400000018	35
184.72562400000018	42
184.97112400000017	35
185.2166240000002	38
185.2166240000002	42
185.7106240000002	35
185.7106240000002	42
186.2036210000002	38
186.2036210000002	42
186.6986210000002	35
186.6986210000002	42
186.9476210000002	35
186.9476210000002	38
187.1966210000002	38
187.44212100000018	35
187.6876210000002	35
187.6876210000002	49
188.1836190000002	38
188.1836190000002	42
188.6766160000002	35
188.6766160000002	42
188.9231145000002	35
189.1696130000002	38
189.1696130000002	42
189.4170765875002	35
189.6666110000002	35
189.6666110000002	42
190.1566100000002	38
190.1566100000002	42
190.6536080000002	35
190.6536080000002	42
190.8986075000002	35
191.1436070000002	38
191.1436070000002	42
191.6416070000002	35
191.6416070000002	42
192.1316060000002	38
192.1316060000002	42
192.6266060000002	35
192.6266060000002	42
192.8756060000002	35
193.1246060000002	38
193.1246060000002	42
193.3691050000002	35
193.6136040000002	35
193.6136040000002	42
194.1116040000002	38
194.1116040000002	42
194.6016030000002	35
194.6016030000002	42
194.8496020000002	35
195.0976010000002	38
195.0976010000002	42
195.3436005000002	35
195.5896000000002	35
195.5896000000002	42
196.0836000000002	38
196.0836000000002	42
196.58160000000018	35
196.58160000000018	42
196.82659950000019	35
197.0715990000002	38
197.0715990000002	42
197.56859700000018	35
197.56859700000018	42
198.0595970000002	38
198.0595970000002	42
198.5535970000002	35
198.5535970000002	42
198.8025970000002	35
199.05159700000019	38
199.05159700000019	42
199.2965965000002	35
199.5415960000002	35
199.5415960000002	42
200.0385940000002	38
200.0385940000002	42
200.5295940000002	35
200.5295940000002	42
200.7775930000002	35
201.0255920000002	38
201.0255920000002	42
201.27109200000018	35
201.5165920000002	35
201.5165920000002	42
202.0115920000002	38
202.0115920000002	42
202.5095920000002	35
202.5095920000002	42
202.7545915000002	35
202.9995910000002	38
202.9995910000002	42
203.4965890000002	35
203.4965890000002	42
203.9875890000002	38
203.9875890000002	42
204.4815890000002	35
204.4815890000002	42
204.72858900000023	35
204.9755890000002	38
204.9755890000002	42
205.22258900000023	35
205.4695890000002	35
205.4695890000002	42
205.9675890000002	38
205.9675890000002	42
206.45758800000021	35
206.45758800000021	42
206.7065880000002	35
206.9555880000002	38
206.9555880000002	42
207.2000870000002	35
207.4445860000002	35
207.4445860000002	42
207.93958600000022	38
207.93958600000022	42
208.4375860000002	35
208.4375860000002	42
208.68258550000022	35
208.92758500000022	38
208.92758500000022	42
209.4245830000002	35
209.4245830000002	42
209.91558300000023	38
209.91558300000023	42
210.40958300000023	35
210.40958300000023	42
210.65608150000023	35
210.90258000000023	38
210.90258000000023	42
211.15107900000024	35
211.39957800000022	35
211.39957800000022	49