5.844096	35
6.563359000000001	47
6.927990500000001	35
7.292622000000001	35
7.832069250000001	49
8.011885000000001	47
8.376516500000001	35
8.741148	35
9.457023000000001	47
9.8199605	35
10.182898000000002	35
10.727304250000001	49
10.908773000000002	47
11.271710500000001	35
11.634648000000002	35
12.357730000000002	47
12.719271000000003	35
13.080812000000002	35
13.623123500000002	49
13.803894000000001	47
14.165435000000002	35
14.526976000000001	35
15.249715000000002	47
15.6110845	35
15.972454	35
16.514508250000002	49
16.695193	47
17.056562500000002	35
17.417932	35
18.141719000000002	47
18.5036125	35
18.865506	35
19.40834625	49
19.589293	47
19.951186500000002	35
20.31308	35
21.036867	47
21.3987605	35
21.760654	35
22.30349425	49
22.484441	47
22.8463345	35
23.208228000000002	35
23.930967000000003	47
24.2973365	35
24.663706	35
25.198260250000004	49
25.376445	47
25.737814500000002	35
26.099184	35
26.824018000000002	47
27.186435	35
27.548852	35
28.0924775	49
28.273686	47
28.636103000000002	35
28.998520000000003	35
29.722307000000004	47
30.0842005	35
30.446094000000002	35
30.988934250000003	49
31.169881000000004	47
31.5367745	35
31.903668	35
32.617455	47
32.9793485	35
33.341242	35
33.88408225	49
34.065029	47
34.426922499999996	35
34.788816	35
35.512603	47
35.8744965	35
36.23639	35
36.77923025	49
36.960177	47
37.327070500000005	35
37.693964	35
38.40670299999999	47
38.7730725	35
39.139442	35
39.68149625	49
39.862181	47
40.2235505	35
40.584920000000004	35
41.299754	47
41.667171	35
42.03458800000001	35
42.570713500000004	49
42.749421999999996	47
43.111838999999996	35
43.474256	35
44.198043	47
44.5599365	35
44.92183	35
45.46467025	49
45.645616999999994	47
46.007510499999995	35
46.369403999999996	35
47.094238	47
47.456655	35
47.819072	35
48.362697499999996	49
48.54390599999999	47
48.901323	35
49.258739999999996	35
49.97938499999999	47
50.339707499999996	35
50.70003	35
51.24051375	49
51.420674999999996	47
51.78599749999999	35
52.15131999999999	35
52.87091799999999	47
53.23071699999999	35
53.590515999999994	35
54.137714499999994	49
54.320114	47
54.679913	35
55.039711999999994	35
55.764545999999996	47
56.126962999999996	35
56.48938	35
57.033005499999994	49
57.21421399999999	47
57.57663099999999	35
57.93904799999999	35
58.662834999999994	47
59.01972849999999	35
59.37662199999999	35
59.91946224999999	49
60.100408999999985	47
60.46730249999999	35
60.83419599999999	35
61.54693499999998	47
61.91330449999999	35
62.27967399999999	35
62.82172824999999	49
63.00241299999999	47
63.36378249999999	35
63.725151999999994	35
64.44893899999998	47
64.81083249999999	35
65.17272599999998	35
65.71556624999998	49
65.89651299999998	47
66.25840649999999	35
66.62029999999999	35
67.34303899999999	47
67.70440849999999	35
68.06577799999998	35
68.60783224999999	49
68.78851699999998	47
69.15488649999998	35
69.521256	35
70.242948	47
70.603794	35
70.96463999999999	35
71.49840899999998	49
71.67633199999999	47
72.04217799999998	35
72.408024	35
73.130763	47
73.4921325	35
73.85350199999999	35
74.39555625	49
74.576241	47
74.9326105	35
75.28898	35
76.01695799999999	47
76.38594699999999	35
76.754936	35
77.2934195	49
77.47291399999999	47
77.83690299999999	35
78.200892	35
78.917821	47
79.28128550000001	35
79.64475	35
80.18244675	49
80.361679	47
80.7251435	35
81.088608	35
81.8103	47
82.17614599999999	35
82.541992	35
83.083261	49
83.263684	47
83.62453	35
83.985376	35
84.71287799999999	47
85.07162899999999	35
85.43038	35
85.96850649999999	49
86.147882	47
86.506633	35
86.86538399999999	35
87.598123	47
87.9594925	35
88.32086199999999	35
88.86291625	49
89.043601	47
89.40497049999999	35
89.76634	35
90.489079	47
90.8554485	35
91.221818	35
91.76387225	49
91.944557	47
92.3059265	35
92.66729600000001	35
93.39018700000001	47
93.75163250000001	35
94.113078	35
94.65524625	49
94.835969	47
95.19741450000001	35
95.55886000000001	35
96.28088000000001	47
96.64689	35
97.0129	35
97.554415	49
97.73492	47
98.09593	35
98.45694	35
99.17896	47
99.53997	35
99.90098	35
100.442495	49
100.623	47
100.98401	35
101.34502	35
102.06791100000001	47
102.42935650000001	35
102.790802	35
103.34047025000001	49
103.52369300000001	47
103.88513850000001	35
104.24658400000001	35
104.98037100000002	47
105.34226450000001	35
105.70415800000002	35
106.23949825000001	49
106.41794500000002	47
106.77983850000001	35
107.14173200000002	35
107.86656600000002	47
108.22898300000001	35
108.59140000000002	35
109.13502550000001	49
109.31623400000002	47
109.67865100000002	35
110.04106800000002	35
110.76218700000003	47
111.12774650000001	35
111.49330600000002	35
112.03414525000002	49
112.21442500000003	47
112.56998450000002	35
112.92554400000002	35
113.65723600000003	47
114.01808200000002	35
114.37892800000002	35
114.92769700000002	49
115.11062000000003	47
115.47146600000002	35
115.83231200000003	35
116.55173500000004	47
116.91644650000002	35
117.28115800000002	35
117.82072525000002	49
118.00058100000003	47
118.36029250000003	35
118.72000400000002	35
119.44202400000002	47
119.808034	35
120.17404400000002	35
120.70805900000002	49
120.88606400000002	47
121.24707400000001	35
121.60808400000002	35
122.34097500000003	47
122.70242050000003	35
123.06386600000002	35
123.59853425000001	49
123.77675700000002	47
124.14320250000002	35
124.50964800000003	35
125.23341100000003	47
125.59529250000003	35
125.95717400000002	35
126.49999625000002	49
126.68093700000003	47
127.04781850000002	35
127.41470000000004	35
128.12953400000004	47
128.49195100000003	35
128.85436800000002	35
129.39799350000004	49
129.57920200000004	47
129.94161900000003	35
130.30403600000002	35
131.03096500000004	47
131.38442950000004	35
131.737894	35
132.28309075	49
132.46482300000002	47
132.82828750000002	35
133.191752	35
133.91973000000002	47
134.27871900000002	35
134.637708	35
135.1686915	49
135.345686	47
135.714675	35
136.08366400000003	35
136.80954600000004	47
137.17248700000002	35
137.53542800000002	35
138.07983950000002	49
138.26131000000004	47
138.62425100000002	35
138.98719200000002	35
139.71270400000003	47
140.07546000000002	35
140.438216	35
140.98235000000003	49
141.16372800000002	47
141.51648400000002	35
141.86924000000002	35
142.59563200000002	47
142.963828	35
143.33202400000002	35
143.86931800000002	49
144.04841600000003	47
144.41661200000001	35
144.784808	35
145.50069000000002	47
145.863631	35
146.226572	35
146.7709835	49
146.95245400000002	47
147.310395	35
147.668336	35
148.39421800000002	47
148.75715900000003	35
149.1201	35
149.6645115	49
149.84598200000002	47
150.20892300000003	35
150.571864	35
151.290426	47
151.649707	35
152.00898800000002	35
152.5479095	49
152.72755	47
153.091831	35
153.456112	35
154.175535	47
154.5402465	35
154.904958	35
155.44452524999997	49
155.62438099999997	47
155.98909249999997	35
156.353804	35
157.08236599999998	47
157.441647	35
157.800928	35
158.33984949999999	49
158.51949	47
158.883771	35
159.24805199999997	35
159.966614	47
160.32589499999997	35
160.68517599999998	35
161.2315975	49
161.413738	47
161.773019	35
162.1323	35
162.85957299999998	47
163.2232095	35
163.58684599999998	35
164.13230074999998	49
164.31411899999998	47
164.6777555	35
165.04139199999997	35
165.75866499999998	47
166.11730149999997	35
166.47593799999999	35
167.02139275	49
167.20321099999998	47
167.56684749999997	35
167.93048399999998	35
168.64775699999998	47
169.0113935	35
169.37502999999998	35
169.92048474999999	49
170.10230299999998	47
170.4659395	35
170.82957599999997	35
171.55220699999998	47
171.91352249999997	35
172.274838	35
172.81681124999997	49
172.99746899999997	47
173.35878449999998	35
173.72009999999997	35
174.44283899999996	47
174.8042085	35
175.16557799999998	35
175.70763224999996	49
175.88831699999997	47
176.24968649999997	35
176.61105599999996	35
177.33379499999998	47
177.69516449999998	35
178.05653399999997	35
178.59858824999998	49
178.77927299999996	47
179.14064249999998	35
179.50201199999998	35
180.22579899999997	47
180.59269249999997	35
180.95958599999997	35
181.50242624999996	49
181.68337299999996	47
182.04526649999997	35
182.40715999999998	35
183.13094699999996	47
183.49284049999997	35
183.85473399999998	35
184.39007424999997	49
184.56852099999998	47
184.93041449999998	35
185.292308	35
186.01714199999998	47
186.379559	35
186.741976	35
187.28560149999998	49
187.46680999999998	47
187.829227	35
188.191644	35
188.907526	47
189.27046699999997	35
189.63340799999997	35
190.17781949999997	49
190.35929	47
190.72223099999997	35
191.08517199999997	35
191.80895899999996	47
192.17085249999997	35
192.53274599999997	35
193.07558624999996	49
193.25653299999996	47
193.62342649999997	35
193.99032	35
194.713059	47
195.06942850000001	35
195.425798	35
195.96785224999996	49
196.14853699999998	47
196.51490649999997	35
196.88127599999999	35
197.604015	47
197.9653845	35
198.326754	35
198.86880825	49
199.04949299999998	47
199.4108625	35
199.772232	35
200.48601899999997	47
200.84791249999998	35
201.209806	35
201.76014625	49
201.943593	47
202.3054865	35
202.66738	35
203.390119	47
203.75148850000002	35
204.11285800000002	35
204.65491225	49
204.835597	47
205.1969665	35
205.558336	35
206.280028	47
206.640874	35
207.00172	35
207.542989	49
207.723412	47
208.089258	35
208.45510399999998	35
209.175391	47
209.53553449999998	35
209.89567799999998	35
210.43589324999996	49
210.615965	47
210.98110849999998	35
211.34625199999996	35
212.07827199999997	47
212.439282	35
212.80029199999998	35
213.341807	49
213.52231199999997	47
213.883322	35
214.24433199999999	35
214.967223	47
215.3286685	35
215.690114	35
216.23228225	49
216.413005	47
216.77445049999997	35
217.13589599999997	35
217.86053399999997	47
218.222853	35
218.58517199999997	35
219.12865049999996	49
219.30980999999997	47
219.67712899999998	35
220.04444799999996	35
220.75733899999997	47
221.11878449999998	35
221.48022999999998	35
222.02239824999998	49
222.20312099999998	47
222.56456649999996	35
222.92601199999996	35
223.64890299999996	47
224.01034849999996	35
224.37179399999997	35
224.90646224999995	49
225.08468499999995	47
225.45113049999998	35
225.81757599999997	35
226.54031499999996	47
226.9016845	35
227.26305399999998	35
227.80510824999996	49
227.98579299999997	47
228.34716249999997	35
228.70853199999996	35
229.42755699999995	47
229.78706949999994	35
230.14658199999997	35
230.69335074999995	49
230.87560699999995	47
231.24511949999996	35
231.61463199999994	35
232.33322799999996	47
232.69252599999996	35
233.05182399999995	35
233.59827099999995	49
233.78041999999996	47
234.14471799999995	35
234.50901599999997	35
235.22717099999994	47
235.59124849999995	35
235.95532599999996	35
236.48644224999998	49
236.66348099999996	47
237.02755849999997	35
237.39163599999998	35
238.11890899999997	47
238.4825455	35
238.84618199999997	35
239.39163674999998	49
239.57345499999997	47
239.93709149999998	35
240.30072799999996	35
241.02449099999995	47
241.38637249999996	35
241.74825399999997	35
242.28357624999995	49
242.46201699999995	47
242.81889849999996	35
243.17577999999995	35
243.90867099999994	47
244.27511649999997	35
244.64156199999996	35
245.18373024999997	49
245.36445299999997	47
245.72089849999992	35
246.07734399999993	35
246.79590599999992	47
247.16018699999995	35
247.52446799999996	35
248.07088949999994	49
248.25302999999994	47
248.61231099999995	35
248.97159199999993	35
249.7001539999999	47
250.05943499999992	35
250.41871599999993	35
250.95763749999992	49
251.13727799999992	47
251.50155899999996	35
251.86583999999993	35
252.59440199999995	47
252.95868299999992	35
253.32296399999993	35
253.86188549999991	49
254.04152599999992	47
254.38580699999991	35
254.73008799999994	35
255.28856649999994	35
255.47472599999995	38
255.82704499999997	35
256.17936399999996	35
256.73034249999995	49
256.914002	47
257.63863999999995	35
258.19044199999996	35
258.3743759999999	38
258.7272439999999	35
259.080112	35
259.62441399999994	49
259.80584799999997	47
260.54158399999994	35
261.0836382499999	35
261.26432299999993	38
261.62569249999996	35
261.9870619999999	35
262.52911624999996	49
262.70980099999997	47
263.43253999999996	35
263.96709424999995	35
264.14527899999996	38
264.5066484999999	35
264.86801799999995	35
265.4250722499999	49
265.6107569999999	47
266.3234959999999	35
266.8572649999999	35
267.03518799999995	38
267.39603399999993	35
267.7568799999999	35
268.3131489999999	49
268.4985719999999	47
269.21026399999994	35
269.7523182499999	35
269.9330029999999	38
270.28937249999996	35
270.6457419999999	35
271.02211149999994	38
271.21029624999994	38
271.39848099999995	38
271.5741657499999	38
271.7498504999999	38
271.92553524999994	38
272.10121999999996	35
272.62906024999995	35
272.805007	38
273.1719005	35
273.53879399999994	35
274.08163425	49
274.26258099999995	38
274.99636799999996	35
275.54235149999994	35
275.72434599999997	38
276.09333499999997	35
276.46232399999997	35
276.99330749999996	49
277.170302	38
277.90827999999993	35
278.44954899999993	35
278.62997199999995	38
278.98581799999994	35
279.3416639999999	35
279.8829329999999	49
280.06335599999994	38
280.78504799999996	35
281.33303175	35
281.51569299999994	38
281.87601549999994	35
282.23633799999993	35
282.5966604999999	38
282.77682174999995	38
282.9569829999999	47
283.13464424999995	47
283.3123055	47
283.48996674999995	47
283.667628	35
284.21561174999994	35
284.39827299999996	38
284.75859549999996	35
285.11891799999995	35
285.65940175	49
285.83956299999994	38
286.56020799999993	35
287.11133349999994	35
287.2950419999999	38
287.6574589999999	35
288.0198759999999	35
288.5635014999999	49
288.74470999999994	38
289.4695439999999	35
290.01395549999995	35
290.19542599999994	38
290.5583669999999	35
290.92130799999995	35
291.4657194999999	49
291.6471899999999	38
292.3730719999999	35
292.9151262499999	35
293.0958109999999	38
293.45218049999994	35
293.8085499999999	35
294.16991949999993	38
294.35060424999995	38
294.8926584999999	38
295.07334324999994	38
295.25402799999995	35
295.78858224999993	35
295.96676699999995	38
296.3331364999999	35
296.69950599999993	35
297.2415602499999	49
297.4222449999999	38
298.1549839999999	35
298.6993954999999	35
298.8808659999999	38
299.2438069999999	35
299.6067479999999	35
300.1511594999999	49
300.3326299999999	38
301.0585119999999	35
301.6029234999999	35
301.7843939999999	38
302.1423349999999	35
302.50027599999993	35
303.0296874999999	49
303.2061579999999	38
303.9520399999999	35
304.4933089999999	35
304.6737319999999	38
305.0345779999999	35
305.3954239999999	47
305.5783469999999	47
305.7612699999999	47
305.94419299999987	49
306.1271159999999	47
306.3050389999999	47
306.4829619999999	47
306.8388079999999	35
307.38321949999994	35
307.5646899999999	38
307.9276309999999	35
308.29057199999994	35
308.8349834999999	49
309.0164539999999	38
309.7423359999999	35
310.27924749999994	35
310.45821799999993	38
310.8261589999999	35
311.19409999999993	35
311.7235114999999	49
311.8999819999999	38
312.6358639999999	35
313.1822772499999	35
313.3644149999999	38
313.7236904999999	35
314.0829659999999	35
314.4572414999999	38
314.6443792499999	38
314.83151699999985	47
315.0036547499999	47
315.1757924999999	47
315.3479302499999	47
315.5200679999999	35
316.05776474999993	35
316.2369969999999	38
316.61046149999993	35
316.98392599999994	35
317.52162274999995	49
317.70085499999993	38
318.4277839999999	35
318.97140949999994	35
319.1526179999999	38
319.5150349999999	35
319.8774519999999	38
320.0561604999999	38
320.4135774999999	38
320.4135774999999	49
320.59228599999994	38
320.94970299999994	38
321.1284114999999	38
321.30711999999994	35
321.8491742499999	35
322.02985899999993	38
322.39122849999995	35
322.7525979999999	35
323.29465224999996	49
323.47533699999997	38
324.20807599999995	35
324.7584162499999	35
324.94186299999996	38
325.30375649999996	35
325.6656499999999	35
326.20849024999995	49
326.38943699999993	38
327.11322399999995	35
327.64856424999994	35
327.82701099999997	38
328.1889044999999	35
328.55079799999993	35
329.09363824999997	49
329.27458499999995	38
330.00837199999995	35
330.55478524999995	35
330.73692299999993	38
331.09619849999996	35
331.4554739999999	35
331.4554739999999	38
331.63761174999996	38
331.81974949999994	38
332.0018872499999	38
332.1840249999999	38
332.35866274999995	38
332.53330049999994	38
332.7079382499999	38
332.882576	35
333.4187015	35
333.59740999999997	38
333.96482699999996	35
334.33224399999995	35
334.87586949999996	49
335.057078	38
335.781912	35
336.50674599999996	38
336.87416299999995	35
337.24157999999994	35
337.7702055	49
337.946414	38
338.681248	35
339.22408824999997	35
339.405035	38
339.7669285	35
340.12882199999996	35
340.67166225	49
340.852609	38
341.576396	35
342.11923625	35
342.300183	38
342.66207649999996	35
343.02396999999996	35
343.58181025	49
343.76775699999996	38
343.94370374999994	38
344.1196505	38
344.29559724999996	38
344.471544	35
345.02859824999996	35
345.21428299999997	38
345.5706525	35
345.92702199999997	35
346.46907625	49
346.649761	38
347.3625	35
347.89941150000004	35
348.07838200000003	38
348.446323	35
348.81426400000004	35
349.3586755	49
349.540146	38
350.266028	35
350.807297	35
350.98772	38
351.348566	35
351.709412	35
352.243181	49
352.421104	38
353.14279600000003	35
353.67735025	35
353.85553500000003	38
354.21690450000006	35
354.578274	38
354.94464350000004	38
355.12782825000005	38
355.49669775	38
355.6823825	38
356.05375200000003	35
356.5997355	35
356.78173000000004	38
357.13571900000005	35
357.48970800000006	35
358.03569150000004	49
358.21768600000007	38
358.945664	35
359.486933	35
359.66735600000004	38
360.023202	35
360.379048	35
360.927817	49
361.11074	38
361.83243200000004	35
362.37448625	35
362.55517100000003	38
362.92154050000005	35
363.28791	38
363.47109475	38
363.83746425000004	38
364.02064900000005	38
364.3820185	38
364.56270325	38
364.74338800000004	35
365.28779950000006	35
365.46927000000005	38
365.82721100000003	35
366.1851520000001	35
366.72956350000004	49
366.91103400000003	38
367.64691600000003	35
367.8243155	38
368.00171500000005	38
368.1791145	35
368.35651400000006	38
368.53641350000004	38
368.716313	35
368.89621250000005	38
369.076112	35
369.25601150000006	38
369.43591100000003	38
369.61581050000007	35
369.79571000000004	38
369.9731095	38
370.15050900000006	35
370.50530800000007	35
370.50530800000007	49
371.06986225	35
371.25804700000003	38
371.61441650000006	35
371.97078600000003	35
372.51284025000007	49
372.6935250000001	38
373.4062640000001	35
373.96410425000005	35
374.1500510000001	38
374.5119445000001	35
374.87383800000003	35
375.4091782500001	49
375.58762500000006	38
376.3114120000001	35
376.8550375000001	35
377.03624600000006	38
377.39866300000006	35
377.76108000000005	35
378.2972055000001	49
378.4759140000001	38
379.2007480000001	35
379.7518735000001	35
379.93558200000007	38
380.29799900000006	35
380.66041600000005	38
380.8391245000001	38
381.1965415000001	49
381.3752500000001	38
381.5564585000001	38
381.91887550000007	38
382.1000840000001	35
382.6488530000001	35
382.8317760000001	38
383.1976220000001	35
383.56346800000006	35
384.10473700000006	49
384.2851600000001	38
384.9868520000001	35
385.5320487500001	35
385.7137810000001	38
386.0772455000001	35
386.44071000000014	35
386.99340675000013	49
387.1776390000001	38
387.8945680000001	35
388.4374082500001	35
388.6183550000001	38
388.98024850000013	35
389.3421420000001	35
389.8849822500001	49
390.0659290000001	38
390.7897160000001	35
391.3317702500001	35
391.5124550000001	38
391.8788245000001	35
392.2451940000001	47
392.4283787500001	38
392.6115635000001	38
392.9779330000001	49
393.1536177500001	38
393.3293025000001	38
393.68067200000013	35
394.21758350000016	35
394.39655400000015	38
394.7644950000001	35
395.13243600000015	35
395.13243600000015	49