3.621114	47
4.1866699999999994	47
4.474448000000001	35
4.474448000000001	49
4.747622000000001	42
5.020796000000001	42
5.293970000000001	35
5.293970000000001	42
5.567144000000001	42
5.835318000000001	42
6.103492	38
6.103492	42
6.376666	35
6.376666	42
6.64984	35
6.64984	42
6.9248140000000005	42
7.199788	42
7.474762	35
7.474762	42
7.749736	42
8.02471	42
8.299684000000001	38
8.299684000000001	42
8.574658	49
8.849632	35
8.849632	42
9.124105	42
9.398578	42
9.673051	35
9.673051	42
9.947524	42
10.221997	42
10.496469999999999	38
10.496469999999999	42
10.770942999999999	35
10.770942999999999	42
11.045416	35
11.045416	42
11.319889	42
11.594362	42
11.868834999999999	35
11.868834999999999	42
12.143308	42
12.417781	42
12.692253999999998	38
12.692253999999998	42
12.971726999999998	49
13.251199999999999	35
13.251199999999999	42
13.525673	42
13.800146	42
14.074618999999998	35
14.074618999999998	42
14.349091999999999	42
14.618564999999998	42
14.888037999999998	38
14.888037999999998	42
15.157511	35
15.157511	42
15.426984	35
15.426984	42
15.701457	42
15.97593	42
16.255403	35
16.255403	42
16.534876	42
16.814348999999996	42
17.093822	38
17.093822	42
17.368295	49
17.642768	35
17.642768	42
17.917241	42
18.191713999999997	42
18.466186999999998	35
18.466186999999998	42
18.74066	42
19.010133	42
19.279605999999998	38
19.279605999999998	42
19.554078999999998	35
19.554078999999998	42
19.828552	35
19.828552	42
20.103025	42
20.377498	42
20.651971	35
20.651971	42
20.926444	42
21.195916999999998	38
21.195916999999998	42
21.46539	38
21.46539	42
21.739863	35
21.739863	42
22.014336	35
22.014336	49
22.293808999999996	42
22.573281999999995	42
22.852754999999995	35
22.852754999999995	42
23.132227999999998	42
23.406700999999998	42
23.681174	38
23.681174	42
23.955647	35
23.955647	42
24.23012	35
24.23012	42
24.504593	42
24.779066	42
25.053538999999997	35
25.053538999999997	42
25.328011999999998	42
25.597485	42
25.866957999999997	38
25.866957999999997	42
26.146430999999996	49
26.425904	35
26.425904	42
26.705377	42
26.984849999999998	42
27.254322999999996	35
27.254322999999996	42
27.523795999999997	42
27.793269	38
27.793269	42
28.062741999999997	38
28.062741999999997	42
28.337214999999997	35
28.337214999999997	42
28.611687999999997	35
28.611687999999997	42
28.886160999999998	42
29.160633999999998	42
29.435106999999995	35
29.435106999999995	42
29.709579999999995	42
29.984052999999996	42
30.258525999999996	38
30.258525999999996	42
30.537998999999996	35
30.537998999999996	49
30.817472	35
30.817472	42
31.091945	42
31.366418	42
31.640890999999996	35
31.640890999999996	42
31.915363999999997	42
32.189837	42
32.46431	38
32.46431	42
32.738783	35
32.738783	42
33.013256	35
33.013256	42
33.287729	42
33.562202	42
33.831675000000004	35
33.831675000000004	42
34.101148	42
34.375621	42
34.650094	38
34.650094	42
34.924567	35
34.924567	49
35.199040000000004	35
35.199040000000004	49
35.473513000000004	42
35.747986	42
36.022459	35
36.022459	42
36.296932	42
36.571405	38
36.571405	42
36.845878	38
36.845878	42
37.120351	35
37.120351	42
37.394824	35
37.394824	42
37.674296999999996	42
37.95376999999999	42
38.22824299999999	35
38.22824299999999	42
38.50271599999999	42
38.767188999999995	42
39.03166199999999	38
39.03166199999999	49
39.590607999999996	35
39.590607999999996	49
39.87008099999999	42
40.149553999999995	42
40.424026999999995	35
40.424026999999995	42
40.698499999999996	42
40.967973	42
41.237446	38
41.237446	42
41.511919	42
41.786392	35
41.786392	42
42.065864999999995	42
42.345338	42
42.619811	35
42.619811	42
42.894284	42
43.168757	42
43.44323	38
43.44323	42
43.717703	49
43.992176	35
43.992176	42
44.266649	42
44.541122	42
44.815595	35
44.815595	42
45.090068	42
45.35954099999999	42
45.62901399999999	38
45.62901399999999	42
45.89848699999999	35
45.89848699999999	42
46.16795999999999	35
46.16795999999999	42
46.44743299999999	42
46.72690599999999	42
47.00637899999999	35
47.00637899999999	42
47.28585199999999	42
47.56032499999999	38
47.56032499999999	42
47.83479799999999	38
47.83479799999999	47
48.10927099999999	35
48.10927099999999	42
48.38374399999999	35
48.38374399999999	49
48.653217	42
48.922689999999996	42
49.207162999999994	35
49.207162999999994	42
49.49163599999999	42
49.761109	42
50.030581999999995	38
50.030581999999995	42
50.305054999999996	42
50.579527999999996	35
50.579527999999996	42
50.854001	42
51.128474	42
51.397947	35
51.397947	42
51.66742	42
51.941893	38
51.941893	42
52.216366	38
52.216366	42
52.495839	49
52.775312	35
52.775312	42
53.054784999999995	42
53.334258	42
53.603731	35
53.603731	42
53.873204	42
54.14767699999999	42
54.42214999999999	38
54.42214999999999	49
54.69162299999999	38
54.82635949999999	38
54.96109599999999	35
54.96109599999999	49
55.24556899999999	42
55.53004199999999	42
55.80451499999999	35
55.80451499999999	42
56.07898799999999	42
56.34846099999999	42
56.61793399999999	38
56.61793399999999	42
56.89240699999999	49
57.16687999999999	35
57.16687999999999	42
57.44635299999999	42
57.72582599999999	42
58.00029899999999	35
58.00029899999999	42
58.27477199999999	42
58.54924499999999	42
58.82371799999999	38
58.82371799999999	42
59.09819099999999	35
59.09819099999999	42
59.37266399999999	35
59.37266399999999	42
59.647136999999994	42
59.921609999999994	42
60.186082999999996	35
60.186082999999996	42
60.450556	42
60.730028999999995	42
61.009502	38
61.009502	42
61.283975	49
61.558448	35
61.558448	42
61.832921	42
62.107394	42
62.381867	35
62.381867	42
62.656339999999986	42
62.930812999999986	42
63.20528599999999	38
63.20528599999999	42
63.47975899999999	35
63.47975899999999	42
63.75423199999999	35
63.75423199999999	42
64.03370499999998	42
64.313178	42
64.582651	35
64.582651	42
64.85212399999999	42
65.12659699999999	42
65.40106999999999	38
65.40106999999999	42
65.67554299999999	35
65.67554299999999	49
65.95001599999999	35
65.95001599999999	42
66.22948899999999	42
66.508962	42
66.778435	35
66.778435	42
67.04790799999999	42
67.322381	42
67.596854	38
67.596854	42
67.871327	35
67.871327	42
68.1458	35
68.1458	42
68.420273	42
68.694746	42
68.969219	35
68.969219	42
69.243692	42
69.52316499999999	38
69.52316499999999	42
69.802638	38
69.802638	42
70.077111	42
70.351584	35
70.351584	42
70.62105700000001	42
70.89053	42
71.16500299999998	35
71.16500299999998	42
71.43947599999998	42
71.71394899999999	42
71.98842199999999	38
71.98842199999999	42
72.26289499999999	35
72.26289499999999	42
72.53736799999999	35
72.53736799999999	42
72.81449099999999	42
73.09161399999999	42
73.36373699999999	35
73.36373699999999	42
73.63585999999998	42
73.91298299999998	38
73.91298299999998	47
74.19010599999999	38
74.19010599999999	47
74.47222899999997	35
74.47222899999997	49
74.75435199999998	35
74.75435199999998	42
75.02857399999998	42
75.30279599999999	42
75.57201799999999	35
75.57201799999999	42
75.84123999999998	42
76.11546199999998	42
76.38968399999997	38
76.38968399999997	42
76.66390599999998	35
76.66390599999998	42
76.93812799999998	35
76.93812799999998	42
77.21234999999997	42
77.48657199999998	42
77.76079399999998	35
77.76079399999998	42
78.03501599999998	42
78.30923799999998	38
78.30923799999998	42
78.58345999999997	38
78.58345999999997	42
78.85768199999998	35
78.85768199999998	49
79.13190399999998	35
79.13190399999998	42
79.40612599999997	42
79.68034799999998	42
79.94956999999998	35
79.94956999999998	42
80.218792	42
80.49301399999999	42
80.76723599999998	38
80.76723599999998	42
81.04645799999999	35
81.04645799999999	42
81.32567999999998	35
81.32567999999998	42
81.60490199999997	42
81.88412399999999	42
82.15334599999998	42
82.42256799999998	35
82.42256799999998	42
82.69678999999998	35
82.69678999999998	38
82.69678999999998	42
82.97101199999997	35
82.97101199999997	38
82.97101199999997	42
83.24523399999998	35
83.24523399999998	42
83.51945599999998	35
83.51945599999998	49
83.80392793511493	42
84.08840095416664	42
84.35787395416665	35
84.35787395416665	42
84.62734695416664	42
84.89181995416665	42
85.15629295416664	38
85.15629295416664	42
85.43076595416665	35
85.43076595416665	42
85.70523895416665	35
85.70523895416665	42
85.99471195416663	42
86.28418495416663	42
86.55365795416665	35
86.55365795416665	42
86.82313095416664	42
87.09260395416665	38
87.09260395416665	42
87.36207695416664	38
87.36207695416664	42
87.64154995416663	35
87.64154995416663	49
87.92102295416665	35
87.92102295416665	42
88.19049595416665	42
88.45996895416664	42
88.73444195416664	35
88.73444195416664	42
89.00891495416664	42
89.28338795416664	42
89.55786095416664	38
89.55786095416664	42
89.83233395416664	35
89.83233395416664	42
90.10680695416664	35
90.10680695416664	42
90.38127995416664	42
90.65575295416664	42
90.93522595416664	35
90.93522595416664	42
91.21469895416665	42
91.48917195416665	42
91.76364495416664	38
91.76364495416664	42
92.03811795416664	35
92.03811795416664	49
92.31259095416664	35
92.31259095416664	42
92.58706395416664	42
92.86153695416664	42
93.13600995416664	35
93.13600995416664	42
93.41048295416664	42
93.68495595416664	42
93.95942895416664	38
93.95942895416664	42
94.23390195416664	35
94.23390195416664	42
94.50837495416664	35
94.50837495416664	42
94.77784795416665	42
95.04732095416664	42
95.32179395416664	35
95.32179395416664	42
95.59626695416664	42
95.87073995416664	38
95.87073995416664	42
96.14521295416664	38
96.14521295416664	42
96.42468595416663	35
96.42468595416663	49
96.70415895416664	35
96.70415895416664	49
96.97863195416664	42
97.25310495416664	42
97.53257795416664	35
97.53257795416664	42
97.81205095416665	42
98.07652395416666	42
98.34099695416666	38
98.34099695416666	42
98.61546995416664	35
98.61546995416664	42
98.88994295416664	35
98.88994295416664	42
99.16441595416664	42
99.43888895416664	42
99.71336195416664	35
99.71336195416664	42
99.98783495416664	42
100.26230795416664	42
100.53678095416664	38
100.53678095416664	49
100.81125395416665	35
100.81125395416665	47
101.08572695416665	35
101.08572695416665	49
101.36519995416664	42
101.64467295416665	42
101.92414595416663	35
101.92414595416663	42
102.20361895416664	42
102.46809195416665	42
102.73256495416665	38
102.73256495416665	42
103.00703795416663	35
103.00703795416663	42
103.28151095416663	35
103.28151095416663	42
103.56098395416663	42
103.84045695416664	42
104.11492995416664	35
104.11492995416664	42
104.38940295416664	42
104.66387595416664	38
104.66387595416664	42
104.93834895416664	38
104.93834895416664	42
105.21782195416664	35
105.21782195416664	49
105.49729495416665	35
105.49729495416665	42
105.76676795416665	42
106.03624095416664	42
106.31071395416664	35
106.31071395416664	42
106.58518695416664	42
106.85965995416664	42
107.13413295416665	38
107.13413295416665	42
107.40860595416665	35
107.40860595416665	42
107.68307895416665	35
107.68307895416665	42
107.95755195416665	42
108.23202495416665	42
108.50149795416664	35
108.50149795416664	42
108.77097095416663	42
109.04544395416663	38
109.04544395416663	42
109.31991695416663	38
109.31991695416663	42
109.59938995416663	35
109.59938995416663	49
109.87886295416664	35
109.87886295416664	42
110.15333595416664	42
110.42780895416664	42
110.70228195416664	35
110.70228195416664	42
110.97675495416664	42
111.24622795416664	38
111.24622795416664	42
111.51570095416663	38
111.51570095416663	42
111.79517395416663	35
111.79517395416663	42
112.07464695416664	35
112.07464695416664	42
112.34911995416664	42
112.62359295416664	42
112.89806595416664	35
112.89806595416664	42
113.17253895416664	42
113.44201195416665	38
113.44201195416665	42
113.71148495416664	38
113.71148495416664	49
113.98595795416664	35
114.26043095416664	35
114.26043095416664	49
114.53990395416663	42
114.81937695416664	42
115.09384995416664	35
115.09384995416664	42
115.36832295416664	42
115.63779595416665	42
115.90726895416664	38
115.90726895416664	42
116.18174195416664	35
116.18174195416664	42
116.45621495416664	35
116.45621495416664	42
116.73068795416664	42
117.00516095416664	42
117.28463395416664	35
117.28463395416664	42
117.56410695416665	42
117.83357995416665	42
118.10305295416664	38
118.10305295416664	49
118.37752595416664	38
118.51476245416664	38
118.65199895416664	35
118.65199895416664	49
118.93647195416663	42
119.22094495416664	42
119.49541795416665	35
119.49541795416665	42
119.76989095416666	42
120.03936395416666	42
120.30883695416664	38
120.30883695416664	42
120.57830995416664	35
120.57830995416664	42
120.84778295416663	35
120.84778295416663	42
121.12725595416663	42
121.40672895416664	42
121.68120195416664	35
121.68120195416664	42
121.95567495416664	42
122.23014795416664	38
122.23014795416664	42
122.50462095416664	38
122.50462095416664	42
122.78409395416664	35
122.78409395416664	49
123.06356695416665	35
123.06356695416665	42
123.33303995416665	42
123.60251295416664	42
123.87198595416665	35
123.87198595416665	42
124.14145895416664	42
124.41593195416664	42
124.69040495416662	38
124.69040495416662	42
124.96487795416662	35
124.96487795416662	42
125.23935095416662	35
125.23935095416662	42
125.51882395416662	42
125.79829695416663	42
126.07276995416663	35
126.07276995416663	42
126.34724295416663	42
126.61171595416664	47
126.61171595416664	47
126.87618895416665	47
126.87618895416665	47
127.15066195416664	35
127.42513495416664	35
127.42513495416664	49
127.70960795416663	42
127.99408095416662	42
128.27355395416663	35
128.27355395416663	42
128.55302695416663	42
128.82249995416663	42
129.09197295416664	38
129.09197295416664	42
129.36144595416664	35
129.36144595416664	42
129.63091895416665	35
129.63091895416665	42
129.90539195416665	42
130.17986495416665	42
130.45433795416665	35
130.45433795416665	42
130.72881095416665	42
131.00328395416665	38
131.00328395416665	42
131.27775695416665	38
131.27775695416665	42
131.55222995416665	49
131.82670295416665	35
131.82670295416665	42
132.10117595416665	42
132.37564895416665	42
132.65012195416665	35
132.65012195416665	42
132.92459495416665	49
133.19906795416665	47
133.33630445416665	47
133.47354095416665	47
133.74801395416665	47
133.88525045416665	47
134.02248695416665	35
134.02248695416665	49
134.30695995416664	42
134.59143295416663	42
134.86090595416664	35
134.86090595416664	42
135.13037895416664	42
135.40485195416665	42
135.67932495416665	38
135.67932495416665	42
135.95379795416665	49
136.22827095416665	35
136.22827095416665	42
136.50274395416665	42
136.77721695416665	42
137.04168995416666	35
137.04168995416666	42
137.3061629541666	42
137.5856359541666	42
137.86510895416663	38
137.86510895416663	42
138.14458195416663	42
138.42405495416662	35
138.42405495416662	42
138.69852795416662	42
138.97300095416662	42
139.24747395416662	35
139.24747395416662	42
139.52194695416662	42
139.79141995416663	42
140.06089295416663	38
140.06089295416663	42
140.33536595416663	49
140.60983895416663	35
140.60983895416663	42
140.88931195416663	42
141.16878495416663	42
141.43825795416663	35
141.43825795416663	42
141.70773095416664	42
141.98220395416664	42
142.25667695416664	38
142.25667695416664	42
142.53614995416663	35
142.53614995416663	42
142.81562295416663	35
142.81562295416663	42
143.09009595416663	42
143.36456895416663	42
143.63404195416663	35
143.63404195416663	42
143.90351495416664	42
144.18298795416663	38
144.18298795416663	42
144.46246095416663	38
144.46246095416663	42
144.73693395416663	49
145.01140695416663	35
145.01140695416663	42
145.28587995416663	42
145.56035295416663	42
145.82982595416664	35
145.82982595416664	42
146.09929895416664	42
146.37377195416664	42
146.64824495416664	38
146.64824495416664	42
146.92271795416664	35
146.92271795416664	42
147.19719095416664	35
147.19719095416664	42
147.47166395416664	42
147.74613695416664	42
148.02060995416664	35
148.02060995416664	42
148.29508295416665	42
148.56955595416665	42
148.84402895416665	38
148.84402895416665	42
149.11850195416665	49
149.39297495416665	35
149.39297495416665	42
149.67244795416664	42
149.95192095416664	42
150.22139395416664	35
150.22139395416664	42
150.49086695416665	42
150.76533995416665	42
151.03981295416665	38
151.03981295416665	42
151.31428595416665	35
151.31428595416665	42
151.58875895416665	35
151.58875895416665	42
151.86823195416665	42
152.14770495416664	42
152.41717795416665	35
152.41717795416665	42
152.68665095416665	42
152.96112395416665	38
152.96112395416665	42
153.23559695416665	38
153.23559695416665	42
153.51506995416665	35
153.51506995416665	49
153.79454295416664	35
153.79454295416664	42
154.07401595416664	42
154.35348895416664	42
154.62296195416664	35
154.62296195416664	42
154.89243495416665	42
155.16690795416665	42
155.44138095416665	38
155.44138095416665	42
155.71585395416665	35
155.71585395416665	42
155.99032695416665	35
155.99032695416665	42
156.26479995416665	42
156.53927295416665	42
156.80874595416665	35
156.80874595416665	42
157.07821895416666	42
157.35269195416666	38
157.35269195416666	42
157.62716495416666	38
157.62716495416666	42
157.90163795416666	35
157.90163795416666	49
158.17611095416666	35
158.17611095416666	42
158.45058395416666	42
158.72505695416666	42
158.99452995416667	35
158.99452995416667	42
159.26400295416664	42
159.54347595416664	42
159.82294895416666	38
159.82294895416666	42
160.09742195416666	35
160.09742195416666	42
160.37189495416666	35
160.37189495416666	42
160.64636795416666	38
160.64636795416666	42
160.92084095416664	38
160.92084095416664	42
161.20031395416663	35
161.20031395416663	42
161.47978695416663	38
161.47978695416663	47
161.74925995416663	38
161.74925995416663	47
162.01873295416664	38
162.01873295416664	47
162.29320595416664	38
162.29320595416664	47
162.56767895416664	35
162.56767895416664	49
162.84215195416664	42
163.11662495416664	42
163.39109795416664	35
163.39109795416664	42
163.66557095416664	42
163.94004395416664	42
164.21451695416664	38
164.21451695416664	42
164.49398995416664	35
164.49398995416664	42
164.77346295416663	35
164.77346295416663	42
165.04793595416663	42
165.32240895416663	42
165.59688195416663	35
165.59688195416663	42
165.87135495416663	42
166.14582795416663	38
166.14582795416663	42
166.42030095416663	38
166.42030095416663	42
166.69477395416664	35
166.69477395416664	49
166.96924695416664	35
166.96924695416664	42
167.23871995416664	42
167.50819295416665	42
167.78266595416665	35
167.78266595416665	42
168.05713895416665	42
168.33161195416665	42
168.60608495416665	38
168.60608495416665	42
168.88055795416665	35
168.88055795416665	42
169.15503095416665	35
169.15503095416665	42
169.42950395416665	42
169.70397695416662	42
169.97844995416662	35
169.97844995416662	42
170.25292295416662	42
170.52739595416662	42
170.80186895416662	38
170.80186895416662	42
171.0863419541666	49
171.3708149541666	35
171.3708149541666	42
171.6352879541666	42
171.89976095416662	42
172.17423395416662	35
172.17423395416662	42
172.44870695416662	42
172.72317995416662	42
172.99765295416663	38
172.99765295416663	42
173.27712595416662	35
173.27712595416662	42
173.55659895416662	35
173.55659895416662	42
173.83107195416662	42
174.10554495416662	42
174.38001795416662	35
174.38001795416662	42
174.65449095416662	42
174.92396395416662	42
175.19343695416663	38
175.19343695416663	42
175.46790995416663	35
175.46790995416663	49
175.74238295416663	35
175.74238295416663	49
176.02185595416663	42
176.30132895416662	42
176.57580195416662	35
176.57580195416662	42
176.85027495416662	42
177.11974795416663	42
177.38922095416663	38
177.38922095416663	42
177.66369395416663	35
177.66369395416663	42
177.93816695416663	35
177.93816695416663	42
178.21763995416663	42
178.49711295416662	42
178.77158595416662	35
178.77158595416662	42
179.04605895416663	42
179.31553195416663	38
179.31553195416663	42
179.58500495416664	38
179.58500495416664	42
179.86447795416663	35
179.86447795416663	49
180.14395095416663	35
180.14395095416663	49
180.41842395416663	42
180.69289695416663	42
180.96236995416663	35
180.96236995416663	42
181.23184295416664	42
181.50631595416664	38
181.50631595416664	42
181.78078895416664	38
181.78078895416664	42
182.05526195416664	35
182.05526195416664	42
182.32973495416664	35
182.32973495416664	42
182.60920795416664	42
182.88868095416663	42
183.16315395416663	35
183.16315395416663	42
183.43762695416663	42
183.70709995416664	38
183.70709995416664	42
183.97657295416664	38
183.97657295416664	42
184.25604595416664	35
184.25604595416664	49
184.53551895416663	35
184.53551895416663	42
184.81499195416663	42
185.09446495416663	42
185.36893795416663	35
185.36893795416663	42
185.64341095416663	42
185.90788395416664	38
185.90788395416664	42
186.17235695416664	38
186.17235695416664	42
186.44682995416665	35
186.44682995416665	42
186.72130295416665	35
186.72130295416665	42
186.99577595416665	42
187.27024895416665	42
187.54972195416664	35
187.54972195416664	42
187.82919495416664	42
188.09866795416664	38
188.09866795416664	42
188.36814095416665	38
188.36814095416665	42
188.64261395416665	49
188.91708695416665	35
188.91708695416665	42
189.19155995416665	42
189.46603295416665	42
189.74550595416665	35
189.74550595416665	42
190.02497895416664	42
190.29445195416665	38
190.29445195416665	42
190.56392495416665	38
190.56392495416665	42
190.83839795416665	35
190.83839795416665	42
191.11287095416665	35
191.11287095416665	42
191.39234395416665	42
191.67181695416664	42
191.94628995416664	35
191.94628995416664	42
192.22076295416664	42
192.49023595416665	38
192.49023595416665	42
192.75970895416665	38
192.75970895416665	49
193.03418195416666	38
193.17141845416663	38
193.30865495416666	35
193.30865495416666	49
193.58812795416665	42
193.86760095416665	42
194.13707395416665	35
194.13707395416665	42
194.40654695416666	42
194.68101995416666	42
194.95549295416666	38
194.95549295416666	42
195.23496595416663	35
195.23496595416663	42
195.51443895416662	35
195.51443895416662	42
195.78391195416663	42
196.05338495416663	42
196.32785795416663	35
196.32785795416663	42
196.60233095416663	42
196.87680395416663	42
197.15127695416663	38
197.15127695416663	49
197.43074995416663	35
197.71022295416662	35
197.71022295416662	49
197.98469595416663	42
198.25916895416663	42
198.53864195416662	35
198.53864195416662	42
198.81811495416662	42
199.08258795416663	42
199.34706095416664	38
199.34706095416664	42
199.62153395416664	35
199.62153395416664	42
199.89600695416664	35
199.89600695416664	42
200.17547995416663	42
200.45495295416663	42
200.73442595416662	35
200.73442595416662	42
201.01389895416662	42
201.28337195416663	38
201.28337195416663	42
201.55284495416663	38
201.55284495416663	49
201.82731795416663	35
202.10179095416663	35
202.10179095416663	49
202.65073695416663	42
202.92520995416663	35
202.92520995416663	42
203.19968295416663	42
203.46915595416664	42
203.73862895416664	38
203.73862895416664	42
204.01310195416661	35
204.01310195416661	42
204.28757495416662	35
204.28757495416662	42
204.56204795416662	42
204.83652095416662	42
205.10599395416662	38
205.10599395416662	42
205.3754669541666	38
205.3754669541666	49
205.6549399541666	35
205.6549399541666	47
205.79467645416665	47
205.93441295416662	35
205.93441295416662	47
206.2138859541666	35
206.2138859541666	47
206.35362245416664	47
206.4933589541666	35
206.4933589541666	49
206.7678319541666	42
207.0423049541666	42
207.3167779541666	35
207.3167779541666	42
207.5912509541666	42
207.8657239541666	42
208.1401969541666	38
208.1401969541666	42
208.4146699541666	35
208.4146699541666	42
208.6891429541666	35
208.6891429541666	42
208.9636159541666	42
209.2380889541666	42
209.5175619541666	35
209.5175619541666	42
209.7970349541666	42
210.0665079541666	38
210.0665079541666	42
210.33598095416662	38
210.33598095416662	42
210.6154539541666	49
210.8949269541666	35
210.8949269541666	42
211.1693999541666	42
211.4438729541666	42
211.7133459541666	35
211.7133459541666	42
211.98281895416662	42
212.25729195416662	42
212.53176495416662	38
212.53176495416662	42
212.80623795416662	35
212.80623795416662	42
213.08071095416662	35
213.08071095416662	42
213.35518395416662	42
213.62965695416662	42
213.90912995416662	35
213.90912995416662	42
214.1886029541666	42
214.45307595416665	38
214.45307595416665	42
214.71754895416666	38
214.71754895416666	42
214.99702195416663	49
215.27649495416662	35
215.27649495416662	42
215.55096795416662	42
215.82544095416662	42
216.09991395416662	35
216.09991395416662	42
216.37438695416662	42
216.64885995416662	42
216.92333295416663	38
216.92333295416663	42
217.19780595416663	35
217.19780595416663	42
217.47227895416663	35
217.47227895416663	42
217.74675195416663	42
218.02122495416663	42
218.29069795416663	35
218.29069795416663	42
218.56017095416664	42
218.83464395416664	38
218.83464395416664	42
219.10911695416664	38
219.10911695416664	49
219.65806295416664	35
219.65806295416664	49
219.93253595416664	42
220.20700895416664	42
220.48148195416664	35
220.48148195416664	42
220.75595495416664	42
221.03542795416664	42
221.31490095416663	38
221.31490095416663	42
221.58937395416663	35
221.58937395416663	42
221.86384695416663	35
221.86384695416663	42
222.14331995416663	42
222.42279295416662	42
222.69226595416663	35
222.69226595416663	42
222.96173895416663	42
223.23621195416663	42
223.51068495416663	38
223.51068495416663	42
223.78515795416664	49
224.05963095416664	35
224.05963095416664	49
224.33910395416663	42
224.61857695416663	42
224.88804995416663	35
224.88804995416663	42
225.15752295416664	42
225.42699595416664	38
225.42699595416664	42
225.69646895416665	38
225.69646895416665	42
225.97094195416665	35
225.97094195416665	42
226.24541495416665	35
226.24541495416665	42
226.5298879541666	42
226.8143609541666	42
227.08383395416664	35
227.08383395416664	42
227.35330695416664	42
227.62777995416664	42
227.90225295416664	38
227.90225295416664	42
228.17672595416664	49
228.45119895416664	35
228.45119895416664	42
228.72567195416664	42
229.00014495416664	42
229.27461795416664	35
229.27461795416664	42
229.54909095416664	42
229.81856395416665	38
229.81856395416665	42
230.08803695416665	38
230.08803695416665	42
230.35750995416666	35
230.35750995416666	42
230.62698295416664	35
230.62698295416664	42
230.90645595416663	42
231.18592895416666	42
231.46540195416665	35
231.46540195416665	42
231.74487495416665	42
232.01934795416665	42
232.29382095416665	38
232.29382095416665	42
232.55829395416666	49
232.82276695416667	35
232.82276695416667	49