3.650184	35
3.650184	49
3.8733205	42
4.096457	38
4.096457	42
4.3245935	35
4.3245935	42
4.55273	35
4.55273	42
4.7758665	42
4.999003	38
4.999003	42
5.232139500000001	42
5.465276	35
5.465276	42
5.6934125	42
5.921549	38
5.921549	42
6.1546855	35
6.1546855	42
6.387822	35
6.387822	42
6.6159585	42
6.844095	38
6.844095	42
7.0722315	42
7.300368	35
7.300368	42
7.5285044999999995	42
7.756641	38
7.756641	42
7.9847775	35
7.9847775	42
8.212914	35
8.212914	42
8.4410505	42
8.669186999999999	38
8.669186999999999	42
8.892323500000002	42
9.11546	35
9.11546	42
9.3494675	42
9.583475	38
9.583475	42
9.8124825	35
9.8124825	42
10.04149	35
10.04149	42
10.265497500000002	42
10.489505000000001	38
10.489505000000001	42
10.718512500000001	35
10.718512500000001	49
10.94752	35
10.94752	49
11.181527500000001	42
11.415535	35
11.415535	38
11.415535	42
11.6445425	42
11.87355	35
11.87355	42
12.1025575	42
12.331565000000001	38
12.331565000000001	42
12.560572500000001	35
12.560572500000001	42
12.78958	35
12.78958	42
13.0185875	42
13.247595	38
13.247595	42
13.4766025	35
13.4766025	42
13.70561	35
13.70561	42
13.939617500000002	42
14.173625	38
14.173625	42
14.402632500000001	42
14.631639999999999	35
14.631639999999999	42
14.8606475	42
15.089655	35
15.089655	38
15.089655	42
15.3136625	42
15.53767	35
15.53767	42
15.7616775	42
15.985685000000002	38
15.985685000000002	42
16.2196925	35
16.2196925	42
16.4537	35
16.4537	42
16.682271	42
16.910842000000002	38
16.910842000000002	42
17.139413	35
17.139413	42
17.367984	35
17.367984	42
17.596555000000002	42
17.825126	38
17.825126	42
18.053697	42
18.282268000000002	35
18.282268000000002	42
18.510839	42
18.73941	35
18.73941	38
18.73941	42
18.967981	42
19.196552	35
19.196552	42
19.425123	42
19.653694	38
19.653694	42
19.882265	35
19.882265	42
20.110836000000003	35
20.110836000000003	42
20.339407	42
20.567978	38
20.567978	42
20.791549000000003	35
20.791549000000003	42
21.01512	35
21.01512	42
21.248690999999997	42
21.482262000000002	38
21.482262000000002	42
21.710833	42
21.939404000000003	35
21.939404000000003	42
22.167975000000002	42
22.396546	35
22.396546	38
22.396546	42
22.625117000000003	42
22.853688000000002	35
22.853688000000002	42
23.077259	42
23.30083	38
23.30083	42
23.529401	35
23.529401	42
23.757972	35
23.757972	42
23.981543000000002	42
24.205114000000002	38
24.205114000000002	42
24.438685	35
24.438685	42
24.672256	35
24.672256	42
24.900827	42
25.129398	38
25.129398	42
25.352969	38
25.352969	42
25.464754500000005	38
25.57654	35
25.57654	42
25.810111	42
26.043682	35
26.043682	38
26.043682	42
26.272253	42
26.500823999999998	35
26.500823999999998	42
26.724395	42
26.947966	38
26.947966	42
27.176537	35
27.176537	42
27.405108000000002	35
27.405108000000002	42
27.633679	42
27.86225	38
27.86225	42
28.090821000000002	35
28.090821000000002	42
28.319392	35
28.319392	42
28.547963	42
28.776534	38
28.776534	42
29.010105000000003	42
29.243675999999997	35
29.243675999999997	42
29.472247	42
29.700818	35
29.700818	38
29.700818	42
29.929388999999997	42
30.15796	35
30.15796	42
30.381531000000003	42
30.605102	38
30.605102	42
30.833673	35
30.833673	42
31.062244000000003	35
31.062244000000003	42
31.290815000000002	42
31.519386	38
31.519386	42
31.747957000000003	35
31.747957000000003	42
31.976528000000002	35
31.976528000000002	42
32.210099	42
32.443670000000004	38
32.443670000000004	42
32.67224100000001	42
32.900812	35
32.900812	42
33.129383000000004	42
33.357954	35
33.357954	38
33.357954	42
33.586525	42
33.815096000000004	35
33.815096000000004	42
34.043667000000006	42
34.272238	38
34.272238	42
34.495809	35
34.495809	42
34.719379999999994	35
34.719379999999994	42
34.947950999999996	42
35.176522	38
35.176522	42
35.410093	35
35.410093	42
35.643664	35
35.643664	42
35.872235	42
36.100806	38
36.100806	42
36.329377	42
36.557948	35
36.557948	42
36.786302000000006	42
37.014656	35
37.014656	38
37.014656	42
37.243010000000005	42
37.471364	35
37.471364	42
37.699718000000004	42
37.928072	38
37.928072	42
38.156426	35
38.156426	42
38.384780000000006	35
38.384780000000006	42
38.613134	42
38.841488000000005	38
38.841488000000005	42
39.064842	35
39.064842	42
39.288196	35
39.288196	42
39.516549999999995	42
39.744904	38
39.744904	42
39.973258	38
39.973258	49
40.201612	35
40.201612	42
40.429966	42
40.658319999999996	35
40.658319999999996	38
40.658319999999996	42
40.886674	42
41.115027999999995	35
41.115027999999995	42
41.343382	42
41.571735999999994	35
41.571735999999994	38
41.571735999999994	42
41.80009	42
42.028444	35
42.028444	42
42.256797999999996	42
42.485152	35
42.485152	38
42.485152	42
42.713505999999995	42
42.94186	35
42.94186	42
43.170213999999994	42
43.398568	35
43.398568	38
43.398568	42
43.621922	35
43.621922	42
43.845276	35
43.845276	42
44.07363	42
44.301984	38
44.301984	42
44.530338	35
44.530338	42
44.758691999999996	35
44.758691999999996	42
44.982046	42
45.205400000000004	38
45.205400000000004	42
45.438754	42
45.672108	35
45.672108	42
45.900462000000005	42
46.128816	38
46.128816	42
46.357169999999996	35
46.357169999999996	42
46.585524	35
46.585524	42
46.813878	42
47.042232	35
47.042232	38
47.042232	42
47.270586	38
47.270586	49
47.498940000000005	35
47.498940000000005	42
47.727294	42
47.955648	35
47.955648	38
47.955648	42
48.189002	42
48.422356	35
48.422356	42
48.65071	42
48.879064	35
48.879064	38
48.879064	42
49.107418	42
49.335772	35
49.335772	42
49.564125999999995	42
49.79248	35
49.79248	38
49.79248	42
50.020834	42
50.249188	35
50.249188	42
50.477542	42
50.705896	35
50.705896	38
50.705896	42
50.93925	42
51.172604	35
51.172604	49
51.400958	42
51.629312000000006	35
51.629312000000006	38
51.629312000000006	42
51.857666	42
52.086020000000005	35
52.086020000000005	42
52.31437400000001	42
52.542728000000004	35
52.542728000000004	38
52.542728000000004	42
52.771082	42
52.999436	35
52.999436	42
53.227790000000006	42
53.456144	35
53.456144	38
53.456144	42
53.684498000000005	42
53.91285200000001	35
53.91285200000001	42
54.141206000000004	42
54.36956	35
54.36956	38
54.36956	42
54.592914	38
54.592914	49
54.816268	35
54.816268	42
55.049622	42
55.282976000000005	35
55.282976000000005	38
55.282976000000005	42
55.51133000000001	42
55.739684000000004	35
55.739684000000004	42
55.968038	42
56.196392	35
56.196392	38
56.196392	42
56.424746000000006	42
56.6531	35
56.6531	42
56.881454000000005	42
57.10980800000001	35
57.10980800000001	38
57.10980800000001	42
57.333162	42
57.556515999999995	35
57.556515999999995	42
57.78987	42
58.023224000000006	35
58.023224000000006	38
58.023224000000006	42
58.246578	42
58.469932	35
58.469932	42
58.698286	42
58.92664	35
58.92664	38
58.92664	42
59.154993999999995	35
59.154993999999995	42
59.383348	35
59.383348	42
59.611702	42
59.840056	35
59.840056	38
59.840056	42
60.07341	42
60.30676400000001	35
60.30676400000001	42
60.535118000000004	42
60.763472	35
60.763472	38
60.763472	42
60.991826	35
60.991826	42
61.220180000000006	35
61.220180000000006	42
61.448534	42
61.676888000000005	35
61.676888000000005	38
61.676888000000005	42
61.90524200000001	38
61.90524200000001	42
62.133596000000004	35
62.133596000000004	49
62.36195	42
62.590304	35
62.590304	38
62.590304	42
62.82365800000001	42
63.057012	35
63.057012	42
63.285366	42
63.513720000000006	35
63.513720000000006	38
63.513720000000006	42
63.737074	42
63.960428	35
63.960428	49
64.18878199999999	42
64.417136	35
64.417136	38
64.417136	42
64.64549	42
64.873844	35
64.873844	42
65.102198	42
65.330552	35
65.330552	38
65.330552	42
65.558906	42
65.78725999999999	35
65.78725999999999	49
66.015614	42
66.243968	35
66.243968	38
66.243968	42
66.472322	42
66.700676	35
66.700676	42
66.92403	42
67.147384	35
67.147384	38
67.147384	42
67.375738	38
67.375738	49
67.60409200000001	35
67.60409200000001	42
67.832446	42
68.06080000000001	35
68.06080000000001	38
68.06080000000001	42
68.28915400000001	38
68.28915400000001	49
68.517508	35
68.517508	49
68.745862	42
68.974216	35
68.974216	38
68.974216	42
69.20257000000001	35
69.20257000000001	38
69.20257000000001	49
69.430924	35
69.430924	49
69.664495	42
69.898066	35
69.898066	38
69.898066	42
70.126637	42
70.35520799999999	35
70.35520799999999	42
70.58877899999999	42
70.82235	38
70.82235	42
71.050921	35
71.050921	42
71.279492	35
71.279492	42
71.50306300000001	42
71.72663399999999	38
71.72663399999999	42
71.96020499999999	35
71.96020499999999	42
72.193776	35
72.193776	42
72.422347	42
72.650918	38
72.650918	42
72.879489	42
73.10806	35
73.10806	42
73.336631	42
73.565202	35
73.565202	38
73.565202	42
73.798773	42
74.03234400000001	35
74.03234400000001	42
74.25591500000002	42
74.479486	38
74.479486	42
74.708057	35
74.708057	42
74.936628	35
74.936628	42
75.165199	42
75.39377	38
75.39377	42
75.622341	35
75.622341	42
75.850912	35
75.850912	42
76.079483	42
76.308054	38
76.308054	42
76.541625	42
76.77519600000001	35
76.77519600000001	42
77.00376700000001	42
77.23233800000001	35
77.23233800000001	38
77.23233800000001	42
77.460909	42
77.68948	35
77.68948	42
77.91305100000001	42
78.136622	38
78.136622	42
78.370193	35
78.370193	42
78.603764	35
78.603764	42
78.832335	42
79.060906	38
79.060906	42
79.289477	35
79.289477	42
79.51804800000001	35
79.51804800000001	42
79.74161900000001	42
79.96519	38
79.96519	42
80.193761	42
80.422332	35
80.422332	42
80.645903	42
80.869474	35
80.869474	38
80.869474	42
81.098045	42
81.32661599999999	35
81.32661599999999	42
81.55518699999999	42
81.78375799999999	38
81.78375799999999	42
82.012329	35
82.012329	42
82.2409	35
82.2409	42
82.469471	42
82.698042	38
82.698042	42
82.92661299999999	35
82.92661299999999	42
83.15518399999999	35
83.15518399999999	42
83.383755	38
83.383755	42
83.612326	38
83.612326	42
83.835897	38
83.835897	42
83.9476825	38
84.05946800000001	35
84.05946800000001	49
84.29303900000001	42
84.52660999999999	35
84.52660999999999	38
84.52660999999999	42
84.755181	42
84.983752	35
84.983752	42
85.207323	42
85.43089400000001	38
85.43089400000001	42
85.659465	35
85.659465	42
85.888036	35
85.888036	42
86.111607	42
86.335178	38
86.335178	42
86.568749	35
86.568749	42
86.80232000000001	35
86.80232000000001	42
87.03089100000001	42
87.259462	38
87.259462	42
87.493033	42
87.726604	35
87.726604	42
87.96017499999999	42
88.193746	35
88.193746	38
88.193746	42
88.42231699999999	42
88.650888	35
88.650888	42
88.874459	42
89.09803	38
89.09803	42
89.321601	35
89.321601	42
89.54517200000001	35
89.54517200000001	42
89.778743	42
90.01231399999999	38
90.01231399999999	42
90.24088499999999	35
90.24088499999999	42
90.469456	35
90.469456	42
90.698027	42
90.926598	38
90.926598	42
91.16016899999998	42
91.39374000000001	35
91.39374000000001	42
91.622311	42
91.850882	35
91.850882	38
91.850882	42
92.079453	42
92.308024	35
92.308024	42
92.52659500000001	42
92.74516600000001	38
92.74516600000001	42
92.98373699999999	35
92.98373699999999	42
93.22230799999998	35
93.22230799999998	42
93.445879	42
93.66945	38
93.66945	42
93.89802099999999	35
93.89802099999999	42
94.126592	35
94.126592	42
94.35516299999999	42
94.58373399999999	38
94.58373399999999	42
94.812305	42
95.040876	35
95.040876	42
95.269447	42
95.49801799999999	35
95.49801799999999	38
95.49801799999999	42
95.72658899999999	42
95.95515999999999	35
95.95515999999999	42
96.183731	42
96.412302	38
96.412302	42
96.640873	35
96.640873	42
96.869444	35
96.869444	42
97.093015	42
97.316586	38
97.316586	42
97.550157	35
97.550157	42
97.783728	35
97.783728	42
98.012299	38
98.012299	42
98.24086999999999	38
98.24086999999999	42
98.464441	49
98.688012	35
98.688012	42
98.916583	42
99.145154	35
99.145154	38
99.145154	42
99.378725	42
99.612296	35
99.612296	42
99.84086699999999	42
100.06943799999999	38
100.06943799999999	42
100.298009	35
100.298009	42
100.52658	35
100.52658	42
100.755151	42
100.98372199999999	35
100.98372199999999	38
100.98372199999999	42
101.212293	42
101.44086399999999	35
101.44086399999999	42
101.66443500000001	42
101.88800600000002	35
101.88800600000002	38
101.88800600000002	42
102.116577	42
102.34514800000001	35
102.34514800000001	42
102.57871899999998	42
102.81228999999999	38
102.81228999999999	42
103.04086099999999	35
103.04086099999999	42
103.269432	35
103.269432	42
103.49300300000002	42
103.71657400000001	38
103.71657400000001	42
103.94514500000001	42
104.173716	35
104.173716	42
104.402287	42
104.630858	38
104.630858	42
104.859429	35
104.859429	42
105.08800000000001	35
105.08800000000001	42
105.316571	42
105.54514200000001	38
105.54514200000001	42
105.773713	38
105.773713	49
106.002284	35
106.002284	42
106.22585500000001	42
106.449426	35
106.449426	38
106.449426	42
106.677997	42
106.906568	35
106.906568	42
107.14013899999999	42
107.37370999999999	35
107.37370999999999	38
107.37370999999999	42
107.602281	42
107.83085200000001	35
107.83085200000001	42
108.054423	42
108.27799400000002	35
108.27799400000002	38
108.27799400000002	42
108.506565	42
108.735136	35
108.735136	42
108.963707	42
109.19227799999999	35
109.19227799999999	38
109.19227799999999	42
109.420849	42
109.64941999999999	35
109.64941999999999	49
109.877991	42
110.106562	35
110.106562	38
110.106562	42
110.340133	42
110.57370399999999	35
110.57370399999999	42
110.802275	42
111.03084600000001	35
111.03084600000001	38
111.03084600000001	42
111.259417	42
111.487988	35
111.487988	42
111.71155900000001	42
111.93513000000002	35
111.93513000000002	38
111.93513000000002	42
112.168701	42
112.40227199999998	35
112.40227199999998	42
112.62584300000002	42
112.84941400000001	35
112.84941400000001	38
112.84941400000001	42
113.077985	38
113.077985	49
113.306556	35
113.306556	42
113.53512699999999	42
113.763698	35
113.763698	38
113.763698	42
113.992269	42
114.22084	35
114.22084	42
114.449411	42
114.677982	35
114.677982	38
114.677982	42
114.906553	42
115.13512399999999	35
115.13512399999999	42
115.368695	42
115.60226599999999	35
115.60226599999999	38
115.60226599999999	42
115.830837	42
116.059408	35
116.059408	42
116.28797899999999	42
116.51655000000001	35
116.51655000000001	38
116.51655000000001	42
116.745121	42
116.973692	35
116.973692	42
117.202263	42
117.430834	38
117.430834	42
117.659405	35
117.659405	42
117.887976	35
117.887976	42
118.11654700000001	42
118.345118	35
118.345118	38
118.345118	42
118.57868899999998	42
118.81225999999998	35
118.81225999999998	42
119.03539650000002	42
119.25853300000001	38
119.25853300000001	42
119.49166949999999	35
119.49166949999999	42
119.72480599999999	35
119.72480599999999	42
119.94794250000001	42
120.17107900000002	35
120.17107900000002	38
120.17107900000002	42
120.39421550000002	42
120.61735200000001	35
120.61735200000001	49
120.8504885	42
121.08362499999998	38
121.08362499999998	42
121.3117615	35
121.3117615	42
121.53989800000001	35
121.53989800000001	42
121.7630345	42
121.98617100000001	35
121.98617100000001	38
121.98617100000001	42
122.2193075	42
122.45244399999999	35
122.45244399999999	49
122.6805805	42
122.90871700000001	38
122.90871700000001	42
123.1368535	35
123.1368535	42
123.36499	35
123.36499	42
123.5881265	42
123.81126300000001	35
123.81126300000001	38
123.81126300000001	42
124.0393995	42
124.26753599999999	35
124.26753599999999	49
124.49480849999999	42
124.72208099999999	38
124.72208099999999	42
124.94935349999999	35
124.94935349999999	42
125.176626	35
125.176626	42
125.4038985	42
125.631171	35
125.631171	38
125.631171	42
125.8534435	42
126.075716	35
126.075716	42
126.30298849999998	38
126.30298849999998	42
126.53026099999998	38
126.53026099999998	42
126.76253349999999	38
126.76253349999999	49
126.99480599999998	35
126.99480599999998	42
127.2170785	38
127.2170785	42
127.439351	38
127.439351	42
127.66662349999999	38
127.66662349999999	49
127.89389599999998	35
127.89389599999998	42
128.1211685	42
128.348441	35
128.348441	38
128.348441	42
128.5807135	42
128.812986	35
128.812986	42
129.0402585	42
129.267531	38
129.267531	42
129.49980349999998	35
129.49980349999998	42
129.73207599999998	35
129.73207599999998	42
129.96108349999997	42
130.19009099999997	38
130.19009099999997	42
130.4190985	35
130.4190985	42
130.64810599999998	35
130.64810599999998	42
130.87711349999998	42
131.10612099999997	38
131.10612099999997	42
131.34512849999996	42
131.58413599999997	35
131.58413599999997	42
131.8131435	42
132.042151	35
132.042151	38
132.042151	42
132.27115849999998	42
132.50016599999998	35
132.50016599999998	42
132.7241735	42
132.948181	38
132.948181	42
133.1771885	35
133.1771885	42
133.406196	35
133.406196	42
133.6352035	42
133.864211	38
133.864211	42
134.0982185	35
134.0982185	42
134.332226	35
134.332226	42
134.5612335	42
134.79024099999998	38
134.79024099999998	42
135.01924849999997	42
135.248256	35
135.248256	42
135.4772635	42
135.706271	35
135.706271	38
135.706271	42
135.94027849999998	42
136.17428599999997	35
136.17428599999997	42
136.3982935	42
136.622301	38
136.622301	42
136.8513085	35
136.8513085	42
137.08031599999998	35
137.08031599999998	42
137.30932349999998	42
137.538331	38
137.538331	42
137.7673385	35
137.7673385	42
137.996346	35
137.996346	42
138.22535349999998	42
138.45436099999998	38
138.45436099999998	42
138.6783685	42
138.902376	35
138.902376	42
139.1305125	42
139.358649	35
139.358649	38
139.358649	42
139.5917855	42
139.824922	35
139.824922	42
140.0480585	42
140.271195	38
140.271195	42
140.49433150000002	35
140.49433150000002	42
140.717468	35
140.717468	42
140.94560449999997	42
141.17374099999998	38
141.17374099999998	42
141.3968775	35
141.3968775	42
141.620014	35
141.620014	42
141.8431505	38
141.8431505	42
142.06628700000002	38
142.06628700000002	42
142.2994235	38
142.2994235	49
142.53256	35
142.53256	42
142.7606965	42
142.988833	35
142.988833	38
142.988833	42
143.2169695	42
143.44510599999998	35
143.44510599999998	42
143.6732425	42
143.901379	38
143.901379	42
144.1345155	35
144.1345155	42
144.367652	35
144.367652	42
144.5957885	42
144.82392499999997	38
144.82392499999997	42
145.04706149999998	35
145.04706149999998	42
145.270198	35
145.270198	42
145.4983345	42
145.726471	38
145.726471	42
145.95960749999998	42
146.19274399999998	35
146.19274399999998	42
146.42088049999998	42
146.649017	35
146.649017	38
146.649017	42
146.8771535	42
147.10529	35
147.10529	42
147.33842649999997	42
147.571563	38
147.571563	42
147.7996995	35
147.7996995	42
148.027836	35
148.027836	42
148.25097250000002	42
148.47410899999997	38
148.47410899999997	42
148.69724549999998	35
148.69724549999998	42
148.920382	35
148.920382	42
149.1485185	42
149.376655	38
149.376655	42
149.6047915	42
149.83292799999998	35
149.83292799999998	42
150.0610645	42
150.289201	35
150.289201	38
150.289201	42
150.5173375	42
150.745474	35
150.745474	42
150.9786105	42
151.21174699999997	38
151.21174699999997	42
151.43988349999998	35
151.43988349999998	42
151.66801999999998	35
151.66801999999998	42
151.8961565	42
152.124293	38
152.124293	42
152.3424295	35
152.3424295	42
152.56056600000002	35
152.56056600000002	42
152.7887025	42
153.016839	38
153.016839	42
153.2499755	42
153.483112	35
153.483112	42
153.71124849999998	42
153.939385	35
153.939385	38
153.939385	42
154.1725215	42
154.405658	35
154.405658	42
154.6387945	42
154.87193100000002	38
154.87193100000002	42
155.1000675	35
155.1000675	42
155.328204	35
155.328204	42
155.5563405	42
155.784477	38
155.784477	42
156.01261350000001	35
156.01261350000001	42
156.24075	35
156.24075	42
156.4638865	42
156.68702299999998	38
156.68702299999998	42
156.9151595	38
156.9151595	49
157.143296	35
157.143296	42
157.3714325	42
157.59956899999997	35
157.59956899999997	38
157.59956899999997	42
157.82770549999998	42
158.05584199999998	35
158.05584199999998	42
158.2839785	42
158.512115	38
158.512115	42
158.74525149999997	35
158.74525149999997	42
158.97838799999997	35
158.97838799999997	42
159.20695899999998	42
159.43553	38
159.43553	42
159.664101	35
159.664101	42
159.892672	35
159.892672	42
160.121243	42
160.349814	38
160.349814	42
160.578385	42
160.80695599999999	35
160.80695599999999	42
161.04052699999997	42
161.27409799999995	35
161.27409799999995	38
161.27409799999995	42
161.502669	42
161.73123999999999	35
161.73123999999999	42
161.954811	42
162.17838200000003	38
162.17838200000003	42
162.406953	35
162.406953	42
162.635524	35
162.635524	42
162.864095	42
163.092666	38
163.092666	42
163.321237	35
163.321237	42
163.54980799999998	35
163.54980799999998	42
163.778379	42
164.00695	38
164.00695	42
164.24052099999997	42
164.47409199999996	35
164.47409199999996	42
164.697663	42
164.92123400000003	35
164.92123400000003	38
164.92123400000003	42
165.149805	42
165.378376	35
165.378376	42
165.601947	42
165.82551800000002	38
165.82551800000002	42
166.05908899999997	35
166.05908899999997	42
166.29265999999996	35
166.29265999999996	42
166.516231	42
166.739802	38
166.739802	42
166.96837299999999	35
166.96837299999999	42
167.19694399999997	35
167.19694399999997	42
167.425515	42
167.65408599999998	38
167.65408599999998	42
167.88265699999997	42
168.11122799999998	35
168.11122799999998	42
168.33958199999998	42
168.56793599999997	35
168.56793599999997	38
168.56793599999997	42
168.79628999999997	42
169.024644	35
169.024644	42
169.24799800000002	42
169.47135200000002	38
169.47135200000002	42
169.699706	35
169.699706	42
169.92806	35
169.92806	42
170.15641399999998	42
170.38476799999998	38
170.38476799999998	42
170.60812200000004	35
170.60812200000004	42
170.83147600000004	35
170.83147600000004	42
171.05983	42
171.288184	35
171.288184	38
171.288184	42
171.52153799999996	38
171.52153799999996	49
171.75489199999996	35
171.75489199999996	42
171.98324599999998	42
172.2116	35
172.2116	38
172.2116	42
172.439954	42
172.668308	35
172.668308	42
172.896662	42
173.125016	35
173.125016	38
173.125016	42
173.35836999999995	42
173.59172399999994	35
173.59172399999994	42
173.820078	42
174.048432	35
174.048432	38
174.048432	42
174.276786	42
174.50513999999998	35
174.50513999999998	42
174.73349399999998	42
174.96184799999997	35
174.96184799999997	38
174.96184799999997	42
175.19020199999997	42
175.418556	35
175.418556	42
175.64191	42
175.865264	38
175.865264	42
176.098618	35
176.098618	42
176.33197199999998	35
176.33197199999998	42
176.55532599999998	42
176.77867999999998	38
176.77867999999998	42
177.007034	42
177.235388	35
177.235388	42
177.463742	42
177.692096	38
177.692096	42
177.92045	35
177.92045	42
178.14880399999998	35
178.14880399999998	42
178.37715799999998	42
178.605512	35
178.605512	38
178.605512	42
178.838866	38
178.838866	49
179.07222	35
179.07222	42
179.30057399999998	42
179.52892799999998	35
179.52892799999998	38
179.52892799999998	42
179.75728199999998	42
179.98563599999997	35
179.98563599999997	42
180.21899	42
180.452344	35
180.452344	38
180.452344	42
180.680698	42
180.909052	35
180.909052	42
181.137406	42
181.36576	35
181.36576	38
181.36576	42
181.594114	42
181.82246800000001	35
181.82246800000001	42
182.050822	42
182.279176	35
182.279176	38
182.279176	42
182.50753	42
182.735884	35
182.735884	49
182.964238	42
183.192592	35
183.192592	38
183.192592	42
183.42094600000001	42
183.6493	35
183.6493	42
183.877654	42
184.106008	35
184.106008	38
184.106008	42
184.334362	42
184.562716	35
184.562716	49
184.79107	42
185.01942400000001	35
185.01942400000001	38
185.01942400000001	42
185.247778	42
185.476132	35
185.476132	42
185.704486	42
185.93284	35
185.93284	38
185.93284	42
186.161194	38
186.161194	49
186.389548	35
186.389548	42
186.61790200000002	42
186.846256	35
186.846256	38
186.846256	42
187.07461	42
187.302964	35
187.302964	42
187.531318	42
187.759672	35
187.759672	38
187.759672	42
187.988026	42
188.21638000000002	35
188.21638000000002	42
188.444734	42
188.673088	35
188.673088	38
188.673088	42
188.901442	42
189.129796	35
189.129796	42
189.35815	42
189.586504	35
189.586504	38
189.586504	42
189.819858	42
190.053212	35
190.053212	42
190.276566	42
190.49992	38
190.49992	42
190.728274	35
190.728274	42
190.956628	35
190.956628	42
191.184982	42
191.41333600000002	38
191.41333600000002	42
191.64169	42
191.870044	35
191.870044	42
192.098398	42
192.326752	38
192.326752	42
192.555106	35
192.555106	42
192.78346	35
192.78346	42
193.01181400000002	42
193.240168	38
193.240168	42
193.468522	38
193.468522	42
193.696876	35
193.696876	49
193.92523	42
194.153584	35
194.153584	38
194.153584	42
194.381938	42
194.61029200000002	35
194.61029200000002	42
194.83364600000002	42
195.057	35
195.057	38
195.057	42
195.28535399999998	42
195.51370799999998	35
195.51370799999998	49
195.74206199999998	42
195.97041599999997	35
195.97041599999997	38
195.97041599999997	42
196.19877	42
196.427124	35
196.427124	42
196.66047799999998	42
196.893832	35
196.893832	38
196.893832	42
197.122186	42
197.35054	35
197.35054	49
197.5786765	42
197.806813	35
197.806813	38
197.806813	42
198.03494949999998	42
198.263086	35
198.263086	42
198.4862225	42
198.70935899999998	35
198.70935899999998	38
198.70935899999998	42
198.93749549999998	42
199.165632	35
199.165632	42
199.39376849999996	38
199.39376849999996	42
199.62190499999997	38
199.62190499999997	42
199.84004149999998	47
200.058178	47
200.2863145	38
200.2863145	42
200.51445099999998	35
200.51445099999998	42
200.74258749999998	38
200.74258749999998	49
200.970724	35
200.970724	42
201.1938605	42
201.41699699999998	35
201.41699699999998	38
201.41699699999998	42
201.6451335	42
201.87326999999996	35
201.87326999999996	42
202.10140649999997	42
202.32954299999997	38
202.32954299999997	42
202.55767949999998	35
202.55767949999998	42
202.78581599999998	35
202.78581599999998	42
203.0139525	42
203.24208899999996	38
203.24208899999996	42
203.47022549999997	35
203.47022549999997	42
203.69836199999997	35
203.69836199999997	42
203.93149849999998	42
204.164635	38
204.164635	42
204.39277149999998	42
204.620908	35
204.620908	42
204.8540445	42
205.087181	35
205.087181	38
205.087181	42
205.3203175	42
205.553454	35
205.553454	42
205.78159049999996	42
206.00972699999997	38
206.00972699999997	42
206.23286349999998	35
206.23286349999998	42
206.456	35
206.456	42
206.6841365	42
206.912273	38
206.912273	42
207.14040949999998	35
207.14040949999998	42
207.36854599999998	35
207.36854599999998	42
207.60168249999998	42
207.83481899999998	38
207.83481899999998	42
208.0629555	42
208.29109199999996	35
208.29109199999996	42
208.51922849999997	42
208.74736499999997	35
208.74736499999997	38
208.74736499999997	42
208.98050149999997	42
209.213638	35
209.213638	42
209.4367745	42
209.65991099999997	38
209.65991099999997	42
209.88804749999997	35
209.88804749999997	42
210.11618399999998	35
210.11618399999998	42
210.34432049999998	42
210.57245699999999	38
210.57245699999999	42
210.80059349999996	35
210.80059349999996	42
211.02872999999997	35
211.02872999999997	42
211.25686649999997	42
211.48500299999998	38
211.48500299999998	42
211.71313949999998	42
211.941276	35
211.941276	42
212.16941249999996	42
212.39754899999997	35
212.39754899999997	38
212.39754899999997	42
212.62568549999997	42
212.85382199999998	35
212.85382199999998	42
213.0769585	42
213.30009499999997	38
213.30009499999997	42
213.52823149999998	35
213.52823149999998	42
213.75636799999998	35
213.75636799999998	42
213.98450449999999	42
214.212641	38
214.212641	42
214.4407775	35
214.4407775	42
214.66891399999997	35
214.66891399999997	42
214.89205049999998	38
214.89205049999998	42
215.115187	38
215.115187	42
215.3383235	38
215.3383235	42
215.44989175	38
215.56145999999998	35
215.56145999999998	49
215.79959649999992	42
216.03773299999995	35
216.03773299999995	38
216.03773299999995	42
216.26586949999998	42
216.49400599999998	35
216.49400599999998	42
216.7221425	42
216.950279	38
216.950279	42
217.18341549999997	35
217.18341549999997	42
217.41655199999994	35
217.41655199999994	42
217.64468849999997	42
217.87282499999998	38
217.87282499999998	42
218.10096149999998	35
218.10096149999998	42
218.329098	35
218.329098	42
218.55723449999996	42
218.78537099999997	38
218.78537099999997	42
219.01350749999997	42
219.24164399999998	35
219.24164399999998	42
219.46978049999998	42
219.697917	35
219.697917	38
219.697917	42
219.92605349999997	42
220.15418999999997	35
220.15418999999997	42
220.38232649999998	42
220.61046299999998	38
220.61046299999998	42
220.8385995	35
220.8385995	42
221.06673599999996	35
221.06673599999996	42
221.29487249999997	42
221.52300899999997	38
221.52300899999997	42
221.75114549999998	35
221.75114549999998	42
221.97928199999998	35
221.97928199999998	42
222.20241850000002	42
222.425555	38
222.425555	42
222.65869149999995	42
222.89182799999995	35
222.89182799999995	42
223.11996449999998	42
223.34810099999999	35
223.34810099999999	38
223.34810099999999	42
223.57623749999996	42
223.80437399999997	35
223.80437399999997	42
224.03251049999997	42
224.26064699999998	38
224.26064699999998	42
224.48878349999998	35
224.48878349999998	42
224.71692	35
224.71692	42
224.94505649999996	42
225.17319299999997	38
225.17319299999997	42
225.40132949999997	35
225.40132949999997	42
225.62946599999998	35
225.62946599999998	42
225.85760249999998	42
226.08573899999996	38
226.08573899999996	42
226.31387549999997	42
226.54201199999997	35
226.54201199999997	42
226.77014849999998	42
226.99828499999998	35
226.99828499999998	38
226.99828499999998	42
227.23142149999998	42
227.46455799999995	35
227.46455799999995	42
227.6926945	42
227.920831	38
227.920831	42
228.15396749999996	35
228.15396749999996	42
228.38710399999997	35
228.38710399999997	42
228.61524049999997	42
228.84337699999998	38
228.84337699999998	42
229.07151349999998	35
229.07151349999998	42
229.29964999999999	35
229.29964999999999	42
229.52278650000002	35
229.52278650000002	42
229.74592300000003	38
229.74592300000003	42
229.9740595	38
229.9740595	42
230.08812774999998	38
230.202196	35
230.202196	42
230.42576699999998	42
230.649338	35
230.649338	38
230.649338	42
230.87790899999996	42
231.10647999999998	35
231.10647999999998	42
231.34005099999996	42
231.57362199999997	38
231.57362199999997	42
231.80719299999996	35
231.80719299999996	42
232.04076399999994	35
232.04076399999994	42
232.26433500000002	42
232.487906	38
232.487906	42
232.711477	35
232.711477	42
232.935048	35
232.935048	42
233.16361899999995	42
233.39218999999997	38
233.39218999999997	42
233.62076099999996	42
233.84933199999998	35
233.84933199999998	42
234.08160449999997	42
234.31387699999996	35
234.31387699999996	38
234.31387699999996	42
234.5411495	42
234.768422	35
234.768422	42
234.99569449999998	42
235.22296699999998	38
235.22296699999998	42
235.45023949999998	35
235.45023949999998	42
235.677512	35
235.677512	42
235.9047845	42
236.132057	38
236.132057	42
236.3593295	35
236.3593295	42
236.586602	35
236.586602	42
236.8138745	42
237.041147	38
237.041147	42
237.2634195	38
237.2634195	49
237.37455575	38
237.485692	35
237.485692	42
237.71296449999997	42
237.94023699999997	35
237.94023699999997	38
237.94023699999997	42
238.16750949999997	42
238.39478199999996	35
238.39478199999996	42
238.6120545	42
238.82932700000003	38
238.82932700000003	42
239.06659949999997	35
239.06659949999997	42
239.30387199999996	35
239.30387199999996	42
239.52114450000002	42
239.73841700000003	38
239.73841700000003	42
239.97068949999996	35
239.97068949999996	42
240.20296199999996	35
240.20296199999996	42
240.42523450000002	42
240.64750700000002	38
240.64750700000002	42
240.8697795	38
240.8697795	42
240.98091575	38
241.092052	35
241.092052	42
241.31761499999996	42
241.54317799999995	35
241.54317799999995	38
241.54317799999995	42
241.77374099999997	42
242.00430399999996	35
242.00430399999996	42
242.224867	42
242.44543	38
242.44543	42
242.68099299999992	35
242.68099299999992	42
242.91655599999996	35
242.91655599999996	42
243.137119	42
243.357682	38
243.357682	42
243.58324499999998	35
243.58324499999998	42
243.808808	35
243.808808	42
244.034371	42
244.259934	38
244.259934	42
244.48549699999998	42
244.71105999999997	35
244.71105999999997	49
244.94162299999996	42
245.17218599999995	35
245.17218599999995	38
245.17218599999995	42
245.39774899999998	42
245.62331199999997	35
245.62331199999997	38
245.62331199999997	42