2.6106119999999997	38
2.6106119999999997	38
2.982128	35
2.982128	49
3.162886	47
3.343644	35
3.434023	47
3.7051600000000002	35
3.7051600000000002	47
3.976297	47
4.066676	35
4.066676	47
4.162055	47
4.257434	47
4.352812999999999	47
4.448192000000001	35
4.628950000000001	47
4.8097080000000005	35
4.9025870000000005	47
5.181224	35
5.181224	47
5.459861	47
5.55274	35
5.55274	47
5.645619000000001	47
5.738498000000001	47
5.831377000000001	47
5.924256000000001	35
6.1100140000000005	47
6.295772	35
6.386151	47
6.4765299999999995	47
6.566909	47
6.657287999999999	35
6.657287999999999	47
6.843045999999999	38
6.843045999999999	49
7.214562	38
7.214562	49
8.266231	38
8.35911	38
8.451989	38
8.544868	38
8.635247	38
8.725625999999998	38
8.816005	38
8.906384000000001	35
8.906384000000001	49
9.092142	38
9.185021	35
9.185021	49
9.373279	38
9.468658000000001	35
9.468658000000001	49
9.659416	35
9.659416	42
9.850174	42
10.040932	35
10.040932	42
10.22669	42
10.412448	35
10.412448	42
10.505327	38
10.598206	42
10.783964	35
10.783964	38
10.783964	42
10.964721999999998	42
11.14548	35
11.14548	42
11.238358999999999	38
11.331238	42
11.516996	35
11.516996	38
11.878512	35
11.878512	49
12.06427	38
12.06427	49
12.435786	38
12.528665	38
12.621544	35
12.621544	49
12.807302	35
12.807302	49
13.178818	38
13.271697	38
13.364576	35
13.364576	49
13.550334	38
13.823971	38
13.911850000000001	38
14.087608000000001	38
14.278366000000002	38
14.469124	35
14.469124	38
14.747761	38
14.84064	35
14.84064	49
15.026398	38
15.119277	35
15.119277	49
15.307535	38
15.402914	35
15.402914	49
15.593672	35
15.593672	42
15.77943	42
15.965188	35
15.965188	38
15.965188	42
16.150945999999998	42
16.336703999999997	35
16.336703999999997	42
16.429582999999997	38
16.522461999999997	42
16.708219999999997	35
16.708219999999997	38
16.708219999999997	42
16.893977999999997	42
17.079735999999997	35
17.079735999999997	42
17.265493999999997	42
17.451251999999997	35
17.451251999999997	38
17.63201	38
17.722389	38
17.812768000000002	35
17.812768000000002	42
17.998526000000002	35
18.184284	38
18.184284	49
18.370042	49
18.462921	38
18.5558	35
18.5558	49
18.648679	38
18.741558	35
18.741558	49
18.927316	38
19.020195	38
19.113074	47
19.298832	35
19.298832	38
19.298832	47
19.670348	35
19.670348	38
19.670348	47
20.041864	35
20.041864	38
20.041864	47
20.423379999999998	35
20.423379999999998	38
20.423379999999998	47
20.794895999999998	35
20.794895999999998	49
20.990654	42
21.088533	35
21.186412	38
21.186412	42
21.37217	42
21.465049	38
21.557928	35
21.557928	42
21.748686	35
21.748686	42
21.939443999999998	38
21.939443999999998	42
22.032322999999998	35
22.125201999999998	42
22.218080999999998	35
22.310959999999998	35
22.310959999999998	42
22.496717999999998	42
22.589597	35
22.682476	38
22.682476	42
22.868234	42
22.961113	38
23.053992	35
23.053992	42
23.22975	38
23.317629	38
23.405508	35
23.405508	42
23.498387	38
23.591266	38
23.684145	38
23.777024	35
23.777024	49
23.967782000000003	42
24.063161	35
24.158540000000002	38
24.158540000000002	42
24.344298000000002	42
24.437177000000002	38
24.530056000000002	35
24.530056000000002	42
24.715814	35
24.715814	42
24.901572	38
24.901572	42
24.994451	35
25.08733	42
25.180209	35
25.273088	35
25.273088	42
25.453846	42
25.544225	35
25.634604	38
25.634604	42
25.820362	42
25.913241	38
26.00612	35
26.00612	42
26.191878	38
26.284757	38
26.377636	35
26.377636	38
26.470515	38
26.563394	38
26.656273	38
26.749152	35
26.749152	49
26.93991	42
27.035289	35
27.130668	38
27.130668	42
27.316426	42
27.409305	38
27.502184	35
27.502184	42
27.687942000000003	35
27.687942000000003	42
27.873700000000003	38
27.873700000000003	42
27.966579000000003	35
28.059458000000003	42
28.152337000000003	35
28.245216000000003	35
28.245216000000003	42
28.430974000000003	42
28.523853000000003	35
28.616732000000003	38
28.616732000000003	42
28.802490000000002	42
28.895369000000002	38
28.988248000000002	35
28.988248000000002	42
29.174006000000002	38
29.266885000000002	38
29.359764000000002	35
29.359764000000002	42
29.545522000000002	38
29.638401	38
29.73128	35
29.73128	42
29.917038	42
30.009917	35
30.102796	38
30.102796	42
30.288554	42
30.381433	38
30.474312	35
30.474312	42
30.66007	35
30.66007	42
30.845828	38
30.845828	42
30.938707	35
31.031586	42
31.124465	35
31.217344	35
31.217344	42
31.403102	42
31.495981	35
31.58886	38
31.58886	42
31.774618	42
31.867497	38
31.960376	35
31.960376	42
32.146133999999996	38
32.239013	38
32.331891999999996	35
32.331891999999996	38
32.424771	38
32.517649999999996	38
32.703407999999996	38
32.703407999999996	42
33.074923999999996	38
33.074923999999996	42
33.446439999999996	38
33.446439999999996	42
33.817955999999995	38
33.817955999999995	42
34.189471999999995	35
34.189471999999995	49
34.38023	38
34.38023	42
34.570988	35
34.570988	42
34.756746	38
34.756746	42
34.942504	35
34.942504	42
35.123262000000004	38
35.123262000000004	42
35.30402	35
35.30402	42
35.489778	38
35.489778	42
35.675536	35
35.675536	42
35.861294	38
35.861294	42
36.047052	35
36.047052	42
36.23281	38
36.23281	42
36.418568	35
36.418568	42
36.604326	38
36.604326	42
36.790084	35
36.790084	42
36.975842	38
36.975842	42
37.1616	35
37.1616	42
37.347358	38
37.347358	42
37.533116	35
37.533116	42
37.718874	38
37.718874	42
37.904632	35
37.904632	42
38.08539	38
38.08539	42
38.266148	35
38.266148	42
38.451906	38
38.451906	42
38.637664	35
38.637664	42
38.823422	38
38.916301	38
39.00918	35
39.00918	38
39.102059	38
39.194938	38
39.287817	38
39.380696	35
39.561454	38
39.561454	49
39.92797	38
40.020849	38
40.113728	35
40.113728	49
40.294486	38
40.294486	42
40.475243999999996	35
40.475243999999996	42
40.661001999999996	38
40.661001999999996	42
40.846759999999996	35
40.846759999999996	42
41.037518	38
41.037518	42
41.228276	35
41.228276	42
41.414034	38
41.414034	42
41.599792	35
41.599792	42
41.79055	38
41.79055	42
41.981308	35
41.981308	42
42.167066	38
42.167066	42
42.352824	35
42.352824	42
42.538582	38
42.538582	42
42.72434	35
42.72434	42
42.910098	38
42.910098	42
43.095856	35
43.095856	42
43.276613999999995	38
43.276613999999995	42
43.457372	35
43.457372	42
43.64313	38
43.64313	42
43.828888	35
43.828888	42
44.014646	38
44.014646	42
44.200404	35
44.200404	42
44.386162	38
44.386162	42
44.57192	35
44.57192	47
44.664799	47
44.757678	38
44.850557	47
44.943436	35
44.943436	38
45.036315	47
45.129194000000005	38
45.314952000000005	35
45.500710000000005	38
45.500710000000005	49
45.87722600000001	38
45.972605	38
46.067984	35
46.067984	49
46.253742	49
46.4395	35
46.4395	49
46.630258000000005	49
46.821016	35
46.821016	49
47.006774	49
47.192532	35
47.192532	49
47.285410999999996	49
47.37829	49
47.564048	35
47.744806	38
47.744806	47
47.925564	35
48.111322	38
48.111322	47
48.29708	35
48.29708	38
48.29708	49
48.487838	49
48.678596	35
48.678596	38
48.768975	38
48.859353999999996	49
49.040112	35
49.040112	49
49.23087	49
49.326249	49
49.421628	35
49.421628	49
49.607386	49
49.793144	35
49.793144	49
49.886022999999994	49
49.978902	49
50.16466	35
50.16466	49
50.335418	49
50.506175999999996	35
50.691933999999996	38
50.691933999999996	47
50.877691999999996	35
51.06845	38
51.06845	47
51.259208	35
51.259208	38
51.259208	47
51.449966	49
51.545345000000005	38
51.640724	35
51.640724	38
51.826482	38
51.919361	38
52.01224	35
52.01224	49
52.202998	49
52.298377	49
52.393755999999996	35
52.393755999999996	49
52.579513999999996	49
52.765271999999996	35
52.765271999999996	49
52.855651	49
52.94602999999999	49
53.126788	35
53.126788	49
53.312546	49
53.498304	35
53.684062	38
53.684062	47
53.86982	35
54.055578	38
54.055578	47
54.241336	35
54.241336	38
54.241336	49
54.519973	38
54.612852	35
54.612852	38
54.793609999999994	38
54.883989	38
54.974368	35
54.974368	49
55.160126000000005	47
55.345884000000005	38
55.345884000000005	47
55.531642000000005	47
55.624521	38
55.717400000000005	35
55.717400000000005	47
55.810279	38
55.903158000000005	35
55.903158000000005	47
56.088916000000005	38
56.088916000000005	47
56.27967400000001	47
56.375053	38
56.470432	35
56.470432	47
56.65119	35
56.65119	47
56.831948000000004	38
56.831948000000004	47
57.017706000000004	47
57.110585	38
57.203464000000004	35
57.203464000000004	47
57.389222000000004	35
57.389222000000004	47
57.574980000000004	38
57.574980000000004	49
57.936496	35
57.936496	38
57.936496	47
58.308012	35
58.308012	38
58.308012	47
58.699528	35
58.699528	38
58.699528	47
59.071044	35
59.071044	38
59.071044	47
59.256802	38
59.256802	49
59.44256	35
59.638318000000005	38
59.638318000000005	47
59.834076	35
59.834076	38
59.834076	47
60.009834	38
60.009834	47
60.185592	35
60.185592	38
60.185592	47
60.37135	38
60.37135	47
60.557108	35
60.557108	38
60.649987	38
60.742866	38
60.835745	38
60.928624	35
60.928624	49
61.114382	38
61.207261	35
61.207261	49
61.390519000000005	38
61.480897999999996	35
61.480897999999996	49
61.661656	35
61.661656	42
61.847414	42
62.033172	35
62.033172	42
62.22393	42
62.414688	35
62.414688	42
62.600446	42
62.786204	35
62.786204	38
62.786204	42
62.971962	42
63.15772	35
63.15772	42
63.250599	38
63.343478	42
63.529236	35
63.529236	38
63.622115	38
63.714994	47
63.900752	35
63.900752	38
63.900752	49
64.08651	35
64.08651	38
64.08651	49
64.458026	38
64.550905	38
64.643784	35
64.643784	38
64.643784	49
64.829542	35
64.829542	38
64.829542	49
65.0153	49
65.20605800000001	38
65.301437	38
65.396816	35
65.396816	49
65.48969500000001	38
65.675453	38
65.768332	38
65.86121100000001	38
65.95409000000001	38
66.139848	35
66.139848	38
66.32560600000001	38
66.511364	35
66.511364	38
66.511364	49
66.692122	38
66.782501	38
66.87288	35
66.87288	49
67.058638	38
67.151517	35
67.151517	49
67.33477500000001	38
67.42515399999999	35
67.42515399999999	49
67.60591199999999	35
67.60591199999999	42
67.79667	42
67.987428	35
67.987428	38
67.987428	42
68.17818600000001	42
68.368944	35
68.368944	42
68.46182300000001	38
68.554702	42
68.74046	35
68.74046	38
68.74046	42
68.926218	42
69.111976	35
69.111976	42
69.20485500000001	38
69.297734	42
69.483492	35
69.483492	38
69.66425	38
69.754629	38
69.84500799999999	35
69.84500799999999	49
70.030766	35
70.216524	38
70.216524	49
70.402282	49
70.58804	35
70.58804	49
70.680919	38
70.773798	35
70.773798	49
70.959556	38
71.052435	38
71.145314	47
71.331072	35
71.331072	38
71.331072	47
71.702588	35
71.702588	38
71.702588	47
72.08410400000001	35
72.08410400000001	38
72.08410400000001	47
72.45562000000001	35
72.45562000000001	38
72.45562000000001	47
72.817136	35
72.817136	49
73.002894	38
73.095773	35
73.095773	49
73.281531	38
73.37441	35
73.37441	49
73.560168	35
73.560168	42
73.750926	38
73.750926	42
73.94168400000001	35
73.94168400000001	42
74.127442	38
74.127442	42
74.31320000000001	35
74.31320000000001	42
74.498958	38
74.498958	42
74.68471600000001	35
74.68471600000001	42
74.86547399999999	38
74.86547399999999	42
75.046232	35
75.046232	42
75.23199	38
75.23199	42
75.417748	35
75.417748	42
75.59850599999999	38
75.59850599999999	42
75.779264	35
75.779264	42
75.96502199999999	38
75.96502199999999	42
76.15078	35
76.15078	42
76.33653799999999	38
76.33653799999999	42
76.522296	35
76.522296	42
76.713054	38
76.713054	42
76.903812	35
76.903812	42
77.08957	38
77.182449	38
77.275328	35
77.275328	38
77.368207	38
77.553965	38
77.646844	35
77.646844	38
77.737223	38
77.82760199999998	38
78.00836	35
78.00836	38
78.19411799999999	38
78.379876	35
78.379876	38
78.379876	49
78.56563399999999	38
78.658513	38
78.751392	35
78.751392	49
78.94215	38
79.037529	35
79.037529	49
79.225787	38
79.318666	35
79.318666	49
79.504424	35
79.504424	42
79.690182	38
79.690182	42
79.87594	35
79.87594	42
80.06169799999999	38
80.06169799999999	42
80.247456	35
80.247456	42
80.433214	38
80.433214	42
80.618972	35
80.618972	42
80.80473	38
80.80473	42
80.990488	35
80.990488	42
81.176246	38
81.176246	42
81.362004	35
81.362004	38
81.547762	38
81.640641	38
81.73352	35
81.73352	42
81.914278	35
81.914278	42
82.095036	38
82.095036	42
82.280794	42
82.373673	38
82.466552	35
82.466552	42
82.55943099999999	38
82.65231	35
82.65231	42
82.83806799999999	38
82.93094699999999	38
83.023826	47
83.20958399999999	38
83.20958399999999	42
83.395342	35
83.58109999999999	38
83.58109999999999	42
83.766858	35
83.95261599999999	38
83.95261599999999	42
84.138374	35
84.32413199999999	38
84.32413199999999	42
84.50989	35
84.69564799999999	35
84.69564799999999	49
84.881406	42
84.974285	35
85.06716399999999	38
85.06716399999999	42
85.252922	42
85.345801	38
85.43867999999999	35
85.43867999999999	42
85.62943800000001	35
85.62943800000001	42
85.820196	38
85.820196	42
85.915575	35
86.01095400000001	42
86.201712	35
86.201712	42
86.38247	42
86.472849	35
86.563228	38
86.563228	42
86.748986	42
86.841865	38
86.934744	35
86.934744	42
87.11550199999999	35
87.11550199999999	42
87.29625999999999	38
87.29625999999999	42
87.482018	42
87.57489699999999	35
87.66777599999999	35
87.66777599999999	42
87.853534	42
87.94641299999999	35
88.03929199999999	38
88.03929199999999	42
88.22505	42
88.31792899999999	38
88.41080799999999	35
88.41080799999999	42
88.606566	35
88.606566	42
88.802324	38
88.802324	42
88.89520300000001	35
88.988082	42
89.080961	35
89.17384	35
89.17384	42
89.349598	42
89.43747699999999	35
89.52535599999999	38
89.52535599999999	42
89.716114	42
89.811493	38
89.90687199999999	35
89.90687199999999	42
90.09263	38
90.185509	38
90.278388	35
90.278388	38
90.371267	38
90.464146	38
90.557025	38
90.649904	35
90.649904	49
90.84066200000001	47
91.03142000000001	35
91.03142000000001	47
91.12179900000001	47
91.212178	47
91.392936	35
91.392936	47
91.671573	47
91.764452	35
91.764452	47
91.94520999999999	38
92.03558899999999	38
92.125968	35
92.125968	47
92.218847	47
92.311726	47
92.497484	35
92.497484	47
92.688242	47
92.783621	47
92.879	35
92.879	47
93.064758	47
93.250516	35
93.250516	47
93.436274	38
93.436274	49
93.622032	35
93.80779	47
93.80779	47
93.993548	35
93.993548	47
94.083927	47
94.17430599999999	47
94.26468499999999	47
94.355064	35
94.355064	47
94.54082199999999	47
94.72658	35
94.72658	38
94.819459	38
94.91233799999999	47
95.098096	35
95.288854	38
95.38423300000001	38
95.479612	35
95.479612	38
95.572491	38
95.66537	38
95.758249	38
95.851128	35
96.036886	35
96.036886	38
96.036886	49
96.222644	42
96.408402	38
96.501281	38
96.59416	35
96.59416	49
96.77491799999999	47
96.955676	35
96.955676	47
96.955676	47
97.14143399999999	47
97.327192	35
97.327192	47
97.42257099999999	47
97.51795	47
97.708708	35
97.708708	47
97.894466	47
97.987345	47
98.080224	35
98.080224	47
98.26098199999998	38
98.351361	38
98.44174	35
98.44174	47
98.532119	47
98.622498	47
98.712877	47
98.803256	35
98.803256	47
98.901135	47
98.999014	47
99.09689300000001	47
99.194772	35
99.194772	47
99.38053	47
99.566288	35
99.566288	47
99.75204599999999	38
99.937804	35
99.937804	47
100.030683	47
100.123562	47
100.30932	35
100.30932	47
100.495078	47
100.587957	47
100.680836	35
100.680836	47
100.87159400000002	47
101.062352	35
101.24811000000001	38
101.34098900000001	38
101.433868	35
101.433868	38
101.52174699999999	38
101.609626	38
101.69750499999999	38
101.785384	35
101.971142	35
101.971142	38
101.971142	49
102.342658	38
102.435537	38
102.52841599999999	35
102.52841599999999	49
102.714174	49
102.89993199999999	35
103.08569	49
103.27144799999999	35
103.27144799999999	49
103.457206	49
103.64296399999999	35
103.64296399999999	49
103.828722	49
104.01447999999999	35
104.200238	38
104.200238	47
104.38599599999999	35
104.571754	38
104.571754	47
104.75751199999999	35
104.75751199999999	38
104.75751199999999	49
105.036149	38
105.12902799999999	35
105.12902799999999	38
105.314786	38
105.407665	38
105.50054399999999	35
105.50054399999999	49
105.69130200000001	49
105.786681	49
105.88206	35
106.067818	49
106.253576	35
106.253576	49
106.439334	49
106.625092	35
106.625092	49
106.80584999999999	49
106.98660799999999	35
107.177366	38
107.177366	47
107.368124	35
107.54888199999999	38
107.54888199999999	47
107.72963999999999	35
107.72963999999999	38
107.72963999999999	47
107.915398	38
108.00827699999999	38
108.10115599999999	35
108.10115599999999	38
108.291914	38
108.387293	38
108.482672	35
108.482672	49
108.66843	49
108.761309	49
108.854188	35
108.854188	49
109.03494599999999	49
109.21570399999999	35
109.21570399999999	49
109.308583	49
109.401462	49
109.58721999999999	35
109.58721999999999	49
109.772978	49
109.95873599999999	35
110.149494	38
110.149494	47
110.340252	35
110.52601	38
110.52601	47
110.711768	35
110.711768	38
110.711768	49
110.990405	38
111.083284	35
111.083284	38
111.269042	38
111.361921	38
111.4548	35
111.4548	49
111.63555799999999	47
111.816316	38
111.816316	47
112.002074	47
112.09495299999999	38
112.187832	35
112.187832	47
112.283211	38
112.37859	35
112.37859	47
112.569348	38
112.569348	47
112.755106	47
112.847985	38
112.940864	35
112.940864	47
113.12162199999999	35
113.12162199999999	47
113.30238	38
113.30238	47
113.48813799999999	47
113.58101699999999	38
113.673896	35
113.673896	47
113.85965399999999	35
113.85965399999999	47
114.045412	38
114.045412	49
114.416928	35
114.416928	38
114.416928	47
114.798444	35
114.798444	38
114.798444	47
115.16996	35
115.16996	38
115.16996	38
115.355718	38
115.41763733333333	47
115.47955666666667	47
115.541476	35
115.727234	38
115.727234	49
115.912992	35
116.10375	38
116.10375	47
116.29450800000001	35
116.29450800000001	38
116.29450800000001	47
116.47526599999999	38
116.47526599999999	47
116.656024	35
116.656024	38
116.656024	47
116.841782	38
116.934661	38
117.02754	35
117.02754	38
117.117919	38
117.20829799999998	38
117.298677	38
117.389056	35
117.389056	49
117.57481399999999	38
117.667693	35
117.667693	49
117.85345099999999	38
117.94632999999999	35
117.94632999999999	49
118.132088	35
118.132088	42
118.322846	42
118.513604	35
118.513604	42
118.699362	42
118.88512	35
118.88512	42
118.980499	38
119.075878	42
119.266636	35
119.266636	38
119.266636	42
119.452394	42
119.638152	35
119.638152	42
119.731031	38
119.82391	42
120.009668	35
120.009668	38
120.100047	38
120.190426	47
120.371184	35
120.371184	38
120.371184	38
120.551942	38
120.551942	38
120.7327	35
120.918458	38
121.011337	38
121.104216	35
121.104216	38
121.104216	47
121.289974	38
121.289974	47
121.475732	35
121.66649000000001	38
121.761869	38
121.857248	35
121.857248	49
121.950127	38
122.135885	38
122.228764	38
122.321643	38
122.414522	38
122.60028	35
122.60028	38
122.786038	38
122.971796	35
122.971796	38
122.971796	49
123.152554	38
123.242933	38
123.33331199999999	35
123.33331199999999	49
123.51907	38
123.611949	35
123.611949	49
123.79520699999999	38
123.885586	35
123.885586	49
124.066344	35
124.066344	42
124.26210200000001	42
124.45786	35
124.45786	38
124.45786	42
124.643618	42
124.829376	35
124.829376	42
124.92475499999999	38
125.02013400000001	42
125.210892	35
125.210892	38
125.210892	42
125.39665000000001	42
125.582408	35
125.582408	49
125.67528700000001	38
125.76816600000001	49
125.953924	35
125.953924	38
125.953924	49
126.129682	38
126.21756099999999	38
126.30543999999999	35
126.30543999999999	42
126.491198	35
126.491198	42
126.67695599999999	38
126.67695599999999	42
126.862714	42
126.955593	38
127.04847199999999	35
127.04847199999999	42
127.141351	38
127.23423	35
127.23423	42
127.41998799999999	38
127.512867	38
127.605746	38
127.69862499999999	38
127.79150399999999	35
127.977262	38
128.070141	38
128.16302000000002	35
128.348778	38
128.44165700000002	38
128.534536	35
128.65837466666667	38
128.720294	38
128.813173	38
128.90605200000002	35
128.90605200000002	38
128.996431	38
129.08680999999999	38
129.177189	38
129.26756799999998	35
129.26756799999998	49
129.458326	38
129.553705	35
129.553705	49
129.741963	38
129.834842	35
129.834842	49
130.0206	35
130.0206	42
130.20635800000002	38
130.20635800000002	42
130.39211600000002	35
130.39211600000002	42
130.577874	38
130.577874	42
130.763632	35
130.763632	42
130.94939000000002	38
130.94939000000002	42
131.13514800000002	35
131.13514800000002	42
131.325906	38
131.325906	42
131.516664	35
131.516664	42
131.702422	38
131.702422	42
131.88818	35
131.88818	42
132.073938	38
132.073938	42
132.259696	35
132.259696	42
132.445454	38
132.445454	42
132.631212	35
132.631212	42
132.81697	38
132.81697	42
133.002728	35
133.002728	42
133.188486	38
133.188486	42
133.374244	35
133.374244	42
133.560002	38
133.560002	42
133.74576	35
133.74576	38
133.838639	38
134.024397	38
134.117276	35
134.207655	38
134.298034	38
134.478792	35
134.478792	38
134.478792	47
134.66455000000002	38
134.66455000000002	47
134.850308	35
134.850308	38
134.850308	47
135.12894500000002	38
135.221824	35
135.221824	49
135.41258200000001	38
135.507961	35
135.507961	49
135.696219	38
135.789098	35
135.789098	49
135.974856	35
135.974856	42
136.160614	38
136.160614	42
136.346372	35
136.346372	42
136.53213	38
136.53213	42
136.717888	35
136.717888	42
136.903646	38
136.903646	42
137.089404	35
137.089404	42
137.275162	38
137.275162	42
137.46092	35
137.46092	42
137.646678	38
137.646678	42
137.832436	35
137.832436	42
138.013194	38
138.103573	38
138.193952	35
138.193952	49
138.37971000000002	35
138.565468	38
138.565468	42
138.751226	42
138.844105	38
138.936984	35
138.936984	49
139.029863	38
139.12274200000002	35
139.12274200000002	49
139.3085	38
139.40137900000002	38
139.494258	47
139.680016	38
139.680016	42
139.86577400000002	35
140.051532	38
140.051532	42
140.24229	35
140.433048	38
140.433048	42
140.618806	35
140.804564	38
140.804564	42
140.985322	35
141.16608000000002	35
141.16608000000002	38
141.16608000000002	47
141.547596	35
141.547596	38
141.547596	47
141.919112	35
141.919112	38
141.919112	47
142.290628	35
142.290628	38
142.290628	47
142.672144	49
142.857902	49
142.95078099999998	49
143.04366	49
143.21441800000002	49
143.29979700000004	49
143.38517600000003	49
143.575934	49
143.67131299999997	49
143.766692	49
143.95245	49
144.045329	49
144.13820800000002	49
144.328966	49
144.42434499999996	49
144.51972399999997	49
144.705482	49
144.89124	38
144.89124	47
145.262756	38
145.262756	47
145.64427199999997	49
145.82503000000003	49
145.91540900000004	49
146.00578800000002	49
146.191546	49
146.284425	49
146.377304	49
146.57306199999996	49
146.670941	49
146.76881999999998	49
146.949578	49
147.03995700000002	49
147.13033600000003	49
147.31109400000003	49
147.40147300000004	49
147.49185200000002	49
147.68260999999995	49
147.87336799999997	38
147.87336799999997	47
148.25488399999998	38
148.25488399999998	47
148.6064	35
148.6064	38
148.694279	38
148.782158	47
148.870037	47
148.95791599999998	35
148.95791599999998	38
149.050795	47
149.14367399999998	47
149.236553	47
149.329432	35
149.329432	49
149.52018999999999	35
149.710948	38
149.710948	42
149.896706	42
149.989585	38
150.08246400000002	35
150.08246400000002	42
150.175343	38
150.268222	35
150.268222	42
150.45398	38
150.45398	42
150.63473800000003	35
150.63473800000003	42
150.815496	42
151.01125399999998	35
151.01125399999998	42
151.207012	38
151.207012	42
151.39277	42
151.485649	38
151.578528	35
151.578528	42
151.668907	38
151.759286	35
151.759286	42
151.940044	38
151.940044	42
152.12080200000003	42
152.21118099999998	38
152.30156	35
152.30156	49
152.487318	35
152.487318	42
152.67307599999998	38
152.67307599999998	42
152.858834	42
152.95171299999998	38
153.044592	35
153.044592	42
153.23035	35
153.23035	42
153.41610799999998	38
153.41610799999998	42
153.606866	35
153.606866	42
153.797624	42
153.988382	35
153.988382	42
154.17914	38
154.17914	42
154.364898	35
154.364898	42
154.550656	38
154.550656	49
154.64353499999999	35
154.829293	35
154.922172	38
154.922172	49
155.10793	38
155.200809	38
155.293688	35
155.293688	49
155.474446	38
155.564825	35
155.564825	49
155.750583	38
155.84596200000001	35
155.84596200000001	49
156.03672	35
156.03672	42
156.129599	38
156.222478	42
156.315357	35
156.408236	38
156.408236	42
156.588994	35
156.588994	49
156.769752	42
156.96051	35
156.96051	42
157.151268	38
157.151268	42
157.332026	42
157.422405	38
157.512784	35
157.512784	42
157.698542	35
157.698542	42
157.8843	38
157.8843	42
158.07005800000002	42
158.162937	38
158.255816	35
158.255816	49
158.441574	35
158.441574	42
158.627332	38
158.627332	42
158.81309000000002	42
158.905969	38
158.998848	35
158.998848	42
159.184606	35
159.184606	42
159.370364	38
159.370364	42
159.55612200000002	42
159.74188	38
159.74188	49
159.932638	35
159.932638	42
160.12339599999999	38
160.12339599999999	42
160.309154	42
160.402033	38
160.494912	35
160.494912	42
160.68067	35
160.68067	42
160.866428	38
160.866428	49
161.237944	38
161.237944	42
161.423702	35
161.423702	42
161.60946	38
161.60946	42
161.795218	35
161.795218	42
161.980976	38
161.980976	42
162.166734	42
162.259613	38
162.352492	38
162.442871	38
162.53325	47
162.714008	38
162.714008	49
162.899766	35
163.08552400000002	38
163.08552400000002	42
163.271282	35
163.271282	42
163.45704	38
163.45704	42
163.642798	42
163.82855600000002	35
163.82855600000002	38
164.014314	38
164.107193	38
164.200072	35
164.200072	49
164.58158799999998	35
164.58158799999998	38
164.58158799999998	47
164.77234599999997	38
164.77234599999997	47
164.96310399999996	35
164.96310399999996	38
164.96310399999996	47
165.14886199999998	38
165.14886199999998	47
165.33462	35
165.33462	38
165.33462	47
165.51537800000003	38
165.51537800000003	47
165.69613600000002	49
166.067652	35
166.810684	35
167.553716	35
168.28674800000002	35
168.28674800000002	49
169.02978000000002	35
169.77281200000004	35
170.51584400000004	35
171.26887599999998	35
171.26887599999998	49
171.640392	35
171.640392	49
172.02190799999997	35
172.02190799999997	42
172.20266600000002	42
172.38342400000002	35
172.38342400000002	42
172.569182	42
172.75494	35
172.75494	42
172.940698	42
173.126456	35
173.126456	42
173.312214	42
173.497972	35
173.497972	42
173.68373	42
173.869488	35
173.869488	42
174.055246	42
174.241004	35
174.241004	42
174.426762	42
174.61252	35
174.61252	42
174.798278	42
174.984036	35
174.984036	42
175.15979400000003	42
175.33555200000004	35
175.33555200000004	42
175.52631	42
175.71706799999998	35
175.71706799999998	42
175.902826	42
176.088584	35
176.088584	42
176.27434200000002	42
176.4601	35
176.4601	42
176.65085799999997	42
176.84161599999996	35
176.84161599999996	42
177.027374	42
177.213132	35
177.213132	49
177.584648	35
177.76540600000004	38
177.76540600000004	38
177.94616400000004	35
178.131922	35
178.31768	38
178.31768	38
178.50343800000002	47
178.596317	47
178.689196	35
178.87995399999997	35
178.87995399999997	49
179.46222799999995	35
179.46222799999995	38
179.46222799999995	47
179.647986	38
179.647986	47
179.833744	35
179.833744	38
179.833744	47
180.00950200000008	38
180.00950200000008	47
180.18526000000006	35
180.18526000000006	38
180.18526000000006	47
180.371018	38
180.371018	49
180.556776	35
180.649655	38
180.742534	38
180.835413	38
180.928292	35
180.928292	38
181.021171	38
181.11405	47
181.206929	47
181.299808	35
181.299808	47
181.392687	47
181.485566	47
181.578445	47
181.671324	35
181.671324	47
181.764203	47
181.857082	47
181.949961	47
182.04284	35
182.04284	49
182.228598	38
182.321477	35
182.321477	49
182.50223500000007	38
182.59011400000006	35
182.59011400000006	49
182.76587200000006	35
182.76587200000006	42
182.96162999999993	42
183.15738799999994	35
183.15738799999994	42
183.343146	42
183.528904	35
183.528904	42
183.71966199999997	42
183.91041999999996	35
183.91041999999996	38
183.91041999999996	42
184.09617799999998	42
184.281936	35
184.281936	42
184.37481499999998	38
184.467694	42
184.653452	35
184.653452	38
184.653452	42
184.83920999999998	42
185.024968	35
185.024968	42
185.20572600000003	42
185.38648400000002	35
185.38648400000002	38
185.38648400000002	42
185.572242	42
185.758	35
185.758	42
185.850879	38
185.943758	42
186.129516	35
186.129516	38
186.222395	38
186.315274	47
186.501032	35
186.501032	38
186.59141100000002	38
186.77216900000005	38
186.86254800000003	35
186.86254800000003	38
186.95542700000001	38
187.048306	38
187.23406400000002	35
187.23406400000002	47
187.41482200000004	47
187.59558	35
187.59558	38
187.59558	49
187.78133799999998	38
187.874217	38
187.967096	35
187.967096	49
188.16285399999992	38
188.26073299999993	35
188.26073299999993	49
188.451491	38
188.54437	35
188.54437	49
188.730128	35
188.730128	42
188.915886	42
189.101644	35
189.101644	38
189.101644	42
189.29240199999995	42
189.48315999999997	35
189.48315999999997	42
189.668918	42
189.85467599999998	35
189.85467599999998	38
189.85467599999998	42
190.04043399999998	42
190.226192	35
190.226192	42
190.31907099999998	38
190.41195	42
190.59770799999998	35
190.59770799999998	38
190.59770799999998	42
190.783466	42
190.969224	35
190.969224	42
191.154982	42
191.34073999999998	35
191.34073999999998	38
191.34073999999998	42
191.526498	42
191.712256	35
191.712256	42
191.80513499999998	38
191.898014	42
192.08377199999998	35
192.08377199999998	38
192.17165100000008	38
192.2595300000001	47
192.4352880000001	35
192.4352880000001	38
192.4352880000001	47
192.806804	35
192.806804	38
192.806804	47
193.18831999999995	35
193.18831999999995	38
193.18831999999995	47
193.56983599999992	35
193.56983599999992	38
193.56983599999992	47
193.941352	35
194.06519066666667	38
194.12711	38
194.25094866666666	38
194.31286799999998	35
194.43670666666665	38
194.498626	38
194.62246466666664	38
194.684384	35
194.86514200000005	38
194.95552100000006	38
195.04590000000005	35
195.04590000000005	38
195.13627900000006	38
195.22665800000007	38
195.31703700000006	38
195.40741600000007	35
195.40741600000007	49
195.593174	38
195.68605300000002	35
195.68605300000002	49
195.871811	38
195.96469000000002	35
195.96469000000002	49
196.150448	35
196.150448	42
196.34120599999994	38
196.34120599999994	42
196.53196399999993	35
196.53196399999993	42
196.717722	38
196.717722	42
196.90348	35
196.90348	42
197.089238	38
197.089238	42
197.274996	35
197.274996	42
197.45575400000007	38
197.45575400000007	42
197.63651200000007	35
197.63651200000007	42
197.82227	38
197.82227	42
198.008028	35
198.008028	42
198.19378600000002	38
198.19378600000002	42
198.379544	35
198.379544	49
198.57030199999994	38
198.57030199999994	42
198.76105999999993	35
198.76105999999993	42
198.946818	38
198.946818	42
199.132576	35
199.132576	42
199.318334	38
199.318334	42
199.50409199999999	35
199.50409199999999	42
199.68985	38
199.68985	42
199.875608	35
199.875608	38
199.96598700000007	38
200.14674500000007	38
200.23712400000008	35
200.23712400000008	38
200.330003	38
200.42288200000002	38
200.60864	35
200.60864	38
200.794398	38
200.98015600000002	35
200.98015600000002	38
200.98015600000002	49
201.25129300000003	38
201.34167200000005	35
201.34167200000005	49
201.53242999999995	38
201.62780899999996	35
201.62780899999996	49
201.816067	38
201.90894600000001	35
201.90894600000001	49
202.094704	35
202.094704	42
202.280462	38
202.280462	42
202.46622000000002	35
202.46622000000002	42
202.651978	38
202.651978	42
202.837736	35
202.837736	42
203.023494	38
203.023494	42
203.20925200000002	35
203.20925200000002	42
203.39501	38
203.39501	42
203.580768	35
203.580768	42
203.766526	38
203.766526	42
203.95228400000002	35
203.95228400000002	38
204.045163	38
204.138042	38
204.230921	38
204.3238	35
204.3238	49
204.509558	35
204.69531600000002	38
204.69531600000002	42
204.87607400000005	42
204.96645300000003	38
205.05683200000004	35
205.05683200000004	42
205.15221099999994	38
205.24758999999992	35
205.24758999999992	42
205.43834799999996	38
205.531227	38
205.624106	47
205.809864	35
205.809864	38
205.809864	47
206.19137999999995	35
206.19137999999995	38
206.19137999999995	47
206.562896	35
206.562896	38
206.562896	47
206.94441199999994	35
206.94441199999994	38
206.94441199999994	47
207.31592799999999	35
207.31592799999999	49
207.50168599999998	38
207.594565	38
207.687444	35
207.687444	38
207.7753230000001	38
207.86320200000011	38
207.95108100000013	38
208.03896000000012	35
208.03896000000012	38
208.131839	38
208.224718	38
208.317597	38
208.41047600000002	35
208.41047600000002	38
208.50585499999994	38
208.60123399999995	38
208.69661299999996	38
208.79199199999994	35
208.79199199999994	49
208.97775	38
209.070629	35
209.070629	49
209.256387	38
209.349266	35
209.349266	49
209.535024	35
209.535024	49
209.72078199999999	42
209.90654	35
209.90654	38
209.90654	42
210.09729799999994	42
210.28805599999993	35
210.28805599999993	42
210.473814	42
210.659572	35
210.659572	38
210.659572	42
210.84533	42
211.03108799999998	35
211.03108799999998	42
211.123967	38
211.216846	42
211.402604	35
211.402604	38
211.402604	42
211.59336199999993	42
211.78411999999994	35
211.78411999999994	42
211.96487800000008	42
212.14563600000005	35
212.14563600000005	38
212.14563600000005	42
212.331394	42
212.51715199999998	35
212.51715199999998	42
212.610031	38
212.70291	42
212.888668	35
212.888668	38
212.888668	42
213.074426	42
213.26018399999998	35
213.26018399999998	42
213.35056300000005	38
213.44094200000006	42
213.62170000000006	35
213.62170000000006	38
213.62170000000006	42
213.807458	42
213.993216	35
213.993216	42
214.08859499999994	38
214.18397399999995	42
214.37473199999994	35
214.37473199999994	38
214.37473199999994	42
214.55549000000005	38
214.64586900000006	38
214.73624800000005	35
214.73624800000005	49
214.922006	42
215.107764	35
215.107764	38
215.107764	42
215.29852199999993	42
215.48927999999992	35
215.48927999999992	42
215.582159	38
215.675038	42
215.860796	35
215.860796	38
215.860796	42
216.046554	42
216.23231199999998	35
216.23231199999998	42
216.41807	42
216.603828	35
216.603828	38
216.603828	42
216.78458600000005	42
216.96534400000004	35
216.96534400000004	42
217.058223	38
217.151102	42
217.33686	35
217.33686	38
217.33686	42
217.522618	42
217.708376	35
217.708376	42
217.894134	42
218.079892	35
218.079892	38
218.079892	42
218.26065000000006	38
218.26065000000006	42
218.44140800000005	35
218.44140800000005	42
218.53928699999986	38
218.63716599999987	42
218.83292399999985	35
218.83292399999985	38
218.92330300000006	38
219.01368200000005	47
219.19444000000007	35
219.19444000000007	38
219.19444000000007	47
219.5559560000001	35
219.5559560000001	38
219.5559560000001	47
219.927472	35
219.927472	38
219.927472	47
220.298988	35
220.298988	38
220.298988	47
220.577625	38
220.67050400000002	35
220.67050400000002	49
220.85626200000002	38
220.949141	35
220.949141	49
221.13489900000002	38
221.227778	35
221.227778	49
221.41353600000002	35
221.41353600000002	49
221.59929400000001	42
221.785052	35
221.785052	42
221.97081	42
222.15656800000002	35
222.15656800000002	42
222.25194699999992	38
222.34732599999992	42
222.5380839999999	35
222.5380839999999	38
222.5380839999999	42
222.7288419999999	42
222.91959999999992	35
222.91959999999992	42
223.01247899999998	38
223.105358	42
223.291116	35
223.291116	38
223.291116	42
223.47187400000007	38
223.56225300000008	38
223.6526320000001	35
223.6526320000001	49
223.83839	42
224.024148	35
224.024148	38
224.024148	42
224.209906	42
224.395664	35
224.395664	42
224.488543	38
224.581422	42
224.76718	35
224.76718	38
224.76718	42
224.952938	42
225.138696	35
225.138696	49
225.324454	42
225.510212	35
225.510212	38
225.510212	42
225.69597	42
225.881728	35
225.881728	42
225.974607	38
226.067486	42
226.253244	35
226.253244	38
226.346123	38
226.439002	47
226.62476	35
226.62476	38
226.62476	49
226.903397	38
226.903397	49
226.996276	35
227.089155	38
227.182034	38
227.182034	49
227.367792	35
227.367792	38
227.367792	49
227.5585499999999	42
227.7493079999999	35
227.7493079999999	38
227.7493079999999	42
227.93006600000007	42
228.1108240000001	35
228.1108240000001	42
228.296582	42
228.48234	35
228.48234	38
228.48234	42
228.6730979999999	42
228.8638559999999	35
228.8638559999999	42
228.95423500000007	38
229.04461400000008	42
229.22537200000008	35
229.22537200000008	38
229.22537200000008	42
229.41112999999999	42
229.596888	35
229.596888	42
229.782646	42
229.968404	35
229.968404	38
229.968404	42
230.15416199999999	38
230.15416199999999	42
230.33992	35
230.33992	42
230.4352989999999	38
230.5306779999999	42
230.7214359999999	35
230.7214359999999	38
230.81181500000008	38
230.9021940000001	47
231.0829520000001	35
231.0829520000001	38
231.0829520000001	47
231.4644679999999	35
231.4644679999999	38
231.4644679999999	47
231.8259840000001	35
231.8259840000001	38
231.8259840000001	47
232.1975	35
232.1975	38
232.1975	47
232.569016	35
232.569016	49
232.754774	38
232.847653	38
232.940532	35
232.940532	47
233.0309110000001	47
233.1212900000001	47
233.3020480000001	35
233.3020480000001	38
233.58068500000002	38
233.673564	35
233.673564	38
233.85932200000002	38
233.952201	38
234.04508	35
234.04508	47
234.1404589999999	47
234.23583799999992	47
234.33121699999992	47
234.4265959999999	35
234.4265959999999	47
234.519475	47
234.612354	47
234.705233	47
234.798112	35
234.798112	47
234.88599100000016	47
234.97387000000018	47
235.06174900000016	35
235.14962800000015	38
235.14962800000015	49
235.53114399999993	35
235.53114399999993	38
235.53114399999993	47
235.9126599999999	35
235.9126599999999	38
235.9126599999999	47
236.2941759999999	35
236.2941759999999	38
236.2941759999999	47
236.65569200000007	35
236.65569200000007	38
236.65569200000007	47
237.027208	35
237.1175870000001	35
237.20796600000008	38
237.20796600000008	49
238.04483666666695	47
238.1586753333336	47
238.27251400000029	47
238.38635266666697	35