9.702277	49
9.759969125	42
9.81766125	49
9.875353375	42
9.9330455	49
9.990737625	42
10.04842975	49
10.106121875	42
10.163814	49
10.221506125	42
10.27919825	49
10.336890375	42
10.3945825	49
10.452274625	42
10.50996675	49
10.567658875	42
10.625351	49
10.683043125	42
10.74073525	49
10.798427375	42
10.8561195	49
10.913811625	42
10.97150375	49
11.029195875	42
11.086888	35
11.086888	49
11.43304075	35
11.548425	38
11.7791935	42
12.009962	42
12.12534625	35
12.2407305	35
12.2407305	49
12.471499	38
12.471499	49
12.7022675	42
12.933036	35
12.933036	42
13.1638045	42
13.27918875	35
13.27918875	42
13.394573	38
13.394573	42
13.6253415	42
13.85611	42
13.97149425	35
14.0868785	35
14.0868785	49
14.317647	38
14.317647	49
14.5484155	42
14.779184	35
14.779184	42
15.0099525	42
15.12533675	35
15.12533675	42
15.240721	38
15.240721	42
15.476489500000001	42
15.712258	42
15.82764225	35
15.9430265	35
15.9430265	49
16.173795	38
16.173795	49
16.3995635	42
16.625332	35
16.625332	42
16.8561005	42
16.971484750000002	35
16.971484750000002	42
17.086869	38
17.086869	42
17.317637500000004	42
17.548406000000004	42
17.66379025	35
17.779174500000003	35
17.779174500000003	38
17.779174500000003	49
18.009943000000003	38
18.009943000000003	49
18.240711500000003	38
18.240711500000003	42
18.35609575	38
18.471480000000003	35
18.702248500000003	42
19.163785500000003	42
19.625322500000003	42
20.086859500000003	42
20.317628000000003	35
20.548396500000003	42
21.009933500000002	42
21.471470500000002	42
21.933007500000002	42
22.163776000000002	35
22.394544500000002	42
22.856081500000002	42
23.086850000000002	35
23.317618500000002	42
23.7791555	42
24.009924	35
24.2406925	42
24.471461	35
24.7022295	42
24.932998	49
24.932998	35
24.990690125	42
25.048382250000003	49
25.106074375000002	42
25.1637665	49
25.1637665	35
25.221458625	42
25.279150750000003	49
25.336842875000002	42
25.394535	49
25.394535	35
25.452227125	42
25.509919250000003	49
25.567611375000002	42
25.6253035	49
25.6253035	35
25.682995625	42
25.740687750000003	49
25.798379875000002	42
25.856072	49
25.856072	35
26.202224750000003	35
26.317609	38
26.5483775	42
26.779146	42
26.894530250000003	35
27.0099145	35
27.0099145	49
27.240683	38
27.240683	49
27.4714515	42
27.70222	35
27.70222	42
27.9329885	42
28.048372750000002	35
28.048372750000002	42
28.163757	38
28.163757	42
28.3945255	42
28.625294	42
28.740678250000002	35
28.856062500000004	35
28.856062500000004	49
29.086831000000004	38
29.086831000000004	49
29.317599500000004	42
29.548368000000004	35
29.548368000000004	42
29.779136500000003	42
29.89452075	35
29.89452075	42
30.009905000000003	38
30.009905000000003	42
30.240673500000003	42
30.471442000000003	42
30.58682625	35
30.702210500000003	35
30.702210500000003	49
30.932979000000003	38
30.932979000000003	49
31.163747500000003	42
31.394516000000003	35
31.394516000000003	42
31.625284500000003	42
31.74066875	35
31.74066875	42
31.856053000000003	38
31.856053000000003	42
32.0868215	42
32.317589999999996	42
32.43297425	35
32.5483585	35
32.5483585	38
32.5483585	49
32.779126999999995	38
32.779126999999995	49
33.0098955	38
33.0098955	42
33.12527975	38
33.240663999999995	35
33.4714325	42
33.58681675	35
33.58681675	42
33.702200999999995	38
33.702200999999995	42
33.9379695	42
34.173738	42
34.28662225	35
34.3995065	35
34.3995065	49
34.625275	38
34.625275	49
34.8560435	42
35.086812	35
35.086812	42
35.3175805	42
35.43296475	35
35.43296475	42
35.548349	38
35.548349	42
35.7791175	42
36.009886	42
36.12527025	35
36.2406545	35
36.2406545	49
36.471423	38
36.471423	49
36.7021915	42
36.93296	35
36.93296	42
37.1637285	42
37.279112749999996	35
37.279112749999996	42
37.394497	38
37.394497	42
37.6252655	42
37.856034	42
37.97141825	35
38.0868025	35
38.0868025	49
38.317571	38
38.317571	49
38.5483395	42
38.779108	35
38.779108	42
39.0098765	42
39.125260749999995	35
39.125260749999995	42
39.240645	38
39.240645	42
39.4764135	42
39.712182000000006	42
39.827566250000004	35
39.9429505	35
39.9429505	38
39.9429505	49
40.173719000000006	38
40.173719000000006	49
40.3994875	38
40.3994875	42
40.51237175	38
40.625256	35
40.8560245	42
40.97140875	35
40.97140875	42
41.086793	38
41.086793	42
41.3175615	42
41.54833	42
41.66371425	35
41.779098499999996	35
41.779098499999996	49
42.009867	38
42.009867	49
42.240635499999996	42
42.471404	35
42.471404	42
42.702172499999996	42
42.81755675	35
42.81755675	42
42.932941	38
42.932941	42
43.1687095	42
43.404478000000005	42
43.51736225	35
43.6302465	35
43.6302465	49
43.856015	38
43.856015	49
44.086783499999996	42
44.317552	35
44.317552	42
44.548320499999996	42
44.66370475	35
44.66370475	42
44.779089	38
44.779089	42
45.009857499999995	42
45.240626	42
45.35601025	35
45.471394499999995	35
45.471394499999995	49
45.702163	38
45.702163	49
45.932931499999995	42
46.1637	35
46.1637	42
46.3944685	42
46.50985275	35
46.50985275	42
46.625237	38
46.625237	42
46.8560055	42
47.086774	42
47.20215825	35
47.3175425	35
47.3175425	38
47.3175425	49
47.548311	38
47.548311	49
47.7790795	38
47.7790795	42
47.89446375	38
48.009848	35
48.2406165	42
48.35600075	35
48.35600075	42
48.471385	38
48.471385	42
48.707153500000004	42
48.942922	42
49.05830625	35
49.173690500000006	35
49.173690500000006	49
49.404459	38
49.404459	49
49.630227500000004	42
49.855996	35
49.855996	42
50.0867645	42
50.20214875	35
50.20214875	42
50.317533	38
50.317533	42
50.5483015	42
50.77907	42
50.894454249999995	35
51.0098385	35
51.0098385	49
51.240607	38
51.240607	49
51.4713755	42
51.702144	35
51.702144	42
51.9329125	42
52.04829675	35
52.04829675	42
52.163681	38
52.163681	42
52.3944495	42
52.625218	42
52.74060225	35
52.8559865	35
52.8559865	49
53.086755	38
53.086755	49
53.3175235	42
53.548292	35
53.548292	42
53.7790605	42
53.89444475	35
53.89444475	42
54.009828999999996	38
54.009828999999996	42
54.2455975	42
54.481366	42
54.59675025000001	35
54.712134500000005	35
54.712134500000005	38
54.712134500000005	49
54.942903	38
54.942903	49
55.173671500000005	42
60.932884	49
60.990576125	42
61.04826825	49
61.105960375	42
61.1636525	49
61.221344625	42
61.279036749999996	49
61.336728875	42
61.394421	49
61.452113125	42
61.50980525	49
61.567497375	42
61.6251895	49
61.682881625	42
61.740573749999996	49
61.798265875	42
61.855958	49
61.913650125	42
61.97134225	49
62.029034375	42
62.0867265	49
62.144418625	42
62.202110749999996	49
62.259802875	42
62.317495	38
62.5482635	38
62.663647749999996	38
62.779032	35
62.779032	49
63.125184749999995	35
63.240569	38
63.4713375	42
63.702106	42
63.81749025	35
63.9328745	35
63.9328745	49
64.16364300000001	38
64.16364300000001	49
64.3944115	42
65.548254	42
65.66363825	35
65.77902250000001	35
65.77902250000001	49
66.009791	42
66.12517525000001	35
66.2405595	35
66.2405595	49
66.471328	35
66.471328	42
66.70209650000001	42
66.81748075	35
66.81748075	42
66.932865	38
66.932865	42
67.1686335	42
67.40440199999999	42
67.51728625	35
67.6301705	35
67.6301705	49
67.855939	38
67.855939	49
68.0867075	42
69.24055000000001	35
69.24055000000001	42
69.47131850000001	42
69.58670275	35
69.58670275	42
69.702087	35
69.702087	42
69.9328555	38
69.9328555	42
70.16362400000001	35
70.16362400000001	42
70.39439250000001	42
70.50977675	35
70.50977675	42
70.625161	38
70.625161	42
70.8559295	42
71.08669800000001	42
71.20208225	35
71.31746650000001	35
71.31746650000001	49
71.548235	38
71.548235	49
71.7790035	42
72.93284600000001	42
73.04823025	35
73.16361450000001	35
73.16361450000001	38
73.16361450000001	49
73.394383	38
73.394383	49
73.6251515	38
73.6251515	42
73.74053575	38
73.85592000000001	35
73.85592000000001	42
74.08668850000001	42
74.20207275	35
74.20207275	42
74.317457	38
74.317457	42
74.5482255	42
74.77899400000001	42
74.89437825	35
75.00976250000001	35
75.00976250000001	49
75.240531	38
75.240531	49
75.4712995	42
77.086679	38
77.086679	49
77.3174475	38
77.3174475	42
77.43283175	38
77.54821600000001	35
77.54821600000001	42
77.7789845	42
77.89436875000001	35
77.89436875000001	42
78.009753	38
78.009753	42
78.2405215	42
78.47129000000001	42
78.58667425	35
78.7020585	35
78.7020585	49
78.932827	38
78.932827	49
79.1635955	42
79.39436400000001	35
79.39436400000001	42
79.6251325	42
79.74051675000001	35
79.74051675000001	42
79.855901	38
79.855901	42
80.0866695	42
80.31743800000001	42
80.43282225	35
80.5482065	35
80.5482065	49
80.778975	38
80.778975	49
81.00974350000001	42
81.24051200000001	35
81.24051200000001	42
81.4712805	42
81.58666475000001	35
81.58666475000001	42
81.702049	38
81.702049	42
81.93781750000001	42
82.173586	42
82.28647025	35
82.3993545	35
82.3993545	49
82.625123	38
82.625123	49
82.85589150000001	42
83.08666000000001	35
83.08666000000001	42
83.3174285	42
83.43281275000001	35
83.43281275000001	42
83.548197	38
83.548197	42
83.77896550000001	42
84.00973400000001	42
84.12511825	35
84.2405025	35
84.2405025	38
84.2405025	49
84.471271	38
84.471271	49
84.70203950000001	38
84.70203950000001	42
84.81742375	38
84.93280800000001	35
85.1635765	42
85.27896075000001	35
85.27896075000001	42
85.394345	38
85.394345	42
85.62511350000001	42
85.85588200000001	42
85.97126625	35
86.0866505	35
86.0866505	49
86.317419	38
86.317419	49
86.54818750000001	42
86.77895600000001	35
86.77895600000001	42
87.0097245	42
87.12510875000001	35
87.12510875000001	42
87.240493	38
87.240493	42
87.47126150000001	42
87.70203000000001	42
87.81741425000001	35
87.9327985	35
87.9327985	49
88.163567	38
88.163567	49
88.39433550000001	42
88.62510400000001	35
88.62510400000001	42
88.8558725	42
88.97125675000001	35
88.97125675000001	42
89.086641	38
89.086641	42
89.31740950000001	42
89.54817800000001	42
89.66356225000001	35
89.7789465	35
89.7789465	49
90.009715	38
90.009715	49
90.24048350000001	42
90.471252	35
90.471252	42
90.7020205	42
90.81740475000001	35
90.81740475000001	42
90.932789	38
90.932789	42
91.16855749999999	42
91.40432599999998	42
91.51721025000002	35
91.63009450000001	35
91.63009450000001	38
91.63009450000001	49
91.85586300000001	38
91.85586300000001	49
92.08663150000001	38
92.08663150000001	42
92.20201575	38
92.3174	49
105.70197300000001	49
105.760915125	42
105.81985724999998	49
105.87879937499999	42
105.93774149999999	49
105.99668362499999	42
106.05562574999999	49
106.11456787499998	42
106.17350999999998	49
106.22995212500001	42
106.28639425000001	49
106.34283637500002	42
106.39927850000002	49
106.45572062500001	42
106.51216275000002	49
106.56860487500002	42
106.62504700000002	49
106.68273912500001	42
106.74043125	49
106.798123375	42
106.8558155	49
106.91350762500001	42
106.97119975000001	49
107.02889187500001	42
107.086584	49