14.960972999999994	38
14.960972999999994	38
15.462971999999993	35
15.462971999999993	42
15.704471499999995	35
15.704471499999995	42
15.945970999999993	38
15.945970999999993	42
16.185468916666657	42
16.42697099999999	35
16.42697099999999	42
16.67597099999999	35
16.67597099999999	42
16.924970999999992	38
16.924970999999992	42
17.165470999999993	42
17.405970999999994	35
17.405970999999994	42
17.652470499999993	35
17.652470499999993	42
17.898969999999995	38
17.898969999999995	42
18.139463252083328	42
18.381968999999994	35
18.381968999999994	42
18.624967999999996	35
18.624967999999996	42
18.867966999999993	38
18.867966999999993	42
19.115966499999992	42
19.363965999999994	35
19.363965999999994	42
19.604965499999995	35
19.604965499999995	42
19.845964999999993	38
19.845964999999993	42
20.089964999999992	42
20.333964999999996	35
20.333964999999996	42
20.583464999999997	35
20.583464999999997	42
20.832964999999994	38
20.832964999999994	42
21.072464999999994	42
21.311964999999994	35
21.311964999999994	42
21.562464999999992	35
21.562464999999992	42
21.812964999999995	38
21.812964999999995	42
22.055964499999995	42
22.298963999999994	35
22.298963999999994	42
22.541963499999994	35
22.541963499999994	42
22.784962999999994	38
22.784962999999994	42
23.029962499999993	42
23.274961999999995	35
23.274961999999995	42
23.524461999999996	35
23.524461999999996	42
23.773961999999994	38
23.773961999999994	42
24.016460999999993	42
24.258959999999995	35
24.258959999999995	42
24.509459999999994	35
24.509459999999994	42
24.759959999999996	38
24.759959999999996	42
25.002959499999996	42
25.245958999999996	35
25.245958999999996	42
25.495458999999997	35
25.495458999999997	42
25.744958999999994	38
25.744958999999994	42
25.983958999999995	42
26.222958999999996	35
26.222958999999996	42
26.470957999999996	35
26.470957999999996	42
26.718956999999996	38
26.718956999999996	42
26.95945025208333	42
27.201955999999996	35
27.201955999999996	42
27.446955499999994	35
27.446955499999994	42
27.691954999999997	38
27.691954999999997	42
27.931954999999995	42
28.171954999999997	35
28.171954999999997	42
28.422454999999996	35
28.422454999999996	42
28.672954999999998	38
28.672954999999998	42
28.916954999999998	42
29.160954999999998	35
29.160954999999998	42
29.411406087499998	35
29.411406087499998	42
29.663953	38
29.663953	42
29.9009525	42
30.137952	35
30.137952	42
30.388951	35
30.388951	42
30.63995	38
30.63995	42
30.878452083333332	42
31.118949999999998	35
31.118949999999998	42
31.37145	35
31.37145	42
31.623949999999997	38
31.623949999999997	42
31.865449499999997	35
31.865449499999997	42
32.106949	42
32.357948	35
32.357948	42
32.608947	38
32.608947	42
32.854946500000004	35
32.854946500000004	42
33.100946	42
33.351945	35
33.351945	42
33.602944	38
33.602944	42
33.83945342083333	35
33.83945342083333	42
34.07794199999999	35
34.07794199999999	42
34.32994149999999	35
34.32994149999999	42
34.58194099999999	38
34.58194099999999	42
34.82094099999999	35
34.82094099999999	42
35.05994099999999	35
35.05994099999999	42
35.31394099999999	35
35.31394099999999	42
35.567941	38
35.567941	42
35.81194099999999	35
35.81194099999999	42
36.05594099999999	42
36.30938058333333	42
36.564941	38
36.564941	42
36.818440499999994	42
37.07194	42
37.32244	35
37.32244	42
37.44664624999999	35
37.572939999999996	38
37.572939999999996	42
37.822939999999996	35
37.822939999999996	42
37.947939999999996	35
38.072939999999996	42
38.318439999999995	35
38.318439999999995	42
38.563939999999995	38
38.563939999999995	42
38.80693899999999	35
38.80693899999999	42
39.049938	42
39.29939425	35
39.29939425	42
39.550937999999995	38
39.550937999999995	42
39.797937999999995	35
39.797937999999995	42
40.044937999999995	42
40.29140674999999	42
40.539938	38
40.539938	42
40.797360418749996	42
41.056937	42
41.303404754166664	35
41.303404754166664	42
41.4281855	35
41.55193499999999	38
41.55193499999999	42
41.803934999999996	35
41.803934999999996	42
41.92993499999999	35
42.05593499999999	42
42.30543499999999	35
42.30543499999999	42
42.55493499999999	38
42.55493499999999	42
42.80243499999999	35
42.80243499999999	42
43.049935	42
43.297399085416664	35
43.297399085416664	42
43.546934	38
43.546934	42
43.8039335	35
43.8039335	42
44.060933	42
44.30341791874999	42
44.547931999999996	38
44.547931999999996	42
44.79738725416666	42
45.04892999999999	42
45.302929999999996	35
45.302929999999996	42
45.42993	35
45.556929999999994	38
45.556929999999994	42
45.81493	35
45.81493	42
45.94285499999999	35
46.07292999999999	42
46.322386249999994	35
46.322386249999994	42
46.57392999999999	38
46.57392999999999	42
46.82292949999999	35
46.82292949999999	42
47.07192899999999	42
47.32042849999999	35
47.32042849999999	42
47.56892799999999	38
47.56892799999999	42
47.823427499999994	35
47.823427499999994	42
48.077926999999995	42
48.32638741666666	42
48.576927	38
48.576927	42
48.834927	42
49.092926999999996	42
49.337926499999995	35
49.337926499999995	42
49.46042625	35
49.58292599999999	38
49.58292599999999	42
49.83042599999999	35
49.83042599999999	42
49.95417599999999	35
50.077926	42
50.32140625416667	35
50.32140625416667	42
50.566924	38
50.566924	42
50.8254235	35
50.8254235	42
51.083923	42
51.3299225	35
51.3299225	42
51.575922	38
51.575922	42
51.835421999999994	35
51.835421999999994	42
52.094922	42
52.34392149999999	42
52.592921	38
52.592921	42
52.848921	42
53.104921	42
53.346420499999994	35
53.346420499999994	42
53.467170249999995	35
53.58792	38
53.58792	42
53.84542	35
53.84542	42
53.97309708333333	35
54.10292	42
54.3564195	35
54.3564195	42
54.609919	38
54.609919	42
54.8644185	35
54.8644185	42
55.118918	42
55.369418	35
55.369418	42
55.619918	38
55.619918	42
55.877917000000004	35
55.877917000000004	42
56.135916	42
56.38338008541666	42
56.632915	38
56.632915	42
56.887915	42
57.142914999999995	42
57.38591399999999	35
57.38591399999999	42
57.50741349999999	35
57.628913	38
57.628913	42
57.8834125	35
57.8834125	42
58.010662249999996	35
58.137912	42
58.395412	35
58.395412	42
58.652912	38
58.652912	42
58.905912	35
58.905912	42
59.158912	42
59.404412	35
59.404412	42
59.649912	38
59.903912000000005	42
60.401911999999996	42
60.645912	38
60.915912000000006	42
61.425912000000004	42
61.665912000000006	38
61.934911500000005	42
62.4479105	42
62.69191000000001	38
62.94741000000001	42
63.448909	42
63.694908000000005	38
63.957908	42
64.4594075	42
64.69790699999999	38
64.952907	42
65.45340699999998	42
65.69890699999999	38
65.95035491666665	42
66.45590699999998	42
66.70790699999999	38
66.96090699999999	42
67.4674065	42
67.72090599999999	38
67.97390599999999	42
68.47990599999999	42
68.73290599999999	38
68.98290599999999	42
69.48634558333332	42
69.74190599999999	38
69.987406	42
70.47840599999999	42
70.72390599999999	38
70.96940599999999	42
71.21490599999998	35
71.21490599999998	49
71.34040599999999	42
71.46590599999998	35
71.46590599999998	42
71.59140599999998	42
71.71690599999998	38
71.84160783541665	42
71.96735758541665	42
72.09415524999999	38
72.21990499999998	35
72.21990499999998	42
72.46390499999997	35
72.46390499999997	42
72.70790499999998	38
72.70790499999998	42
72.94740499999999	42
73.06615708333332	42
73.18690499999998	35
73.18690499999998	42
73.30940474999998	42
73.43190449999999	35
73.43190449999999	42
73.55440424999998	42
73.67690399999998	38
73.80340349999997	42
73.92990299999998	42
74.05640249999999	38
74.18290199999998	35
74.18290199999998	42
74.30314108749998	42
74.42439058749999	35
74.42439058749999	42
74.54665049999998	42
74.66789999999999	38
74.78965	42
74.91038541666666	38
75.03213541666666	38
75.15489999999998	35
75.15489999999998	42
75.40589899999998	35
75.40589899999998	49
75.65689799999998	38
75.65689799999998	49
75.89939699999998	35
75.89939699999998	49
76.14189599999999	35
76.14189599999999	49
76.38439599999998	35
76.38439599999998	49
76.62689599999999	38
76.62689599999999	49
76.8783955	35
76.8783955	49
77.12989499999999	35
77.12989499999999	49
77.37789499999998	35
77.37789499999998	49
77.62589499999999	38
77.62589499999999	49
77.87389399999998	35
77.87389399999998	49
78.12189299999999	35
78.12189299999999	49
78.36935708541665	35
78.36935708541665	49
78.61889199999999	38
78.61889199999999	49
78.869392	35
78.869392	47
79.119892	35
79.119892	47
79.3648915	35
79.3648915	47
79.60989099999999	38
79.85237641666666	47
80.09689099999999	35
80.09689099999999	47
80.34236341874998	35
80.34236341874998	47
80.58988999999998	38
80.82988999999998	47
81.06988999999999	35
81.06988999999999	47
81.32034108749998	35
81.32034108749998	47
81.57288799999999	38
81.8143875	47
82.055887	35
82.055887	47
82.302887	35
82.302887	47
82.549887	38
82.79436408333333	35
82.79436408333333	49
83.040887	35
83.040887	42
83.290887	35
83.290887	49
83.540887	38
83.540887	49
83.78635941875	35
83.78635941875	49
84.033886	35
84.033886	49
84.283886	35
84.283886	49
84.533886	38
84.533886	49
84.77988549999999	35
84.77988549999999	49
85.025885	35
85.025885	49
85.26637825208334	35
85.26637825208334	49
85.50888400000001	38
85.50888400000001	49
85.75734391875001	35
85.75734391875001	49
86.007883	35
86.007883	49
86.24938200000001	35
86.24938200000001	49
86.49088100000002	38
86.49088100000002	49
86.74588100000003	38
86.74588100000003	49
88.98088100000001	35
88.98088100000001	47
89.24029458750002	42
89.50187900000002	38
89.50187900000002	42
89.74387850000002	42
89.98587800000001	35
89.98587800000001	42
90.23487800000001	35
90.23487800000001	42
90.48387800000002	38
90.48387800000002	42
90.72038791875002	42
90.95887700000002	35
90.95887700000002	42
91.21087700000001	42
91.46287700000002	38
91.46287700000002	42
91.70887650000002	42
91.95487600000003	35
91.95487600000003	42
92.20034792083335	35
92.20034792083335	42
92.44787400000003	38
92.44787400000003	42
92.69387400000004	42
92.93987400000003	35
92.93987400000003	42
93.19737400000002	42
93.45487400000003	38
93.45487400000003	42
93.70437400000003	42
93.95387400000003	35
93.95387400000003	42
94.20187300000002	35
94.20187300000002	42
94.44987200000003	38
94.44987200000003	38
94.69187200000002	38
94.69187200000002	38
95.17934441875002	35
95.17934441875002	42
95.42687100000002	38
95.42687100000002	42
95.68987050000003	35
95.68987050000003	42
96.43686900000002	38
96.43686900000002	42
96.6883169166667	42
96.94186900000003	42
97.18986850000002	35
97.18986850000002	42
97.31283491875001	35
97.43786800000002	38
97.43786800000002	42
97.69286800000003	35
97.69286800000003	42
97.82036800000003	35
97.94786800000003	42
98.19736750000001	35
98.19736750000001	42
98.44686700000003	38
98.44686700000003	42
98.69286700000002	35
98.69286700000002	42
98.93886700000003	42
99.19486650000003	35
99.19486650000003	42
99.45086600000003	38
99.45086600000003	42
99.70131708750003	35
99.70131708750003	42
99.95386400000004	42
100.20486300000003	42
100.45586200000004	38
100.45586200000004	42
100.71386200000003	42
100.97186200000004	42
101.22186150000006	35
101.22186150000006	42
101.34686125000005	35
101.47186100000005	38
101.47186100000005	42
101.72086050000004	35
101.72086050000004	42
101.84536025000004	35
101.96986000000004	42
102.22585900000004	35
102.22585900000004	42
102.48185800000005	38
102.48185800000005	42
102.73635750000004	35
102.73635750000004	42
102.99085700000005	42
103.23931741666671	35
103.23931741666671	42
103.48985700000004	38
103.48985700000004	42
103.74230025208338	35
103.74230025208338	42
103.99685600000004	42
104.12230183333337	42
104.24985600000004	42
104.37635600000003	42
104.50285600000004	38
104.75185600000003	47
105.00085600000004	42
105.24632841875004	35
105.24632841875004	42
105.36957816875004	35
105.49385500000004	38
105.49385500000004	42
105.74785500000003	35
105.74785500000003	42
105.8737966666667	35
106.00185500000003	42
106.2562904166667	35
106.2562904166667	42
106.51285500000004	38
106.51285500000004	42
106.76430291666671	35
106.76430291666671	42
107.01785500000004	42
107.26485450000006	35
107.26485450000006	42
107.51185400000004	38
107.51185400000004	42
107.76728475208337	35
107.76728475208337	42
108.02485300000004	42
108.27585300000003	42
108.52685300000003	38
108.52685300000003	42
108.78385300000004	42
109.04085300000003	42
109.29285300000004	35
109.29285300000004	42
109.41780300000003	35
109.54485300000003	38
109.54485300000003	42
109.80085300000003	35
109.80085300000003	42
109.92885300000003	35
110.05685300000003	42
110.30585300000003	35
110.30585300000003	42
110.55485300000004	38
110.55485300000004	42
110.80785300000002	35
110.80785300000002	42
111.06085300000004	42
111.31285300000005	35
111.31285300000005	42
111.56485300000004	38
111.56485300000004	42
111.81835250000003	35
111.81835250000003	42
112.07185200000004	42
112.19610175000004	42
112.32035150000003	42
112.44460125000003	42
112.56885100000004	38
112.8242812541667	47
113.08184900000005	42
113.33134900000005	35
113.33134900000005	42
113.45609900000005	35
113.58084900000004	38
113.58084900000004	42
113.83784900000005	35
113.83784900000005	42
113.9652781666667	35
114.09484900000004	42
114.34032141875004	35
114.34032141875004	42
114.58784800000004	38
114.58784800000004	42
114.84584800000003	35
114.84584800000003	42
115.10384800000004	42
115.34634800000003	35
115.34634800000003	42
115.58884800000004	38
115.58884800000004	42
115.85025425000005	35
115.85025425000005	42
116.11384800000005	42
116.35984800000004	42
116.60584800000004	38
116.60584800000004	42
116.86084800000003	42
117.11584800000004	42
117.37028341666671	35
117.37028341666671	42
117.4980334166667	35
117.62684800000004	38
117.62684800000004	42
117.88734700000005	35
117.88734700000005	42
118.01651108750004	35
118.14784600000004	42
118.39434550000004	35
118.39434550000004	42
118.64084500000004	38
118.64084500000004	42
118.89334500000002	35
118.89334500000002	42
119.14584500000004	42
119.39834500000005	35
119.39834500000005	42
119.65084500000005	38
119.65084500000005	42
119.90684500000005	42
120.41434450000004	42
120.66584400000004	38
120.93123208958338	42
121.45924992291671	42
121.72183800000003	38
121.99220525625003	42
122.51528558958337	42
122.76783200000004	38
123.03683150000005	42
123.57033100000004	42
123.83483100000004	38
124.09883050000003	42
124.62025241875003	42
124.87982900000003	38
125.13982900000003	42
125.65932850000003	42
125.91882800000002	38
126.18032750000003	42
126.69332650000001	42
126.94482600000002	38
127.19632450000002	42
127.71932150000004	42
127.99082000000001	38
128.25031950000002	42
128.7593185	42
129.00881800000002	38
129.266318	42
129.771318	42
130.018818	38
130.2778175	42
130.7842810854167	42
131.03381600000003	38
131.2822764166667	42
131.53281600000003	35
131.53281600000003	49
131.65726967083336	42
131.78381500000003	35
131.78381500000003	42
131.90826867083337	42
132.034814	38
132.15802833541667	42
132.28331350000002	42
132.40756325	38
132.531813	35
132.531813	42
132.779313	35
132.779313	42
133.026813	38
133.026813	42
133.2683015875	42
133.39056150000002	42
133.511811	35
133.511811	42
133.6358105	42
133.75981	35
133.75981	42
133.88380949999998	42
134.00780899999998	38
134.13280899999998	42
134.25780899999998	42
134.38280899999998	38
134.50780899999998	35
134.50780899999998	42
134.62955899999997	42
134.75029441666663	35
134.75029441666663	42
134.87204441666665	42
134.99480899999998	38
135.11405691666664	42
135.23430691666664	38
135.35555899999997	38
135.47580899999997	35
135.47580899999997	42
135.72680899999997	35
135.72680899999997	49
135.97780899999998	38
135.97780899999998	49
136.22830899999997	35
136.22830899999997	49
136.47880899999998	35
136.47880899999998	49
136.72880849999999	35
136.72880849999999	49
136.978808	38
136.978808	49
137.226308	35
137.226308	49
137.473808	35
137.473808	49
137.71927992083334	35
137.71927992083334	49
137.966806	38
137.966806	49
138.22480599999997	35
138.22480599999997	49
138.48379558124998	35
138.48379558124998	49
138.7203055	35
138.7203055	49
138.95780499999998	38
138.95780499999998	49
139.20580399999997	35
139.20580399999997	49
139.45380299999997	35
139.45380299999997	47
139.70280299999996	35
139.70280299999996	47
139.95180299999996	38
140.19930299999996	47
140.44680299999996	35
140.44680299999996	47
140.69030299999997	35
140.69030299999997	47
140.93380299999995	38
141.17730299999997	47
141.42080299999995	35
141.42080299999995	47
141.66530299999997	35
141.66530299999997	47
141.90980299999995	38
142.14830299999994	47
142.38680299999993	35
142.38680299999993	47
142.63980249999994	35
142.63980249999994	47
142.89280199999993	38
143.14080099999993	35
143.14080099999993	49
143.38879999999992	35
143.38879999999992	42
143.64079999999993	35
143.64079999999993	49
143.8927999999999	38
143.8927999999999	49
144.13428958333324	35
144.13428958333324	49
144.37779999999992	35
144.37779999999992	49
144.62279949999993	35
144.62279949999993	49
144.86779899999993	38
144.86779899999993	49
145.11879799999994	35
145.11879799999994	49
145.36979699999992	35
145.36979699999992	49
145.61379699999992	35
145.61379699999992	49
145.85779699999992	38
145.85779699999992	49
146.10679699999991	35
146.10679699999991	49
146.3557969999999	35
146.3557969999999	49
146.6022964999999	35
146.6022964999999	49
146.8487959999999	38
146.8487959999999	49
147.0927959999999	49
147.21479599999992	38
147.3367959999999	35
147.3367959999999	42
147.4592957499999	42
147.5817954999999	35
147.5817954999999	42
147.70429524999992	42
147.82679499999992	38
147.9472949999999	42
148.06779499999993	42
148.18829499999993	38
148.30879499999992	35
148.30879499999992	42
148.4300257541666	42
148.5532939999999	35
148.5532939999999	42
148.67554349999992	42
148.79779299999993	38
148.92204299999992	42
149.04629299999993	42
149.17054299999992	38
149.2947929999999	35
149.2947929999999	42
149.41453650208325	42
149.53629249999992	35
149.53629249999992	42
149.65704224999993	42
149.77779199999992	38
149.89827925208326	42
150.02079149999992	42
150.14127875208325	38
150.2637909999999	35
150.2637909999999	42
150.38229074999992	42
150.5007904999999	35
150.5007904999999	42
150.61929024999992	42
150.73778999999993	38
150.86178949999993	38
150.98578899999993	47
151.10978849999992	47
151.23378799999992	35
151.23378799999992	42
151.48728749999992	35
151.48728749999992	49
151.7407869999999	38
151.7407869999999	49
151.9827864999999	35
151.9827864999999	49
152.2247859999999	35
152.2247859999999	49
152.47178599999992	35
152.47178599999992	49
152.7187859999999	38
152.7187859999999	49
152.96828599999992	35
152.96828599999992	49
153.2177859999999	35
153.2177859999999	49
153.4582859999999	35
153.4582859999999	49
153.69878599999993	38
153.69878599999993	49
153.94878599999993	35
153.94878599999993	49
154.19878599999993	35
154.19878599999993	49
154.44278599999993	35
154.44278599999993	49
154.68678599999993	38
154.68678599999993	49
154.93478549999992	35
154.93478549999992	49
155.1827849999999	35
155.1827849999999	47
155.42925374999993	35
155.42925374999993	47
155.67778499999991	38
155.9232574187499	47
156.1707839999999	35
156.1707839999999	47
156.4162839999999	35
156.4162839999999	47
156.66178399999993	38
156.90678349999993	47
157.15178299999994	35
157.15178299999994	47
157.4002434166666	35
157.4002434166666	47
157.65078299999993	38
157.88878199999994	47
158.12678099999994	35
158.12678099999994	47
158.37477999999993	35
158.37477999999993	47
158.62277899999992	38
158.8642779999999	35
158.8642779999999	49
159.1057769999999	35
159.1057769999999	42
159.3552332499999	35
159.3552332499999	49
159.60677699999994	38
159.60677699999994	49
159.85977599999993	35
159.85977599999993	49
160.1127749999999	35
160.1127749999999	49
160.3582749999999	35
160.3582749999999	49
160.60377499999993	38
160.60377499999993	49
160.85227449999994	35
160.85227449999994	49
161.10077399999992	35
161.10077399999992	49
161.3452729999999	35
161.3452729999999	49
161.58977199999993	38
161.58977199999993	49
161.84127099999992	35
161.84127099999992	49
162.09276999999992	35
162.09276999999992	49
162.33525541666657	35
162.33525541666657	49
162.5797699999999	38
162.5797699999999	49
162.7005197499999	38
162.82026325208324	35
162.82026325208324	49
162.94101300208325	38
163.06276899999992	35
163.06276899999992	47
163.18598333541658	38
163.31126849999993	35
163.31126849999993	47
163.43551824999992	38
163.5597679999999	38
163.6810174999999	47
163.80226699999992	38
163.92351649999992	38
164.0447659999999	35
164.0447659999999	47
164.1635154999999	38
164.2822649999999	35
164.2822649999999	47
164.40101449999992	38
164.51976399999992	38
164.64126374999992	47
164.76276349999992	38
164.88426324999992	38
165.00576299999992	35
165.00576299999992	47
165.12951299999992	38
165.25326299999992	35
165.25326299999992	47
165.37701299999992	38
165.50076299999992	38
165.62651274999993	47
165.75226249999992	38
165.87801224999993	38
166.0037619999999	35
166.0037619999999	47
166.12697633541657	38
166.2512260854166	35
166.2512260854166	47
166.3765112499999	38
166.5007609999999	38
166.6235109999999	47
166.74523808333322	38
166.86798808333324	38
166.9917609999999	35
166.9917609999999	47
167.1139836687499	38
167.2382604999999	35
167.2382604999999	47
167.36151024999992	38
167.4847599999999	38
167.6087594999999	47
167.7327589999999	38
167.8567584999999	38
167.9807579999999	35
167.9807579999999	47
168.1042579999999	38
168.2277579999999	35
168.2277579999999	47
168.3512579999999	38
168.4747579999999	38
168.5970074999999	47
168.71925699999989	38
168.8415064999999	38
168.9637559999999	35
168.9637559999999	47
169.08575599999992	38
169.2077559999999	35
169.2077559999999	47
169.32975599999992	38
169.4517559999999	38
169.5765059999999	47
169.70125599999992	38
169.82496641666657	38
169.9507559999999	35
169.9507559999999	47
170.06876408541657	38
170.1887554999999	35
170.1887554999999	47
170.3077552499999	38
170.4267549999999	38
170.5520049999999	47
170.6772549999999	38
170.80250499999988	38
170.9277549999999	35
170.9277549999999	47
171.0527549999999	38
171.1777549999999	35
171.1777549999999	47
171.3027549999999	38
171.4277549999999	38
171.55000449999991	47
171.6722539999999	38
171.7945034999999	38
171.91675299999991	35
171.91675299999991	47
172.04219883333326	38
172.1697529999999	35
172.1697529999999	47
172.29625299999992	38
172.42275299999991	38
172.5445029999999	47
172.66625299999993	38
172.78800299999992	38
172.9097529999999	35
172.9097529999999	47
173.0340027499999	38
173.15825249999992	35
173.15825249999992	47
173.2825022499999	38
173.4067519999999	38
173.53100174999992	47
173.6552514999999	38
173.7795012499999	38
173.90375099999991	35
173.90375099999991	47
174.02725099999992	38
174.15075099999993	35
174.15075099999993	47
174.2742509999999	38
174.39775099999991	38
174.5192507499999	47
174.6407504999999	38
174.7622502499999	38
174.8837499999999	35
174.8837499999999	47
175.0077494999999	38
175.1317489999999	35
175.1317489999999	47
175.2557484999999	38
175.3797479999999	38
175.50274774999988	47
175.6257474999999	38
175.7487472499999	38
175.87174699999989	35
175.87174699999989	47
175.9964969999999	38
176.1212469999999	35
176.1212469999999	47
176.24495741666655	38
176.37074699999988	38
176.4942469999999	47
176.6177469999999	38
176.74124699999987	38
176.86474699999988	35
176.86474699999988	47
176.98899674999987	38
177.1132464999999	35
177.1132464999999	47
177.23749624999988	38
177.36174599999987	38
177.48374599999988	47
177.60574599999987	38
177.72774599999988	38
177.84974599999987	35
177.84974599999987	47
177.97424574999988	38
178.09874549999986	35
178.09874549999986	47
178.22324524999988	38
178.3477449999999	38
178.47074499999988	47
178.5937449999999	38
178.7167449999999	38
178.83974499999988	35
178.83974499999988	47
178.96599499999988	38
179.09224499999988	35
179.09224499999988	47
179.21849499999988	38
179.34474499999988	38
179.46696766874987	47
179.5902174187499	38
179.7144942499999	38
179.83774399999987	35
179.83774399999987	47
179.96449374999986	38
180.09124349999988	35
180.09124349999988	47
180.2169370020832	38
180.34474299999988	38
180.46524274999987	47
180.5857424999999	38
180.7062422499999	38
180.82674199999988	35
180.82674199999988	47
180.9527419999999	38
181.0787419999999	35
181.0787419999999	47
181.20474199999987	38
181.33074199999987	38
181.45474149999987	47
181.57874099999987	38
181.70274049999986	38
181.82673999999986	35
181.82673999999986	47
181.95473949999985	38
182.08273899999986	35
182.08273899999986	47
182.21073849999985	38
182.33873799999984	38
182.46248799999984	47
182.58623799999984	38
182.70998799999984	38
182.83373799999984	35
182.83373799999984	47
182.95823799999985	38
183.08273799999984	35
183.08273799999984	47
183.20723799999985	38
183.33173799999983	38
183.45396066874983	47
183.57823749999983	38
183.70148724999984	38
183.82473699999983	35
183.82473699999983	47
183.9479513354165	38
184.07323649999984	35
184.07323649999984	47
184.19748624999983	38
184.32173599999982	38
184.44773599999982	47
184.57373599999983	38
184.6997359999998	38
184.8257359999998	35
184.8257359999998	47
184.95023599999982	38
185.0747359999998	35
185.0747359999998	47
185.19923599999981	38
185.3237359999998	38
185.4484859999998	47
185.5732359999998	38
185.69694641666646	38
185.8227359999998	35
185.8227359999998	47
185.9474859999998	38
186.0722359999998	35
186.0722359999998	47
186.1969859999998	38
186.3217359999998	38
186.4462359999998	47
186.57073599999978	38
186.6952359999998	38
186.81973599999978	35
186.81973599999978	47
186.94698574999978	38
187.0742354999998	35
187.0742354999998	47
187.2014852499998	38
187.32873499999977	38
187.45123474999977	47
187.57373449999977	38
187.69623424999978	38
187.81873399999978	35
187.81873399999978	47
187.94348374999979	38
188.0682334999998	35
188.0682334999998	47
188.1929832499998	38
188.31773299999978	38
188.44298299999977	47
188.56823299999976	38
188.69243924999978	38
188.81873299999978	35
188.81873299999978	47
188.94298274999977	38
189.0672324999998	35
189.0672324999998	47
189.19148224999978	38
189.3157319999998	38
189.4384819999998	47
189.5612319999998	38
189.68295908333315	38
189.8067319999998	35
189.8067319999998	47
189.93148199999982	38
190.05623199999982	35
190.05623199999982	47
190.1809819999998	38
190.3057319999998	38
190.4307319999998	47
190.5557319999998	38
190.6807319999998	38
190.8057319999998	35
190.8057319999998	47
190.9334814999998	38
191.0612309999998	35
191.0612309999998	47
191.18898049999981	38
191.3167299999998	38
191.4422297499998	47
191.5677294999998	38
191.6932292499998	38
191.8187289999998	35
191.8187289999998	47
191.9424789999998	38
192.06519774999978	35
192.06519774999978	47
192.18894774999978	38
192.3137289999998	38
192.4357289999998	47
192.5577289999998	38
192.6797289999998	38
192.8017289999998	35
192.8017289999998	47
192.9274784999998	38
193.0532279999998	35
193.0532279999998	47
193.1779295874998	38
193.3047269999998	38
193.4282269999998	47
193.5517269999998	38
193.67522699999978	38
193.7987269999998	35
193.7987269999998	47
193.92522699999978	38
194.05172699999977	35
194.05172699999977	47
194.1782269999998	38
194.3047269999998	38
194.42772674999978	47
194.5507264999998	38
194.6737262499998	38
194.79672599999978	35
194.79672599999978	47
194.92322599999977	38
195.04972599999977	35
195.04972599999977	47
195.1762259999998	38
195.30272599999978	38
195.42647599999978	47
195.55022599999978	38
195.67294474999977	38
195.79772599999978	35
195.79772599999978	47
195.92147599999979	38
196.0452259999998	35
196.0452259999998	47
196.1689759999998	38
196.2927259999998	38
196.41697574999978	47
196.5412254999998	38
196.6654752499998	38
196.78972499999978	35
196.78972499999978	47
196.91522449999977	38
197.04072399999978	35
197.04072399999978	47
197.16622349999977	38
197.29172299999976	38
197.41422274999977	47
197.53672249999977	38
197.65922224999977	38
197.78172199999977	35
197.78172199999977	47
197.90572199999977	38
198.02972199999977	35
198.02972199999977	47
198.1537219999998	38
198.27772199999978	38
198.3997219999998	47
198.52172199999978	38
198.6437219999998	38
198.76572199999978	35
198.76572199999978	47
198.89372199999977	38
199.02172199999978	35
199.02172199999978	47
199.14972199999977	38
199.27772199999978	38
199.40143192083312	47
199.52722099999977	38
199.65197049999978	38
199.77671999999978	35
199.77671999999978	47
199.90421999999978	38
200.03171999999978	35
200.03171999999978	47
200.15921999999978	38
200.28671999999978	38
200.40771974999979	47
200.52871949999977	38
200.64971924999978	38
200.7707189999998	35
200.7707189999998	47
200.89294166874978	38
201.0161914187498	35
201.0161914187498	47
201.1404682499998	38
201.26371799999978	35
201.26371799999978	38
201.38646799999978	47
201.50921799999978	35
201.50921799999978	38
201.63094508333313	47
201.7547179999998	35
201.7547179999998	38
201.8784679999998	38
202.0022179999998	35
202.0022179999998	47
202.1259679999998	38
202.2497179999998	35
202.2497179999998	38
202.3722177499998	38
202.4947174999998	35
202.4947174999998	38
202.6172172499998	38
202.7397169999998	35
202.7397169999998	42
202.9877169999998	35
202.9877169999998	49
203.23571699999982	38
203.23571699999982	49
203.4862169999998	35
203.4862169999998	49
203.73671699999983	35
203.73671699999983	49
203.98617324999984	35
203.98617324999984	49
204.23771699999983	38
204.23771699999983	49
204.49621649999983	35
204.49621649999983	49
204.7547159999998	35
204.7547159999998	49
204.9952159999998	35
204.9952159999998	49
205.23571599999983	38
205.23571599999983	49
205.4871639166665	35
205.4871639166665	38
205.4871639166665	49
205.61446599999982	38
205.74071599999982	35
205.74071599999982	49
205.8656659999998	38
205.99271599999983	35
205.99271599999983	49
206.2447159999998	38
206.2447159999998	49
206.36966599999982	38
206.49671599999982	35
206.49671599999982	49
206.62166599999983	38
206.74871599999983	35
206.74871599999983	49
207.00071599999984	35
207.00071599999984	49
207.25271599999982	38
207.25271599999982	49
207.50271599999982	35
207.50271599999982	49
207.75271599999982	35
207.75271599999982	49
207.99818792083317	35
207.99818792083317	49
208.24571399999982	38
208.24571399999982	49
208.50021399999983	35
208.50021399999983	49
208.7547139999998	35
208.7547139999998	49
209.0072139999998	35
209.0072139999998	49
209.2597139999998	38
209.2597139999998	49
209.50671399999982	35
209.50671399999982	38
209.50671399999982	49
209.62918483333314	38
209.7537139999998	35
209.7537139999998	49
209.8792139999998	38
210.0047139999998	35
210.0047139999998	49
210.2557139999998	38
210.2557139999998	49
210.3847139999998	38
210.51371399999982	35
210.51371399999982	49
210.6427139999998	38
210.7717139999998	35
210.7717139999998	49
211.0212129999998	35
211.0212129999998	49
211.2707119999998	38
211.2707119999998	49
211.5257119999998	35
211.5257119999998	49
211.7807119999998	35
211.7807119999998	49
212.0252119999998	35
212.0252119999998	49
212.2697119999998	38
212.2697119999998	49
212.5262109999998	35
212.5262109999998	49
212.78270999999978	35
212.78270999999978	49
213.02818192083313	35
213.02818192083313	49
213.2757079999998	38
213.2757079999998	49
213.5247079999998	35
213.5247079999998	38
213.5247079999998	49
213.64817049999982	38
213.7737079999998	35
213.7737079999998	49
213.9007079999998	38
214.02770799999982	35
214.02770799999982	49
214.2817079999998	38
214.2817079999998	49
214.40870774999982	38
214.5357074999998	35
214.5357074999998	49
214.6627072499998	38
214.78970699999982	35
214.78970699999982	49
215.04015808749983	35
215.04015808749983	49
215.2927049999998	38
215.2927049999998	49
215.54514825208315	35
215.54514825208315	49
215.79970399999982	35
215.79970399999982	49
216.03770349999982	35
216.03770349999982	49
216.27570299999982	38
216.27570299999982	49
216.53420249999982	35
216.53420249999982	49
216.79270199999982	35
216.79270199999982	49
217.0407009999998	35
217.0407009999998	49
217.2886999999998	38
217.2886999999998	49
217.4129497499998	38
217.53719949999982	35
217.53719949999982	38
217.6614492499998	38
217.7856989999998	35
217.7856989999998	38
217.90769899999978	38
218.0296989999998	35
218.0296989999998	38
218.15169899999978	38
218.2736989999998	35
218.2736989999998	38
218.3964489999998	38
218.5191989999998	35
218.5191989999998	38
218.64092608333314	38
218.7646989999998	35
218.7646989999998	42
219.0176989999998	35
219.0176989999998	49
219.2706989999998	38
219.2706989999998	49
219.5171984999998	35
219.5171984999998	49
219.7636979999998	35
219.7636979999998	49
220.0136979999998	35
220.0136979999998	49
220.2636979999998	38
220.2636979999998	49
220.5236979999998	35
220.5236979999998	49
220.78369799999982	35
220.78369799999982	49
221.02769799999982	35
221.02769799999982	49
221.27169799999982	38
221.27169799999982	49
221.5281974999998	35
221.5281974999998	38
221.5281974999998	49
221.65644724999981	38
221.78469699999982	35
221.78469699999982	49
221.90719674999983	38
222.02969649999983	35
222.02969649999983	49
222.27469599999984	38
222.27469599999984	49
222.40187700208318	38
222.53119549999982	35
222.53119549999982	49
222.65944524999983	38
222.78769499999984	35
222.78769499999984	49
223.04219449999985	35
223.04219449999985	49
223.29669399999983	38
223.29669399999983	49
223.54719399999982	35
223.54719399999982	49
223.79769399999984	35
223.79769399999984	49
224.04669349999983	35
224.04669349999983	49
224.29569299999986	38
224.29569299999986	49
224.55369299999984	35
224.55369299999984	49
224.81169299999985	35
224.81169299999985	49
225.06019249999986	35
225.06019249999986	49
225.30869199999984	38
225.30869199999984	49
225.56169099999983	35
225.56169099999983	38
225.56169099999983	49
225.68819049999982	38
225.8146899999998	35
225.8146899999998	49
225.94038350208317	38
226.06818949999982	35
226.06818949999982	49
226.32168899999982	38
226.32168899999982	49
226.4484387499998	38
226.57518849999983	35
226.57518849999983	49
226.70088200208315	38
226.82868799999983	35
226.82868799999983	49
227.07718749999984	35
227.07718749999984	49
227.32568699999982	38
227.32568699999982	49
227.5796869999998	35
227.5796869999998	49
227.8336869999998	35
227.8336869999998	49
228.0876864999998	35
228.0876864999998	49
228.3416859999998	38
228.3416859999998	49
228.5981854999998	35
228.5981854999998	49
228.85468499999982	35
228.85468499999982	49
229.10718499999982	35
229.10718499999982	49
229.3596849999998	38
229.3596849999998	49
229.6211834999998	35
229.6211834999998	38
229.6211834999998	49
229.7508431729165	38
229.88268199999982	35
229.88268199999982	49
230.00518174999982	38
230.12768149999982	35
230.12768149999982	49
230.37268099999983	38
230.37268099999983	49
230.50168099999982	38
230.63068099999984	35
230.63068099999984	49
230.75968099999983	38
230.88868099999982	35
230.88868099999982	49
231.14468099999982	35
231.14468099999982	49
231.40068099999982	38
231.40068099999982	49
231.6511809999998	35
231.6511809999998	49
231.90168099999983	35
231.90168099999983	49
232.15118099999984	35
232.15118099999984	49
232.40068099999982	38
232.40068099999982	49
232.6561799999998	35
232.6561799999998	49
232.91167899999982	35
232.91167899999982	49
233.16067899999982	35
233.16067899999982	49
233.4096789999998	38
233.4096789999998	49
233.53442899999982	38
233.65917899999982	35
233.65917899999982	47
233.7839289999998	38
233.9086789999998	35
234.0336789999998	38
234.1586789999998	35
234.1586789999998	38
234.2836789999998	38
234.4086789999998	35
234.4086789999998	47
234.5336789999998	38
234.6586789999998	35
234.6586789999998	38
234.7836789999998	38
234.9086789999998	35
234.9086789999998	42
235.1621784999998	35
235.1621784999998	49
235.41567799999982	38
235.41567799999982	49
235.67417749999981	35
235.67417749999981	49
235.9326769999998	35
235.9326769999998	49
236.1881759999998	35
236.1881759999998	49
236.4436749999998	38
236.4436749999998	49
236.69611825208315	35
236.69611825208315	49
236.95067399999982	35
236.95067399999982	49
237.20167299999983	35
237.20167299999983	49
237.4526719999998	38
237.4526719999998	49
237.7136719999998	35
237.7136719999998	38
237.7136719999998	49
237.8441719999998	38
237.9746719999998	35
237.9746719999998	49
238.09739074999982	38
238.22114074999982	35
238.22114074999982	49
238.4696719999998	38
238.4696719999998	49
238.5974214999998	38
238.72410642083312	35
238.72410642083312	49
238.85185592083315	38
238.9806699999998	35
238.9806699999998	49
239.23211791666648	35
239.23211791666648	49
239.4856699999998	38
239.4856699999998	49
239.7401694999998	35
239.7401694999998	49
239.9946689999998	35
239.9946689999998	49
240.2456679999998	35
240.2456679999998	49
240.49666699999977	38
240.49666699999977	49
240.75516649999977	35
240.75516649999977	49
241.01366599999977	35
241.01366599999977	49
241.26013474999976	35
241.26013474999976	49
241.50866599999978	38
241.50866599999978	49
241.76716549999978	35
241.76716549999978	38
241.76716549999978	49
241.8964152499998	38
242.02566499999978	35
242.02566499999978	49
242.14941499999978	38
242.27316499999978	35
242.27316499999978	49
242.52066499999978	38
242.52066499999978	49
242.64666499999979	38
242.7726649999998	35
242.7726649999998	49
242.89866499999977	38
243.02466499999977	35
243.02466499999977	49
243.27511608749978	35
243.27511608749978	49
243.52766299999976	38
243.52766299999976	49
243.78116249999977	35
243.78116249999977	49
244.03466199999977	35
244.03466199999977	49
244.28616099999977	35
244.28616099999977	49
244.53765999999976	38
244.53765999999976	49
244.79315899999975	35
244.79315899999975	49
245.04865799999976	35
245.04865799999976	49
245.30015699999976	35
245.30015699999976	49
245.55165599999975	38
245.55165599999975	49
245.80165599999975	35
245.80165599999975	38
245.80165599999975	49
245.92665599999975	38
246.05165599999975	35
246.05165599999975	49
246.17840574999974	38
246.30515549999976	35
246.30515549999976	49
246.55865499999973	38
246.55865499999973	49
246.68340499999974	38
246.80815499999974	35
246.80815499999974	49
246.93290499999972	38
247.05765499999973	35
247.05765499999973	49
247.30665449999972	35
247.30665449999972	49
247.55565399999975	38
247.55565399999975	49
247.80965399999974	35
247.80965399999974	49
248.06365399999973	35
248.06365399999973	49
248.31465299999974	35
248.31465299999974	49
248.56565199999972	38
248.56565199999972	49
248.81565199999972	35
248.81565199999972	47
248.94065199999972	38
249.06565199999972	35
249.06565199999972	47
249.18961008541638	38
249.31565149999972	35
249.31565149999972	47
249.43960958541638	38
249.56565099999972	35
249.56565099999972	38
249.68712991874972	47
249.8106504999997	35
249.8106504999997	38
249.9321294187497	38
250.0556499999997	35
250.0556499999997	47
250.1820874999997	38
250.3106499999997	35
250.3106499999997	47
250.4370874999997	47
250.5656499999997	35
250.5656499999997	47
250.6871497499997	47
250.8086494999997	35
250.8086494999997	47
250.9301492499997	47
251.05164899999968	35
251.05164899999968	47