8.01	35
8.01	42
8.514375	38
8.514375	42
8.7465625	35
8.7465625	42
8.97875	42
9.215937499999999	35
9.215937499999999	49
9.453125	38
9.453125	42
9.6953125	42
9.9375	35
9.9375	42
10.1766105	49
10.415721	38
10.415721	42
10.6498315	35
10.6498315	42
10.883942	42
11.1230525	35
11.1230525	49
11.362163	38
11.362163	42
11.5912735	42
11.820384	35
11.820384	42
12.057367000000001	49
12.294350000000001	38
12.294350000000001	42
12.526333000000001	35
12.526333000000001	42
12.758316	42
12.995299	35
12.995299	49
13.232282	38
13.232282	42
13.464265000000001	42
13.696248	35
13.696248	42
13.928231	49
14.160214000000002	38
14.160214000000002	42
14.392197000000001	35
14.392197000000001	42
14.62418	42
14.856163	35
14.856163	49
15.088146	38
15.088146	42
15.320129000000001	42
15.552112000000001	35
15.552112000000001	42
15.789095	49
16.026078000000002	38
16.026078000000002	42
16.258061	35
16.258061	42
16.490044	42
16.722027	35
16.722027	49
16.95401	38
16.95401	42
17.185993000000003	42
17.417976000000003	35
17.417976000000003	42
17.649959000000003	49
17.881942000000002	38
17.881942000000002	42
18.108925	35
18.108925	42
18.335908	42
18.567891	35
18.567891	49
18.799874	38
18.799874	42
19.031857	42
19.26384	35
19.26384	42
19.495822999999998	49
19.727806	38
19.727806	42
19.959789	35
19.959789	42
20.191772	42
20.423755	35
20.423755	49
20.655738000000003	38
20.655738000000003	42
20.882721000000004	42
21.109704000000004	35
21.109704000000004	42
21.346687000000003	49
21.58367	38
21.58367	42
21.815653	35
21.815653	42
22.047636	42
22.279619	35
22.279619	49
22.511602	38
22.511602	42
22.733584999999998	42
22.955568	35
22.955568	42
23.195238500000002	49
23.434908999999998	38
23.434908999999998	42
23.6645795	35
23.6645795	42
23.89425	42
24.1239205	35
24.1239205	49
24.353590999999998	38
24.353590999999998	42
24.812932	38
24.812932	42
28.467660000000002	38
28.586084000000003	38
28.941356000000003	35
28.941356000000003	49
29.908748000000003	38
30.027172	38
30.382444000000003	35
30.382444000000003	42
30.85614	38
30.85614	42
31.085326000000002	35
31.085326000000002	42
31.314512	42
31.548698	35
31.548698	49
31.782884000000003	38
31.782884000000003	42
32.01707	42
32.251256	35
32.251256	42
32.490442	49
32.729628000000005	38
32.729628000000005	42
32.963814000000006	35
32.963814000000006	42
33.198	42
33.427186	35
33.427186	49
33.656372	38
33.656372	42
33.895558	42
34.134744000000005	35
34.134744000000005	42
34.37393000000001	49
34.613116000000005	38
34.613116000000005	42
34.847302	35
34.847302	42
35.081488	42
35.315674	35
35.315674	49
35.54986	38
35.54986	42
35.784046000000004	42
36.018232	35
36.018232	42
36.252418	49
36.486604	38
36.486604	42
36.730790000000006	35
36.730790000000006	42
36.974976000000005	42
37.204162000000004	35
37.204162000000004	49
37.433348	38
37.433348	42
37.667533999999996	42
37.90172	35
37.90172	42
38.135906	49
38.370092	38
38.370092	42
38.599278	35
38.599278	42
38.828464000000004	42
39.05765000000001	35
39.05765000000001	49
39.286836	38
39.286836	42
39.5180415	42
39.749247000000004	35
39.749247000000004	42
39.9804525	49
40.211658	38
40.211658	42
40.4428635	35
40.4428635	42
40.674069	42
40.9002745	35
40.9002745	49
41.126479999999994	38
41.126479999999994	42
41.36037949999999	42
41.594279	35
41.594279	42
41.82817849999999	49
42.062078	38
42.062078	42
42.2909775	35
42.2909775	42
42.519876999999994	42
42.7487765	35
42.7487765	49
42.977675999999995	38
42.977675999999995	42
43.210043	42
43.442409999999995	35
43.442409999999995	42
43.67477699999999	49
43.907143999999995	38
43.907143999999995	42
44.139511	35
44.139511	42
44.371877999999995	42
44.599244999999996	35
44.599244999999996	49
44.826612	38
44.826612	42
45.058979	42
45.291346	35
45.291346	42
45.523712999999994	49
45.75608	38
45.75608	42
45.988447	35
45.988447	42
46.220814	42
46.44818099999999	35
46.44818099999999	49
46.67554799999999	38
46.67554799999999	42
47.14028199999999	38
47.14028199999999	42
50.781022	38
50.90385175	38
51.272341	35
51.272341	49
52.234978999999996	38
52.350308749999996	38
52.69629799999999	35
52.69629799999999	42
52.9369575	35
52.9369575	49
53.177617	38
53.177617	42
53.4157555	42
53.653894	35
53.653894	42
53.8820325	35
53.8820325	49
54.110171	38
54.110171	42
54.3483095	42
54.586448000000004	35
54.586448000000004	42
54.8195865	35
54.8195865	49
55.052725	38
55.052725	42
55.2869605	42
55.521196	42
55.7454315	35
55.7454315	49
55.969667	38
55.969667	42
56.08678475	35
56.2039025	42
56.438138	35
56.438138	42
56.667373500000004	35
56.667373500000004	49
56.896609	38
56.896609	42
57.1344265	42
57.372243999999995	35
57.372243999999995	42
57.6000615	35
57.6000615	49
57.827878999999996	38
57.827878999999996	42
58.0606965	42
58.293514	35
58.293514	42
58.5263315	35
58.5263315	49
58.759149	38
58.759149	42
58.989911	42
59.220673	35
59.220673	42
59.451435000000004	35
59.451435000000004	49
59.682197	38
59.682197	42
59.912959	42
60.143721	35
60.143721	42
60.374483	35
60.374483	49
60.605245000000004	38
60.605245000000004	42
60.8396125	42
61.073980000000006	35
61.073980000000006	42
61.3083475	35
61.3083475	49
61.542715	38
61.542715	42
61.777082500000006	42
62.01145	35
62.01145	42
62.2458175	35
62.2458175	49
62.480185000000006	38
62.480185000000006	42
62.7145525	42
62.94892	35
62.94892	42
63.183287500000006	35
63.183287500000006	49
63.417655	38
63.417655	42
63.6420225	42
63.86639	35
63.86639	42
64.10075750000001	35
64.10075750000001	49
64.335125	38
64.335125	42
64.58449250000001	42
64.83386000000002	35
64.83386000000002	42
65.0582275	35
65.0582275	49
65.282595	38
65.282595	42
65.5169625	42
65.75133	35
65.75133	42
65.9806975	35
65.9806975	49
66.21006500000001	38
66.21006500000001	42
66.4444325	42
66.67880000000001	35
66.67880000000001	42
66.9081675	35
66.9081675	49
67.137535	38
67.137535	42
67.3719025	42
67.60627000000001	35
67.60627000000001	42
67.8556375	49
68.105005	38
68.105005	42
68.34437250000002	42
68.58374	35
68.58374	42
68.81810750000001	35
68.81810750000001	49
69.05247500000002	38
69.05247500000002	42
69.2818425	42
69.51121	42
69.7405775	35
69.7405775	49
69.969945	38
69.969945	42
70.2015605	35
70.2015605	42
70.43317599999999	42
70.66479149999999	35
70.66479149999999	49
70.896407	38
70.896407	42
71.1280225	42
71.35963799999999	42
71.5912535	35
71.5912535	49
71.822869	38
71.822869	42
72.0544845	35
72.0544845	42
72.28609999999999	42
72.5227155	35
72.5227155	49
72.759331	38
72.759331	42
72.9909465	42
73.222562	42
73.44917749999999	35
73.44917749999999	49
73.675793	38
73.675793	42
73.9174085	35
73.9174085	42
74.159024	42
74.3906395	35
74.3906395	49
74.62225500000001	38
74.62225500000001	42
74.8551735	42
75.088092	42
75.32101050000001	35
75.32101050000001	49
75.55392900000001	38
75.55392900000001	42
75.7818475	35
75.7818475	42
76.009766	42
76.24268450000001	35
76.24268450000001	49
76.475603	38
76.475603	42
76.71181500000002	42
76.94802700000001	42
77.17923900000001	35
77.17923900000001	49
77.41045100000001	38
77.41045100000001	42
77.64166300000001	35
77.64166300000001	42
77.87287500000001	42
78.099087	35
78.099087	49
78.325299	38
78.325299	42
78.556511	42
78.787723	42
79.01893500000001	35
79.01893500000001	49
79.25014700000001	38
79.25014700000001	42
79.48135900000001	35
79.48135900000001	42
79.71257100000001	42
79.94378300000001	35
79.94378300000001	49
80.17499500000001	38
80.17499500000001	42
80.407362	42
80.63972900000002	42
80.87209600000001	35
80.87209600000001	49
81.10446300000001	38
81.10446300000001	42
81.33683	35
81.33683	42
81.569197	42
81.80156400000001	35
81.80156400000001	49
82.03393100000001	38
82.03393100000001	42
82.261298	42
82.48866500000001	42
82.72343150000002	35
82.72343150000002	49
82.95819800000001	38
82.95819800000001	42
83.18796450000002	35
83.18796450000002	42
83.41773100000002	42
83.64749750000001	35
83.64749750000001	49
83.87726400000001	38
83.87726400000001	42
84.32679700000001	38
84.32679700000001	42
87.91690100000001	38
88.03416450000002	38
88.38595500000002	35
88.38595500000002	49
89.35406300000001	38
89.47382650000002	38
89.83311700000002	35
89.83311700000002	42
90.07264400000001	49
90.312171	38
90.312171	42
90.5392125	35
90.5392125	42
90.76625400000002	42
90.99829550000001	35
90.99829550000001	49
91.23033700000002	38
91.23033700000002	42
91.4573785	42
91.68442000000002	42
91.92146150000002	35
91.92146150000002	49
92.15850300000001	38
92.15850300000001	42
92.39054450000002	35
92.39054450000002	42
92.62258600000001	42
92.85462750000002	35
92.85462750000002	49
93.08666900000001	38
93.08666900000001	42
93.320086	42
93.553503	42
93.78692000000001	35
93.78692000000001	49
94.02033700000001	38
94.02033700000001	42
94.248754	35
94.248754	42
94.47717100000001	42
94.705588	35
94.705588	49
94.93400500000001	38
94.93400500000001	42
95.16540850000001	42
95.39681200000001	42
95.62821550000001	35
95.62821550000001	49
95.85961900000001	38
95.85961900000001	42
96.09102250000001	35
96.09102250000001	42
96.32242600000001	42
96.5538295	35
96.5538295	49
96.78523300000002	38
96.78523300000002	42
97.01663650000002	42
97.24804000000002	42
97.47944350000002	35
97.47944350000002	49
97.71084700000002	38
97.71084700000002	42
97.93863450000002	35
97.93863450000002	42
98.16642200000001	42
98.39920950000003	35
98.39920950000003	49
98.63199700000003	38
98.63199700000003	42
98.85478450000001	42
99.07757200000002	42
99.30535950000001	35
99.30535950000001	49
99.53314700000001	38
99.53314700000001	42
99.758063	35
99.758063	42
99.98297900000001	42
100.212895	35
100.212895	49
100.442811	38
100.442811	42
100.67772700000002	42
100.91264300000002	42
101.14255900000002	35
101.14255900000002	49
101.37247500000001	38
101.37247500000001	42
101.597391	35
101.597391	42
101.82230700000001	42
102.05222300000001	35
102.05222300000001	49
102.28213900000002	38
102.28213900000002	42
102.51053050000002	42
102.73892200000002	42
102.96731350000002	35
102.96731350000002	49
103.19570500000002	38
103.19570500000002	42
103.42409650000002	35
103.42409650000002	42
103.65248800000002	42
103.88087950000002	35
103.88087950000002	49
104.10927100000002	38
104.10927100000002	42
104.33766250000002	42
104.56605400000001	42
104.7921905	35
104.7921905	49
105.01832700000001	38
105.01832700000001	42
105.24446350000001	35
105.24446350000001	42
105.4706	42
105.70173650000002	35
105.70173650000002	49
105.93287300000001	38
105.93287300000001	42
106.37514600000003	38
106.37514600000003	42
110.01333000000002	38
110.47911800000001	35
110.47911800000001	49
111.43069400000002	38
111.54714100000002	38
111.89648200000002	35
111.89648200000002	42
112.13437600000002	49
112.37227000000001	38
112.37227000000001	42
112.60296700000002	35
112.60296700000002	42
112.83366400000001	42
113.05936100000002	35
113.05936100000002	49
113.28505800000002	38
113.28505800000002	42
113.52075500000002	42
113.75645200000001	35
113.75645200000001	42
113.98714900000002	35
113.98714900000002	49
114.21784600000001	38
114.21784600000001	42
114.44854300000002	35
114.44854300000002	42
114.67924000000002	42
114.90993700000001	35
114.90993700000001	49
115.14063400000002	38
115.14063400000002	42
115.37633100000002	42
115.61202800000002	35
115.61202800000002	42
115.837725	49
116.06342200000002	38
116.06342200000002	42
116.29436850000003	35
116.29436850000003	42
116.52531500000002	42
116.75126150000003	35
116.75126150000003	49
116.97720800000002	38
116.97720800000002	42
117.20315450000002	42
117.42910100000002	35
117.42910100000002	42
117.65504750000002	35
117.65504750000002	49
117.88099400000002	38
117.88099400000002	42
118.109001	35
118.109001	42
118.33700800000001	42
118.57001500000001	35
118.57001500000001	49
118.80302200000001	38
118.80302200000001	42
119.03602900000001	42
119.26903600000001	35
119.26903600000001	42
119.49704300000002	49
119.72505000000002	38
119.72505000000002	42
119.95715450000002	35
119.95715450000002	42
120.18925900000002	42
120.41636350000002	35
120.41636350000002	49
120.64346800000001	38
120.64346800000001	42
120.87057250000001	42
121.09767700000002	35
121.09767700000002	42
121.32478150000001	35
121.32478150000001	49
121.55188600000001	38
121.55188600000001	42
121.77809800000001	35
121.77809800000001	42
122.00431000000002	42
122.23052200000001	35
122.23052200000001	49
122.45673400000001	38
122.45673400000001	42
122.69794600000002	42
122.939158	35
122.939158	42
123.17037	49
123.401582	38
123.401582	42
123.632794	35
123.632794	42
123.864006	42