17.220350000000003	49
17.34746875	49
17.4745875	49
17.60170625	49
17.728825	49
17.85594375	49
17.983062500000003	49
18.110181250000004	49
18.2373	49
18.36441875	49
18.4915375	49
18.61865625	49
18.745775000000002	49
18.872893750000003	49
19.0000125	49
19.12713125	49
19.25425	49
19.38136875	49
19.5084875	49
19.635606250000002	49
19.762725000000003	49
19.88984375	49
20.0169625	49
20.144081250000003	49
20.2712	38
20.2712	49
44.678000000000004	49
44.80261875000001	49
44.927237500000004	49
45.05185625	49
45.176475	49
45.303593750000005	49
45.430712500000006	49
45.55783125000001	49
45.68495000000001	49
45.81456875	49
45.944187500000005	49
46.073806250000004	49
46.203425	49
46.330543750000004	49
46.457662500000005	49
46.584781250000006	49
46.7119	49
46.83651875	49
46.9611375	49
47.08575625	49
47.210375000000006	49
47.33749375000001	49
47.46461250000001	49
47.59173125	49
47.71885	49
47.84846875	49
47.97808750000001	49
48.10770625000001	49
48.237325000000006	49
48.36444375000001	49
48.4915625	49
48.61868125	49
48.7458	49
48.872918750000004	49
49.000037500000005	49
49.127156250000006	49
49.25427500000001	49
49.37639375	49
49.4985125	49
49.620631249999995	49
49.74275	49
49.874868750000005	49
50.00698750000001	49
50.139106250000005	49
50.271225	49
50.39834375	49
50.5254625	49
50.652581250000004	49
50.779700000000005	49
50.906818750000006	49
51.0339375	49
51.16105625	49
51.288175	49
51.415293750000004	49
51.542412500000005	49
51.669531250000006	49
51.79665000000001	49
51.92376875	49
52.0508875	49
52.17800625	49
52.305125000000004	49
52.43474375	49
52.56436250000001	49
52.69398125000001	49
52.8236	35
52.8236	49
53.0778375	42
53.332075	35
53.332075	38
53.332075	49
53.581312499999996	42
53.70593125	49
53.83055	35
54.084787500000004	42
54.084787500000004	49
54.33902500000001	35
54.33902500000001	38
54.5932625	42
54.847500000000004	35
54.847500000000004	49
55.101737500000006	42
55.355975	35
55.355975	38
55.355975	49
55.615212500000005	42
55.744831250000004	49
55.87445	35
56.128687500000005	42
56.128687500000005	49
56.382925	35
56.382925	38
56.6321625	42
56.6321625	49
56.881400000000006	35
56.881400000000006	49
57.1356375	42
57.389875	35
57.389875	38
57.389875	49
57.644112500000006	42
57.77123125000001	49
57.89835	35
58.1525875	42
58.1525875	49
58.406825000000005	35
58.406825000000005	38
58.66106250000001	42
58.9153	35
58.9153	49
59.169537500000004	42
59.423775000000006	35
59.423775000000006	38
59.423775000000006	49
59.6780125	42
59.80513125	49
59.93225	35
60.186487500000005	42
60.186487500000005	49
60.44072500000001	35
60.44072500000001	38
60.6949625	42
60.6949625	49
60.949200000000005	35
60.949200000000005	49
61.20343750000001	42
61.457675	35
61.457675	38
61.457675	49
61.711912500000004	42
61.839031250000005	49
61.966150000000006	35
62.2203875	42
62.2203875	49
62.474625	35
62.474625	38
62.728862500000005	42
62.98310000000001	35
62.98310000000001	49
63.2373375	42
63.491575000000005	35
63.491575000000005	38
63.491575000000005	49
63.74581250000001	42
63.87293125000001	49
64.00005	35
64.2542875	42
64.2542875	49
64.508525	35
64.508525	38
64.76276250000001	42
64.76276250000001	49
65.017	35
65.017	49
65.27123750000001	42
65.39835625	42
65.525475	35
65.525475	38
65.7797125	42
65.90683125000001	42
66.03395	35
66.03395	42
66.2881875	42
66.41530625000001	42
66.54242500000001	35
66.54242500000001	38
66.7966625	42
66.92378125	42
67.05090000000001	35
67.05090000000001	42
67.17801875	42
67.3051375	42
67.43225625	35
67.43225625	42
67.559375	38
67.68649375000001	35
67.68649375000001	42
67.8136125	42
67.94073125	42
68.06785	35
68.06785	42
68.32208750000001	42
68.44920625	42
68.57632500000001	42
69.0848	35
69.0848	42
69.21191875000001	42
69.46615625000001	35
69.46615625000001	42
69.593275	38
69.72039375	42
69.84751250000001	42
69.97463125	35
69.97463125	42
70.10175000000001	42
70.22886875	42
70.35598750000001	35
70.35598750000001	42
70.48310625	42
70.610225	38
70.73734375000001	35
70.8644625	42
70.99158125000001	42
71.1187	35
71.1187	42
71.3729375	42
71.50005625	42
71.62717500000001	35
71.62717500000001	38
71.75429375	42
71.88141250000001	42
72.00853125	42
72.13565	35
72.13565	42
72.26276875	42
72.3898875	42
72.51700625000001	35
72.51700625000001	42
72.644125	38
72.77374375000001	42
72.90336250000001	35
72.90336250000001	42
73.03298125	42
73.16260000000001	35
73.16260000000001	42
73.41683750000001	42
73.54395625000001	42
73.67107500000002	35
73.67107500000002	38
73.9203125	42
74.04493125	42
74.16955	35
74.16955	42
74.29666875000001	42
74.4237875	42
74.55090625000001	42
74.678025	35
74.678025	38
74.80514375	42
74.93226250000001	42
75.05938125	42
75.18650000000001	35
75.18650000000001	42
75.44073750000001	42
75.56785625	35
75.56785625	42
75.694975	38
75.9492125	35
75.9492125	42
76.07633125000001	42
76.20345	35
76.20345	42
76.33056875000001	42
76.4576875	42
76.58480625	42
76.71192500000001	35
76.71192500000001	38
76.83654375	42
76.9611625	42
77.08578125	42
77.2104	35
77.2104	42
77.33751875	42
77.4646375	42
77.59175625	42
77.718875	35
77.718875	38
77.9731125	42
78.10023125000001	42
78.22735	35
78.22735	42
78.47658750000001	42
78.60120625	35
78.60120625	42
78.72582500000001	38
78.85544375	35
78.9850625	42
79.11468125	42
79.2443	35
79.2443	42
79.37141875	42
79.4985375	42
79.62565625	42
79.752775	35
79.752775	38
79.87989375	42
80.0070125	42
80.13413125	42
80.26125	35
80.26125	42
80.5154875	42
80.64260625	42
80.769725	35
80.769725	38
81.0289625	42
81.15858125000001	42
81.2882	35
81.2882	42
81.5424375	42
81.66955625	35
81.66955625	42
81.79667500000001	38
82.05091250000001	42
82.17803125	42
82.30515000000001	35
82.30515000000001	42
82.5643875	42
82.69400625000002	42
82.823625	35
82.823625	38
83.07286250000001	42
83.19748125000001	42
83.3221	35
83.3221	42
83.44921875	42
83.57633750000001	42
83.70345625	35
83.70345625	42
83.83057500000001	38
83.95769375	35
83.95769375	42
84.08481250000001	42
84.21193125	42
84.33905	35
84.33905	42
84.5932875	42
84.72040625000001	42
84.847525	35
84.847525	38
85.1017625	42
85.22888125	42
85.35600000000001	35
85.35600000000001	42
85.48311875	42
85.61023750000001	42
85.73735625	42
85.86447500000001	35
85.86447500000001	38
85.99159375	42
86.1187125	42
86.24583125000001	42
86.37295	35
86.37295	42
86.6271875	42
86.75430625000001	42
86.88142500000001	35
86.88142500000001	38
87.00854375	42
87.13566250000001	42
87.26278125	42
87.38990000000001	35
87.38990000000001	42
87.51701875	42
87.6441375	42
87.77125625000001	42
87.898375	35
87.898375	38
88.1526125	42
88.27973125000001	42
88.40685	35
88.40685	42
88.53396875	42
88.66108750000001	42
88.78820625	42
88.91532500000001	35
88.91532500000001	38
89.04244375	42
89.16956250000001	42
89.29668125	42
89.4238	35
89.4238	42
89.55091875000001	42
89.6780375	42
89.80515625000001	42
89.932275	35
89.932275	38
90.05939375000001	42
90.1865125	42
90.31363125	42
90.44075000000001	35
90.44075000000001	42
90.69498750000001	42
90.82210625	42
90.94922500000001	35
90.94922500000001	38
91.07634375	42
91.2034625	42
91.33058125000001	42
91.4577	35
91.4577	42
91.58481875000001	42
91.7119375	42
91.83905625000001	35
91.83905625000001	42
91.966175	38
92.2254125	35
92.2254125	42
92.35503125000001	42
92.48465000000002	35
92.48465000000002	42
92.61176875000001	42
92.73888750000002	42
92.86600625000001	42
92.993125	35
92.993125	38
93.11774375000002	42
93.24236250000001	42
93.36698125000001	42
93.4916	35
93.4916	42
93.61871875000001	42
93.74583750000001	42
93.87295625	42
94.00007500000001	35
94.00007500000001	38
94.12719375	42
94.25431250000001	42
94.38143125	42
94.50855000000001	35
94.50855000000001	42
94.7627875	42
94.88990625000001	35
94.88990625000001	42
95.017025	38
95.14414375000001	42
95.2712625	42
95.39838125	42
95.52550000000001	35
95.52550000000001	42
95.65261875	42
95.77973750000001	42
95.90685625	42
96.03397500000001	35
96.03397500000001	38
96.2882125	42
96.41533125000001	42
96.54245	35
96.54245	42
96.66956875000001	42
96.7966875	42
96.92380625000001	42
97.050925	35
97.050925	38
97.18054375	42
97.3101625	42
97.43978125000001	42
97.56940000000002	35
97.56940000000002	42
97.69651875000001	42
97.82363750000002	42
97.95075625000001	35
97.95075625000001	42
98.077875	38
98.20499375000001	42
98.33211250000001	42
98.45923125000002	42
98.58635000000001	35
98.58635000000001	42
98.71346875000002	42
98.84058750000001	42
98.96770625	42
99.09482500000001	35
99.09482500000001	38
99.22194375000001	42
99.34906250000002	42
99.47618125000001	42
99.60330000000002	35
99.60330000000002	42
99.73041875000001	42
99.8575375	42
99.98465625000001	35
99.98465625000001	42
100.11177500000001	38
100.23889375000002	35
100.23889375000002	42
100.36601250000001	42
100.49313125000002	42
100.62025000000001	35
100.62025000000001	42
100.74736875	42
100.87448750000001	42
101.00160625000001	35
101.00160625000001	42
101.12872500000002	38
101.25334375000001	42
101.37796250000002	42
101.50258125	42
101.6272	49
113.8306	49
113.95271875000002	49
114.07483750000002	49
114.19695625000003	49
114.31907500000003	49
114.44619375	49
114.57331250000001	49
114.70043125000001	49
114.82755000000002	49
114.95716875000001	49
115.08678750000001	49
115.21640625	49
115.346025	49
115.47814375	49
115.61026249999999	49
115.74238125000001	49
115.8745	49
115.99911875000002	49
116.12373750000002	49
116.24835625000001	49
116.37297500000001	49
116.50009375	49
116.62721250000001	49
116.75433125	49
116.88145000000002	49
117.00856875000001	49
117.1356875	49
117.26280625000001	49
117.389925	49
117.51704375000001	49
117.64416250000001	49
117.77128125000002	49
117.89840000000001	38
117.89840000000001	49
134.1696	35
134.55095625	35
134.678075	38
135.05943125000002	35
135.4407875	35
135.69502500000002	35
135.69502500000002	38
136.20350000000002	35
136.71197500000002	35
136.71197500000002	38
136.9662125	42
137.22045	35
137.47468750000002	42
137.728925	35
137.728925	38
137.98316250000002	42
138.2374	35
138.61875625000002	35
138.745875	38
139.12723125000002	35
139.5085875	35
139.76282500000002	35
139.76282500000002	38
140.2713	35
140.779775	35
140.779775	38
141.03401250000002	42
141.28825	35
141.54248750000002	42
141.796725	35
141.796725	38
142.0509625	42
142.3052	35
142.68655625000002	35
142.81367500000002	38
143.19503125	35
143.5763875	35
143.830625	35
143.830625	38
144.3391	35
144.847575	35
144.847575	38
145.10181250000002	42
145.35605	35
145.6102875	42
145.86452500000001	35
145.86452500000001	38
146.1187625	42
146.37300000000002	35
146.37300000000002	42
146.6272375	42
146.75435625	35
146.75435625	42
146.88147500000002	38
147.1357125	42
147.26283125	35
147.26283125	42
147.38995	42
147.64418750000002	35
147.64418750000002	42
147.77130625	42
147.898425	38
148.02554375	35
148.02554375	42
148.15266250000002	42
148.27978125	42
148.4069	35
148.4069	42
148.53401875	42
148.66113750000002	42
148.78825625000002	35
148.78825625000002	42
148.915375	35
148.915375	38
149.04249375	42
149.1696125	42
149.29673125000002	38
149.42385000000002	42
149.55096875	42
149.6780875	38
149.93232500000002	42
149.93232500000002	42
150.1865625	38
150.44080000000002	35
150.44080000000002	49
150.56791875000002	42
150.6950375	42
150.82215625	35
150.82215625	42
150.949275	38
151.07639375000002	42
151.20351250000002	42
151.33063125	42
151.45775	35
151.45775	42
151.58486875	42
151.71198750000002	42
151.83910625000001	35
151.83910625000001	42
151.966225	38
152.09584375	35
152.09584375	42
152.22546250000002	42
152.35508125	42
152.4847	35
152.4847	42
152.60931875	42
152.7339375	42
152.85855625000002	35
152.85855625000002	42
152.98317500000002	38
153.11029375	42
153.2374125	35
153.2374125	42
153.36453125	42
153.49165000000002	35
153.49165000000002	42
153.61876875000002	42
153.7458875	42
153.87300625	42
154.000125	35
154.000125	38
154.12724375000002	42
154.2543625	42
154.38148125	42
154.5086	35
154.5086	42
154.63571875000002	42
154.76283750000002	42
154.88995625	35
154.88995625	42
155.017075	38
155.14419375	42
155.27131250000002	42
155.39843125000002	42
155.52555	35
155.52555	42
155.65266875	42
155.7797875	42
155.90690625000002	35
155.90690625000002	42
156.034025	38
156.16114375	35
156.16114375	42
156.2882625	42
156.41538125000002	42
156.54250000000002	35
156.54250000000002	42
156.66961875	42
156.7967375	42
156.92385625	35
156.92385625	42
157.05097500000002	38
157.17809375000002	42
157.3052125	35
157.3052125	42
157.43233125	42
157.55945	35
157.55945	42
157.68656875000002	42
157.81368750000001	42
157.94080625	42
158.067925	35
158.067925	38
158.19504375000002	42
158.32216250000002	42
158.44928125	42
158.5764	35
158.5764	42
158.70351875	42
158.83063750000002	42
158.95775625000002	35
158.95775625000002	42
159.084875	38
159.21199375	42
159.3391125	42
159.46623125000002	35
159.46623125000002	42
159.59335000000002	42
159.72046875	42
159.8475875	35
159.8475875	42
159.97470625000003	42
160.10182500000002	38
160.22894375	35
160.3560625	42
160.48318125	42
160.61030000000002	35
160.61030000000002	42
160.73741875000002	42
160.8645375	42
160.99165625	42
161.118775	35
161.118775	38
161.24589375000002	42
161.37301250000002	42
161.50013125	42
161.62725	35
161.62725	42
161.88148750000002	42
162.00860625	35
162.00860625	42
162.135725	38
162.26284375	42
162.38996250000002	35
162.38996250000002	42
162.51708125000002	42
162.6442	35
162.6442	42
162.77131875	42
162.8984375	42
163.02555625000002	35
163.02555625000002	42
163.15267500000002	38
163.27979375	42
163.4069125	35
163.4069125	42
163.53403125	42
163.66115000000002	35
163.66115000000002	42
163.78826875000001	42
163.9153875	42
164.04250625	42
164.16962500000002	35
164.16962500000002	38
164.29674375000002	42
164.4238625	42
164.55098125	42
164.6781	35
164.6781	42
164.80521875000002	42
164.93233750000002	42
165.05945625	35
165.05945625	42
165.186575	38
165.31369375	35
165.31369375	42
165.44081250000002	42
165.56793125000002	42
165.69505	35
165.69505	42
165.82216875	42
165.94928750000003	42
166.07640625000002	35
166.07640625000002	42
166.203525	38
166.33064375	42
166.4577625	35
166.4577625	42
166.58488125000002	42
166.71200000000002	35
166.71200000000002	42
166.83911875	42
166.9662375	42
167.09335625	42
167.22047500000002	35
167.22047500000002	38
167.34759375000002	42
167.4747125	42
167.60183125	42
167.72895000000003	35
167.72895000000003	42
167.9831875	42
168.11030625	42
168.237425	35
168.237425	38
168.36454375000002	42
168.49166250000002	42
168.61878125	42
168.7459	35
168.7459	42
168.87551875	42
169.00513750000002	42
169.13475625	42
169.264375	35
169.264375	38
169.51861250000002	42
169.64573125	42
169.77285	35
169.77285	42
169.89746875	42
170.02208750000003	42
170.14670625000002	42
170.27132500000002	35
170.27132500000002	38
170.39844375	42
170.5255625	42
170.65268125	42
170.77980000000002	35
170.77980000000002	42
170.90691875000002	42
171.0340375	42
171.16115625	35
171.16115625	42
171.288275	38
171.41539375000002	42
171.54251250000002	35
171.54251250000002	42
171.66963125	42
171.79675	35
171.79675	42
171.92386875000003	42
172.05098750000002	42
172.17810625	42
172.305225	35
172.305225	38
172.43234375	42
172.55946250000002	42
172.68658125000002	42
172.8137	35
172.8137	42
172.94081875	42
173.0679375	42
173.19505625000002	35
173.19505625000002	42
173.32217500000002	38
173.44929375	42
173.5764125	35
173.5764125	42
173.70353125000003	42
173.83065000000002	35
173.83065000000002	42
173.95776875	42
174.0848875	42
174.21200625	35
174.21200625	42
174.33912500000002	38
174.46624375000002	35
174.46624375000002	42
174.5933625	42
174.72048125	42
174.8476	35
174.8476	42
174.97471875000002	42
175.10183750000002	42
175.22895625	42
175.356075	35
175.356075	38
175.48319375000003	42
175.61031250000002	42
175.73743125000001	42
175.86455	35
175.86455	42
176.11878750000002	42
176.24590625000002	35
176.24590625000002	42
176.373025	38
176.50014375	42
176.6272625	42
176.75438125000002	42
176.88150000000002	35
176.88150000000002	42
177.00861875	42
177.1357375	42
177.26285625000003	42
177.38997500000002	35
177.38997500000002	38
177.6442125	42
177.77133125	42
177.89845000000003	35
177.89845000000003	42
178.02556875000002	42
178.1526875	42
178.27980625	42
178.406925	35
178.406925	38
178.53404375000002	42
178.66116250000002	42
178.78828125	42
178.9154	35
178.9154	42
179.04251875	42
179.16963750000002	42
179.29675625000002	35
179.29675625000002	42
179.423875	38
179.55099375	42
179.67811250000003	42
179.80523125000002	42
179.93235	35
179.93235	42
180.05946875	42
180.1865875	42
180.31370625000002	42
180.44082500000002	35
180.44082500000002	38
180.56794375	42
180.6950625	42
180.82218125	42
180.94930000000002	35
180.94930000000002	42
181.07641875000002	42
181.2035375	42
181.33065625	35
181.33065625	42
181.45777500000003	38
181.58489375000002	35
181.58489375000002	42
181.71201250000001	42
181.83913125	42
181.96625	35
181.96625	42
182.09336875000002	42
182.22048750000002	42
182.34760625	35
182.34760625	42
182.474725	38
182.60184375	42
182.72896250000002	42
182.85608125000002	42
182.9832	35
182.9832	49
183.23743750000003	42
183.36455625000002	35
183.49167500000001	38
183.49167500000001	49
183.7459125	42
183.87303125000003	35
184.00015000000002	42
184.00015000000002	49
184.2543875	35
184.50862500000002	35
184.50862500000002	38
184.50862500000002	49
185.01710000000003	35
185.01710000000003	42
185.01710000000003	49
185.27133750000002	42
185.525575	35
185.525575	38
185.525575	49
185.77981250000002	42
185.90693125	49
186.03405	35
186.03405	42
186.28828750000002	42
186.28828750000002	49
186.542525	35
186.542525	38
186.542525	42
186.7967625	49
186.92388125000002	42
187.05100000000002	35
187.05100000000002	49
187.3052375	42
187.43235625000003	35
187.55947500000002	38
187.55947500000002	49
187.8137125	42
187.94083125	35
188.06795000000002	42
188.06795000000002	49
188.3221875	35
188.576425	35
188.576425	38
188.576425	49
189.0849	35
189.0849	42
189.0849	49
189.33913750000002	42
189.593375	35
189.593375	38
189.593375	49
189.84761250000003	42
189.97473125000002	49
190.10185	35
190.10185	42
190.3560875	42
190.3560875	49
190.61032500000002	35
190.61032500000002	38
190.61032500000002	42
190.8645625	49
190.99168125000003	42
191.11880000000002	35
191.11880000000002	42
191.11880000000002	49
191.3730375	42
191.50015625	35
191.62727500000003	38
191.62727500000003	49
191.8815125	42
192.00863125	35
192.13575	42
192.13575	49
192.38998750000002	35
192.644225	35
192.644225	38
192.644225	49
193.1527	35
193.1527	42
193.1527	49
193.40693750000003	42
193.66117500000001	35
193.66117500000001	38
193.66117500000001	49
193.9154125	42
194.04253125000002	49
194.16965000000002	35
194.16965000000002	42
194.4238875	42
194.4238875	49
194.67812500000002	35
194.67812500000002	38
194.67812500000002	42
194.9323625	49
195.05948125	42
195.18660000000003	35
195.18660000000003	42
195.18660000000003	49
195.44083750000001	42
195.56795625	35
195.695075	38
195.695075	49
195.94931250000002	42
196.07643125	35
196.20355	42
196.20355	49
196.45778750000002	35
196.45778750000002	42
196.712025	35
196.712025	38
196.712025	49
196.96626250000003	42
197.22050000000002	35
197.22050000000002	42
197.22050000000002	49
197.4747375	42
197.72897500000002	35
197.72897500000002	38
197.72897500000002	49
197.9832125	42
198.11033125	49
198.23745000000002	35
198.23745000000002	42
198.4916875	42
198.4916875	49
198.74592500000003	35
198.74592500000003	38
198.74592500000003	42
199.00016250000002	49
199.12728125	42
199.2544	35
199.2544	49
199.38151875000003	42
199.50863750000002	42
199.63575625000001	42
199.762875	35
199.762875	38
199.88999375	42
200.01711250000002	42
200.14423125000002	42
200.27135	35
200.27135	42
200.39846875	42
200.52558750000003	42
200.65270625000002	42
200.77982500000002	35
200.77982500000002	38
200.90694375	42
201.0340625	42
201.16118125000003	42
201.28830000000002	35
201.28830000000002	42
201.41541875000001	42
201.5425375	42
201.66965625	42
201.79677500000003	35
201.79677500000003	38
201.92389375000002	42
202.0510125	42
202.17813125	42
202.30525	35
202.30525	42
202.43236875000002	42
202.55948750000002	42
202.68660625	42
202.813725	35
202.813725	38
202.94084375000003	42
203.06796250000002	42
203.19508125000002	42
203.3222	35
203.3222	42
203.44931875	42
203.57643750000003	42
203.70355625000002	42
203.830675	35
203.830675	38
203.95779375	42
204.0849125	42
204.21203125000002	42
204.33915000000002	35
204.33915000000002	42
204.46626875	42
204.5933875	42
204.72050625000003	42
204.84762500000002	35
204.84762500000002	38
204.97474375000002	42
205.1018625	42
205.22898125	42
205.35610000000003	35
205.35610000000003	42
205.48321875000002	42
205.6103375	42
205.73745625	42
205.864575	35
205.864575	38
205.99169375000002	42
206.11881250000002	42
206.24593125	42
206.37305	35
206.37305	42
206.50016875000003	42
206.62728750000002	42
206.75440625000002	42
206.881525	35
206.881525	38
207.00864375	42
207.13576250000003	42
207.26288125000002	42
207.39000000000001	35
207.39000000000001	42
207.51711875	42
207.6442375	42
207.77135625000003	42
207.89847500000002	35
207.89847500000002	38
208.02559375	42
208.1527125	42
208.27983125000003	42
208.40695000000002	35
208.40695000000002	42
208.53406875000002	42
208.6611875	42
208.78830625	42
208.91542500000003	35
208.91542500000003	38
209.04254375000002	42
209.16966250000002	42
209.29678125	42
209.4239	35
209.4239	42
209.55101875000003	42
209.67813750000002	42
209.80525625	42
209.932375	35
209.932375	38
210.05949375	42
210.18661250000002	42
210.31373125000002	42
210.44085	35
210.44085	42
210.56796875	42
210.69508750000003	42
210.82220625000002	42
210.94932500000002	35
210.94932500000002	38
211.07644375	42
211.2035625	42
211.33068125000003	42
211.45780000000002	35
211.45780000000002	42
211.58491875	42
211.7120375	42
211.83915625	42
211.96627500000002	35
211.96627500000002	38
212.09339375000002	42
212.2205125	42
212.34763125	42
212.47475000000003	35
212.47475000000003	42
212.60186875000002	42
212.72898750000002	42
212.85610625	42
212.983225	35
212.983225	38
213.11034375000003	42
213.23746250000002	42
213.36458125000001	42
213.4917	35
213.4917	42
213.61881875	42
213.74593750000003	42
213.87305625000002	42
214.000175	35
214.000175	38
214.12729375	42
214.25441250000003	42
214.38153125000002	42
214.50865000000002	35
214.50865000000002	42
214.63576875	42
214.7628875	42
214.89000625000003	42
215.01712500000002	35
215.01712500000002	38
215.14424375000002	42
215.2713625	42
215.39848125	42
215.52560000000003	38
215.52560000000003	49