15.027565000000001	35
15.182592	35
15.182592	49
15.492646	42
15.647673	38
15.806033333333334	42
15.964393666666664	35
15.964393666666664	42
16.122753999999997	35
16.122753999999997	42
16.284447666666665	42
16.446141333333333	42
16.607834999999998	47
16.766195333333332	42
16.924555666666667	35
16.924555666666667	42
17.082916	35
17.082916	42
17.241026666666667	42
17.399137333333336	42
17.557248	38
17.715358666666667	42
17.873469333333333	35
17.873469333333333	42
18.03158	35
18.03158	42
18.189690666666667	42
18.347801333333333	42
18.505912000000002	47
18.667356	42
18.828799999999998	35
18.828799999999998	42
18.990244	35
18.990244	42
19.149104666666666	42
19.307965333333335	42
19.466826	38
19.625686666666667	42
19.784547333333332	35
19.784547333333332	42
19.943408	35
19.943408	42
20.102268666666667	42
20.261129333333333	42
20.419990000000002	47
20.578850666666668	42
20.737711333333333	35
20.737711333333333	42
20.896572	35
20.896572	42
21.054182666666666	42
21.211793333333333	42
21.369404	38
21.530348	42
21.691292	35
21.691292	42
21.852236	35
21.852236	42
22.006513333333334	42
22.160790666666667	42
22.315068	47
22.472678666666667	42
22.630289333333334	35
22.630289333333334	42
22.7879	35
22.7879	42
22.94801066666667	42
23.108121333333333	42
23.268232	38
23.428342666666666	42
23.588453333333334	35
23.588453333333334	42
23.748564000000002	35
23.748564000000002	42
23.908674666666666	42
24.068785333333334	42
24.228896	47
24.389006666666667	42
24.549117333333335	35
24.549117333333335	42
24.709228	35
24.709228	42
24.86708833333333	42
25.024948666666667	42
25.182809	38
25.340669333333334	42
25.498529666666666	35
25.498529666666666	42
25.65639	35
25.65639	42
25.814250333333334	42
25.972110666666666	42
26.129971	47
26.291164666666667	42
26.452358333333333	35
26.452358333333333	42
26.613552000000002	35
26.613552000000002	42
26.77341266666667	42
26.933273333333336	42
27.093134000000003	38
27.25299466666667	42
27.412855333333336	35
27.412855333333336	42
27.572716000000003	35
27.572716000000003	42
27.729243333333336	42
27.885770666666666	42
28.042298	47
28.202158666666666	42
28.362019333333333	35
28.362019333333333	42
28.52188	35
28.52188	42
28.681240666666667	42
28.840601333333332	42
28.999962	38
29.15598933333333	42
29.31201666666667	35
29.31201666666667	42
29.468044000000003	35
29.468044000000003	42
29.627404666666667	42
29.786765333333335	42
29.946126000000003	47
30.10882	42
30.271514	35
30.271514	42
30.434207999999998	35
30.434207999999998	42
30.58973533333333	42
30.74526266666667	42
30.90079	38
31.059650666666666	42
31.218511333333332	35
31.218511333333332	42
31.377372	35
31.377372	42
31.539566	42
31.701759999999997	42
31.863954	47
32.01948133333333	42
32.17500866666666	35
32.17500866666666	42
32.330535999999995	35
32.330535999999995	42
32.49039666666666	42
32.65025733333333	42
32.810117999999996	38
32.96997866666666	42
33.12983933333333	35
33.12983933333333	42
33.289699999999996	35
33.289699999999996	42
33.44956066666666	42
33.60942133333333	42
33.769282	47
33.929142666666664	42
34.08900333333333	35
34.08900333333333	42
34.248864	35
34.248864	42
34.407474666666666	42
34.56608533333333	42
34.724695999999994	38
34.88330666666666	42
35.04191733333333	35
35.04191733333333	42
35.200528	35
35.200528	42
35.355805333333336	42
35.51108266666667	42
35.66636	47
35.828303999999996	42
35.990248	35
35.990248	42
36.152192	35
36.152192	42
36.31080266666667	42
36.46941333333333	42
36.628023999999996	38
36.786634666666664	42
36.94524533333333	35
36.94524533333333	42
37.103856	35
37.103856	42
37.26246666666666	42
37.42107733333333	42
37.579688	47
37.738298666666665	42
37.89690933333333	35
37.89690933333333	42
38.055519999999994	35
38.055519999999994	42
38.21413066666666	42
38.37274133333333	42
38.531352	38
38.689962666666666	42
38.84857333333333	35
38.84857333333333	42
39.007183999999995	35
39.007183999999995	42
39.16579466666666	42
39.32440533333333	42
39.483016	47
39.64162666666666	42
39.80023733333333	35
39.80023733333333	42
39.958847999999996	35
39.958847999999996	42
40.117708666666665	42
40.27656933333333	42
40.43543	38
40.594290666666666	42
40.75315133333333	35
40.75315133333333	42
40.912012	35
40.912012	42
41.070872666666666	42
41.22973333333333	42
41.388594	47
41.54745466666666	42
41.70631533333333	35
41.70631533333333	42
41.865176	35
41.865176	42
42.02353633333333	42
42.18189666666667	42
42.340257	38
42.49861733333333	42
42.65697766666666	35
42.65697766666666	42
42.815338	35
42.815338	42
42.97703166666667	42
43.13872533333333	42
43.300419000000005	47
43.455446	42
43.610473	35
43.610473	42
43.765499999999996	35
43.765499999999996	42
43.927444	42
44.089388	42
44.251332	38
44.409942666666666	42
44.568553333333334	35
44.568553333333334	42
44.727164	35
44.727164	42
44.88577466666667	42
45.04438533333333	42
45.202996	47
45.36160666666667	42
45.520217333333335	35
45.520217333333335	42
45.678828	35
45.678828	42
45.840772	42
46.002716	42
46.16466	38
46.323270666666666	42
46.481881333333334	35
46.481881333333334	42
46.640492	35
46.640492	42
46.79576933333333	42
46.95104666666666	42
47.106324	47
47.26493466666667	42
47.42354533333334	35
47.42354533333334	42
47.582156	35
47.582156	42
47.74276633333333	42
47.90337666666667	42
48.063987	38
48.22126399999999	42
48.378541	35
48.378541	42
48.53581799999999	35
48.53581799999999	42
48.69642833333332	42
48.85703866666666	42
49.01764899999999	47
49.17825933333332	42
49.33886966666666	35
49.33886966666666	42
49.49947999999999	35
49.49947999999999	42
49.65790599999999	42
49.81633199999999	42
49.974757999999994	38
50.13318399999999	42
50.29160999999999	35
50.29160999999999	42
50.45003599999999	35
50.45003599999999	42
50.60846199999999	42
50.766887999999994	42
50.92531399999999	47
51.08373999999999	42
51.24216599999999	35
51.24216599999999	42
51.40059199999999	35
51.40059199999999	42
51.56135133333333	42
51.72211066666666	42
51.88287	38
52.04029599999999	42
52.19772199999999	35
52.19772199999999	42
52.35514799999999	35
52.35514799999999	42
52.512573999999994	42
52.669999999999995	42
52.827425999999996	47
52.984852	42
53.142278	35
53.142278	42
53.29970399999999	35
53.29970399999999	49
53.45887999999999	42
53.61805599999999	42
53.77723199999999	38
53.93974133333332	42
54.102250666666656	35
54.102250666666656	42
54.26475999999999	35
54.26475999999999	42
54.42393599999999	42
54.58311199999999	42
54.74228799999999	47
54.89813066666666	42
55.053973333333325	35
55.053973333333325	42
55.20981599999999	35
55.20981599999999	42
55.36974199999999	42
55.52966799999999	42
55.68959399999999	38
55.84951999999999	42
56.00944599999999	35
56.00944599999999	42
56.16937199999999	35
56.16937199999999	42
56.32596466666665	42
56.48255733333332	42
56.63914999999999	47
56.799075999999985	42
56.959001999999984	35
56.959001999999984	42
57.11892799999998	35
57.11892799999998	49
57.278353999999986	42
57.43777999999998	42
57.597205999999986	38
57.75663199999998	42
57.916057999999985	35
57.916057999999985	42
58.07548399999998	35
58.07548399999998	42
58.234909999999985	42
58.39433599999998	42
58.553761999999985	47
58.71318799999998	42
58.872613999999984	35
58.872613999999984	42
59.03203999999998	35
59.03203999999998	42
59.18921599999998	42
59.34639199999998	42
59.50356799999998	38
59.66074399999998	42
59.81791999999998	35
59.81791999999998	42
59.97509599999998	35
59.97509599999998	42
60.13560533333332	42
60.29611466666665	42
60.456623999999984	47
60.61379999999998	42
60.77097599999998	35
60.77097599999998	42
60.92815199999998	35
60.92815199999998	49
61.084744666666644	42
61.24133733333331	42
61.39792999999998	38
61.55785599999998	42
61.71778199999998	35
61.71778199999998	42
61.87770799999998	35
61.87770799999998	42
62.037633999999976	42
62.197559999999974	42
62.35748599999998	47
62.51741199999998	42
62.67733799999998	35
62.67733799999998	42
62.837263999999976	35
62.837263999999976	42
62.998273333333316	42
63.15928266666664	42
63.32029199999998	38
63.47796799999998	42
63.63564399999998	35
63.63564399999998	42
63.79331999999998	35
63.79331999999998	42
63.95099599999998	42
64.10867199999997	42
64.26634799999998	47
64.42402399999997	42
64.58169999999997	35
64.58169999999997	42
64.73937599999998	35
64.73937599999998	49
64.89880199999998	42
65.05822799999999	42
65.21765399999998	38
65.37374666666665	42
65.52983933333331	35
65.52983933333331	42
65.685932	35
65.685932	42
65.84869133333332	42
66.01145066666665	42
66.17420999999997	47
66.33363599999998	42
66.49306199999998	35
66.49306199999998	42
66.65248799999998	35
66.65248799999998	42
66.81141366666664	42
66.97033933333331	42
67.12926499999998	38
67.2848573333333	42
67.44044966666665	35
67.44044966666665	42
67.59604199999998	35
67.59604199999998	42
67.75830099999999	42
67.92055999999998	42
68.08281899999997	47
68.24174466666665	42
68.40067033333331	35
68.40067033333331	42
68.55959599999997	35
68.55959599999997	49
68.71727199999997	42
68.87494799999997	42
69.03262399999997	38
69.19029999999997	42
69.34797599999997	35
69.34797599999997	42
69.50565199999997	35
69.50565199999997	42
69.66332799999996	42
69.82100399999997	42
69.97867999999997	47
70.1396893333333	42
70.30069866666665	35
70.30069866666665	42
70.46170799999997	35
70.46170799999997	42
70.62113399999997	42
70.78055999999998	42
70.93998599999998	38
71.09607866666664	42
71.2521713333333	35
71.2521713333333	42
71.40826399999997	35
71.40826399999997	42
71.56768999999997	42
71.72711599999997	42
71.88654199999996	47
72.04596799999997	42
72.20539399999997	35
72.20539399999997	42
72.36481999999997	35
72.36481999999997	49
72.52349566666663	42
72.6821713333333	42
72.84084699999997	38
72.99952266666664	42
73.1581983333333	35
73.1581983333333	42
73.31687399999997	35
73.31687399999997	42
73.47554966666664	42
73.6342253333333	42
73.79290099999997	47
73.95157666666664	42
74.11025233333329	35
74.11025233333329	42
74.26892799999996	35
74.26892799999996	42
74.43093699999996	42
74.59294599999997	42
74.75495499999997	38
74.9102973333333	42
75.06563966666663	35
75.06563966666663	42
75.22098199999996	35
75.22098199999996	42
75.37965766666663	42
75.5383333333333	42
75.69700899999997	47
75.85568466666663	42
76.0143603333333	35
76.0143603333333	42
76.17303599999997	35
76.17303599999997	49
76.33379266666664	42
76.4945493333333	42
76.65530599999997	38
76.81606266666664	42
76.9768193333333	35
76.9768193333333	42
77.13757599999997	35
77.13757599999997	42
77.29499933333331	42
77.45242266666664	42
77.60984599999998	47
77.76726933333332	42
77.92469266666663	35
77.92469266666663	42
78.08211599999997	35
78.08211599999997	42
78.2427673333333	42
78.40341866666664	42
78.56406999999997	38
78.72138799999998	42
78.87870599999998	35
78.87870599999998	42
79.03602399999997	35
79.03602399999997	42
79.19334199999997	42
79.35065999999998	42
79.50797799999998	47
79.6686293333333	42
79.82928066666663	35
79.82928066666663	42
79.98993199999997	35
79.98993199999997	49
80.14874999999996	42
80.30756799999996	42
80.46638599999997	38
80.62520399999997	42
80.78402199999996	35
80.78402199999996	42
80.94283999999996	35
80.94283999999996	42
81.10165799999997	42
81.26047599999997	42
81.41929399999997	47
81.57811199999996	42
81.73692999999997	35
81.73692999999997	42
81.89574799999997	35
81.89574799999997	42
82.05456599999997	42
82.21338399999996	42
82.37220199999997	38
82.53101999999997	42
82.68983799999997	35
82.68983799999997	42
82.84865599999996	35
82.84865599999996	42
83.00747399999997	42
83.16629199999997	42
83.32510999999997	47
83.48392799999996	42
83.64274599999997	35
83.64274599999997	42
83.80156399999997	35
83.80156399999997	42
83.96088199999997	42
84.12019999999997	42
84.27951799999997	38
84.43883599999997	42
84.59815399999997	35
84.59815399999997	42
84.75747199999996	35
84.75747199999996	42
84.91345666666665	42
85.06944133333332	42
85.22542599999998	47
85.38807733333331	42
85.55072866666664	35
85.55072866666664	42
85.71337999999997	35
85.71337999999997	42
85.86861466666664	42
86.02384933333332	42
86.17908399999997	38
86.34098533333331	42
86.50288666666664	35
86.50288666666664	42
86.66478799999997	35
86.66478799999997	42
86.82335599999998	42
86.98192399999998	42
87.14049199999997	47
87.29905999999997	42
87.45762799999997	35
87.45762799999997	42
87.61619599999997	35
87.61619599999997	42
87.77401366666665	42
87.9318313333333	42
88.08964899999998	38
88.25079999999997	42
88.41195099999999	35
88.41195099999999	42
88.57310199999998	35
88.57310199999998	42
88.73091966666665	42
88.88873733333331	42
89.04655499999998	47
89.20437266666664	42
89.36219033333332	35
89.36219033333332	42
89.52000799999998	35
89.52000799999998	42
89.67677433333331	42
89.83354066666664	42
89.99030699999997	38
90.15040666666664	42
90.31050633333331	35
90.31050633333331	42
90.47060599999998	35
90.47060599999998	42
90.63070566666664	42
90.79080533333331	42
90.95090499999998	47
91.11100466666663	42
91.2711043333333	35
91.2711043333333	42
91.43120399999997	35
91.43120399999997	42
91.5867203333333	42
91.74223666666664	42
91.89775299999998	38
92.05660266666663	42
92.2154523333333	35
92.2154523333333	42
92.37430199999997	35
92.37430199999997	42
92.53315166666664	42
92.69200133333331	42
92.85085099999998	47
93.00636733333332	42
93.16188366666664	35
93.16188366666664	42
93.31739999999996	35
93.31739999999996	42
93.47699966666663	42
93.6365993333333	42
93.79619899999996	38
93.95913199999995	42
94.12206499999998	35
94.12206499999998	42
94.28499799999997	35
94.28499799999997	42
94.44459766666664	42
94.6041973333333	42
94.76379699999997	47
94.92339666666663	42
95.0829963333333	35
95.0829963333333	42
95.24259599999996	35
95.24259599999996	42
95.39919566666663	42
95.5557953333333	42
95.71239499999996	38
95.87232799999995	42
96.03226099999996	35
96.03226099999996	42
96.19219399999996	35
96.19219399999996	42
96.34879366666662	42
96.50539333333329	42
96.66199299999995	47
96.81859266666662	42
96.97519233333328	35
96.97519233333328	42
97.13179199999995	35
97.13179199999995	42
97.29114166666662	42
97.45049133333328	42
97.60984099999995	38
97.77252399999995	42
97.93520699999996	35
97.93520699999996	42
98.09788999999995	35
98.09788999999995	42
98.25390633333329	42
98.40992266666662	42
98.56593899999994	47
98.72862199999994	42
98.89130499999996	35
98.89130499999996	42
99.05398799999995	35
99.05398799999995	42
99.20825399999995	42
99.36251999999993	42
99.51678599999994	38
99.6777186666666	42
99.83865133333329	35
99.83865133333329	42
99.99958399999994	35
99.99958399999994	42
100.15718333333328	42
100.31478266666662	42
100.47238199999995	47
100.62664799999995	42
100.78091399999994	35
100.78091399999994	42
100.93517999999995	35
100.93517999999995	42
101.10169633333328	42
101.26821266666661	42
101.43472899999996	38
101.59457866666662	42
101.7544283333333	35
101.7544283333333	42
101.91427799999995	35
101.91427799999995	42
102.0707943333333	42
102.22731066666661	42
102.38382699999995	47
102.54367666666661	42
102.70352633333329	35
102.70352633333329	42
102.86337599999995	35
102.86337599999995	42
103.02039233333328	42
103.17740866666661	42
103.33442499999994	38
103.48810799999994	42
103.64179099999996	35
103.64179099999996	42
103.79547399999994	35
103.79547399999994	42
103.95915699999995	42
104.12283999999995	42
104.28652299999995	47
104.44687266666662	42
104.60722233333328	35
104.60722233333328	42
104.76757199999994	35
104.76757199999994	49
104.92517133333328	42
105.0827706666666	42
105.24036999999994	38
105.40130266666661	42
105.56223533333328	35
105.56223533333328	42
105.72316799999993	35
105.72316799999993	42
105.88076733333327	42
106.0383666666666	42
106.19596599999994	47
106.35356533333326	42
106.5111646666666	35
106.5111646666666	42
106.66876399999994	35
106.66876399999994	42
106.82428033333328	42
106.97979666666662	42
107.13531299999995	38
107.29749599999994	42
107.45967899999994	35
107.45967899999994	42
107.62186199999994	35
107.62186199999994	42
107.7807116666666	42
107.93956133333327	42
108.09841099999994	47
108.26059399999994	42
108.42277699999995	35
108.42277699999995	42
108.58495999999994	35
108.58495999999994	42
108.74056833333327	42
108.8961766666666	42
109.05178499999994	38
109.2107266666666	42
109.36966833333327	35
109.36966833333327	42
109.52860999999993	35
109.52860999999993	42
109.6875516666666	42
109.84649333333327	42
110.00543499999993	47
110.1643766666666	42
110.32331833333326	35
110.32331833333326	42
110.48225999999994	35
110.48225999999994	42
110.6412016666666	42
110.80014333333327	42
110.95908499999993	38
111.1180266666666	42
111.27696833333327	35
111.27696833333327	42
111.43590999999994	35
111.43590999999994	42
111.5948516666666	42
111.75379333333326	42
111.91273499999993	47
112.06834333333327	42
112.22395166666661	35
112.22395166666661	42
112.37955999999994	35
112.37955999999994	42
112.5385016666666	42
112.69744333333328	42
112.85638499999995	38
113.01865999999994	42
113.18093499999993	35
113.18093499999993	42
113.34320999999993	35
113.34320999999993	42
113.5021516666666	42
113.66109333333327	42
113.82003499999993	47
113.9789766666666	42
114.13791833333326	35
114.13791833333326	42
114.29685999999994	35
114.29685999999994	42
114.45555166666661	42
114.61424333333328	42
114.77293499999993	38
114.92829333333327	42
115.08365166666661	35
115.08365166666661	42
115.23900999999995	35
115.23900999999995	42
115.39770166666662	42
115.55639333333328	42
115.71508499999995	47
115.87710999999994	42
116.03913499999994	35
116.03913499999994	42
116.20115999999994	35
116.20115999999994	42
116.36010166666661	42
116.51904333333327	42
116.67798499999995	38
116.83692666666661	42
116.99586833333328	35
116.99586833333328	42
117.15480999999994	35
117.15480999999994	42
117.3137516666666	42
117.47269333333328	42
117.63163499999995	47
117.78724333333328	42
117.94285166666661	35
117.94285166666661	42
118.09845999999996	35
118.09845999999996	42
118.25765166666663	42
118.41684333333329	42
118.57603499999996	38
118.73522666666663	42
118.89441833333329	35
118.89441833333329	42
119.05360999999996	35
119.05360999999996	42
119.21280166666662	42
119.3719933333333	42
119.53118499999997	47
119.69037666666662	42
119.8495683333333	35
119.8495683333333	42
120.00875999999997	35
120.00875999999997	42
120.16670166666664	42
120.3246433333333	42
120.48258499999997	38
120.64052666666663	42
120.7984683333333	35
120.7984683333333	42
120.95640999999996	35
120.95640999999996	42
121.11768499999997	42
121.27895999999996	42
121.44023499999996	47
121.59817666666662	42
121.75611833333329	35
121.75611833333329	42
121.91405999999996	35
121.91405999999996	42
122.07400166666663	42
122.2339433333333	42
122.39388499999997	38
122.55382666666664	42
122.71376833333329	35
122.71376833333329	42
122.87370999999996	35
122.87370999999996	42
123.0303183333333	42
123.18692666666664	42
123.34353499999997	47
123.50347666666664	42
123.66341833333331	35
123.66341833333331	42
123.82335999999998	35
123.82335999999998	42
123.98155133333331	42
124.13974266666665	42
124.29793399999998	38
124.45612533333332	42
124.61431666666665	35
124.61431666666665	42
124.77250799999997	35
124.77250799999997	42
124.93069933333331	42
125.08889066666664	42
125.24708199999998	47
125.40527333333331	42
125.56346466666665	35
125.56346466666665	42
125.72165599999998	35
125.72165599999998	42
125.87959766666665	42
126.03753933333331	42
126.19548099999999	38
126.35675599999998	42
126.51803099999998	35
126.51803099999998	42
126.67930599999997	35
126.67930599999997	42
126.83724766666664	42
126.9951893333333	42
127.15313099999997	47
127.31107266666665	42
127.4690143333333	35
127.4690143333333	42
127.62695599999998	35
127.62695599999998	42
127.78614766666665	42
127.94533933333332	42
128.10453099999998	38
128.26372266666667	42
128.42291433333332	35
128.42291433333332	42
128.58210599999998	35
128.58210599999998	42
128.74129766666667	42
128.90048933333333	42
129.05968099999998	47
129.21887266666667	42
129.37806433333333	35
129.37806433333333	42
129.53725599999999	35
129.53725599999999	42
129.69594766666665	42
129.85463933333332	42
130.013331	38
130.17202266666666	42
130.3307143333333	35
130.3307143333333	42
130.48940599999997	35
130.48940599999997	42
130.64809766666664	42
130.8067893333333	42
130.96548099999998	47
131.12417266666665	42
131.28286433333332	35
131.28286433333332	42
131.441556	35
131.441556	42
131.60024766666666	42
131.75893933333333	42
131.91763099999997	38
132.07632266666664	42
132.2350143333333	35
132.2350143333333	42
132.39370599999998	35
132.39370599999998	42
132.55239766666665	42
132.71108933333332	42
132.869781	47
133.02847266666666	42
133.18716433333333	35
133.18716433333333	42
133.345856	35
133.345856	49
133.50529733333332	42
133.66473866666666	42
133.82417999999998	38
133.98362133333333	42
134.14306266666665	35
134.14306266666665	42
134.302504	35
134.302504	42
134.46194533333332	42
134.62138666666667	42
134.78082799999999	47
134.936936	42
135.09304399999996	35
135.09304399999996	42
135.24915199999998	35
135.24915199999998	42
135.41042699999997	42
135.57170200000002	42
135.732977	38
135.89091866666666	42
136.04886033333332	35
136.04886033333332	42
136.206802	35
136.206802	42
136.36474366666667	42
136.52268533333333	42
136.680627	47
136.841902	42
137.003177	35
137.003177	42
137.16445199999998	35
137.16445199999998	49
137.3238933333333	42
137.48333466666665	42
137.64277599999997	38
137.798884	42
137.95499199999998	35
137.95499199999998	42
138.1111	35
138.1111	42
138.2705413333333	42
138.42998266666666	42
138.58942399999998	47
138.74886533333333	42
138.90830666666665	35
138.90830666666665	42
139.067748	35
139.067748	42
139.22643966666666	42
139.38513133333333	42
139.543823	38
139.70251466666667	42
139.8612063333333	35
139.8612063333333	42
140.01989799999998	35
140.01989799999998	42
140.17525633333332	42
140.33061466666663	42
140.48597299999997	47
140.64799799999997	42
140.810023	35
140.810023	42
140.972048	35
140.972048	49
141.13098966666666	42
141.28993133333333	42
141.448873	38
141.60781466666666	42
141.76675633333335	35
141.76675633333335	42
141.925698	35
141.925698	42
142.08463966666667	42
142.24358133333334	42
142.402523	47
142.55813133333334	42
142.71373966666664	35
142.71373966666664	42
142.86934799999997	35
142.86934799999997	42
143.0287893333333	42
143.18823066666664	42
143.34767199999996	38
143.5071133333333	42
143.66655466666663	35
143.66655466666663	42
143.82599599999998	35
143.82599599999998	42
143.9854373333333	42
144.14487866666664	42
144.30431999999996	47
144.46709466666664	42
144.62986933333332	35
144.62986933333332	42
144.792644	35
144.792644	49
144.95008566666667	42
145.10752733333334	42
145.264969	38
145.42241066666665	42
145.57985233333332	35
145.57985233333332	42
145.737294	35
145.737294	42
145.89473566666666	42
146.05217733333333	42
146.209619	47
146.370394	42
146.53116899999998	35
146.53116899999998	42
146.69194399999998	35
146.69194399999998	42
146.84830233333332	42
147.00466066666664	42
147.16101899999998	38
147.32071066666666	42
147.48040233333333	35
147.48040233333333	42
147.64009399999998	35
147.64009399999998	42
147.79978566666665	42
147.95947733333333	42
148.119169	47
148.27886066666665	42
148.43855233333332	35
148.43855233333332	42
148.598244	35
148.598244	49
148.75618566666665	42
148.91412733333334	42
149.072069	38
149.23001066666666	42
149.38795233333332	35
149.38795233333332	42
149.545894	35
149.545894	42
149.70383566666666	42
149.86177733333332	42
150.01971899999998	47
150.180994	42
150.342269	35
150.342269	42
150.50354399999998	35
150.50354399999998	42
150.66273566666663	42
150.82192733333332	42
150.98111899999998	38
151.1369773333333	42
151.29283566666666	35
151.29283566666666	42
151.448694	35
151.448694	42
151.60788566666665	42
151.76707733333333	42
151.926269	47
152.08546066666665	42
152.2446523333333	35
152.2446523333333	42
152.403844	35
152.403844	49
152.56403566666665	42
152.72422733333332	42
152.88441899999998	38
153.04461066666667	42
153.20480233333333	35
153.20480233333333	42
153.364994	35
153.364994	42
153.52185233333333	42
153.67871066666663	42
153.83556899999996	47
153.99576066666663	42
154.15595233333332	35
154.15595233333332	42
154.31614399999998	35
154.31614399999998	42
154.4730853333333	42
154.63002666666665	42
154.78696799999997	38
154.94390933333332	42
155.10085066666664	35
155.10085066666664	42
155.25779199999997	35
155.25779199999997	42
155.41806666666665	42
155.57834133333333	42
155.738616	47
155.89555733333333	42
156.05249866666668	35
156.05249866666668	42
156.20944	35
156.20944	49
156.36888133333332	42
156.52832266666667	42
156.687764	38
156.84720533333333	42
157.00664666666665	35
157.00664666666665	42
157.166088	35
157.166088	42
157.32552933333332	42
157.48497066666667	42
157.644412	47
157.80385333333334	42
157.96329466666666	35
157.96329466666666	42
158.122736	35
158.122736	42
158.28192766666666	42
158.44111933333335	42
158.600311	38
158.75950266666666	42
158.91869433333335	35
158.91869433333335	42
159.077886	35
159.077886	42
159.23374433333333	42
159.38960266666666	42
159.545461	47
159.70798599999998	42
159.870511	35
159.870511	42
160.033036	35
160.033036	49
160.18839433333335	42
160.34375266666666	42
160.499111	38
160.65780266666667	42
160.8164943333333	35
160.8164943333333	42
160.97518599999998	35
160.97518599999998	42
161.13387766666665	42
161.29256933333332	42
161.451261	47
161.60995266666666	42
161.76864433333333	35
161.76864433333333	42
161.927336	35
161.927336	42
162.08986099999998	42
162.25238600000003	42
162.41491100000002	38
162.57410266666668	42
162.73329433333336	35
162.73329433333336	42
162.89248600000002	35
162.89248600000002	42
163.04834433333335	42
163.20420266666667	42
163.360061	47
163.51925266666666	42
163.67844433333332	35
163.67844433333332	42
163.837636	35
163.837636	42
163.99607766666668	42
164.15451933333333	42
164.312961	38
164.47140266666668	42
164.62984433333332	35
164.62984433333332	42
164.788286	35
164.788286	42
164.950061	42
165.11183600000004	42
165.27361100000002	47
165.4320526666667	42
165.59049433333337	35
165.59049433333337	42
165.74893600000001	35
165.74893600000001	42
165.90662766666668	42
166.06431933333334	42
166.222011	38
166.37970266666667	42
166.53739433333334	35
166.53739433333334	42
166.695086	35
166.695086	42
166.85277766666667	42
167.01046933333336	42
167.16816100000003	47
167.32918600000002	42
167.49021100000002	35
167.49021100000002	42
167.651236	35
167.651236	42
167.80634433333336	42
167.96145266666667	42
168.11656100000002	38
168.27833600000002	42
168.440111	35
168.440111	42
168.601886	35
168.601886	42
168.76032766666668	42
168.91876933333336	42
169.077211	47
169.23565266666668	42
169.39409433333336	35
169.39409433333336	42
169.552536	35
169.552536	42
169.71272766666667	42
169.87291933333333	42
170.033111	38
170.19330266666668	42
170.35349433333334	35
170.35349433333334	42
170.513686	35
170.513686	42
170.67054433333334	42
170.82740266666667	42
170.984261	47
171.14445266666667	42
171.30464433333336	35
171.30464433333336	42
171.46483600000002	35
171.46483600000002	42
171.62069433333335	42
171.77655266666667	42
171.932411	38
172.09160266666666	42
172.25079433333335	35
172.25079433333335	42
172.409986	35
172.409986	42
172.56917766666666	42
172.72836933333335	42
172.887561	47
173.04341933333333	42
173.19927766666666	35
173.19927766666666	42
173.35513600000002	35
173.35513600000002	42
173.51716100000002	42
173.67918600000002	42
173.84121100000002	38
173.99990266666669	42
174.15859433333333	35
174.15859433333333	42
174.317286	35
174.317286	42
174.47597766666667	42
174.63466933333333	42
174.793361	47
174.955386	42
175.11741100000003	35
175.11741100000003	42
175.27943600000003	35
175.27943600000003	42
175.43762733333335	42
175.5958186666667	42
175.75401000000002	38
175.90886800000004	42
176.063726	35
176.063726	42
176.21858400000002	35
176.21858400000002	42
176.38010866666667	42
176.54163333333338	42
176.70315800000003	47
176.86134933333338	42
177.0195406666667	35
177.0195406666667	42
177.17773200000002	35
177.17773200000002	42
177.33567366666668	42
177.49361533333337	42
177.65155700000003	38
177.80949866666668	42
177.96744033333334	35
177.96744033333334	42
178.12538200000003	35
178.12538200000003	42
178.2833236666667	42
178.44126533333335	42
178.599207	47
178.7571486666667	42
178.91509033333335	35
178.91509033333335	42
179.073032	35
179.073032	42
179.23247333333333	42
179.39191466666668	42
179.551356	38
179.71079733333335	42
179.87023866666667	35
179.87023866666667	42
180.02968	35
180.02968	42
180.18912133333333	42
180.34856266666668	42
180.508004	47
180.66411200000002	42
180.82021999999998	35
180.82021999999998	42
180.976328	35
180.976328	42
181.138603	42
181.300878	42
181.463153	38
181.62209466666667	42
181.78103633333336	35
181.78103633333336	42
181.93997800000002	35
181.93997800000002	42
182.0989196666667	42
182.25786133333335	42
182.41680300000002	47
182.57574466666668	42
182.73468633333334	35
182.73468633333334	42
182.893628	35
182.893628	42
183.05206966666668	42
183.21051133333333	42
183.368953	38
183.52739466666668	42
183.68583633333333	35
183.68583633333333	42
183.844278	35
183.844278	42
184.00271966666668	42
184.16116133333335	42
184.319603	47
184.47804466666668	42
184.63648633333335	35
184.63648633333335	42
184.794928	35
184.794928	42
184.95361966666667	42
185.11231133333334	42
185.271003	38
185.42969466666668	42
185.58838633333332	35
185.58838633333332	42
185.747078	35
185.747078	42
185.90576966666666	42
186.06446133333333	42
186.223153	47
186.38184466666667	42
186.54053633333334	35
186.54053633333334	42
186.699228	35
186.699228	42
186.85741933333333	42
187.01561066666667	42
187.173802	38
187.33199333333334	42
187.49018466666666	35
187.49018466666666	42
187.648376	35
187.648376	42
187.80656733333333	42
187.96475866666668	42
188.12295	47
188.28114133333335	42
188.43933266666667	35
188.43933266666667	42
188.597524	35
188.597524	42
188.75263233333334	42
188.90774066666663	42
189.06284899999997	38
189.22462399999998	42
189.38639899999998	35
189.38639899999998	42
189.548174	35
189.548174	42
189.709949	42
189.871724	42
190.03349899999998	47
190.18860733333332	42
190.34371566666667	35
190.34371566666667	42
190.49882399999998	35
190.49882399999998	42
190.65851566666666	42
190.8182073333333	42
190.97789899999998	38
191.13759066666665	42
191.29728233333333	35
191.29728233333333	42
191.45697399999997	35
191.45697399999997	42
191.61333233333332	42
191.76969066666663	42
191.92604899999998	47
192.08574066666662	42
192.2454323333333	35
192.2454323333333	42
192.40512399999997	35
192.40512399999997	42
192.56689899999998	42
192.72867399999998	42
192.890449	38
193.04555733333333	42
193.20066566666662	35
193.20066566666662	42
193.35577399999997	35
193.35577399999997	42
193.51754899999997	42
193.679324	42
193.84109899999999	47
193.99954066666666	42
194.15798233333334	35
194.15798233333334	42
194.31642399999998	35
194.31642399999998	42
194.4758653333333	42
194.63530666666665	42
194.79474799999997	38
194.95418933333332	42
195.11363066666664	35
195.11363066666664	42
195.27307199999998	35
195.27307199999998	42
195.4325133333333	42
195.59195466666665	42
195.75139599999997	47
195.91083733333332	42
196.07027866666664	35
196.07027866666664	42
196.22972	35
196.22972	49
196.38532833333332	42
196.54093666666662	42
196.69654499999996	38
196.85881999999995	42
197.021095	35
197.021095	42
197.18337	35
197.18337	42
197.33897833333333	42
197.49458666666663	42
197.65019499999997	47
197.8058033333333	42
197.96141166666663	35
197.96141166666663	42
198.11701999999997	35
198.11701999999997	42
198.28262833333332	42
198.44823666666665	42
198.613845	38
198.77278666666666	42
198.93172833333333	35
198.93172833333333	42
199.09067	35
199.09067	42
199.2462783333333	42
199.40188666666663	42
199.55749499999996	47
199.71976999999998	42
199.88204499999998	35
199.88204499999998	42
200.04432	35
200.04432	42
200.1989283333333	42
200.35353666666666	42
200.50814499999998	38
200.66608666666664	42
200.8240283333333	35
200.8240283333333	42
200.98197	35
200.98197	42
201.13991166666665	42
201.2978533333333	42
201.45579499999997	47
201.61707	42
201.778345	35
201.778345	42
201.93962	35
201.93962	42
202.09956166666666	42
202.25950333333333	42
202.419445	38
202.57938666666666	42
202.73932833333333	35
202.73932833333333	42
202.89927	35
202.89927	42
203.0558783333333	42
203.21248666666665	42
203.36909499999996	47
203.52903666666663	42
203.6889783333333	35
203.6889783333333	42
203.84891999999996	35
203.84891999999996	42
204.00736166666664	42
204.1658033333333	42
204.32424499999996	38
204.48268666666664	42
204.64112833333328	35
204.64112833333328	42
204.79956999999996	35
204.79956999999996	42
204.95801166666664	42
205.1164533333333	42
205.27489499999996	47
205.43333666666663	42
205.5917783333333	35
205.5917783333333	42
205.75021999999996	35
205.75021999999996	42
205.90866166666663	42
206.0671033333333	42
206.22554499999995	38
206.38398666666663	42
206.5424283333333	35
206.5424283333333	42
206.70086999999995	35
206.70086999999995	42
206.85931166666663	42
207.0177533333333	42
207.17619499999995	47
207.33463666666663	42
207.4930783333333	35
207.4930783333333	42
207.65151999999998	35
207.65151999999998	49
207.80946166666664	42
207.96740333333332	42
208.12534499999998	38
208.28661999999997	42
208.447895	35
208.447895	42
208.60917	35
208.60917	42
208.76711166666666	42
208.92505333333332	42
209.08299499999998	47
209.24093666666667	42
209.39887833333333	35
209.39887833333333	42
209.55682	35
209.55682	42
209.71576166666665	42
209.87470333333331	42
210.03364499999998	38
210.19258666666664	42
210.35152833333333	35
210.35152833333333	42
210.51047	35
210.51047	42
210.6660783333333	42
210.82168666666664	42
210.97729499999997	47
211.13623666666663	42
211.2951783333333	35
211.2951783333333	42
211.45411999999996	35
211.45411999999996	42
211.61256166666664	42
211.77100333333328	42
211.92944499999996	38
212.09122	42
212.25299499999997	35
212.25299499999997	42
212.41476999999998	35
212.41476999999998	42
212.57321166666665	42
212.73165333333333	42
212.89009499999997	47
213.04853666666665	42
213.20697833333332	35
213.20697833333332	42
213.36541999999997	35
213.36541999999997	42
213.52669499999996	42
213.68796999999998	42
213.84924499999997	38
214.00718666666663	42
214.16512833333329	35
214.16512833333329	42
214.32306999999997	35
214.32306999999997	42
214.4776783333333	42
214.63228666666663	42
214.78689499999996	47
214.94483666666665	42
215.1027783333333	35
215.1027783333333	42
215.26071999999996	35
215.26071999999996	42
215.42324499999995	42
215.58576999999997	42
215.74829499999996	38
215.9074866666666	42
216.0666783333333	35
216.0666783333333	42
216.22586999999996	35
216.22586999999996	42
216.38506166666662	42
216.5442533333333	42
216.70344499999996	47
216.86263666666662	42
217.02182833333327	35
217.02182833333327	42
217.18101999999996	35
217.18101999999996	42
217.34121166666662	42
217.5014033333333	42
217.66159499999995	38
217.81511999999995	42
217.96864499999995	35
217.96864499999995	42
218.12216999999995	35
218.12216999999995	42
218.28236166666662	42
218.44255333333328	42
218.60274499999994	47
218.7629366666666	42
218.9231283333333	35
218.9231283333333	42
219.08331999999996	35
219.08331999999996	49
219.24126166666662	42
219.3992033333333	42
219.55714499999996	38
219.71841999999998	42
219.87969499999997	35
219.87969499999997	42
220.04097	35
220.04097	42
220.19891166666665	42
220.3568533333333	42
220.51479499999996	47
220.67273666666665	42
220.8306783333333	35
220.8306783333333	42
220.98861999999997	35
220.98861999999997	42
221.14781166666663	42
221.3070033333333	42
221.46619499999997	38
221.62538666666663	42
221.78457833333331	35
221.78457833333331	42
221.94376999999997	35
221.94376999999997	42
222.10296166666663	42
222.26215333333332	42
222.42134499999997	47
222.58053666666663	42
222.7397283333333	35
222.7397283333333	42
222.89891999999998	35
222.89891999999998	42
223.05636166666665	42
223.21380333333332	42
223.371245	38
223.53201999999996	42
223.69279499999996	35
223.69279499999996	42
223.85356999999996	35
223.85356999999996	42
224.01101166666663	42
224.1684533333333	42
224.32589499999997	47
224.48333666666664	42
224.6407783333333	35
224.6407783333333	42
224.79821999999996	35
224.79821999999996	42
224.95766133333328	42
225.11710266666663	42
225.27654399999994	38
225.4359853333333	42
225.5954266666666	35
225.5954266666666	42
225.75486799999996	35
225.75486799999996	42
225.91097599999995	42
226.06708399999997	42
226.22319199999995	47
226.3826333333333	42
226.54207466666662	35
226.54207466666662	42
226.70151599999997	35
226.70151599999997	42
226.86070766666663	42
227.0198993333333	42
227.17909099999997	38
227.33828266666663	42
227.49747433333332	35
227.49747433333332	42
227.65666599999997	35
227.65666599999997	42
227.81585766666663	42
227.97504933333332	42
228.13424099999997	47
228.29343266666663	42
228.4526243333333	35
228.4526243333333	42
228.61181599999998	35
228.61181599999998	42
228.76667399999997	42
228.92153199999996	42
229.07638999999995	38
229.2345813333333	42
229.39277266666662	35
229.39277266666662	42
229.55096399999996	35
229.55096399999996	42
229.70915533333329	42
229.86734666666663	42
230.02553799999995	47
230.18706266666666	42
230.3485873333333	35
230.3485873333333	42
230.51011199999996	35
230.51011199999996	49