7.26272	35
7.4899925000000005	35
7.717265	38
7.9445375	38
8.17181	35
8.3990825	35
8.626355	38
8.8536275	38
9.0809	35
9.3081725	35
9.535445000000001	38
9.7627175	38
9.98999	35
10.2172625	35
10.444535	38
10.6718075	38
10.89908	35
11.1263525	35
11.353625000000001	38
11.5808975	38
11.80817	35
12.040442500000001	35
12.272715	38
12.4949875	38
12.71726	35
12.944532500000001	35
13.171805	38
13.3990775	38
13.62635	35
13.8536225	35
14.080895	38
14.3081675	38
14.53544	35
14.762712500000001	35
14.989985	38
15.2172575	38
15.44453	35
15.6718025	35
15.899075	38
16.126347499999998	38
16.35362	35
16.580892499999997	35
16.808165	38
17.035437499999997	38
17.26271	35
17.4899825	35
17.717254999999998	38
17.9445275	38
18.171799999999998	35
18.3990725	35
18.626344999999997	38
18.8536175	38
19.08089	35
19.308162499999998	35
19.535435	38
19.762707499999998	38
19.98998	35
20.671797499999997	35
21.808159999999997	35
22.0404325	35
22.272705	38
22.494977499999997	38
22.71725	35
22.9495225	35
23.181795	38
23.4090675	38
23.63634	35
23.8636125	35
24.090885	38
24.3181575	38
24.54543	35
24.7727025	35
24.999975	38
25.2272475	38
25.45452	35
25.6817925	35
25.909065000000002	38
26.1363375	38
26.36361	35
26.5908825	35
26.818155	38
27.0454275	38
27.2727	35
27.4999725	35
27.727245	38
27.9545175	38
28.18179	35
28.4090625	35
28.636335	38
28.8636075	38
29.09088	35
29.3181525	35
29.545425	38
29.7726975	38
29.99997	35
30.2272425	35
30.454515	38
30.6817875	38
30.90906	35
31.5858775	35
32.717240000000004	35
32.9445125	35
33.171785	38
33.399057500000005	38
33.62633	35
33.8536025	35
34.080875	38
34.308147500000004	38
34.53542	35
34.767692499999995	35
34.999965	38
35.2272375	38
35.45451	35
35.6817825	38
35.909055	38
36.1363275	38
36.3636	35
36.3636	42
36.5908725	35
36.5908725	42
36.818145	38
36.818145	42
37.0454175	38
37.0454175	42
37.27269	35
37.27269	42
37.4999625	35
37.4999625	42
37.727235	38
37.727235	42
37.9545075	38
37.9545075	42
38.18178	35
38.18178	42
38.4090525	35
38.4090525	42
38.636325	38
38.636325	42
38.8635975	38
38.8635975	42
39.09087	35
39.09087	42
39.3181425	35
39.3181425	42
39.545415	38
39.545415	42
39.7726875	38
39.7726875	42
39.99996	35
39.99996	42
40.2272325	35
40.2272325	42
40.454505	38
40.454505	42
40.67677750000001	38
40.67677750000001	42
40.89905	35
40.89905	42
41.131322499999996	35
41.131322499999996	42
41.363595	38
41.363595	42
41.5908675	38
41.5908675	42
41.81814	35
41.81814	42
42.4899575	35
42.4899575	42
43.62632	35
43.62632	42
43.853592500000005	35
43.853592500000005	42
44.080865	38
44.080865	42
44.3081375	38
44.3081375	42
44.53541	35
44.53541	42
44.7676825	35
44.7676825	42
44.999955	38
44.999955	42
45.2272275	38
45.2272275	42
45.4545	35
45.4545	42
45.6817725	35
45.6817725	42
45.909045	38
45.909045	42
46.1363175	38
46.1363175	42
46.36359	35
46.36359	42
46.5908625	35
46.5908625	42
46.818135	38
46.818135	42
47.0454075	38
47.0454075	42
47.27268	35
47.27268	42
47.4999525	35
47.4999525	42
47.727225	38
47.727225	42
47.9544975	38
47.9544975	42
48.18177	35
48.18177	42
48.4090425	35
48.4090425	42
48.636315	38
48.636315	42
48.8635875	38
48.8635875	42
49.09086	35
49.09086	42
49.3181325	35
49.3181325	42
49.545405	38
49.545405	42
49.7726775	38
49.7726775	42
49.99995	35
49.99995	42
50.2272225	35
50.2272225	42
50.454495	38
50.454495	42
50.6817675	38
50.6817675	42
50.90904	35
50.90904	42
51.1363125	35
51.1363125	42
51.363585	38
51.363585	42
51.5908575	38
51.5908575	42
51.818130000000004	35
51.818130000000004	42
52.0454025	35
52.0454025	42
52.272675	38
52.272675	42
52.4999475	38
52.4999475	42
52.72722	35
52.72722	42
53.3940375	35
53.3940375	42
54.5354	35
54.5354	42
54.767672499999996	35
54.767672499999996	42
54.999945	38
54.999945	42
55.2272175	42
55.34085375	42
55.45449	35
55.45449	42
55.6817625	35
55.6817625	42
56.36358	35
56.36358	42
56.5908525	35
56.5908525	42
56.818125	38
56.818125	42
57.0453975	42
57.15903375	42
57.27267	42
57.49494250000001	35
57.49494250000001	47
57.49494250000001	47
57.717215	38
57.9444875	42
58.17176	35
58.17176	49
59.98994	35
59.98994	49
60.45448499999999	38
60.45448499999999	42
60.90903	35
60.90903	42
61.1363025	35
61.363575	38
61.363575	42
61.81812	35
61.81812	42
62.0453925	35
62.272665	38
62.272665	42
62.71721000000001	35
62.71721000000001	42
62.949482499999995	35
63.181754999999995	38
63.181754999999995	42
63.404027500000005	38
63.515163750000006	38
63.62630000000001	35
63.62630000000001	49
63.8585725	35
64.090845	38
64.090845	42
64.54539	35
64.54539	42
64.7726625	35
64.999935	38
64.999935	42
65.2272075	47
65.34084375	47
65.45448	35
65.45448	49
67.27266000000002	35
67.27266000000002	49
67.727205	38
67.727205	42
68.18175	35
68.18175	42
68.4090225	35
68.636295	38
68.636295	42
69.08084	35
69.08084	42
69.3081125	35
69.53538499999999	38
69.53538499999999	42
69.76765749999998	38
69.88379375000001	38
69.99993	38
70.2272025	47
70.454475	47
70.56811125	47
70.6817475	47
70.90902	35
70.90902	49
71.363565	38
71.363565	49
71.81811	35
71.81811	49
72.0453825	35
72.272655	38
72.272655	49
72.7272	35
72.7272	49
72.9544725	35
73.181745	38
73.181745	49
73.51515375	38
73.62629	38
73.8535625	47
73.8535625	47
74.19447124999999	38
74.30810749999999	38
74.42174374999999	47
74.53537999999999	35
74.53537999999999	49
74.989925	38
74.989925	49
75.45447	35
75.45447	49
75.6817425	35
75.909015	38
75.909015	49
76.36356	35
76.36356	49
78.17174	35
78.17174	42
78.4040125	35
78.4040125	42
78.636285	38
78.636285	42
78.8635575	42
78.97719375	42
79.09083	35
79.09083	42
79.3131025	35
79.3131025	42
79.98992	35
79.98992	42
80.22219249999999	35
80.22219249999999	42
80.454465	38
80.454465	42
80.6767375	42
80.78787374999999	42
80.89900999999999	35
80.89900999999999	42
81.1262825	35
81.1262825	42
81.8081	35
81.8081	42
82.04037249999999	35
82.04037249999999	42
82.272645	38
82.272645	42
82.4949175	42
82.60605374999999	42
82.71718999999999	35
82.71718999999999	42
82.9444625	35
82.9444625	42
83.62628	35
83.62628	42
83.85855249999999	35
83.85855249999999	42
84.090825	38
84.090825	42
84.3180975	42
84.43173375	42
84.54537	42
84.7726425	35
84.7726425	47
84.999915	38
85.2271875	42
85.45446	35
85.45446	49
85.6817325	35
85.6817325	42
85.909005	38
86.1362775	38
86.36355	35
86.36355	42
86.5908225	35
86.818095	38
87.0453675	38
87.27264	35
87.27264	42
87.4999125	35
87.727185	38
87.95945750000001	38
88.19173	35
88.19173	42
88.4140025	35
88.636275	38
88.8635475	38
89.09082	35
89.09082	42
89.3180925	35
89.545365	38
89.7726375	38
89.99991	35
89.99991	42
90.2271825	35
90.454455	38
90.6817275	38
90.909	35
90.909	42
91.5908175	35
91.5908175	42
92.72718	35
92.72718	42
92.9544525	35
93.181725	38
93.4089975	38
93.63627	35
93.63627	42
93.8635425	35
94.090815	38
94.3180875	38
94.54536	35
94.54536	42
94.7726325	35
94.999905	38
95.2321775	38
95.46445	35
95.46445	42
95.6867225	35
95.908995	38
96.1362675	38
96.36354	35
96.36354	42
96.5908125	35
96.818085	38
97.0503575	38
97.28263000000001	35
97.28263000000001	42
97.5049025	35
97.727175	38
97.9544475	38
98.18172	35
98.18172	42
98.4089925	35
98.636265	38
98.86853750000002	38
99.10081000000001	35
99.10081000000001	42
99.3230825	35
99.545355	38
99.7726275	38
99.9999	35
99.9999	42
100.2321725	35
100.46444500000001	38
100.69171750000001	38
100.91899000000001	35
100.91899000000001	42
101.1462625	35
101.373535	38
101.59580749999999	38
101.81808	35
101.81808	42
102.50489750000001	35
102.50489750000001	42
103.62626	35
103.62626	49
103.85853250000001	35
104.090805	38
104.090805	42
104.31307749999999	42
104.42421374999999	42
104.53535000000001	35
104.53535000000001	42
104.7776225	35
104.7776225	42
105.45444	35
105.45444	42
105.6817125	35
105.6817125	42
105.908985	38
105.908985	42
106.14125750000001	42
106.25739375	42
106.37353	42
106.59580249999999	35
106.59580249999999	47
106.818075	38
107.0453475	42
107.27262	35
107.27262	49
109.0808	35
109.0808	49
109.545345	38
109.545345	42
109.99989	35
109.99989	42
110.2271625	35
110.454435	38
110.454435	42
110.90898	35
110.90898	42
111.1362525	35
111.363525	38
111.363525	42
111.80807	35
111.80807	42
112.04034250000001	35
112.272615	38
112.272615	42
112.4998875	38
112.61352375	38
112.72716	35
112.72716	49
112.9544325	35
113.181705	38
113.181705	42
113.62625	35
113.62625	42
113.8585225	38
113.97465875	38
114.09079499999999	47
114.19943124999999	47
114.30806749999999	47
114.41670375	47
114.52534000000001	35
114.52534000000001	49
116.36352	35
116.36352	49
116.818065	38
116.818065	42
117.27261	35
117.27261	42
117.4998825	35
117.727155	38
117.727155	42
118.1817	35
118.1817	42
118.4039725	35
118.626245	38
118.626245	42
118.8485175	38
118.95965375	38
119.07079	35
119.07079	47
119.18692625	38
119.3030625	38
119.41919874999999	38
119.53533499999999	35
119.53533499999999	47
119.64897124999999	47
119.7626075	47
119.87624375	47
119.98988	35
119.98988	49
120.454425	38
120.454425	49
120.90897	35
120.90897	49
121.1362425	35
121.363515	38
121.363515	49
121.69692375	38
121.80806	38
122.0353325	35
122.0353325	47
122.0353325	47
122.37624124999999	38
122.48987749999999	38
122.71714999999999	35
122.71714999999999	47
122.71714999999999	47
122.9444225	38
123.05805875	38
123.171695	35
123.171695	47
123.3989675	47
123.51260375	47
123.62624	35
123.62624	49
124.08078499999999	38
124.08078499999999	49
124.53533000000002	35
124.53533000000002	49
124.76760250000001	35
124.999875	38
124.999875	49
125.45442	35
125.45442	49
127.2726	35
127.2726	42
127.4998725	35
127.4998725	42
127.72714500000001	38
127.72714500000001	42
127.9544175	42
128.06805375	42
128.18168999999997	35
128.18168999999997	42
128.39896249999998	35
128.39896249999998	42
129.08078	35
129.08078	42
129.3080525	35
129.3080525	42
129.535325	38
129.535325	42
129.7625975	42
129.87623375	42
129.98987	42
130.22214250000002	35
130.22214250000002	47
130.454415	38
130.6816875	42
130.90896	35
130.90896	49
131.363505	38
131.363505	42
131.5907775	42
131.81805	35
131.81805	42
132.0453225	35
132.0453225	42
132.272595	38
132.272595	42
132.4998675	42
132.72714	35
132.72714	42
132.9544125	35
132.9544125	42
133.181685	38
133.181685	42
133.40395750000002	42
133.62623000000002	35
133.62623000000002	42
133.85850250000001	35
133.85850250000001	42
134.090775	38
134.090775	42
134.3130475	42
134.53532	35
134.53532	42
134.7675925	35
134.7675925	42
134.999865	38
134.999865	42
135.2271375	42
135.45441	35
135.45441	42
135.6816825	35
135.6816825	42
135.908955	38
135.908955	42
136.1362275	42
136.3635	35
136.3635	42
136.5907725	35
136.5907725	42
136.818045	38
136.818045	42
137.0453175	38
137.0453175	42
137.27259	35
137.27259	42
137.4998625	35
137.4998625	42
137.727135	38
137.727135	42
137.9544075	38
137.9544075	42
138.18168	35
138.18168	42
138.4039525	35
138.4039525	42
138.626225	38
138.626225	42
138.8534975	38
138.8534975	42
139.08077	35
139.08077	42
139.76258750000002	38
139.87622375	38
139.98986000000002	35
139.98986000000002	49
140.44440500000002	38
140.44440500000002	42
140.67167750000002	42
140.89895	35
140.89895	42
141.1262225	35
141.1262225	42
141.353495	38
141.353495	42
141.5807675	42
141.80804	35
141.80804	42
142.0353125	35
142.0353125	42
142.262585	38
142.262585	42
142.4898575	42
142.71713	35
142.71713	42
142.9444025	35
142.9444025	42
143.17167500000002	38
143.17167500000002	42
143.39894750000002	42
143.62622000000002	35
143.62622000000002	42
143.85349250000002	35
143.85349250000002	42
144.080765	38
144.080765	42
144.3080375	42
144.53531	35
144.53531	42
144.7675825	35
144.7675825	42
144.999855	38
144.999855	42
145.2271275	42
145.4544	35
145.4544	42
145.6816725	35
145.6816725	42
145.908945	38
145.908945	42
146.1312175	38
146.1312175	42
146.35349000000002	35
146.35349000000002	42
146.58076250000002	35
146.58076250000002	42
146.80803500000002	38
146.80803500000002	42
147.03530750000002	38
147.03530750000002	42
147.26258	35
147.26258	42
147.4898525	35
147.4898525	42
147.717125	38
147.717125	42
147.9443975	38
147.9443975	42
148.17167	35
148.17167	42
152.0453025	38
152.272575	38
152.4948475	38
152.71712000000002	35
152.71712000000002	42
152.94939250000002	35
152.94939250000002	42
153.181665	38
153.181665	42
153.4039375	38
153.4039375	42
153.62621000000001	35
153.62621000000001	42
153.8584825	35
153.8584825	42
154.090755	38
154.090755	42
154.3130275	38
154.3130275	42
154.5353	35
154.5353	42
155.2171175	35
155.2171175	42
156.35348000000002	35
156.35348000000002	42
156.58075250000002	35
156.58075250000002	42
156.80802500000001	38
156.80802500000001	42
157.0352975	38
157.0352975	42
157.26257	35
157.26257	42
157.4898425	35
157.4898425	42
157.717115	38
157.717115	42
157.9443875	38
157.9443875	42
158.17166	35
158.17166	42
158.3989325	35
158.3989325	42
158.626205	38
158.626205	42
158.8534775	38
158.8534775	42
159.08075000000002	35
159.08075000000002	42
159.30802250000002	35
159.30802250000002	42
159.53529500000002	38
159.53529500000002	42
159.76256750000002	38
159.76256750000002	42
159.98984000000002	35
159.98984000000002	42
160.2171125	35
160.2171125	42
160.444385	38
160.444385	42
160.6716575	38
160.6716575	42
160.89893	35
160.89893	42
161.1262025	35
161.1262025	42
161.353475	38
161.353475	42
161.5807475	38
161.5807475	42
161.80802	35
161.80802	42
162.0352925	35
162.0352925	42
162.26256500000002	38
162.26256500000002	42
162.48983750000002	38
162.48983750000002	42
162.71711000000002	35
162.71711000000002	42
162.94438250000002	35
162.94438250000002	42
163.17165500000002	38
163.17165500000002	42
163.3989275	38
163.3989275	42
163.6262	35
163.6262	42
163.8534725	35
163.8534725	42
164.080745	38
164.080745	42
164.3080175	38
164.3080175	42
164.53529	35
164.53529	42
164.7625625	35
164.7625625	42
164.98983500000003	38
164.98983500000003	42
165.22210750000002	38
165.22210750000002	42
165.45438	35
165.45438	42
166.14119750000003	35
166.14119750000003	42
167.27256	35
167.27256	42
167.4998325	35
167.4998325	42
167.727105	38
167.727105	42
167.9543775	42
168.06801375	42
168.18164999999996	35
168.18164999999996	42
168.40392249999996	35
168.40392249999996	42
169.08074000000002	35
169.08074000000002	42
169.30801250000002	35
169.30801250000002	42
169.53528500000004	38
169.53528500000004	42
169.76755750000004	42
169.88369375000002	42
169.99983	42
170.2271025	35
170.2271025	47
170.2271025	47
170.45437499999997	38
170.67664749999997	42
170.89892	35
170.89892	49
172.71710000000004	35
172.71710000000004	49
173.18164499999997	38
173.18164499999997	42
173.62619000000004	35
173.62619000000004	42
173.85846250000003	35
174.09073499999997	38
174.09073499999997	42
174.53528	35
174.53528	42
174.7625525	35
174.989825	38
174.989825	42
175.44437000000002	35
175.44437000000002	42
175.67164250000002	35
175.89891500000002	38
175.89891500000002	42
176.12618750000001	38
176.23982375	38
176.35346	35
176.35346	49
176.5807325	35
176.808005	38
176.808005	42
177.26255	35
177.26255	42
177.4898225	38
177.60345875000002	38
177.717095	47
177.83073125	47
177.9443675	38
178.05800375	38
178.17164000000002	35
178.17164000000002	49
179.99982	35
179.99982	49
180.454365	38
180.454365	42
180.90891	35
180.90891	42
181.1361825	35
181.36345499999996	38
181.36345499999996	42
181.80800000000005	35
181.80800000000005	42
182.04027250000004	35
182.27254499999998	38
182.27254499999998	42
182.60595374999997	38
182.71709	38
182.9443625	35
182.9443625	47
183.28527125000002	38
183.3989075	38
183.62618	35
183.62618	49
184.080725	38
184.080725	49
184.53527	35
184.53527	49
184.76254250000002	35
184.98981500000002	38
184.98981500000002	49
185.33072375	38
185.44436000000002	38
185.67163250000002	35
185.67163250000002	47
185.67163250000002	47
185.898905	47
186.01254125	38
186.1261775	38
186.35345	35
186.35345	47
186.35345	47
186.5807225	47
186.69435875000002	47
186.807995	35
186.807995	38
186.92163125000002	47
187.0352675	47
187.14890375000002	47
187.26254	35
187.26254	49
187.71708500000003	38
187.71708500000003	49
188.18163	35
188.18163	49
188.4089025	35
188.636175	38
188.636175	49
189.09072	35
189.09072	49
190.9089	35
190.9089	42
191.1361725	35
191.1361725	42
191.363445	38
191.363445	42
191.5907175	42
191.70435375	42
191.81799	35
191.81799	42
192.0452625	35
192.0452625	42
192.71708000000004	35
192.71708000000004	42
192.94935250000003	35
192.94935250000003	42
193.181625	38
193.181625	42
193.4088975	42
193.52253375	42
193.63617	42
193.8634425	35
193.8634425	47
193.8634425	47
194.09071499999996	38
194.31298749999996	42
194.53526000000005	35
194.53526000000005	49
194.999805	38
194.999805	42
195.2270775	42
195.45435	35
195.45435	42
195.6816225	35
195.6816225	42
195.908895	38
195.908895	42
196.1361675	42
196.36344	35
196.36344	42
196.5907125	35
196.5907125	42
196.817985	38
196.817985	42
197.0452575	42
197.27252999999996	35
197.27252999999996	42
197.49480249999996	35
197.49480249999996	42
197.71707500000002	38
197.71707500000002	42
197.94434750000002	42
198.17162000000002	35
198.17162000000002	42
198.39889250000002	35
198.39889250000002	42
198.62616500000001	38
198.62616500000001	42
198.8534375	42
199.08071	35
199.08071	42
199.3079825	35
199.3079825	42
199.535255	38
199.535255	42
199.7625275	42
199.98980000000003	35
199.98980000000003	42
200.22207250000002	35
200.22207250000002	42
200.45434499999996	38
200.45434499999996	42
200.67661749999996	38
200.67661749999996	42
200.89889000000002	35
200.89889000000002	42
201.12616250000002	35
201.12616250000002	42
201.35343500000002	38
201.35343500000002	42
201.69434375	35
201.80798000000001	38
201.80798000000001	42
203.62616000000006	35
203.62616000000006	38
203.62616000000006	42
205.45434000000003	35
205.45434000000003	38
205.45434000000003	42
209.08070000000004	35
209.08070000000004	38
209.08070000000004	42