14.53125	35
14.53125	47
14.53125	47
14.99	35
14.99	47
14.99	47
26.25	35
26.25	38
26.25	49
26.484375	35
26.71875	35
26.71875	38
26.948124999999997	35
27.1775	35
27.1775	38
27.411875	35
27.64625	35
27.64625	38
27.885624999999997	35
28.125	35
28.125	38
28.359375	35
28.59375	35
28.59375	38
28.828125	35
29.0625	35
29.0625	38
29.296875	35
29.53125	35
29.53125	38
29.765625	35
30.0	35
30.0	38
30.229374999999997	35
30.45875	35
30.45875	38
30.693125	35
30.9275	35
30.9275	38
31.161875	35
31.39625	35
31.39625	38
31.630625	35
31.865	35
31.865	38
32.104375	35
32.34375	35
32.34375	38
32.578125	35
32.8125	35
32.8125	38
33.046875	35
33.28125	35
33.28125	38
33.515625	35
33.75	35
33.75	38
33.984375	35
33.984375	38
34.1015625	38
34.21875	35
34.21875	38
34.448125000000005	35
34.448125000000005	38
34.6775	35
34.6775	38
34.911875	35
34.911875	38
35.0290625	38
35.14625	35
35.14625	38
35.385625000000005	35
35.385625000000005	38
35.625	35
35.625	38
35.859375	35
35.859375	38
35.9765625	38
36.09375	35
36.09375	38
36.328125	35
36.328125	38
36.5625	35
36.5625	38
36.796875	35
36.796875	38
36.9140625	38
37.03125	35
37.03125	38
37.265625	35
37.265625	38
37.5	35
37.5	38
37.734375	35
37.734375	38
37.8515625	38
37.96875	35
37.96875	38
38.203125	35
38.203125	38
38.4375	35
38.4375	38
38.671875	35
38.671875	38
38.7890625	38
38.90625	35
38.90625	38
39.140625	35
39.140625	38
39.2578125	38
39.375	35
39.375	38
39.609375	35
39.609375	38
39.7265625	38
39.84375	35
39.84375	38
40.073125000000005	35
40.073125000000005	38
40.77125	47
41.005625	47
41.24	35
41.24	49
41.474375	42
41.70875	35
41.70875	38
41.943125	42
42.1775	35
42.411875	42
42.64625	35
42.64625	38
42.885625000000005	42
43.125	35
43.359375	42
43.59375	35
43.59375	38
43.828125	42
44.0625	35
44.296875	42
44.53125	35
44.53125	38
44.53125	38
44.760625000000005	42
44.99	35
45.224375	42
45.45875	35
45.45875	38
45.693125	42
45.9275	35
46.161875	42
46.39625	35
46.39625	38
46.630625	42
46.865	35
47.104375000000005	42
47.34375	35
47.34375	38
47.578125	42
47.8125	35
47.8125	47
48.046875	47
48.28125	35
48.28125	38
48.28125	38
48.510625000000005	47
48.74	35
48.974375	42
49.20875	35
49.20875	38
49.443125	42
49.5603125	42
49.6775	35
49.911875	42
50.14625	35
50.14625	38
50.385625000000005	42
50.625	35
50.859375	42
51.09375	35
51.09375	38
51.328125	42
51.4453125	42
51.5625	35
51.791875000000005	42
52.02125	35
52.02125	38
52.02125	38
52.255625	42
52.49	35
52.724375	42
52.95875	35
52.95875	38
53.193125	42
53.3103125	42
53.4275	35
53.661875	42
53.89625	35
53.89625	38
54.130625	42
54.365	35
54.604375000000005	42
54.84375	35
54.84375	38
55.078125	42
55.1953125	42
55.3125	35
55.3125	47
55.541875000000005	47
55.77125	35
55.77125	38
55.77125	38
56.005625	47
56.24	35
56.24	49
56.70875	35
56.70875	38
57.1775	35
57.64625	35
57.64625	38
58.115	35
58.58375	35
58.58375	38
59.0525	35
59.52125	35
59.52125	38
59.52125	38
59.99	35
60.45875	35
60.45875	38
60.9275	35
61.39625	35
61.39625	38
61.865	35
62.33375	35
62.33375	38
62.8025	35
63.27125	35
63.27125	38
63.27125	38
63.505625	47
63.74	35
64.20875	35
64.20875	38
64.6775	35
65.14625	35
65.14625	38
65.615	35
66.08375	35
66.08375	38
66.5525	35
67.02125	35
67.02125	38
67.02125	38
67.49	35
67.95875	35
67.95875	38
68.4275	35
68.89625	35
68.89625	38
69.365	35
69.365	38
69.7240625	38
69.84375	35
69.84375	38
70.078125	38
70.3125	35
70.546875	38
70.78125	35
70.78125	38
70.8984375	38
71.015625	38
71.1328125	38
71.25	35
71.479375	42
71.70875	35
71.70875	38
71.943125	42
72.0603125	42
72.1775	35
72.411875	42
72.64625	35
72.64625	38
72.885625	42
73.125	35
73.359375	42
73.59375	35
73.59375	38
73.828125	42
73.9453125	42
74.0625	35
74.296875	42
74.53125	35
74.53125	38
74.53125	38
74.760625	42
74.99	35
75.224375	42
75.45875	35
75.45875	38
75.693125	42
75.8103125	42
75.9275	35
76.161875	42
76.39625	35
76.39625	38
76.630625	42
76.865	35
77.104375	42
77.34375	35
77.34375	38
77.578125	42
77.6953125	42
77.8125	35
77.8125	47
78.046875	47
78.28125	35
78.28125	38
78.28125	38
78.510625	47
78.74	35
78.974375	42
79.20875	35
79.20875	38
79.443125	42
79.5603125	42
79.6775	35
79.911875	42
80.14625	35
80.14625	38
80.385625	42
80.625	35
80.859375	42
81.09375	35
81.09375	38
81.328125	42
81.4453125	42
81.5625	35
81.796875	42
82.03125	35
82.03125	38
82.03125	38
82.260625	42
82.49	35
82.724375	42
82.95875	35
82.95875	38
83.193125	42
83.3103125	42
83.4275	35
83.661875	42
83.89625	35
83.89625	38
84.130625	42
84.365	35
84.365	38
84.7240625	38
84.84375	35
84.84375	38
85.078125	38
85.3125	35
85.546875	38
85.78125	38
85.8959375	38
86.010625	38
86.12531249999999	38
89.53125	35
89.53125	47
89.53125	47
89.760625	35
89.99	35
89.99	47
89.99	47
101.24	35
101.24	38
101.24	49
101.474375	35
101.70875	35
101.70875	38
101.943125	35
102.1775	35
102.1775	38
102.411875	35
102.64625	35
102.64625	38
102.885625	35
103.125	35
103.125	38
103.359375	35
103.59375	35
103.59375	38
103.828125	35
104.0625	35
104.0625	38
104.296875	35
104.53125	35
104.53125	38
104.765625	35
105.0	35
105.0	38
105.229375	35
105.45875	35
105.45875	38
105.693125	35
105.9275	35
105.9275	38
106.161875	35
106.39625	35
106.39625	38
106.630625	35
106.865	35
106.865	38
107.104375	35
107.34375	35
107.34375	38
107.578125	35
107.8125	35
107.8125	38
108.046875	35
108.28125	35
108.28125	38
108.515625	35
108.75	35
108.75	38
108.984375	35
108.984375	38
109.1015625	38
109.21875	35
109.21875	38
109.448125	35
109.448125	38
109.6775	35
109.6775	38
109.911875	35
109.911875	38
110.0290625	38
110.14625	35
110.14625	38
110.385625	35
110.385625	38
110.625	35
110.625	38
110.859375	35
110.859375	38
110.9765625	38
111.09375	35
111.09375	38
111.328125	35
111.328125	38
111.5625	35
111.5625	38
111.796875	35
111.796875	38
111.9140625	38
112.03125	35
112.03125	38
112.265625	35
112.265625	38
112.5	35
112.5	38
112.734375	35
112.734375	38
112.8515625	38
112.96875	35
112.96875	38
113.198125	35
113.198125	38
113.4275	35
113.4275	38
113.661875	35
113.661875	38
113.7790625	38
113.89625	35
113.89625	38
114.130625	35
114.130625	38
114.2478125	38
114.365	35
114.365	38
114.604375	35
114.604375	38
114.7240625	38
114.84375	35
114.84375	38
115.073125	38
115.77125	47
116.005625	47
116.24	35
116.24	49
116.474375	42
116.70875	35
116.70875	38
116.943125	42
117.1775	35
117.411875	42
117.64625	35
117.64625	38
117.885625	42
118.125	35
118.359375	42
118.59375	35
118.59375	38
118.828125	42
119.0625	35
119.296875	42
119.53125	35
119.53125	38
119.53125	38
119.760625	42
119.99	35
120.224375	42
120.45875	35
120.45875	38
120.693125	42
120.9275	35
121.161875	42
121.39625	35
121.39625	38
121.630625	42
121.865	35
122.104375	42
122.34375	35
122.34375	38
122.578125	42
122.8125	35
122.8125	47
123.046875	47
123.28125	35
123.28125	38
123.28125	38
123.510625	47
123.74	35
123.974375	42
124.20875	35
124.20875	38
124.443125	42
124.5603125	42
124.6775	35
124.911875	42
125.14625	35
125.14625	38
125.385625	42
125.625	35
125.859375	42
126.09375	35
126.09375	38
126.328125	42
126.5625	35
126.796875	42
127.03125	35
127.03125	38
127.03125	38
127.260625	42
127.49	35
127.724375	42
127.95875	35
127.95875	38
128.193125	42
128.4275	35
128.661875	42
128.89625	35
128.89625	38
129.130625	42
129.365	35
129.604375	42
129.84375	35
129.84375	38
130.078125	42
130.3125	35
130.546875	42
130.78125	35
130.78125	38
131.010625	42
131.24	35
131.24	49
131.474375	42
131.70875	38
131.943125	42
132.1775	35
132.411875	42
132.64625	38
132.880625	42
133.115	35
133.349375	42
133.58375	38
133.818125	42
134.0525	35
134.286875	47
134.52125	35
134.52125	38
134.52125	38
134.755625	47
134.99	35
135.224375	42
135.45875	38
135.693125	42
135.9275	35
136.161875	42
136.39625	38
136.630625	42
136.865	35
137.099375	42
137.33375	38
137.568125	42
137.8025	35
138.036875	47
138.27125	35
138.27125	38
138.27125	38
138.505625	47
138.74	35
138.974375	42
139.20875	38
139.443125	42
139.6775	35
139.911875	42
140.14625	38
140.380625	42
140.615	35
140.854375	42
141.09375	38
141.328125	42
141.5625	35
141.796875	47
142.03125	35
142.03125	38
142.03125	38
142.260625	47
142.49	35
142.724375	42
142.95875	38
143.193125	42
143.4275	35
143.661875	42
143.89625	38
144.365	35
144.365	38
144.7240625	38
144.84375	38
145.078125	38
145.3125	35
145.546875	38
145.78125	38
145.8984375	38
146.015625	38
146.1328125	38
146.25	35
146.479375	42
146.70875	35
146.70875	38
146.943125	42
147.0603125	42
147.1775	35
147.411875	42
147.64625	35
147.64625	38
147.885625	42
148.125	35
148.359375	42
148.59375	35
148.59375	38
148.828125	42
148.9453125	42
149.0625	35
149.296875	47
149.53125	35
149.53125	38
149.53125	38
149.760625	47
149.99	35
150.224375	42
150.45875	35
150.45875	38
150.693125	42
150.8103125	42
150.9275	35
151.161875	42
151.39625	35
151.39625	38
151.630625	42
151.865	35
152.104375	42
152.34375	35
152.34375	38
152.578125	42
152.6953125	42
152.8125	35
152.8125	47
153.046875	47
153.28125	35
153.28125	38
153.28125	38
153.515625	47
153.75	35
153.979375	42
154.20875	35
154.20875	38
154.443125	42
154.5603125	42
154.6775	35
154.911875	42
155.14625	35
155.14625	38
155.385625	42
155.625	35
155.859375	42
156.09375	35
156.09375	38
156.328125	42
156.4453125	42
156.5625	35
156.796875	47
157.03125	35
157.03125	38
157.03125	38
157.260625	47
157.49	35
157.724375	42
157.95875	35
157.95875	38
158.193125	42
158.3103125	42
158.4275	35
158.661875	42
158.89625	35
158.89625	38
159.130625	42
159.365	35
159.365	38
159.604375	42
159.84375	35
159.84375	38
160.078125	42
160.3125	35
160.546875	38
160.78125	38
160.8959375	38
161.010625	38
161.1253125	38
168.75	35
168.75	38
168.979375	35
169.20875	35
169.20875	38
169.443125	35
169.6775	35
169.6775	38
169.911875	35
170.14625	35
170.14625	38
170.385625	35
170.625	35
170.625	38
170.859375	35
171.09375	35
171.09375	38
171.328125	35
171.5625	35
171.5625	38
171.796875	35
172.03125	35
172.03125	47
172.03125	47
172.260625	35
172.49	35
172.49	47
172.49	47
172.724375	35
172.95875	35
172.95875	38
173.193125	35
173.4275	35
173.4275	38
173.661875	35
173.89625	35
173.89625	38
174.130625	35
174.365	35
174.365	38
174.604375	35
174.84375	35
174.84375	38
175.078125	35
175.3125	35
175.3125	38
175.546875	35
175.78125	35
175.78125	38
176.015625	35
176.25	35
176.25	38
176.484375	35
176.484375	38
176.6015625	38
176.71875	35
176.71875	38
176.953125	35
176.953125	38
177.1875	35
177.1875	38
177.421875	35
177.421875	38
177.5390625	38
177.65625	35
177.65625	38
177.890625	35
177.890625	38
178.125	35
178.125	38
178.359375	35
178.359375	38
178.4765625	38
178.59375	35
178.59375	38
178.828125	35
178.828125	38
179.0625	35
179.0625	38
179.296875	35
179.296875	38
179.4140625	38
179.53125	35
179.53125	38
179.765625	35
179.765625	38
180.0	35
180.0	38
180.234375	35
180.234375	38
180.3515625	38
180.46875	35
180.46875	38
180.698125	35
180.698125	38
180.9275	35
180.9275	38
181.161875	35
181.161875	38
181.2790625	38
181.39625	35
181.39625	38
181.630625	35
181.630625	38
181.7478125	38
181.865	35
181.865	38
182.104375	35
182.104375	38
182.2240625	38
182.34375	35
182.34375	38
182.573125	35
182.573125	38
183.27125	47
183.505625	47
183.74	35
183.74	49
183.974375	42
184.20875	35
184.20875	38
184.20875	49
184.443125	42
184.6775	35
184.6775	49
184.911875	42
185.14625	35
185.14625	38
185.14625	49
185.385625	42
185.625	35
185.625	49
185.859375	42
186.09375	35
186.09375	38
186.09375	49
186.328125	42
186.5625	35
186.5625	49
186.796875	42
187.03125	35
187.03125	38
187.03125	38
187.260625	42
187.49	35
187.49	49
187.724375	42
187.95875	35
187.95875	38
187.95875	49
188.193125	42
188.4275	35
188.4275	49
188.661875	42
188.89625	35
188.89625	38
188.89625	49
189.130625	42
189.365	35
189.365	49
189.604375	42
189.84375	35
189.84375	38
189.84375	49
190.078125	42
190.3125	35
190.3125	47
190.546875	47
190.78125	35
190.78125	38
190.78125	38
191.010625	47
191.24	35
191.24	49
191.474375	42
191.70875	35
191.70875	38
191.70875	49
191.943125	42
192.0603125	42
192.1775	35
192.1775	49
192.411875	42
192.64625	35
192.64625	38
192.64625	49
192.885625	42
193.125	35
193.125	49
193.359375	42
193.59375	35
193.59375	38
193.59375	49
193.828125	42
193.9453125	42
194.0625	35
194.0625	49
194.296875	42
194.53125	35
194.53125	38
194.53125	38
194.760625	42
194.99	35
194.99	49
195.224375	42
195.45875	35
195.45875	38
195.45875	49
195.693125	42
195.8103125	42
195.9275	35
195.9275	49
196.161875	42
196.39625	35
196.39625	38
196.39625	49
196.630625	42
196.865	35
196.865	38
197.2240625	38
197.34375	35
197.34375	38
197.578125	38
197.8125	35
197.8125	38
198.041875	38
198.27125	35
198.27125	38
198.3884375	38
198.505625	38
198.6228125	38
198.74	35
198.74	49
198.974375	42
199.20875	35
199.20875	38
199.20875	49
199.443125	42
199.6775	35
199.6775	49
199.911875	42
200.14625	35
200.14625	38
200.14625	49
200.385625	42
200.625	35
200.625	49
200.859375	42
201.09375	35
201.09375	38
201.09375	49
201.328125	42
201.5625	35
201.5625	49
201.796875	42
202.03125	35
202.03125	38
202.03125	38
202.260625	42
202.49	35
202.49	49
202.724375	42
202.95875	35
202.95875	38
202.95875	49
203.193125	42
203.4275	35
203.4275	49
203.661875	42
203.89625	35
203.89625	38
203.89625	49
204.130625	42
204.365	35
204.365	49
204.604375	42
204.84375	35
204.84375	38
204.84375	49
205.078125	42
205.3125	35
205.3125	49
205.541875	42
205.77125	35
205.77125	38
205.77125	38
206.005625	42
206.24	35
206.24	49
206.474375	42
206.70875	35
206.70875	38
206.70875	49
206.943125	42
207.1775	35
207.1775	49
207.411875	42
207.64625	35
207.64625	38
207.64625	49
207.885625	42
208.125	35
208.125	49
208.359375	42
208.59375	35
208.59375	38
208.59375	49
208.828125	42
209.0625	35
209.0625	49
209.296875	42
209.53125	35
209.53125	38
209.53125	38
209.760625	42
209.99	35
209.99	49
210.224375	42
210.45875	35
210.45875	38
210.45875	49
210.693125	42
210.9275	35
210.9275	49
211.161875	42
211.39625	35
211.39625	38
211.39625	49
211.630625	42
211.865	35
211.865	49
212.104375	42
212.34375	35
212.34375	38
212.34375	49
212.578125	42
212.8125	35
212.8125	49
213.046875	42
213.28125	35
213.28125	38
213.515625	42