20.077270666666667	47
20.251269333333333	47
20.425268000000003	38
20.59593333333333	47
20.766598666666667	47
20.937264	35
20.937264	47
21.282595333333333	35
21.455261	38
21.455261	47
21.813925666666666	35
21.813925666666666	47
22.162590333333334	47
22.331922666666667	35
22.501255	38
22.501255	47
22.839919666666667	35
23.009252	35
23.009252	47
23.353083333333334	35
23.524999	38
23.524999	47
23.875497000000003	35
23.875497000000003	47
24.387910666666667	35
24.556493	38
24.556493	47
24.728408666666667	47
24.900324333333334	47
25.07224	35
25.07224	47
25.416571333333334	35
25.588737000000002	38
25.588737000000002	47
25.933068333333335	35
25.933068333333335	47
26.105234	47
26.456232000000004	35
26.631731000000002	38
26.631731000000002	47
26.80389666666667	47
27.148228000000003	35
27.148228000000003	47
27.504226000000003	35
27.682225000000006	38
27.682225000000006	47
28.031556333333338	35
28.031556333333338	47
28.206222000000004	47
28.54888666666667	35
28.720219000000004	38
28.720219000000004	47
28.89488466666667	47
29.069550333333336	47
29.244216	35
29.244216	47
29.589047333333333	35
29.761463000000003	38
29.761463000000003	47
30.106294333333334	35
30.106294333333334	47
30.45112566666667	47
30.623541333333336	35
30.795957	38
30.795957	47
31.140788333333333	35
31.313204000000002	35
31.313204000000002	47
31.666202000000002	35
31.842701000000005	38
31.842701000000005	47
32.18903233333334	35
32.18903233333334	47
32.362198	47
32.70852933333333	35
32.881695	38
32.881695	47
33.05152733333334	47
33.391192000000004	35
33.391192000000004	47
33.74618933333334	35
33.923688	38
33.923688	47
34.27201866666667	35
34.27201866666667	47
34.446184	47
34.787848000000004	35
34.95868	38
34.95868	47
35.129512000000005	47
35.47117600000001	35
35.47117600000001	47
35.81700733333334	35
35.989923000000005	38
35.989923000000005	47
36.33575433333334	35
36.33575433333334	47
36.50867000000001	47
36.85450133333334	35
37.02741700000001	38
37.02741700000001	47
37.536164	35
37.536164	47
37.890661333333334	35
38.067910000000005	38
38.067910000000005	47
38.42240733333334	35
38.42240733333334	47
38.94748666666667	35
39.121402	38
39.121402	47
39.29531733333334	47
39.643148000000004	35
39.643148000000004	47
39.98331266666667	35
40.153395	38
40.153395	47
40.506893000000005	35
40.506893000000005	47
41.03047333333334	35
41.203889000000004	38
41.203889000000004	47
41.37397133333334	47
41.714136	35
41.714136	47
42.05730066666667	35
42.228882999999996	38
42.228882999999996	47
42.592047666666666	35
42.592047666666666	47
42.773630000000004	47
43.116794666666664	35
43.288377000000004	38
43.288377000000004	47
43.466626	47
43.823124	35
43.823124	47
44.16078866666667	35
44.329621	38
44.329621	47
44.667285666666665	35
44.667285666666665	47
44.836118	47
45.008283666666664	47
45.18044933333333	35
45.352615	38
45.352615	47
45.524780666666665	47
45.69694633333333	47
45.869111999999994	35
45.869111999999994	47
46.21127666666666	35
46.382358999999994	38
46.382358999999994	47
46.744523666666666	35
46.744523666666666	47
47.10002166666666	47
47.27443733333333	35
47.448853	38
47.448853	47
47.804351	35
47.982099999999996	35
47.982099999999996	47
48.324264666666664	35
48.495347	38
48.495347	47
48.85751166666666	35
48.85751166666666	47
49.38075866666666	35
49.551840999999996	38
49.551840999999996	47
49.71959	47
49.887339	47
50.05508799999999	35
50.05508799999999	47
50.41475266666666	35
50.594584999999995	38
50.594584999999995	47
50.947582999999995	35
50.947582999999995	47
51.124081999999994	47
51.470413333333326	35
51.643578999999995	38
51.643578999999995	47
51.81007799999999	47
52.14307599999999	35
52.14307599999999	47
52.49190733333333	35
52.66632299999999	38
52.66632299999999	47
53.01515433333333	35
53.01515433333333	47
53.189569999999996	47
53.538401333333326	35
53.712816999999994	38
53.712816999999994	47
53.880565999999995	47
54.048314999999995	47
54.21606399999999	35
54.21606399999999	47
54.57672799999999	35
54.75705999999999	38
54.75705999999999	47
55.11772399999999	35
55.11772399999999	47
55.47172133333332	47
55.64538666666665	35
55.819051999999985	38
55.819051999999985	47
55.989383999999994	35
56.33004799999999	35
56.33004799999999	47
56.668212666666655	35
56.83729499999999	38
56.83729499999999	47
57.18212633333333	35
57.18212633333333	47
57.69937333333333	35
57.87178899999999	38
57.87178899999999	47
58.04420466666666	47
58.216620333333324	47
58.38903599999999	35
58.38903599999999	47
58.73336733333333	35
58.90553299999999	38
58.90553299999999	47
59.24986433333332	35
59.24986433333332	47
59.42202999999999	47
59.59419566666666	47
59.76636133333332	35
59.93852699999999	38
59.93852699999999	47
60.11069266666666	47
60.28285833333332	47
60.45502399999999	35
60.45502399999999	47
60.80802199999999	35
60.98452099999999	38
60.98452099999999	47
61.33085233333332	35
61.33085233333332	47
61.50401799999999	47
61.85034933333332	35
62.02351499999999	38
62.02351499999999	47
62.19334733333332	47
62.36317966666665	47
62.533011999999985	35
62.533011999999985	47
62.879343333333324	35
63.052508999999986	38
63.052508999999986	47
63.405506999999986	35
63.405506999999986	47
63.755171666666655	47
63.92833733333332	35
64.10150299999998	38
64.10150299999998	47
64.27133533333333	47
64.61099999999998	35
64.61099999999998	47
64.95683133333331	35
65.12974699999998	38
65.12974699999998	47
65.48224499999998	35
65.48224499999998	47
65.65849399999998	47
65.83140966666664	47
66.00432533333331	35
66.17724099999998	38
66.17724099999998	47
66.34682333333332	47
66.51640566666664	47
66.68598799999998	35
66.68598799999998	47
67.03848599999998	35
67.21473499999998	38
67.21473499999998	47
67.56056633333331	35
67.56056633333331	47
67.73348199999998	47
67.90639766666665	47
68.07931333333332	35
68.25222899999999	38
68.25222899999999	47
68.59806033333331	47
68.77097599999998	35
68.77097599999998	47
69.11580733333331	35
69.28822299999997	38
69.28822299999997	47
69.63972099999998	35
69.63972099999998	47
69.81546999999998	47
70.14696799999997	35
70.31271699999998	38
70.31271699999998	47
70.48513266666664	47
70.65754833333331	47
70.82996399999998	35
70.82996399999998	47
71.18396133333331	35
71.36095999999998	38
71.36095999999998	47
71.70829066666664	35
71.70829066666664	47
72.05562133333332	47
72.22928666666665	35
72.40295199999998	38
72.40295199999998	47
72.74361599999997	35
72.91394799999998	35
72.91394799999998	47
73.26177866666664	35
73.43569399999997	38
73.43569399999997	47
73.79019133333331	35
73.79019133333331	47
74.31527066666665	35
74.48918599999998	38
74.48918599999998	47
74.66310133333332	47
74.83701666666664	47
75.01093199999998	35
75.01093199999998	47
75.36226333333332	35
75.53792899999998	38
75.53792899999998	47
75.89592699999999	35
75.89592699999999	47
76.07492599999999	47
76.41959066666665	35
76.59192299999998	38
76.59192299999998	47
76.76758866666665	47
77.11891999999999	35
77.11891999999999	47
77.47025133333332	35
77.64591699999998	38
77.64591699999998	47
78.00391499999999	35
78.00391499999999	47
78.18291399999998	47
78.52757866666664	35
78.69991099999999	38
78.69991099999999	47
79.04457566666665	47
79.21690799999998	35
79.21690799999998	47
79.57907266666666	35
79.76015499999998	38
79.76015499999998	47
80.10898633333332	35
80.10898633333332	47
80.45448433333333	47
80.62556666666664	35
80.79664899999997	38
80.79664899999997	47
81.14548033333331	35
81.31989599999999	35
81.31989599999999	47
81.66672733333331	35
81.84014299999998	38
81.84014299999998	47
82.18697433333332	35
82.18697433333332	47
82.36038999999998	47
82.70055466666665	35
82.87063699999997	38
82.87063699999997	47
83.21746833333331	47
83.39088399999999	35
83.39088399999999	47
83.73921466666665	35
83.91337999999999	38
83.91337999999999	47
84.255044	35
84.255044	47
84.42587599999999	47
84.77420666666666	35
84.94837199999999	38
84.94837199999999	47
85.12587066666666	47
85.48086799999999	35
85.48086799999999	47
85.82919866666666	35
86.00336399999999	38
86.00336399999999	47
86.35169466666665	35
86.35169466666665	47
86.52585999999998	47
86.87419066666665	35
87.04835599999998	38
87.04835599999998	47
87.39668666666665	47
87.57085199999999	35
87.57085199999999	47
87.91968333333332	35
88.09409899999999	38
88.09409899999999	47
88.44293033333332	35
88.44293033333332	47
88.79176166666666	47
88.96617733333332	35
89.14059299999998	38
89.14059299999998	47
89.48942433333332	35
89.66384	35
89.66384	47
90.01367133333332	35
90.188587	38
90.188587	47
90.53841833333333	35
90.53841833333333	47
91.05649866666667	35
91.228081	38
91.228081	47
91.40633	47
91.58457899999999	47
91.762828	35
91.762828	47
92.10549266666668	35
92.276825	38
92.276825	47
92.632823	35
92.632823	47
92.810822	47
93.16015333333333	35
93.334819	38
93.334819	47
93.50948466666667	47
93.68415033333333	47
93.858816	35
93.858816	47
94.20814733333333	35
94.382813	38
94.382813	47
94.73214433333334	35
94.73214433333334	47
94.90681	47
95.08147566666666	47
95.25614133333333	35
95.25614133333333	47
95.430807	38
95.430807	47
95.608806	47
95.786805	47
95.964804	35
95.964804	47
96.31613533333334	35
96.491801	38
96.491801	47
96.85646566666667	35
96.85646566666667	47
97.038798	47
97.21113033333333	47
97.38346266666667	35
97.555795	38
97.555795	47
97.90712633333334	35
98.08279200000001	35
98.08279200000001	47
98.43045666666667	35
98.60428900000001	38
98.60428900000001	47
98.95195366666667	35
98.95195366666667	47
99.125786	47
99.48678400000001	35
99.66728300000001	38
99.66728300000001	47
99.84444866666668	47
100.02161433333335	47
100.19878000000001	35
100.19878000000001	47
100.55561133333335	35
100.73402700000001	38
100.73402700000001	47
101.09085833333334	35
101.09085833333334	47
101.26927400000001	47
101.44768966666668	47
101.62610533333334	35
101.80452100000001	38
101.80452100000001	47
101.98293666666667	47
102.16135233333334	47
102.33976800000002	35
102.33976800000002	47
102.68493266666668	35
102.85751500000002	38
102.85751500000002	47
103.20934633333334	35
103.20934633333334	47
103.38526200000001	47
103.56451100000002	47
103.74376000000002	35
103.92300900000002	38
103.92300900000002	47
104.26817366666668	47
104.44075600000002	35
104.44075600000002	47
104.79458733333335	35
104.97150300000003	38
104.97150300000003	47
105.32533433333336	35
105.32533433333336	47
105.68249900000004	47
105.86274800000002	35
106.04299700000003	38
106.04299700000003	47
106.39682833333336	35
106.57374400000003	35
106.57374400000003	47
106.9189086666667	35
107.09149100000003	38
107.09149100000003	47
107.4366556666667	35
107.4366556666667	47
107.9544026666667	35
108.12698500000003	38
108.12698500000003	47
108.30956733333338	47
108.4921496666667	47
108.67473200000003	35
108.67473200000003	47
109.02406333333337	35
109.19872900000003	38
109.19872900000003	47
109.54806033333337	35
109.54806033333337	47
109.72272600000004	47
110.0653906666667	35
110.23672300000004	38
110.23672300000004	47
110.41472200000004	47
110.77072000000004	35
110.77072000000004	47
111.12305133333338	35
111.29921700000004	38
111.29921700000004	47
111.65154833333337	35
111.65154833333337	47
111.82771400000004	47
112.17337866666671	35
112.34621100000005	38
112.34621100000005	47
112.52904333333339	47
112.71187566666671	47
112.89470800000005	35
112.89470800000005	47
113.24603933333339	35
113.42170500000005	38
113.42170500000005	47
113.7663696666667	35
113.7663696666667	47
113.93870200000005	47
114.28336666666672	35
114.45569900000005	38
114.45569900000005	47
114.63469800000006	47
114.81369700000005	35
114.99269600000005	35
114.99269600000005	47
115.34402733333339	35
115.51969300000005	38
115.51969300000005	47
115.87102433333338	35
115.87102433333338	47
116.39802133333338	35
116.57368700000005	38
116.57368700000005	47
116.74935266666671	47
116.92501833333338	47
117.10068400000004	35
117.10068400000004	47
117.45051533333337	35
117.62543100000005	38
117.62543100000005	47
117.97526233333338	35
117.97526233333338	47
118.15017800000004	47
118.32509366666672	47
118.50000933333338	35
118.67492500000004	38
118.67492500000004	47
118.84984066666671	47
119.02475633333337	47
119.19967200000005	35
119.19967200000005	47
119.54900333333339	35
119.72366900000004	38
119.72366900000004	47
120.07300033333338	35
120.07300033333338	47
120.24766600000005	47
120.41899833333339	47
120.59033066666672	35
120.76166300000006	38
120.93632866666672	38
121.1109943333334	38
121.28566000000006	35
121.28566000000006	49
121.65215800000006	35
121.83540700000006	38
121.83540700000006	47
122.20190500000007	35
122.20190500000007	47
122.56506966666673	47
122.74498533333339	35
122.92490100000006	38
122.92490100000006	47
123.2847323333334	35
123.46464800000005	35
123.46464800000005	47
123.81703800000005	35
123.99323300000006	38
123.99323300000006	47
124.3589563333334	35
124.3589563333334	47
124.88754133333339	35
125.06040300000006	38
125.06040300000006	47
125.22993133333338	47
125.39945966666671	47
125.56898800000005	35
125.56898800000005	47
125.92171133333339	35
126.09807300000006	38
126.09807300000006	47
126.46412966666672	35
126.46412966666672	47
126.64715800000005	47
126.99988133333339	35
127.17624300000006	38
127.17624300000006	47
127.35593800000005	47
127.71532800000006	35
127.71532800000006	47
128.06321800000003	35
128.23716300000004	38
128.23716300000004	47
128.59171966666673	35
128.59171966666673	47
128.76899800000007	47
128.94294300000007	47
129.11688800000007	35
129.29083300000005	38
129.29083300000005	47
129.46477800000005	38
129.63872300000006	38
129.81266800000006	35
129.81266800000006	49
130.16835000000006	35
130.34619100000006	38
130.34619100000006	47
130.71520633333338	35
130.71520633333338	47
131.07755500000005	47
131.25539600000005	35
131.43323700000005	38
131.43323700000005	47
131.7822523333334	35
131.95676000000006	35
131.95676000000006	47
132.31094200000007	35
132.48803300000006	38
132.48803300000006	47
132.84888166666673	35
132.84888166666673	47
133.02930600000005	47
133.3768213333334	35
133.55057900000006	38
133.55057900000006	47
133.90476100000006	47
134.08185200000005	35
134.08185200000005	47
134.43303333333338	35
134.60862400000005	38
134.60862400000005	47
134.95980533333338	35
134.95980533333338	47
135.13539600000004	47
135.4865773333334	35
135.66216800000007	38
135.66216800000007	47
135.8344253333334	47
136.17894000000007	35
136.17894000000007	47
136.5301213333334	35
136.70571200000006	38
136.70571200000006	47
137.0568933333334	35
137.0568933333334	47
137.23248400000006	47
137.4047413333334	47
137.5769986666667	35
137.74925600000003	38
137.74925600000003	47
137.92818000000005	38
138.10710400000008	38
138.28602800000007	35
138.28602800000007	49
138.6572093333334	35
138.84280000000007	38
138.84280000000007	47
139.1939813333334	35
139.1939813333334	47
139.54516266666673	47
139.7207533333334	35
139.89634400000006	38
139.89634400000006	47
140.07193466666672	47
140.24752533333339	35
140.42311600000008	35
140.42311600000008	47
140.78046466666675	35
140.95913900000008	38
140.95913900000008	47
141.30982100000006	35
141.30982100000006	47
141.48516200000006	47
141.8291773333334	35
142.00118500000008	38
142.00118500000008	47
142.17319266666675	47
142.3452003333334	47
142.51720800000007	35
142.51720800000007	47
142.8632233333334	35
143.03623100000007	38
143.03623100000007	47
143.3889130000001	35
143.3889130000001	47
143.56525400000007	47
143.91793600000008	35
144.0942770000001	38
144.0942770000001	47
144.27061800000007	47
144.44695900000008	47
144.62330000000009	35
144.62330000000009	47
144.96348200000008	35
145.1335730000001	38
145.1335730000001	47
145.48042166666676	35
145.48042166666676	47
145.65384600000007	47
145.8239370000001	47
145.99402800000007	35
146.16411900000008	38
146.16411900000008	47
146.33087666666674	38
146.49763433333342	38
146.66439200000008	35
146.66439200000008	49
147.02632400000007	35
147.20729000000006	38
147.20729000000006	47
147.5625553333334	35
147.5625553333334	47
147.9144873333334	47
148.08878666666675	35
148.26308600000007	38
148.26308600000007	47
148.61168466666675	35
148.7859840000001	35
148.7859840000001	47
149.13124933333344	35
149.3038820000001	38
149.3038820000001	47
149.64914733333345	35
149.64914733333345	47
149.8217800000001	47
150.16704533333342	35
150.3396780000001	38
150.3396780000001	47
150.68494333333342	47
150.8575760000001	35
150.8575760000001	47
151.2105080000001	35
151.3869740000001	38
151.3869740000001	47
151.73323933333344	35
151.73323933333344	47
151.9063720000001	47
152.24597066666678	35
152.4157700000001	38
152.4157700000001	47
152.58890266666677	47
152.76203533333344	47
152.93516800000012	35
152.93516800000012	47
153.28360000000012	35
153.45781600000012	38
153.45781600000012	47
153.8062480000001	35
153.8062480000001	47
153.9804640000001	47
154.15134666666677	47
154.32222933333344	35
154.4931120000001	38
154.4931120000001	47
154.6573280000001	38
154.8215440000001	38
154.9857600000001	35
154.9857600000001	49
155.33202533333343	35
155.5051580000001	38
155.5051580000001	47
155.85809000000012	35
155.85809000000012	47
156.0345560000001	47
156.38082133333344	35
156.5539540000001	38
156.5539540000001	47
156.72708666666676	47
156.90021933333344	47
157.0733520000001	35
157.0733520000001	47
157.4119506666668	35
157.58125000000013	38
157.58125000000013	47
157.93318200000013	35
157.93318200000013	47
158.45441333333343	35
158.62704600000012	38
158.62704600000012	47
158.79967866666678	47
158.97231133333344	47
159.14494400000012	35
159.14494400000012	47
159.49420933333346	35
159.66884200000013	38
159.66884200000013	47
160.01810733333346	35
160.01810733333346	47
160.19274000000013	47
160.5353386666668	35
160.70663800000014	38
160.70663800000014	47
160.88460400000014	47
161.06257000000014	47
161.24053600000013	35
161.24053600000013	47
161.58880133333346	35
161.76293400000014	38
161.76293400000014	47
162.11119933333347	35
162.11119933333347	47
162.28533200000012	47
162.45613133333347	47
162.6269306666668	35
162.79773000000014	38
162.79773000000014	47
162.97186266666682	47
163.14599533333347	47
163.32012800000015	35
163.32012800000015	47
163.6703933333335	35
163.84552600000015	38
163.84552600000015	47
164.20245800000015	35
164.20245800000015	47
164.38092400000014	47
164.73118933333348	35
164.90632200000013	38
164.90632200000013	47
165.08145466666682	47
165.25658733333347	35
165.43172000000015	35
165.43172000000015	47
165.78198533333347	35
165.95711800000015	38
165.95711800000015	47
166.3073833333335	35
166.3073833333335	47
166.48251600000015	47
166.6576486666668	47
166.8327813333335	35
167.00791400000014	38
167.00791400000014	47
167.1830466666668	47
167.35817933333348	47
168.07521000000014	38
168.07521000000014	42
168.61710800000014	42
169.15900600000015	38
169.15900600000015	42
169.70090400000015	42
169.88287500000015	42
170.06484600000016	42
170.24681700000016	38
170.24681700000016	42
170.76273000000015	42
171.30864300000016	38
171.30864300000016	42
171.85455600000014	42
172.37621900000016	38
172.37621900000016	42
172.91788200000013	42
173.43954500000015	38
173.43954500000015	42
173.78732033333347	42
173.96120800000014	42
174.1329873333335	42
174.3047666666668	42
174.47654600000016	38
174.47654600000016	42
175.00188400000016	42
175.50722200000016	38
175.50722200000016	42
176.04256000000015	42
176.38325466666683	42
176.55360200000015	38
176.55360200000015	42
177.07464400000015	42
177.4220053333335	42
177.59568600000017	38
177.59568600000017	42
177.7660333333335	42
177.93638066666682	42
178.10672800000017	42
178.4539233333335	42
178.62752100000017	38
178.62752100000017	42
179.14831400000017	42
179.4955093333335	42
179.66910700000017	38
179.66910700000017	42
180.18990000000016	42
180.52692800000014	42
180.69544200000016	38
180.69544200000016	42
181.21098400000014	42
181.38283133333348	42
181.5546786666668	42
181.72652600000015	38
181.72652600000015	42
182.0768873333335	42
182.25206800000018	42
182.42183233333353	42
182.59159666666682	42
182.76136100000016	38
182.76136100000016	42
183.1075563333335	42
183.28065400000017	42
183.45375166666682	42
183.6268493333335	42
183.79994700000017	38
183.79994700000017	42
184.15947566666685	42
184.33924000000016	42
187.83596666666682	35
188.00380300000015	38
188.00380300000015	38
188.52731200000017	35
188.52731200000017	49
188.86515200000017	35
188.86515200000017	49
189.03407200000018	38
189.20299200000017	35
189.20299200000017	49
189.54083200000017	35
189.54083200000017	49
189.88533866666683	35
189.88533866666683	49
190.05759200000014	38
190.2298453333335	35
190.2298453333335	49
190.57435200000015	35
190.57435200000015	49
190.91585800000016	35
190.91585800000016	49
191.08661100000015	38
191.25736400000014	35
191.25736400000014	49
191.59887000000015	35
191.59887000000015	49
191.94037600000016	35
191.94037600000016	49
192.11112900000015	38
192.28521533333347	35
192.28521533333347	49
192.63338800000017	35
192.63338800000017	49
192.97739466666684	35
192.97739466666684	49
193.14939800000016	38
193.31806800000018	35
193.31806800000018	49
193.65540800000014	35
193.65540800000014	49
194.0060813333335	35
194.0060813333335	49
194.18141800000018	38
194.3534213333335	35
194.3534213333335	49
194.69742800000017	35
194.69742800000017	49
195.03893400000018	35
195.03893400000018	49
195.20968700000017	38
195.38044000000016	35
195.38044000000016	49
195.72194600000017	35
195.72194600000017	49
196.07011866666684	35
196.07011866666684	49
196.24420500000016	38
196.41495800000015	35
196.41495800000015	49
196.75646400000016	35
196.75646400000016	49
197.09797000000017	35
197.09797000000017	49
197.26872300000016	38
197.43614266666683	35
197.43614266666683	49
197.77098200000017	35
197.77098200000017	49
198.11248800000018	35
198.11248800000018	49
198.28324100000017	38
198.45399400000016	35
198.45399400000016	49
198.79550000000017	35
198.79550000000017	49
199.13500600000017	35
199.13500600000017	49
199.30475900000016	38
199.4778453333335	35
199.4778453333335	49
199.82401800000017	35
199.82401800000017	49
200.16352400000017	35
200.16352400000017	49
200.33327700000015	38
200.50303000000017	49
200.84253600000017	35
200.84253600000017	49
201.18154266666684	35
201.18154266666684	49
201.35104600000017	38
201.5205493333335	35
201.5205493333335	49
201.85955600000017	35
201.85955600000017	49
202.19856266666685	35
202.19856266666685	49
202.36806600000017	38
202.5375693333335	49
202.70707266666685	35
202.87657600000017	38
202.87657600000017	49
203.0512443333335	35
203.22591266666683	35
203.40058100000016	38
203.40058100000016	49
203.5719160000002	35
203.74325100000019	35
203.91458600000018	38
203.91458600000018	49
204.0892543333335	35
204.26392266666684	35
204.43859100000017	38
204.43859100000017	49
204.78792766666686	38
204.9625960000002	35
204.9625960000002	49
205.30143333333353	35
205.30143333333353	49
205.47085200000018	38
205.64027066666685	35
205.64027066666685	49
205.9791080000002	35
205.9791080000002	49
206.3179453333335	35
206.3179453333335	49
206.48736400000018	38
206.65678266666686	35
206.65678266666686	49
206.9956200000002	35
206.9956200000002	49
207.34412333333353	35
207.34412333333353	49
207.5183750000002	38
207.69262666666685	35
207.69262666666685	49
208.04113000000018	35
208.04113000000018	49
208.38296666666685	35
208.38296666666685	49
208.55388500000018	38
208.72147000000018	35
208.72147000000018	49
209.0566400000002	35
209.0566400000002	49
209.40547666666686	35
209.40547666666686	49
209.5798950000002	38
209.75431333333353	35
209.75431333333353	49
210.1031500000002	35
210.1031500000002	49
210.45198666666684	35
210.45198666666684	49
210.62640500000018	38
210.79749000000018	35
210.79749000000018	49
211.1396600000002	35
211.1396600000002	49
211.4849960000002	35
211.4849960000002	49
211.65766400000018	38
211.82699866666687	49
211.9963333333335	35
212.16566800000018	38
212.16566800000018	49
212.3416693333335	35
212.51767066666687	35
212.6936720000002	38
212.6936720000002	49
213.0390080000002	38
213.21167600000018	35
213.21167600000018	49
213.54634600000017	35
213.54634600000017	49
213.71368100000015	38
213.88768266666682	35
213.88768266666682	49
214.2356860000002	35
214.2356860000002	49
214.57702266666683	35
214.57702266666683	49
214.74769100000017	38
214.91502600000018	35
214.91502600000018	49
215.24969600000017	35
215.24969600000017	49
215.5976993333335	35
215.5976993333335	49
215.77170100000018	38
215.94570266666685	35
215.94570266666685	49
216.29370600000018	35
216.29370600000018	49
216.62837600000017	35
216.62837600000017	49
216.79571100000018	38
216.96637933333352	35
216.96637933333352	49
217.30771600000017	35
217.30771600000017	49
217.65055200000018	35
217.65055200000018	49
217.82197000000016	38
217.99338800000018	35
217.99338800000018	49
218.33622400000016	35
218.33622400000016	49
218.67906000000016	35
218.67906000000016	49
218.85047800000018	38
219.02189600000017	35
219.02189600000017	49
219.36473200000017	35
219.36473200000017	49
219.70873600000016	35
219.70873600000016	49
219.88073800000018	38
220.05274000000017	35
220.05274000000017	49
220.39674400000015	35
220.39674400000015	49
220.73408133333348	35
220.73408133333348	49
220.90275000000017	38
221.06475200000017	35
221.06475200000017	49
221.38875600000017	35
221.38875600000017	49
221.74275866666684	35
221.74275866666684	49
221.91976000000017	38
222.09342800000016	35
222.09342800000016	49
222.44076400000017	35
222.44076400000017	49
222.78810000000016	35
222.78810000000016	49
222.96176800000015	38
223.13543600000017	35
223.13543600000017	49
223.48277200000015	35
223.48277200000015	49
223.82260933333347	35
223.82260933333347	49
223.99252800000016	38
224.16244666666682	35
224.16244666666682	49
224.50228400000015	35
224.50228400000015	49
224.8421213333335	35
224.8421213333335	49
225.01204000000016	38
225.18195866666682	35
225.18195866666682	49
225.52179600000017	35
225.52179600000017	49
225.8604653333335	35
225.8604653333335	49
226.02980000000017	38
226.20246800000018	35
226.20246800000018	49
226.54780400000018	35
226.54780400000018	49
226.8931400000002	35
226.8931400000002	49
227.06580800000017	38
227.2418093333335	35
227.2418093333335	49
227.41781066666684	35
227.59381200000016	38
227.59381200000016	49
227.76376433333348	35
227.9337166666668	35
228.10366900000017	38
228.10366900000017	49
228.27695466666682	35
228.45024033333348	35
228.62352600000014	38
228.62352600000014	49
228.79347833333347	35
228.96343066666682	35
229.13338300000015	38
229.13338300000015	49
229.30000200000015	38
229.46662100000015	38
229.63324000000014	35
229.63324000000014	49
229.9766686666668	35
229.9766686666668	49
230.14838300000014	38
230.3234306666668	35
230.3234306666668	49
230.67352600000012	35
230.67352600000012	49
231.0169546666668	35
231.0169546666668	49
231.18866900000015	38
231.36038333333346	35
231.36038333333346	49
231.70381200000014	35
231.70381200000014	49
232.04426066666684	35
232.04426066666684	49
232.21448500000017	38
232.37804266666683	35
232.37804266666683	49
232.70515800000015	35
232.70515800000015	49
233.03227333333348	35
233.03227333333348	49
233.19583100000014	38
233.35938866666683	35
233.35938866666683	49
233.68650400000016	35
233.68650400000016	49
234.22023800000017	38
234.22023800000017	42
234.75397200000015	42
235.30770600000014	38
235.30770600000014	42
235.84144000000015	42
236.35042300000015	38
236.35042300000015	42
236.71641166666683	42
236.89940600000017	42
237.40838900000017	38
237.40838900000017	42
237.94737200000017	42
238.46736400000017	38
238.46736400000017	42
239.00735600000016	42
239.52734800000016	38
239.52734800000016	42
240.06734000000017	42
240.57811500000017	38
240.57811500000017	42
241.10889000000017	42
241.60966500000015	38
241.60966500000015	42
241.97018166666683	42
242.15044000000017	42
242.64146400000016	38
242.64146400000016	42
243.1624880000002	42
243.6735120000002	38
243.6735120000002	42
244.18453600000018	42
244.70393200000018	38
244.70393200000018	42
245.05019600000017	42
245.22332800000018	42
245.56292533333348	42
245.73272400000016	38
245.73272400000016	42
246.27212000000017	42