5.473259500000001	38
5.739129000000001	38
5.9999985	38
6.260868	35
6.260868	42
6.5217375	42
6.7826070000000005	38
6.7826070000000005	42
7.043476500000001	42
7.304346000000001	35
7.304346000000001	42
7.565215500000001	35
7.565215500000001	42
7.826085000000001	38
7.826085000000001	42
8.086954500000001	42
8.347824000000001	35
8.347824000000001	42
8.608693500000001	42
8.869563000000001	38
8.869563000000001	42
9.130432500000001	42
9.391302000000001	35
9.391302000000001	42
9.652171500000001	35
9.652171500000001	42
9.913041000000002	38
9.913041000000002	42
10.173910500000002	42
10.434780000000002	35
10.434780000000002	42
10.695649500000002	42
10.956519000000002	38
10.956519000000002	42
11.217388500000002	42
11.478258000000002	35
11.478258000000002	42
11.739127500000002	35
11.739127500000002	42
11.999997	38
11.999997	42
12.2658665	42
12.531736	35
12.531736	42
12.7926055	42
13.053475	38
13.053475	42
13.309344500000002	42
13.565214000000001	35
13.565214000000001	42
13.826083500000001	35
13.826083500000001	42
14.086953000000001	38
14.086953000000001	42
14.347822500000001	42
14.608692000000001	35
14.608692000000001	42
14.869561500000001	42
15.130431000000002	38
15.130431000000002	42
15.391300500000002	42
15.652170000000002	35
15.652170000000002	42
15.913039500000002	35
15.913039500000002	42
16.173909000000002	38
16.173909000000002	42
16.4347785	42
16.695648000000002	35
16.695648000000002	42
16.9565175	42
17.217387000000002	38
17.217387000000002	42
17.4782565	42
17.739126000000002	35
17.739126000000002	42
17.9999955	35
17.9999955	42
18.260865000000003	38
18.260865000000003	42
18.5267345	42
18.792604000000004	35
18.792604000000004	49
19.053473500000003	49
19.314343000000004	38
19.314343000000004	49
19.570212500000004	49
19.826082000000003	35
19.826082000000003	49
20.0869515	35
20.0869515	49
20.347821000000003	38
20.347821000000003	49
20.6086905	49
20.869560000000003	35
20.869560000000003	49
21.1304295	49
21.391299000000004	38
21.391299000000004	49
21.6571685	49
21.923038000000005	35
21.923038000000005	49
22.183907500000004	35
22.183907500000004	49
22.444777000000006	38
22.444777000000006	49
22.700646500000005	49
22.956516000000004	35
22.956516000000004	49
23.217385500000002	49
23.478255000000004	38
23.478255000000004	49
23.739124500000003	49
23.999994	35
23.999994	49
24.265863500000002	35
24.265863500000002	49
24.531733000000003	38
24.531733000000003	49
24.792602500000005	49
25.053472000000003	35
25.053472000000003	49
25.309341500000006	49
25.565211	38
25.565211	49
25.826080500000003	49
26.08695	35
26.08695	49
26.347819500000004	35
26.347819500000004	49
26.608689000000002	38
26.608689000000002	49
26.869558500000004	49
27.130428000000002	35
27.260862750000005	42
27.391297500000004	49
27.521732250000003	35
27.521732250000003	42
27.652167000000002	38
27.78260175	42
27.913036500000004	35
27.913036500000004	49
28.043471250000003	42
28.173906000000002	35
28.173906000000002	42
28.30434075	42
28.434775500000004	49
28.565210250000003	42
28.695645000000003	38
28.82607975	42
28.956514500000004	49
29.086949250000004	35
29.086949250000004	42
29.217384000000003	35
29.217384000000003	42
29.347818750000002	42
29.478253500000005	49
29.608688250000004	35
29.608688250000004	42
29.739123000000003	38
29.869557750000002	42
29.999992500000005	35
29.999992500000005	49
30.130427250000004	42
30.260862000000003	35
30.260862000000003	42
30.391296750000002	42
30.521731500000005	49
30.652166250000004	42
30.782601000000003	38
30.915535750000004	42
31.048470500000004	49
31.181405250000005	35
31.181405250000005	42
31.314340000000005	35
31.444774750000004	42
31.575209500000003	49
31.705644250000006	35
31.705644250000006	42
31.836079000000005	38
31.964013750000003	42
32.09194850000001	35
32.09194850000001	49
32.21988325	42
32.347818000000004	35
32.347818000000004	42
32.47825275	42
32.6086875	49
32.73912225	42
32.869557	38
32.99999175000001	42
33.130426500000006	49
33.260861250000005	35
33.260861250000005	42
33.391296000000004	35
33.391296000000004	42
33.52423075	42
33.657165500000005	49
33.79010025	35
33.79010025	42
33.923035	38
34.053469750000005	42
34.183904500000004	35
34.183904500000004	49
34.31433925	42
34.444774	35
34.444774	42
34.572708750000004	42
34.7006435	49
34.82857825	42
34.956513	38
35.08694775000001	42
35.21738250000001	49
35.347817250000006	35
35.347817250000006	42
35.478252000000005	35
35.478252000000005	42
35.608686750000004	42
35.7391215	42
35.86955625	35
35.86955625	42
35.999991	38
36.13292575	42
36.26586050000001	35
36.26586050000001	42
36.398795250000006	42
36.53173	42
36.66216475	35
36.66216475	42
36.7925995	42
36.92303425	35
36.92303425	42
37.053469	42
37.18140375	35
37.18140375	42
37.3093385	42
37.437273250000004	35
37.437273250000004	42
37.565208000000005	35
37.565208000000005	42
37.695642750000005	42
37.826077500000004	42
37.95651225	35
37.95651225	42
38.086947	38
38.21738175	42
38.34781650000001	35
38.34781650000001	42
38.47825125000001	42
38.608686000000006	42
38.74162075	35
38.74162075	42
38.87455550000001	42
39.007490250000004	35
39.007490250000004	42
39.140425	42
39.27085975	35
39.27085975	42
39.4012945	42
39.531729250000005	35
39.531729250000005	42
39.662164000000004	35
39.662164000000004	42
39.79259875	42
39.9230335	42
40.05346825	35
40.05346825	42
40.183903	38
40.31433775	42
40.4447725	35
40.4447725	42
40.575207250000005	42
40.705642000000005	42
40.836076750000004	35
40.836076750000004	42
40.9665115	42
41.09694625	35
41.09694625	42
41.227381	42
41.35531575	35
41.35531575	42
41.4832505	42
41.611185250000005	35
41.611185250000005	42
41.73912000000001	35
41.73912000000001	42
41.869554750000006	42
41.999989500000005	42
42.130424250000004	35
42.130424250000004	42
42.260859	38
42.39379375	42
42.526728500000004	35
42.526728500000004	42
42.65966325000001	42
42.792598000000005	42
42.923032750000004	35
42.923032750000004	42
43.053467500000004	42
43.18390225	35
43.18390225	42
43.314337	42
43.44227175	35
43.44227175	42
43.5702065	42
43.69814125	35
43.69814125	42
43.82607600000001	35
43.82607600000001	42
44.086945500000006	42
44.347815000000004	38
44.347815000000004	42
44.6086845	35
44.6086845	42
44.86955400000001	35
44.86955400000001	42
45.130423500000006	35
45.130423500000006	42
45.391293000000005	38
45.391293000000005	42
45.657162500000005	42
45.923032000000006	35
45.923032000000006	42
46.183901500000005	42
46.444771	38
46.444771	42
46.7006405	35
46.7006405	42
46.82857525	42
46.95651000000001	35
46.95651000000001	42
47.21737950000001	35
47.21737950000001	42
47.478249000000005	38
47.478249000000005	42
47.608683750000004	42
47.739118500000004	42
47.999988	35
47.999988	42
48.26585750000001	42
48.531727000000004	38
48.531727000000004	42
48.7925965	35
48.7925965	42
49.053466	35
49.053466	42
49.314335500000006	35
49.314335500000006	42
49.575205000000004	38
49.575205000000004	42
49.8310745	42
50.086944	35
50.086944	42
50.34781350000001	42
50.608683000000006	38
50.608683000000006	42
50.869552500000005	35
50.869552500000005	42
50.999987250000004	42
51.130422	35
51.130422	42
51.39129150000001	35
51.39129150000001	42
51.65216100000001	42
51.782595750000006	42
51.913030500000005	42
52.1739	35
52.1739	42
52.43476950000001	42
52.69563900000001	38
52.69563900000001	42
52.956508500000005	35
52.956508500000005	42
53.217378000000004	35
53.217378000000004	42
53.48324750000001	35
53.48324750000001	42
53.749117000000005	38
53.749117000000005	42
54.0049865	42
54.260856000000004	35
54.260856000000004	42
54.52172550000001	42
54.78259500000001	38
54.78259500000001	42
55.043464500000006	35
55.043464500000006	42
55.173899250000005	42
55.304334000000004	35
55.304334000000004	42
55.5652035	35
55.5652035	42
55.82607300000001	42
55.95650775000001	42
56.086942500000006	42
56.347812000000005	35
56.347812000000005	42
56.6086815	42
56.86955100000001	38
56.86955100000001	42
57.13042050000001	35
57.13042050000001	42
57.391290000000005	35
57.391290000000005	42
57.657159500000006	35
57.657159500000006	42
57.92302900000001	38
57.92302900000001	42
58.183898500000005	42
58.444768	35
58.444768	42
58.7006375	42
58.95650700000001	38
58.95650700000001	42
59.21737650000001	35
59.21737650000001	42
59.34781125000001	42
59.478246000000006	35
59.478246000000006	42
59.739115500000004	35
59.739115500000004	42
59.99998500000001	42
60.13041975000001	42
60.26085450000001	42
60.521724000000006	35
60.78759350000001	42
61.053463	38
61.309332500000004	42
61.565202000000006	35
61.826071500000005	42
62.08694100000002	35
62.08694100000002	38
62.35281050000001	42
62.618680000000005	35
62.8795495	42
63.140419	38
63.40128850000001	42
63.662158000000005	35
63.9230275	42
64.18389700000002	35
64.18389700000002	38
64.4397665	42
64.69563600000001	35
64.69563600000001	42
64.9565055	35
65.217375	38
65.217375	42
65.739114	35
65.739114	42
66.00498350000002	35
66.27085300000002	38
66.27085300000002	42
66.79259200000001	35
66.79259200000001	42
67.31433100000001	38
67.31433100000001	42
67.82607	35
67.82607	42
68.08693950000001	35
68.34780900000001	38
68.34780900000001	42
68.86954800000001	35
68.86954800000001	38
68.86954800000001	49
69.65715650000001	35
69.65715650000001	38
69.65715650000001	49
70.44476500000002	42
70.7006345	35
70.7006345	38
70.7006345	42
70.95650400000001	35
70.95650400000001	38
70.95650400000001	49
71.74911250000001	35
71.74911250000001	38
71.74911250000001	49
72.53172100000002	42
72.79259050000002	35
72.79259050000002	38
72.79259050000002	42
73.05346000000002	35
73.05346000000002	38
73.05346000000002	42
73.8260685	35
73.8260685	38
73.8260685	42
74.60867700000001	42
74.87454650000002	35
74.87454650000002	38
74.87454650000002	42
75.14041600000002	35
75.14041600000002	38
75.14041600000002	49
75.92302450000001	35
75.92302450000001	38
75.92302450000001	49
76.69563300000002	42
76.95650250000001	35
76.95650250000001	38
76.95650250000001	42
77.21737200000001	35
77.21737200000001	42
77.47824150000001	42
77.73911100000001	38
77.73911100000001	42
77.9999805	42
78.26085	35
78.26085	42
78.52671950000001	35
78.52671950000001	42
78.792589	38
78.792589	42
79.05345850000002	42
79.31432800000002	35
79.31432800000002	42
79.5701975	42
79.82606700000001	38
79.82606700000001	42
80.08693650000001	42
80.347806	35
80.347806	42
80.61367550000001	35
80.61367550000001	42
80.87954500000001	38
80.87954500000001	42
81.14041450000002	42
81.40128400000002	35
81.40128400000002	42
81.66215350000002	42
81.92302300000001	38
81.92302300000001	42
82.18389250000001	42
82.44476200000001	35
82.44476200000001	42
82.7006315	35
82.7006315	42
82.956501	38
82.956501	42
83.21737050000002	42
83.47824000000001	35
83.47824000000001	42
83.73910950000001	42
83.99997900000001	38
83.99997900000001	42
84.26084850000001	42
84.521718	35
84.521718	42
84.7825875	35
84.7825875	42
85.043457	38
85.043457	42
85.30432650000002	42
85.56519600000001	35
85.56519600000001	49
85.82606550000001	49
86.08693500000001	38
86.08693500000001	49
86.34780450000001	49
86.60867400000001	35
86.60867400000001	49
86.87454350000002	35
86.87454350000002	49
87.14041300000001	38
87.14041300000001	49
87.40128250000001	49
87.66215200000002	35
87.66215200000002	49
87.92302150000002	49
88.18389100000002	38
88.18389100000002	49
88.4397605	49
88.69563000000001	35
88.69563000000001	49
88.9564995	35
88.9564995	49
89.217369	38
89.217369	49
89.4782385	49
89.73910800000002	35
89.73910800000002	49
89.99997750000001	49
90.26084700000001	38
90.26084700000001	49
90.52171650000001	49
90.78258600000002	35
90.78258600000002	49
91.04845550000002	35
91.04845550000002	49
91.314325	38
91.314325	49
91.5701945	49
91.82606400000002	35
91.82606400000002	49
92.08693350000001	49
92.34780300000001	38
92.34780300000001	49
92.60867250000001	49
92.86954200000002	35
92.86954200000002	49
93.13541150000002	35
93.13541150000002	49
93.40128100000001	38
93.40128100000001	49
93.66215050000001	49
93.92302000000002	35
94.05345475000001	42
94.18388950000002	49
94.31432425000001	35
94.31432425000001	42
94.444759	38
94.57269375	42
94.70062850000001	35
94.70062850000001	49
94.82856325	42
94.95649800000001	35
94.95649800000001	42
95.08693275000002	42
95.21736750000001	49
95.34780225000002	42
95.47823700000001	38
95.60867175000001	42
95.7391065	49
95.86954125000001	35
95.86954125000001	42
95.999976	35
95.999976	42
96.13041075000001	42
96.26084550000002	49
96.39128025000001	35
96.39128025000001	42
96.52171500000003	38
96.65464975000002	42
96.78758450000002	35
96.78758450000002	49
96.92051925000001	42
97.053454	35
97.053454	42
97.18138875000001	42
97.3093235	49
97.43725825000001	42
97.56519300000001	38
97.69562775000001	42
97.8260625	49
97.95649725000001	35
97.95649725000001	42
98.08693200000002	35
98.21986675000002	42
98.35280150000003	49
98.48573625000002	35
98.48573625000002	42
98.618671	38
98.74660575	42
98.87454050000001	35
98.87454050000001	49
99.00247525	42
99.13041000000001	35
99.13041000000001	42
99.26084475	42
99.39127950000001	49
99.52171425000002	42
99.65214900000001	38
99.78258375000001	42
99.9130185	49
100.04345325000001	35
100.04345325000001	42
100.173888	35
100.173888	42
100.30432275000001	42
100.43475750000002	49
100.56519225000001	35
100.56519225000001	42
100.69562700000002	38
100.82606175000001	42
100.95649650000001	35
100.95649650000001	49
101.08693125	42
101.21736600000001	35
101.21736600000001	42
101.34780075	42
101.47823550000001	49
101.60867025000002	42
101.73910500000001	38
101.86953975000002	42
101.99997450000001	49
102.13040925000001	35
102.13040925000001	42
102.26084400000002	35
102.26084400000002	42
102.39377875000002	42
102.52671350000001	42
102.65964825000002	35
102.65964825000002	42
102.79258300000002	38
102.92301775000001	42
103.05345250000002	35
103.05345250000002	42
103.18388725000001	42
103.314322	42
103.44225675	35
103.44225675	42
103.5701915	42
103.69812625000002	35
103.69812625000002	42
103.82606100000001	42
103.95649575000002	35
103.95649575000002	42
104.08693050000001	42
104.21736525000001	35
104.21736525000001	42
104.3478	35
104.3478	42
104.47823475000001	42
104.6086695	42
104.73910425000001	35
104.73910425000001	42
104.86953900000003	38
105.00247375000002	42
105.13540850000003	35
105.13540850000003	42
105.26834325000002	42
105.40127800000002	42
105.53171275000001	35
105.53171275000001	42
105.66214750000002	42
105.79258225000002	35
105.79258225000002	42
105.92301700000002	42
106.05345175000002	35
106.05345175000002	42
106.18388650000001	42
106.31432125000002	35
106.31432125000002	42
106.444756	35
106.444756	42
106.57269075	42
106.7006255	42
106.82856025000001	35
106.82856025000001	42
106.95649500000003	38
107.08942975000002	42
107.22236450000003	35
107.22236450000003	42
107.35529925000002	42
107.48823400000002	42
107.61866875000001	35
107.61866875000001	42
107.74910350000002	42
107.87953825000001	35
107.87953825000001	42
108.009973	42
108.13790775000001	35
108.13790775000001	42
108.2658425	42
108.39377725000001	35
108.39377725000001	42
108.52171200000002	35
108.52171200000002	42
108.65464675000003	42
108.78758150000002	42
108.92051625000002	35
108.92051625000002	42
109.05345100000002	38
109.18388575000002	42
109.31432050000002	35
109.31432050000002	42
109.44475525000001	42
109.57519000000002	42
109.70562475000001	35
109.70562475000001	42
109.83605950000002	42
109.96649425000001	35
109.96649425000001	42
110.096929	42
110.22486375000001	35
110.22486375000001	42
110.3527985	42
110.48073325000001	35
110.48073325000001	42
110.60866800000001	35
110.60866800000001	42
110.8695375	42
111.130407	38
111.130407	42
111.39127650000002	35
111.39127650000002	42
111.65214600000002	35
111.65214600000002	42
111.91301550000001	35
111.91301550000001	42
112.17388500000001	38
112.17388500000001	42
112.43475450000001	42
112.69562400000001	35
112.69562400000001	42
112.95649350000001	42
113.217363	38
113.217363	42
113.47823250000002	35
113.47823250000002	42
113.60866725000001	42
113.73910200000002	35
113.73910200000002	42
113.99997150000002	35
113.99997150000002	42
114.26084100000001	38
114.26084100000001	42
114.39127575	42
114.52171050000001	42
114.78258000000002	35
114.78258000000002	42
115.04844950000002	42
115.314319	38
115.314319	42
115.57018850000001	35
115.57018850000001	42
115.82605800000003	35
115.82605800000003	42
116.09192750000003	35
116.09192750000003	42
116.357797	38
116.357797	42
116.61366650000001	42
116.86953600000001	35
116.86953600000001	42
117.13040550000001	42
117.39127500000001	38
117.39127500000001	42
117.65214450000002	35
117.65214450000002	42
117.78257925000001	42
117.91301400000003	35
117.91301400000003	42
118.17888350000003	35
118.17888350000003	42
118.444753	42
118.57268775	42
118.70062250000001	42
118.95649200000001	35
118.95649200000001	42
119.21736150000001	42
119.47823100000001	38
119.47823100000001	42
119.7391005	35
119.7391005	42
119.99997000000003	35
119.99997000000003	42
120.26583950000003	35
120.26583950000003	42
120.53170900000002	38
120.53170900000002	42
120.79257850000002	42
121.053448	35
121.053448	42
121.3093175	42
121.56518700000001	38
121.56518700000001	42
121.8260565	35
121.8260565	42
121.95649125000001	42
122.08692600000002	35
122.08692600000002	42
122.34779550000002	35
122.34779550000002	42
122.60866500000002	42
122.73909975000001	42
122.86953450000001	42
123.13040400000003	35
123.13040400000003	42
123.39627350000002	42
123.66214300000001	38
123.66214300000001	42
123.92301250000001	35
123.92301250000001	42
124.18388200000003	35
124.18388200000003	42
124.44475150000002	35
124.44475150000002	42
124.70562100000001	38
124.70562100000001	42
124.96149050000001	42
125.21736000000001	35
125.21736000000001	42
125.47822950000001	42
125.73909900000001	38
125.73909900000001	42
125.99996850000001	35
125.99996850000001	42
126.13040325000001	42
126.26083800000002	35
126.26083800000002	42
126.52670750000003	35
126.52670750000003	42
126.79257700000002	42
126.92301175000001	42
127.05344650000002	42
127.314316	35
127.57018550000001	42
127.82605500000001	38
128.0869245	42
128.34779400000002	35
128.6136635	42
128.879533	35
128.879533	38
129.1404025	42
129.401272	35
129.66214150000002	42
129.923011	38
130.18388050000001	42
130.44475	35
130.7056195	42
130.966489	35
130.966489	38
131.2273585	42
131.488228	35
131.488228	42
131.7490975	35
132.00996700000002	38
132.00996700000002	42
132.531706	35
132.531706	42
132.7925755	35
133.053445	38
133.053445	42
133.56518400000002	35
133.56518400000002	42
134.086923	38
134.086923	42
134.608662	35
134.608662	42
134.86953150000002	35
135.130401	38
135.130401	42
135.65214	35
135.65214	38
135.65214	49
136.4347485	35
136.4347485	38
136.4347485	49
137.21735700000002	42
137.4782265	35
137.4782265	38
137.4782265	42
137.73909600000002	35
137.73909600000002	38
137.73909600000002	49
138.53170450000002	35
138.53170450000002	38
138.53170450000002	49
139.314313	42
139.57018250000002	35
139.57018250000002	38
139.57018250000002	42
139.826052	35
139.826052	38
139.826052	42
140.6086605	35
140.6086605	38
140.6086605	42
141.401269	42
141.6621385	35
141.6621385	38
141.6621385	42
141.923008	35
141.923008	38
141.923008	49
142.70061650000002	35
142.70061650000002	38
142.70061650000002	49
143.478225	42
143.73909450000002	35
143.73909450000002	38
143.73909450000002	42