5.217390000000001	38
5.217390000000001	49
5.601194250000001	38
5.859563750000001	47
5.9899985000000004	47
6.1204332500000005	47
6.2508680000000005	35
6.2508680000000005	49
6.38380275	42
6.5167375000000005	42
6.64967225	42
6.7826070000000005	38
6.9130417500000005	42
7.043476500000001	35
7.043476500000001	42
7.173911250000001	42
7.304346000000001	35
7.304346000000001	42
7.43728075	42
7.570215500000001	42
7.70315025	42
7.836085000000001	38
7.96901975	42
8.1019545	42
8.23488925	42
8.367824	35
8.367824	42
8.50404	42
8.640255999999999	42
8.776472000000002	42
8.912688000000001	38
9.043904000000001	42
9.175120000000001	35
9.175120000000001	42
9.306336	42
9.437552	35
9.437552	42
9.571268	42
9.704984000000001	42
9.838700000000001	42
9.972416	38
10.101132000000002	42
10.229848	42
10.358564000000003	42
10.487280000000002	35
10.487280000000002	42
10.620996000000002	42
10.754712000000001	42
10.888428000000001	42
11.022144	38
11.15586	42
11.289576000000002	35
11.289576000000002	42
11.423292000000002	42
11.557008000000002	35
11.557008000000002	42
11.690724000000001	42
11.824440000000001	42
11.958156000000002	42
12.091872000000002	38
12.223088000000002	42
12.354304000000003	42
12.485520000000001	42
12.616736000000001	35
12.616736000000001	42
12.749191000000001	42
12.881646000000002	42
13.014101000000002	42
13.146556000000002	38
13.279011	42
13.411466	38
13.543921000000001	38
13.676376000000001	35
13.676376000000001	42
13.806331000000002	35
13.806331000000002	42
13.936286000000003	42
14.066241000000002	38
14.196196000000002	38
14.331151	42
14.466106	42
14.601061000000001	42
14.736016000000001	35
14.736016000000001	49
14.868583500000002	42
15.001151000000002	42
15.1337185	42
15.266286000000001	38
15.398853500000001	42
15.531421000000002	35
15.531421000000002	42
15.6639885	42
15.796556	35
15.796556	42
15.929123500000001	42
16.061691	42
16.1942585	42
16.326826	38
16.4593935	42
16.591960999999998	42
16.724528499999998	42
16.857096	35
16.857096	42
16.9896635	42
17.122231	42
17.2547985	42
17.387366	38
17.5199335	42
17.652500999999997	35
17.652500999999997	42
17.785068499999998	42
17.917635999999998	35
17.917635999999998	42
18.0502035	42
18.182771	42
18.3153385	42
18.447906	38
18.5804735	42
18.713041	42
18.8456085	42
18.978176	35
18.978176	42
19.110743499999998	42
19.243311	42
19.3758785	42
19.508446	38
19.6410135	42
19.773581	35
19.773581	42
19.906148499999997	42
20.038715999999997	35
20.038715999999997	42
20.1737835	42
20.308850999999997	42
20.4439185	42
20.578986	38
20.7115535	42
20.844121	42
20.9766885	42
21.109256000000002	35
21.109256000000002	42
21.241823500000002	42
21.374391000000003	42
21.5069585	42
21.639526	38
21.7720935	42
21.904661	35
21.904661	42
22.0372285	42
22.169796	35
22.169796	42
22.3023635	42
22.434931	42
22.5674985	38
22.700066	38
22.8326335	42
22.965201	49
23.0977685	42
23.230336	35
23.230336	42
23.3629035	42
23.495471000000002	42
23.628038500000002	42
23.760606000000003	38
23.893173500000003	42
24.025741	35
24.025741	42
24.1583085	42
24.290876	35
24.290876	42
24.4234435	42
24.556010999999998	42
24.6885785	42
24.821146	38
24.9537135	42
25.086281	42
25.2188485	42
25.351416	35
25.351416	42
25.4839835	42
25.616551	42
25.7491185	42
25.881686000000002	38
26.014253500000002	42
26.146821000000003	35
26.146821000000003	42
26.2793885	42
26.411956	35
26.411956	42
26.5445235	42
26.677091	42
26.8096585	42
26.942225999999998	38
27.0747935	42
27.207361	42
27.3399285	42
27.472496	35
27.472496	42
27.6050635	42
27.737631	42
27.8701985	42
28.002766	38
28.1353335	42
28.267901000000002	35
28.267901000000002	42
28.400468500000002	42
28.533036000000003	35
28.533036000000003	42
28.6656035	42
28.798171	42
28.9307385	42
29.063306	38
29.1958735	42
29.328440999999998	42
29.4610085	42
29.593570075000002	35
29.593570075000002	42
29.728578325000004	42
29.863586575000003	42
29.998594825	42
30.133603075000003	38
30.263611325000003	42
30.393619575000006	35
30.393619575000006	49
30.523627825000002	49
30.653636075	35
30.653636075	49
30.786144325000002	49
30.918652575000003	49
31.183669075	38
31.316177325	42
31.448685575000003	42
31.581193825000003	42
31.713702075	35
31.713702075	42
31.846210325	42
31.978718575000002	42
32.111226825	42
32.243735075000004	38
32.376243325000004	42
32.508751575000005	35
32.508751575000005	42
32.641259825	42
32.773768075	35
32.773768075	42
32.906276325	42
33.038784575	42
33.171292825	42
33.303801075	38
33.436309325	42
33.568817575000004	42
33.701325825	38
33.833834075	35
33.833834075	42
33.966342325	42
34.098850575	42
34.231358825	42
34.363867075	38
34.496375325	42
34.628883575	35
34.628883575	42
34.761391825000004	42
34.893900075000005	35
34.893900075000005	42
35.026408325	42
35.158916575	42
35.291424825	42
35.423933075	38
35.556441325	42
35.688949575	42
35.821457825	42
35.953966075000004	35
35.953966075000004	42
36.086474325	42
36.218982575	42
36.351490825	42
36.483999075	38
36.619007325	42
36.754015575	35
36.754015575	42
36.889023825	42
37.024032075	35
37.024032075	42
37.156540325	42
37.289048575	42
37.421556824999996	42
37.554065075	38
37.686573325	42
37.819081575	42
37.951589825	42
38.084098075	35
38.084098075	42
38.216606325	42
38.349114575	42
38.481622824999995	42
38.614131074999996	38
38.746639325	42
38.879147575	35
38.879147575	49
39.011655825	49
39.144164075	35
39.144164075	49
39.276672325	49
39.409180575	49
39.674197075	38
39.939213575	47
40.071721825	47
40.204230075	35
40.204230075	49
40.336738325	42
40.469246575	42
40.601754825	42
40.734263075	38
40.866771324999995	42
40.999279574999996	35
40.999279574999996	42
41.131787824999996	42
41.264296075	35
41.264296075	42
41.396804325	42
41.529312575	42
41.661820825	42
41.794329075	38
41.926837325	42
42.059345575	42
42.191853825	42
42.324362074999996	35
42.324362074999996	42
42.4570698625	42
42.5898128625	42
42.722555862499995	42
42.8552988625	38
42.9880418625	42
43.120784862499995	35
43.120784862499995	42
43.25352786249999	42
43.3862708625	35
43.3862708625	42
43.519013862499996	42
43.651756862499994	42
43.7844998625	42
43.9172428625	38
44.049985862499994	42
44.1827288625	42
44.3154718625	42
44.448214862499995	35
44.448214862499995	42
44.58095786249999	42
44.7137008625	42
44.846443862499996	42
44.97918686249999	38
45.1119298625	42
45.244672862499996	35
45.244672862499996	42
45.377415862499994	42
45.5101588625	35
45.5101588625	42
45.6429018625	42
45.775644862499995	42
45.9083878625	42
46.0411308625	38
46.173873862499995	42
46.30661686249999	42
46.4393598625	42
46.572102862499996	35
46.572102862499996	42
46.704845862499994	42
46.8375888625	42
46.9703318625	42
47.103074862499994	38
47.23581786249999	42
47.3685608625	35
47.3685608625	42
47.501303862499995	42
47.63404686249999	35
47.63404686249999	42
47.7642898625	42
47.8945328625	42
48.0247758625	38
48.1550188625	38
48.2827618625	42
48.4105048625	49
48.665990862499996	35
48.665990862499996	42
48.80373386249999	42
48.9414768625	42
49.0792198625	42
49.2169628625	38
49.349705862499995	42
49.4824488625	35
49.4824488625	42
49.6151918625	42
49.747934862499996	35
49.747934862499996	42
49.8806778625	42
50.0134208625	42
50.146163862499996	42
50.278906862499994	38
50.4116498625	42
50.5443928625	42
50.677135862499995	42
50.8098788625	35
50.8098788625	42
50.9426218625	42
51.075364862499995	42
51.2081078625	42
51.3408508625	38
51.473593862499996	42
51.6063368625	35
51.6063368625	42
51.7390798625	42
51.8718228625	35
51.8718228625	42
52.0045658625	42
52.1373088625	42
52.2700518625	42
52.4027948625	38
52.5355378625	42
52.6682808625	42
52.801023862499996	42
52.93376686249999	35
52.93376686249999	42
53.0665098625	42
53.199252862499996	42
53.331995862499994	42
53.4647388625	38
53.5974818625	42
53.730224862499995	35
53.730224862499995	42
53.8629678625	42
53.9957108625	35
53.9957108625	42
54.128453862499995	42
54.2611968625	42
54.3939398625	42
54.526682862499996	38
54.6569258625	42
54.7871688625	42
54.917411862499996	42
55.0476548625	35
55.0476548625	42
55.1803978625	42
55.3131408625	42
55.4458838625	42
55.5786268625	38
55.7113698625	42
55.8441128625	35
55.8441128625	42
55.976855862499995	42
56.1095988625	35
56.1095988625	42
56.2423418625	42
56.375084862499996	42
56.5078278625	38
56.6405708625	38
56.7733138625	47
56.9060568625	47
57.0387998625	47
57.171527212499996	35
57.171527212499996	49
57.306535462499994	42
57.44154371249999	42
57.5765519625	42
57.7115602125	38
57.8440684625	42
57.9765767125	35
57.9765767125	42
58.1090849625	42
58.24159321249999	35
58.24159321249999	42
58.37410146249999	42
58.506609712499994	42
58.639117962499995	42
58.771626212499996	38
58.9041344625	42
59.0366427125	42
59.1691509625	42
59.3016592125	35
59.3016592125	42
59.43416746249999	42
59.56667571249999	42
59.699183962499994	42
59.831692212499995	38
59.964200462499996	42
60.096708712499996	35
60.096708712499996	42
60.2292169625	42
60.3617252125	35
60.3617252125	42
60.4942334625	42
60.62674171249999	42
60.75924996249999	42
60.891758212499994	38
61.024266462499995	42
61.156774712499995	42
61.289282962499996	42
61.4217912125	35
61.4217912125	42
61.5542994625	42
61.6868077125	42
61.8193159625	42
61.95182421249999	38
62.084332462499994	42
62.216840712499994	35
62.216840712499994	42
62.349348962499995	42
62.481857212499996	35
62.481857212499996	42
62.616865462499995	42
62.75187371249999	42
62.886881962499984	42
63.02189021249999	38
63.15439846249999	42
63.28690671249999	42
63.41941496249999	42
63.55192321249999	35
63.55192321249999	42
63.684431462499994	42
63.8169397125	42
63.9494479625	42
64.0819562125	38
64.2119644625	42
64.34197271250001	35
64.34197271250001	42
64.4719809625	42
64.6019892125	35
64.6019892125	42
64.7344974625	38
65.13202221249999	38
65.2620304625	47
65.3920387125	47
65.52204696249999	47
65.65205521249999	35
65.65205521249999	49
65.92207171249999	42
66.0570799625	42
66.1920882125	38
66.3245964625	42
66.4571047125	35
66.4571047125	42
66.5896129625	42
66.7221212125	35
66.7221212125	42
66.8546294625	42
66.98713771249999	42
67.11964596249999	42
67.25215421249999	38
67.38716246249999	42
67.52217071249999	42
67.6571789625	42
67.7921872125	35
67.7921872125	42
67.9271954625	42
68.0622037125	42
68.19721196249999	42
68.33222021249999	38
68.4622284625	42
68.5922367125	35
68.5922367125	42
68.7222449625	42
68.8522532125	35
68.8522532125	42
68.9847614625	35
68.9847614625	42
69.1172697125	42
69.2497779625	35
69.2497779625	42
69.3822862125	38
69.5147944625	42
69.64730271250001	42
69.7798109625	42
69.9123192125	35
69.9123192125	42
70.0448274625	42
70.1773357125	42
70.3098439625	42
70.4423522125	38
70.5748604625	42
70.7073687125	35
70.7073687125	42
70.8398769625	42
70.9723852125	35
70.9723852125	42
71.1048934625	42
71.2374017125	42
71.3699099625	42
71.5024182125	38
71.6349264625	42
71.76743471249999	42
71.89994296249999	42
72.03245121249999	35
72.03245121249999	42
72.1649594625	42
72.2974677125	42
72.4299759625	42
72.5624842125	38
72.6949924625	42
72.8275007125	42
72.9600089625	42
73.2250254625	35
73.2250254625	49
73.4900419625	35
73.6225502125	38
73.7550584625	42
73.8875667125	42
74.0200749625	42
74.15259400625	35
74.15259400625	49
74.41784600625	42
74.55047200625	42
74.68309800625	38
74.81572400625	42
74.94835000625	35
74.94835000625	42
75.08097600625	42
75.21360200625	35
75.21360200625	42
75.34622800625	42
75.47885400625	42
75.61148000625	42
75.74410600625001	38
75.87673200625	42
76.00935800625	42
76.14198400625	42
76.27461000625	35
76.27461000625	42
76.40723600625	42
76.53986200625	42
76.67248800625	42
76.80511400625	38
76.93524000625	42
77.06536600625	35
77.06536600625	42
77.19549200624999	42
77.32561800625	35
77.32561800625	42
77.45824400625	35
77.45824400625	42
77.59087000625	42
77.72349600625	35
77.72349600625	42
77.85612200624999	38
77.98624800625	42
78.11637400625	42
78.24650000624999	42
78.37662600624999	35
78.37662600624999	42
78.51175200624999	42
78.64687800624999	42
78.78200400624999	42
78.91713000624999	38
79.05225600624999	42
79.18738200624999	35
79.18738200624999	42
79.32250800625	42
79.45763400625	35
79.45763400625	42
79.59026000625	42
79.72288600625	42
79.85551200625	42
79.98813800625	38
80.12076400625	42
80.25339000625	42
80.38601600625	42
80.51864200625	35
80.51864200625	42
80.65126800625	42
80.78389400625	42
80.91652000625	42
81.04914600625	38
81.18177200625	42
81.31439800625	42
81.44702400625	42
81.71227600625001	35
81.71227600625001	49
81.97752800625	35
82.11015400625	38
82.24278000625	42
82.37540600625	49
82.50803200625	49
82.64065800625	35
82.64065800625	49
82.90591000625	42
83.03853600625	42
83.17116200625	38
83.30378800625	42
83.43641400625	35
83.43641400625	42
83.56904000625	42
83.70166600625	35
83.70166600625	42
83.83429200625	42
83.96691800625	42
84.09954400625	42
84.23217000625	38
84.36479600625	42
84.49742200625	42
84.63004800625001	42
84.76267400625001	35
84.76267400625001	42
84.89530000625	42
85.02792600625	42
85.16055200625	42
85.29317800625	38
85.42580400625	42
85.55843000625	35
85.55843000625	42
85.69105600625001	42
85.82368200625	35
85.82368200625	42
85.95630800625	42
86.08893400625	42
86.22156000625	42
86.35418600625	38
86.48681200625	42
86.61943800625001	42
86.75206400625	42
86.88469000625	35
86.88469000625	42
87.01731600625	42
87.14994200625	42
87.28256800625	42
87.41519400625	38
87.54782000625	42
87.68044600625	35
87.68044600625	42
87.81307200625	42
87.94569800625	35
87.94569800625	42
88.07832400625	42
88.21095000625	42
88.34357600625	42
88.47620200625	38
88.60882800625001	42
88.74145400625001	42
88.87408000625	42
89.00670600625	35
89.00670600625	42
89.13933200625	42
89.27195800625	42
89.40458400625	42
89.53721000625	38
89.66983600625001	42
89.80246200625	35
89.80246200625	42
89.93508800625	42
90.06771400625	35
90.06771400625	42
90.20034000625	42
90.33296600625	42
90.46559200625	38
90.59821800625001	38
90.73084400625	42
90.86347000625	49
90.99609600625	49
91.12872200625	35
91.25884800625	42
91.38897400625	42
91.51910000625	42
91.64922600624999	38
91.78185200624999	42
91.91447800625	35
91.91447800625	42
92.04710400625	42
92.17973000625	35
92.17973000625	42
92.31235600625	42
92.44498200625	42
92.57760800624999	42
92.71023400625	38
92.84536000624999	42
92.98048600625	42
93.11561200625	42
93.25073800625	35
93.25073800625	42
93.38336400625	42
93.51599000625001	42
93.64861600625001	42
93.78124200625	38
93.91386800625	42
94.04649400625	35
94.04649400625	42
94.17912000625	42
94.31174600625	35
94.31174600625	42
94.44437200625	42
94.57699800625001	42
94.70962400625	42
94.84225000625	38
94.97487600625	42
95.10750200625	42
95.24012800625	42
95.37275400625	35
95.37275400625	42
95.50538000625001	42
95.63800600625	42
95.77063200625	42
95.90325800625	38
96.03588400625	42
96.16851000625	35
96.16851000625	42
96.30113600625	42
96.43376200625	35
96.43376200625	42
96.56638800625	42
96.69901400625001	42
96.83164000625	42
96.96426600625	38
97.09689200625	42
97.22951800625	42
97.36214400625	42
97.49477000625001	35
97.49477000625001	42
97.62489600625001	42
97.75502200624999	42
97.88514800624999	42
98.01527400625	38
98.14540000625	42
98.27552600624999	35
98.27552600624999	49
98.40565200625	49
98.53577800625	35
98.53577800625	49
98.67090400624998	49
98.80603000625	49
99.07628200625	38
99.20890800625	42
99.34153400625	42
99.47416000625	42
99.60678600624999	35
99.60678600624999	42
99.73941200624999	42
99.87203800625	42
100.00466400625	42
100.13729000625	38
100.26991600625	42
100.40254200625	35
100.40254200625	42
100.53516800624999	42
100.66779400625	35
100.66779400625	42
100.80042000625	42
100.93304600625	42
101.06567200625	42
101.19829800625	38
101.33092400625	42
101.46355000624999	42
101.59617600625	38
101.72880200624999	35
101.72880200624999	42
101.86142800625	42
101.99405400625	42
102.12668000625	42
102.25930600625	38
102.39443200625001	42
102.52955800625001	35
102.52955800625001	42
102.66468400625	42
102.79981000625	35
102.79981000625	42
102.93243600625	42
103.06506200625	42
103.19768800625	42
103.33031400625	38
103.46294000625001	42
103.59556600625	42
103.72819200625	42
103.86081800625	35
103.86081800625	42
103.99344400625	42
104.12607000625	42
104.25869600625	42
104.39132200625001	38
104.52394800625	42
104.65657400625001	35
104.65657400625001	42
104.78920000625	42
104.92182600625	35
104.92182600625	42
105.05445200625	42
105.18707800625	42
105.31970400625	42
105.45233000625	38
105.58495600625001	42
105.71758200625	42
105.85020800625	42
105.98283400625	35
105.98283400625	42
106.11546000625	42
106.24808600625	42
106.38071200625	42
106.51333800625001	38
106.64346400624999	42
106.77359000625	35
106.77359000625	42
106.90371600625	42
107.03384200625	35
107.03384200625	42
107.16646800625	42
107.29909400624999	42
107.43172000625	38
107.56434600624999	38
107.69447200625	47
107.82459800624999	47
107.95472400624999	47
108.08485000625	35
108.08485000625	49
108.35010200625	42
108.48272800624999	42
108.61535400625	38
108.74798000624999	42
108.88060600624999	35
108.88060600624999	42
109.01323200624999	42
109.14585800625	35
109.14585800625	42
109.27848400625	42
109.41111000624998	42
109.54373600625	42
109.67636200624999	38
109.81148800625	42
109.94661400625	42
110.08174000625	42
110.21686600625	35
110.21686600625	42
110.34949200624999	42
110.48211800625	42
110.61474400624999	42
110.74737000625001	38
110.87999600625	42
111.01262200625	35
111.01262200625	42
111.14524800625	42
111.27787400624999	35
111.27787400624999	42
111.41050000625	42
111.54312600624999	42
111.67575200625001	42
111.80837800625	38
111.94100400625	42
112.07363000625	42
112.20625600625	42
112.33888200625	35
112.33888200625	42
112.47150800624999	42
112.60413400625	42
112.73676000625	42
112.86938600625	38
113.00201200625	42
113.13463800625	35
113.13463800625	42
113.26726400625	42
113.39989000624999	35
113.39989000624999	42
113.53251600625	42
113.66514200625	42
113.79776800625	42
113.93039400625	38
114.06302000625	42
114.19564600625	42
114.32827200624999	42
114.46089800625	35
114.46089800625	42
114.59352400625	42
114.72615000625001	42
114.85877600625	42
114.99140200625	38
115.12402800625	42
115.25665400624999	35
115.25665400624999	42
115.38928000625	42
115.52190600624999	35
115.52190600624999	42
115.65453200625001	42
115.78715800625	42
115.91978400625	38
116.05241000625	38
116.18503600625	42
116.31766200625	49
116.58291400625001	35
116.58291400625001	42
116.71554000625	42
116.84816600625	42
116.98079200625	42
117.11341800625	38
117.24604400625	42
117.37867000624999	35
117.37867000624999	42
117.51129600625	42
117.64392200625	35
117.64392200625	42
117.77654800625	42
117.90917400625	42
118.04180000625	42
118.17442600625	38
118.30705200624999	42
118.43967800625	42
118.57230400625	42
118.70493000625001	35
118.70493000625001	42
118.83755600625	42
118.97018200625	42
119.10280800625	42
119.23543400624999	38
119.36806000625	42
119.50068600624999	35
119.50068600624999	42
119.63331200625001	42
119.76593800625	35
119.76593800625	42
119.89856400625	42
120.03119000625	42
120.16381600625	42
120.29644200625	38
120.42906800624999	42
120.56169400625001	42
120.69432000625	42
120.82694600625	35
120.82694600625	42
120.95957200625	42
121.09219800625	42
121.22482400625	42
121.35745000624999	38
121.49007600625	42
121.62270200625	35
121.62270200625	42
121.75532800625	42
121.88795400625	35
121.88795400625	42
122.02058000625	42
122.15320600625	42
122.28583200624999	42
122.41845800625	38
122.55108400625	42
122.68371000625001	42
122.81633600625	42
122.94896200625	35
122.94896200625	42
123.08158800625	42
123.21421400624999	42
123.34684000625	42
123.47946600625	38
123.61209200625001	42
123.74471800625	35
123.74471800625	42
123.87734400625	42
124.00997000625	35
124.00997000625	42
124.14259600625	38
124.27522200625	38
124.54047400625	38
124.67060000624998	47
124.80072600624999	47
124.93085200624999	47
125.06097800625001	35
125.06097800625001	49
125.33123000625	42
125.46635600625001	42
125.60148200625	38
125.73410800625	42
125.86673400625	35
125.86673400625	42
125.99936000625	42
126.13198600625	35
126.13198600625	42
126.26461200624999	42
126.39723800625	42
126.52986400625	42
126.66249000625	38
126.79511600625	42
126.92774200625	42
127.06036800625	42
127.19299400624999	35
127.19299400624999	42
127.32562000625	42
127.45824600625	42
127.59087200625001	42
127.72349800625	38
127.85612400625	42
127.98875000625	35
127.98875000625	42
128.12137600625	42
128.25400200625	35
128.25400200625	42
128.38662800625	42
128.51925400625	42
128.65188000625	42
128.78450600624998	38
128.91213200624998	49
129.16738400625	49
129.29501000624998	35
129.29501000624998	42
129.43013600625002	42
129.56526200625	42
129.70038800625002	42
129.83551400625	38
129.97064000625	42
130.10576600625	35
130.10576600625	42
130.24089200625	42
130.37601800625	35
130.37601800625	42
130.50864400625	42
130.64127000625	42
130.77389600625	42
130.90652200625	38
131.03914800625	42
131.17177400625	42
131.30440000625	42
131.43702600625	35
131.43702600625	42
131.56965200625	42
131.70227800625	42
131.83490400624999	42
131.96753000625	38
132.09765600625002	42
132.22778200625	35
132.22778200625	42
132.35790800625	42
132.48803400625002	35
132.48803400625002	49
132.62316000625	38
133.02853800625002	38
133.16116400625	47
133.29379000625	47
133.42641600625	47
133.55904200625	35
133.55904200625	49
133.82429400625	42
133.95692000625002	42
134.08954600625	38
134.22217200625	42
134.35479800625	35
134.35479800625	42
134.48742400625	42
134.62005000624998	35
134.62005000624998	42
134.75267600625	42
134.88530200625001	42
135.01792800625	42
135.15055400625	38
135.28318000625	42
135.41580600625	42
135.54843200625	42
135.68105800625	35
135.68105800625	42
135.81368400625	42
135.94631000625	42
136.07893600625	42
136.21156200625	38
136.34418800625	42
136.47681400625	35
136.47681400625	42
136.60944000625	42
136.74206600625	35
136.74206600625	42
136.87469200625	35
136.87469200625	42
137.00731800625	42
137.13994400625	35
137.13994400625	42
137.27257000625	38
137.40519600625	42
137.53782200625	42
137.67044800625	42
137.80307400625	35
137.80307400625	42
137.93570000625	42
138.06832600625	42
138.20095200625002	42
138.33357800624998	38
138.46620400625	42
138.59883000625	35
138.59883000625	42
138.73145600625	42
138.86408200625	35
138.86408200625	42
138.99670800625	42
139.12933400625002	42
139.26196000625	42
139.39458600625	38
139.52471200625	42
139.65483800625	42
139.78496400625	42
139.91509000625	35
139.91509000625	42
140.31296800625	35
140.31296800625	49
140.44559400625002	38
140.57822000625	42
140.71084600625	42
140.84347200625	42
141.10872400625001	35
141.10872400625001	49
141.37397600625002	35
141.50660200625	38
141.77185400625	42
141.90448000625003	42
142.03710600625	35
142.03710600625	49
142.16973200625	42
142.30235800625002	42
142.43498400625	42
142.56761000625	38
142.70023600625	42
142.83286200625002	35
142.83286200625002	42
142.96548800625	42
143.09811400625	35
143.09811400625	42
143.23074000625002	42
143.36336600625	42
143.49599200625	42
143.62861800625	38
143.76124400625002	42
143.89387000625	42
144.02649600625	42
144.15912200625002	35
144.15912200625002	42
144.29424800625	42
144.42937400625	42
144.56450000625	42
144.69962600625	38
144.83225200625	42
144.96487800625	35
144.96487800625	42
145.09750400625	42
145.23013000625002	35
145.23013000625002	42
145.36275600624998	35
145.36275600624998	42
145.49538200625	42
145.62800800625	35
145.62800800625	42
145.76063400625	38
145.89326000625	42
146.02588600625	42
146.15851200625002	42
146.29113800624998	35
146.29113800624998	42
146.42376400625	42
146.55639000625	42
146.68901600625	42
146.82164200625	38
146.95426800625	42
147.08689400625002	35
147.08689400625002	42
147.21952000625	42
147.35214600625	35
147.35214600625	42
147.48477200625	42
147.61739800625	42
147.75002400625	42
147.88265000625	38
148.01527600625002	42
148.14790200625	42
148.28052800625	42
148.41315400625	35
148.41315400625	42
148.54469225625002	42
148.67623050625002	42
148.80776875625	42
148.93930700625	38
149.07084525625	42
149.20238350625002	42
149.33392175625002	42
149.59699825625	35
149.59699825625	49
149.86007475625001	35
149.99161300625002	38
150.24968950625	38
150.37872775625002	38
150.50776600625002	35
150.50776600625002	49
150.77825200625003	42
150.91349500625	42
151.04873800625	38
151.18148100625	42
151.31422400625002	35
151.31422400625002	42
151.44696700625002	42
151.57971000625002	35
151.57971000625002	42
151.71245300625	42
151.84519600625	42
151.97793900625	42
152.11068200625002	38
152.24592500625002	42
152.38116800625002	42
152.51641100625	42
152.65165400625	35
152.65165400625	49
152.91714000625	42
153.04988300625	42
153.18262600625002	38
153.31536900625	42
153.44811200625	35
153.44811200625	42
153.58085500625	42
153.71359800625	35
153.71359800625	42
153.84634100625001	42
153.97908400625	42
154.11182700625	42
154.24457000625	38
154.37481300625	42
154.50505600625002	42
154.63529900625002	42
154.76554200625	35
154.76554200625	49
155.03102800625	42
155.16377100625002	42
155.29651400625002	38
155.42925700625003	42
155.56200000625	35
155.56200000625	42
155.69474300625	42
155.82748600625	35
155.82748600625	42
155.96022900625002	42
156.09297200625002	42
156.22571500625003	42
156.35845800625	38
156.49120100625	42
156.62394400625	42
156.75668700625002	42
156.88943000625002	35
156.88943000625002	49
157.15479700625002	42
157.28748050625003	42
157.42016400625002	38
157.55284750625003	42
157.68553100625002	35
157.68553100625002	42
157.81821450625003	42
157.95089800625001	35
157.95089800625001	42
158.08358150625003	42
158.21626500625	42
158.34894850625003	42
158.48163200625	38
158.61431550625002	42
158.74699900625004	42
158.87968250625002	42
159.01236600625003	35
159.01236600625003	49
159.27773300625003	42
159.41041650625002	42
159.54310000625003	38
159.67578350625	42
159.80846700625003	35
159.80846700625003	42
159.94115050625	42
160.07383400625002	35
160.07383400625002	42
160.20651750625004	42
160.33920100625002	42
160.47188450625003	42
160.60456800625002	38
160.73725150625003	42
160.86993500625002	42
161.00261850625003	42
161.13530200625001	35
161.13530200625001	49
161.26798550625003	42
161.40066900625	42
161.53335250625003	42
161.66603600625	38
161.79871950625002	42
161.93140300625004	35
161.93140300625004	42
162.06408650625002	42
162.19677000625003	35
162.19677000625003	42
162.32945350625002	42
162.46213700625003	42
162.59482050625002	42
162.72750400625003	38
162.98787100625003	38
163.11805450625002	38
163.24823800625003	35
163.24823800625003	49
163.51360500625003	42
163.64628850625004	42
163.77897200625003	38
163.91165550625004	42
164.04433900625003	35
164.04433900625003	42
164.17702250625004	42
164.30970600625002	35
164.30970600625002	42
164.44238950625004	42
164.57507300625002	42
164.70775650625004	42
164.84044000625002	38
164.97312350625003	42
165.10580700625005	42
165.23849050625003	42
165.37117400625004	35
165.37117400625004	42
165.50635750625003	42
165.64154100625004	42
165.77672450625002	42
165.91190800625003	38
166.04459150625001	42
166.17727500625003	35
166.17727500625003	42
166.30995850625	42
166.44264200625003	35
166.44264200625003	42
166.57532550625	38
166.70800900625002	42
166.84069250625004	42
166.97337600625002	38
167.10605950625003	38
167.23874300625002	47
167.37142650625003	47
167.50411000625002	35
167.50411000625002	49
167.63679350625003	42
167.76947700625	42
167.90216050625003	42
168.03484400625	38
168.16752750625002	42
168.30021100625004	35
168.30021100625004	42
168.43289450625002	42
168.56557800625004	35
168.56557800625004	42
168.69576150625002	42
168.82594500625004	42
168.95612850625002	42
169.08631200625004	38
169.21899550625002	42
169.35167900625004	42
169.48436250625002	42
169.61704600625004	35
169.61704600625004	42
169.74972950625005	42
169.88241300625003	42
170.01509650625005	42
170.14778000625003	38
170.28046350625004	42
170.41314700625003	35
170.41314700625003	42
170.54583050625004	42
170.67851400625003	35
170.67851400625003	42
170.81119750625004	42
170.94388100625002	42
171.07656450625004	42
171.20924800625002	38
171.34193150625003	42
171.47461500625002	42
171.60729850625003	42
171.73998200625005	35
171.73998200625005	42
171.87516550625003	42
172.01034900625004	42
172.14553250625002	42
172.28071600625003	38
172.41339950625002	42
172.54608300625003	35
172.54608300625003	42
172.67876650625	42
172.81145000625003	35
172.81145000625003	42
172.94413350625	42
173.07681700625002	42
173.20950050625004	42
173.34218400625002	38
173.47486750625004	42
173.60755100625002	42
173.74023450625003	42
173.8729063229167	35
173.8729063229167	42
174.0054145729167	42
174.1379228229167	42
174.2704310729167	42
174.4029393229167	38
174.5329475729167	42
174.6629558229167	35
174.6629558229167	49
174.7929640729167	49
174.9229723229167	35
174.9229723229167	49
175.0579805729167	49
175.1929888229167	49
175.4630053229167	38
175.5955135729167	49
175.7280218229167	49
175.9930383229167	35
175.9930383229167	49
176.2580548229167	42
176.3905630729167	42
176.5230713229167	38
176.6555795729167	42
176.7880878229167	35
176.7880878229167	42
176.9205960729167	42
177.0531043229167	35
177.0531043229167	42
177.1856125729167	42
177.3181208229167	42
177.4506290729167	42
177.5831373229167	38
177.71314557291672	42
177.8431538229167	42
177.9731620729167	42
178.1031703229167	35
178.1031703229167	42
178.2381785729167	42
178.3731868229167	42
178.5081950729167	42
178.6432033229167	38
178.7757115729167	42
178.9082198229167	35
178.9082198229167	42
179.0407280729167	42
179.1732363229167	35
179.1732363229167	42
179.3057445729167	42
179.4382528229167	42
179.5707610729167	42
179.7032693229167	38
179.8357775729167	42
179.9682858229167	42
180.1007940729167	42
180.2333023229167	35
180.2333023229167	42
180.3658105729167	42
180.4983188229167	42
180.6308270729167	42
180.7633353229167	38
180.8958435729167	42
181.0283518229167	35
181.0283518229167	42
181.1608600729167	42
181.2933683229167	35
181.2933683229167	42
181.4258765729167	42
181.5583848229167	42
181.6908930729167	42
181.8234013229167	38
181.9559095729167	42
182.0884178229167	42
182.2209260729167	42
182.3534343229167	35
182.3534343229167	42
182.4859425729167	42
182.6184508229167	42
182.75095907291671	42
182.8834673229167	38
183.0159755729167	42
183.1484838229167	35
183.1484838229167	49
183.2809920729167	49
183.4135003229167	35
183.4135003229167	49
183.5460085729167	49
183.6785168229167	49
183.9435333229167	38
184.2085498229167	38
184.3410580729167	38
184.4735663229167	35
184.4735663229167	49
184.6060745729167	42
184.7385828229167	42
184.8710910729167	42
185.0035993229167	38
185.1361075729167	42
185.2686158229167	35
185.2686158229167	42
185.4011240729167	42
185.5336323229167	35
185.5336323229167	42
185.6661405729167	42
185.7986488229167	42
185.9311570729167	42
186.0636653229167	38
186.1961735729167	42
186.3286818229167	42
186.4611900729167	42
186.5936983229167	35
186.5936983229167	42
186.7262065729167	42
186.8587148229167	42
186.9912230729167	42
187.1237313229167	38
187.25623957291668	42
187.38874782291668	35
187.38874782291668	42
187.52125607291669	42
187.6537643229167	35
187.6537643229167	42
187.78877257291668	42
187.92378082291668	42
188.05878907291668	42
188.19379732291668	38
188.32630557291668	42
188.45881382291668	42
188.59132207291668	42
188.72383032291668	35
188.72383032291668	42
188.85633857291668	42
188.98884682291668	42
189.12135507291669	42
189.2538633229167	38
189.3863715729167	42
189.5188798229167	35
189.5188798229167	42
189.6513880729167	42
189.7838963229167	35
189.7838963229167	42
189.9164045729167	42
190.0489128229167	42
190.1814210729167	42
190.3139293229167	38
190.4464375729167	42
190.5789458229167	42
190.7114540729167	42
190.8439623229167	35
190.8439623229167	42
190.9764705729167	42
191.1089788229167	42
191.2414870729167	42
191.3739953229167	38
191.5065035729167	42
191.6390118229167	38
191.7715200729167	42
191.9040283229167	35
191.9040283229167	42
192.0340365729167	38
192.4240613229167	38
192.5540695729167	47
192.6840778229167	47
192.8140860729167	47
192.9440943229167	35
192.9440943229167	49
193.2141108229167	42
193.3491190729167	42
193.4841273229167	38
193.6166355729167	42
193.7491438229167	35
193.7491438229167	42
193.8816520729167	42
194.0141603229167	35
194.0141603229167	42
194.1466685729167	42
194.2791768229167	42
194.4116850729167	42
194.5441933229167	38
194.6767015729167	42
194.8092098229167	42
194.9417180729167	42
195.0742263229167	35
195.0742263229167	42
195.2092345729167	42
195.3442428229167	42
195.4792510729167	42
195.6142593229167	38
195.7467675729167	42
195.8792758229167	35
195.8792758229167	42
196.0117840729167	42
196.1442923229167	35
196.1442923229167	42
196.2743005729167	35
196.2743005729167	42
196.4043088229167	42
196.5343170729167	35
196.5343170729167	42
196.66432532291668	38
196.79683357291668	42
196.92934182291668	42
197.06185007291668	42
197.19435832291668	35
197.19435832291668	42
197.32686657291669	42
197.4593748229167	42
197.5918830729167	42
197.7243913229167	38
197.8593995729167	42
197.99440782291668	35
197.99440782291668	42
198.12941607291668	42
198.26442432291668	35
198.26442432291668	42
198.39693257291668	42
198.52944082291668	42
198.66194907291668	42
198.79445732291668	38
198.92696557291669	42
199.0594738229167	42
199.1919820729167	42
199.3244903229167	35
199.3244903229167	49
199.7220150729167	35
199.7220150729167	49
199.8545233229167	38
199.9870315729167	42
200.1195398229167	42
200.2520480729167	42
200.5145645729167	35
200.5145645729167	49
200.7745810729167	35
200.9045893229167	38
201.1696058229167	42
201.3021140729167	42
201.4346223229167	35
201.4346223229167	49
201.7046388229167	42
201.8396470729167	42
201.9746553229167	38
202.10716357291668	42
202.23967182291668	35
202.23967182291668	42
202.37218007291668	42
202.50468832291668	35
202.50468832291668	42
202.63719657291668	42
202.76970482291668	42
202.90221307291668	42
203.03472132291668	38
203.16722957291668	42
203.29973782291668	42
203.43224607291668	42
203.56475432291668	35
203.56475432291668	42
203.69726257291669	42
203.8297708229167	42
203.9622790729167	42
204.0947873229167	38
204.2272955729167	42
204.3598038229167	35
204.3598038229167	42
204.4923120729167	42
204.6248203229167	35
204.6248203229167	42
204.7573285729167	35
204.7573285729167	42
204.8898368229167	42
205.0223450729167	35
205.0223450729167	42
205.1548533229167	38
205.2873615729167	42
205.4198698229167	42
205.5523780729167	42
205.6848863229167	35
205.6848863229167	42
205.8173945729167	42
205.94990282291667	42
206.08241107291667	42
206.21491932291667	38
206.34742757291667	42
206.47993582291667	35
206.47993582291667	42
206.61244407291667	42
206.74495232291667	35
206.74495232291667	42
206.87746057291668	42
207.00996882291668	42
207.14247707291668	42
207.27498532291668	38
207.40749357291668	42
207.54000182291668	42
207.67251007291668	42
207.80501832291668	35
207.80501832291668	42
207.93752657291668	42
208.20254307291668	35
208.20254307291668	49
208.33505132291668	38
208.5950678229167	38
208.9875925729167	35
208.9875925729167	49
209.2526090729167	35
209.2526090729167	49
209.3851173229167	38
209.6501338229167	42
209.7826420729167	42
209.9151503229167	35
209.9151503229167	49
210.1801668229167	42
210.3126750729167	42
210.4451833229167	38
210.5776915729167	42
210.7101998229167	35
210.7101998229167	42
210.8427080729167	42
210.9752163229167	35
210.9752163229167	42
211.1102245729167	42
211.2452328229167	42
211.3802410729167	42
211.5152493229167	38
211.6477575729167	42
211.7802658229167	42
211.91277407291668	42
212.04528232291668	35
212.04528232291668	42
212.17779057291668	42
212.31029882291668	42
212.44280707291668	42
212.57531532291668	38
212.70782357291668	42
212.84033182291668	35
212.84033182291668	42
212.97284007291668	42
213.10534832291668	35
213.10534832291668	42
213.23785657291668	42
213.37036482291668	42
213.50287307291669	42
213.6353813229167	38
213.7678895729167	42
213.9003978229167	42
214.0329060729167	42
214.1654143229167	35
214.1654143229167	42
214.2979225729167	42
214.4304308229167	42
214.5629390729167	42
214.6954473229167	38
214.8279555729167	42
214.9604638229167	35
214.9604638229167	42
215.0929720729167	42
215.2254803229167	35
215.2254803229167	42
215.3579885729167	42
215.49049682291667	42
215.62300507291667	42
215.75551332291667	38
215.88802157291667	42
216.02052982291667	42
216.15303807291667	42
216.28554632291667	35
216.28554632291667	42
216.41805457291667	42
216.55056282291667	42
216.68307107291668	42
216.81557932291668	38
216.94808757291668	42
217.08059582291668	35
217.08059582291668	49
217.21310407291668	49
217.34561232291668	35
217.34561232291668	49
217.47812057291668	49
217.61062882291668	49
217.87564532291668	38
218.00815357291668	49
218.14066182291668	49
218.40567832291669	35
218.40567832291669	49
218.6706948229167	42
218.8032030729167	42
218.9357113229167	38
219.0682195729167	42
219.2007278229167	35
219.2007278229167	42
219.3332360729167	42
219.4657443229167	35
219.4657443229167	42
219.5982525729167	42
219.7307608229167	42
219.8632690729167	42
219.9957773229167	38
220.1257855729167	42
220.2557938229167	42
220.3858020729167	42
220.5158103229167	35
220.5158103229167	42
220.6483185729167	42
220.7808268229167	42
220.9133350729167	42
221.0458433229167	38
221.1758515729167	42
221.30585982291672	35
221.30585982291672	42
221.4358680729167	42
221.5658763229167	35
221.5658763229167	42
221.6983845729167	42
221.8308928229167	42
221.9634010729167	42
222.0959093229167	38
222.2284175729167	42
222.3609258229167	42
222.4934340729167	42
222.6259423229167	35
222.6259423229167	42
222.7571165729167	42
222.8882908229167	42
223.0194650729167	42
223.1506393229167	38
223.2818135729167	42
223.4129878229167	35
223.4129878229167	42
223.5441620729167	42
223.6753363229167	35
223.6753363229167	42
223.8090105729167	42
223.9426848229167	42
224.0763590729167	42
224.2100333229167	38
224.3412075729167	42
224.4723818229167	42
224.6035560729167	42
224.7347303229167	35
224.7347303229167	42
224.8659045729167	42
224.99707882291668	42
225.1282530729167	42
225.25942732291668	38
225.3906015729167	42
225.52177582291668	35
225.52177582291668	42
225.78412432291668	35
225.9127985729167	35
225.9127985729167	49
226.1701470729167	35
226.2988213229167	38
226.5661698229167	42
226.6998440729167	42
226.8335183229167	35
226.8335183229167	49
227.0958668229167	42
227.22704107291668	42
227.3582153229167	38
227.49188957291668	42
227.6255638229167	35
227.6255638229167	42
227.75923807291667	42
227.8929123229167	35
227.8929123229167	42
228.02408657291667	42
228.1552608229167	42
228.28643507291667	42
228.4176093229167	38
228.55128357291667	42
228.68495782291672	42
228.8186320729167	42
228.9523063229167	35
228.9523063229167	42
229.0834805729167	42
229.2146548229167	42
229.3458290729167	42
229.47700332291672	38
229.6081775729167	42
229.7393518229167	35
229.7393518229167	42
229.8705260729167	42
230.0017003229167	35
230.0017003229167	42
230.1328745729167	42
230.2640488229167	42
230.3952230729167	42
230.5263973229167	38
230.6525715729167	42
230.77874582291668	42
230.9049200729167	42
231.0310943229167	35
231.0310943229167	49