3.7995200000000007	47
3.7995200000000007	47
4.529405000000001	47
4.529405000000001	47
5.062180000000001	38
5.28429	38
5.5064	35
5.5064	49
6.001314000000001	38
6.001314000000001	42
6.238771000000001	42
6.476228000000001	35
6.476228000000001	42
6.713685000000001	42
6.951142000000001	38
6.951142000000001	42
7.188599	42
7.426056000000001	35
7.426056000000001	42
7.662524	42
7.898992	38
7.898992	42
8.140460000000001	42
8.381928	35
8.381928	42
8.623396000000001	42
8.864864	38
8.864864	42
9.106332	42
9.347800000000001	35
9.347800000000001	42
9.5832685	42
9.818737	38
9.818737	42
10.054205500000002	42
10.289674000000002	35
10.289674000000002	42
10.525142500000001	42
10.760611	38
10.760611	42
10.996079500000002	42
11.231548000000002	35
11.231548000000002	42
11.465523500000002	42
11.699499000000001	38
11.699499000000001	42
11.938474500000003	42
12.177450000000002	35
12.177450000000002	42
12.411425500000002	42
12.645401000000001	38
12.645401000000001	42
12.879376500000001	42
13.113352000000003	35
13.113352000000003	42
13.347327500000002	42
13.581303000000002	38
13.581303000000002	42
13.815278500000002	42
14.049254000000001	35
14.049254000000001	42
14.283229500000001	42
14.517205000000002	38
14.517205000000002	42
14.751180500000002	42
14.985156000000002	35
14.985156000000002	42
15.219131500000001	42
15.453107000000003	38
15.453107000000003	42
15.687082500000002	42
15.921058000000002	35
15.921058000000002	42
16.155033500000002	42
16.389009	38
16.389009	42
16.6229845	42
16.85696	35
16.85696	42
17.0959355	42
17.334911	38
17.334911	42
17.5688865	42
17.802862	35
17.802862	42
18.0318375	42
18.260813000000002	38
18.260813000000002	42
18.494788500000002	42
18.728764	35
18.728764	42
18.9627395	38
18.9627395	38
19.196715	42
19.4306905	42
19.664666	38
19.664666	38
19.8986415	42
20.132617	38
20.132617	38
20.3665925	38
20.3665925	38
20.600568000000003	35
20.600568000000003	49
21.068519000000002	38
21.068519000000002	42
21.3074945	42
21.54647	35
21.54647	42
21.7804455	42
22.014421000000002	38
22.014421000000002	42
22.248396500000002	42
22.482372	35
22.482372	42
22.7163475	42
22.950323	38
22.950323	42
23.1842985	42
23.418274	35
23.418274	42
23.6472495	38
23.876225	38
24.1152005	38
24.354176	35
24.354176	42
24.5881515	42
24.822127	38
24.822127	42
25.056102499999998	42
25.290077999999998	35
25.290077999999998	42
25.524053499999997	42
25.758029	38
25.758029	42
25.9870045	42
26.215980000000002	35
26.215980000000002	42
26.4549555	42
26.693931	38
26.693931	42
26.927906500000002	42
27.161882000000002	35
27.161882000000002	42
27.3958575	42
27.629833	38
27.629833	42
27.858808500000002	42
28.087784000000003	35
28.087784000000003	42
28.321759500000002	42
28.555735000000002	38
28.555735000000002	42
28.7947105	42
29.033686	35
29.033686	42
29.2676615	42
29.501637	38
29.501637	42
29.7406125	42
29.979588000000003	35
29.979588000000003	42
30.213563500000003	42
30.447539000000003	38
30.447539000000003	42
30.681514500000002	42
30.915490000000002	35
30.915490000000002	42
31.154465500000004	42
31.393441000000003	38
31.393441000000003	42
31.6224165	42
31.851392	35
31.851392	42
32.085998499999995	42
32.320605	38
32.320605	42
32.5602115	42
32.799818	35
32.799818	42
33.0394245	42
33.279031	38
33.279031	42
33.5136375	42
33.748244	35
33.748244	42
33.9808245	42
34.213405	38
34.213405	42
34.4459855	42
34.678566	35
34.678566	42
34.9111465	42
35.143727	38
35.143727	42
35.3763075	42
35.608888	35
35.608888	42
35.8460285	42
36.083169	38
36.083169	42
36.3203095	42
36.55745	35
36.55745	42
36.7945905	42
37.031731	38
37.031731	42
37.2638715	42
37.496012	35
37.496012	42
37.7301525	42
37.964293	38
37.964293	42
38.1984335	42
38.432574	35
38.432574	42
38.6667145	42
38.900855	38
38.900855	42
39.1349955	42
39.369136	35
39.369136	42
39.6032765	42
39.837417	38
39.837417	42
40.0765575	42
40.315698	35
40.315698	42
40.5548385	42
40.793979	38
40.793979	42
41.0281195	42
41.262260000000005	35
41.262260000000005	42
41.4914005	42
41.720541	38
41.720541	42
41.9546815	42
42.188821999999995	35
42.188821999999995	42
42.4229625	42
42.657103	38
42.657103	42
42.891243499999995	42
43.125384	35
43.125384	42
43.3595245	42
43.593664999999994	38
43.593664999999994	42
43.8278055	42
44.061946	35
44.061946	42
44.296086499999994	42
44.530227	38
44.530227	42
44.759367499999996	42
44.988507999999996	35
44.988507999999996	42
45.2226485	42
45.456789	38
45.456789	42
45.6959295	42
45.935069999999996	35
45.935069999999996	42
46.1692105	42
46.403350999999994	38
46.403350999999994	42
46.637491499999996	42
46.871632	35
46.871632	42
47.1057725	42
47.339912999999996	38
47.339912999999996	42
47.5740535	42
47.808194	35
47.808194	42
48.042334499999996	42
48.276475	38
48.276475	42
48.5106155	42
48.744755999999995	35
48.744755999999995	42
48.9788965	42
49.213037	38
49.213037	42
49.447177499999995	42
49.681318	35
49.681318	42
49.9104585	42
50.139599000000004	38
50.139599000000004	42
50.3687395	38
50.48330975	38
50.59788	35
50.59788	49
51.066161	38
51.066161	49
51.305301500000006	49
51.544442000000004	35
51.544442000000004	49
51.773582499999996	49
52.002723	38
52.002723	49
52.24186350000001	49
52.481004	35
52.481004	49
52.7151445	49
52.949285	38
52.949285	49
53.1834255	49
53.417566	35
53.417566	49
53.6517065	49
53.885847	38
53.885847	49
54.1249875	49
54.364128	35
54.364128	49
54.598268499999996	49
54.832409	38
54.832409	49
55.0715495	49
55.31069	35
55.31069	49
55.5448305	49
55.778971000000006	38
55.778971000000006	49
56.0131115	49
56.247252	35
56.247252	49
56.4763925	49
56.705532999999996	38
56.705532999999996	49
56.9446735	49
57.183814000000005	35
57.183814000000005	49
57.4179545	49
57.652095	38
57.652095	49
57.886235500000005	49
58.120376	35
58.120376	49
58.3545165	49
58.588657000000005	38
58.588657000000005	49
58.8227975	49
59.056937999999995	35
59.056937999999995	49
59.2810785	49
59.505219	38
59.505219	49
59.7443595	49
59.9835	35
59.9835	49
60.217640499999995	49
60.451781	38
60.451781	49
60.6859215	49
60.920061999999994	35
60.920061999999994	49
61.1542025	49
61.388343	38
61.388343	49
61.61748349999999	49
61.846624	35
61.846624	49
62.0857645	49
62.324904999999994	38
62.324904999999994	49
62.559045499999996	49
62.793186	35
62.793186	49
63.027326499999994	49
63.261466999999996	38
63.261466999999996	49
63.4956075	49
63.729747999999994	35
63.729747999999994	49
63.963888499999996	49
64.198029	38
64.198029	49
64.4321695	49
64.66631	35
64.66631	49
64.9054505	49
65.14459099999999	38
65.14459099999999	49
65.612872	35
65.612872	42
65.8450125	42
66.07715300000001	38
66.07715300000001	42
66.3142935	42
66.551434	35
66.551434	42
66.78857450000001	42
67.025715	38
67.025715	42
67.2628555	42
67.49999600000001	35
67.49999600000001	42
67.731851	42
67.96370600000002	38
67.96370600000002	42
68.19556100000001	42
68.42741600000001	35
68.42741600000001	42
68.659271	38
68.89112600000001	38
69.127981	38
69.364836	35
69.364836	42
69.5996385	42
69.834441	38
69.834441	42
70.0692435	42
70.304046	35
70.304046	42
70.5338485	42
70.76365100000001	38
70.76365100000001	42
71.0034535	42
71.243256	35
71.243256	42
71.4735585	42
71.703861	38
71.703861	42
71.9341635	42
72.164466	35
72.164466	42
72.3947685	42
72.625071	38
72.625071	42
72.8553735	42
73.085676	35
73.085676	42
73.317153	42
73.54863000000002	38
73.54863000000002	42
73.78510700000001	42
74.02158400000002	35
74.02158400000002	42
74.25806100000001	42
74.49453800000002	38
74.49453800000002	42
74.73101500000001	42
74.96749200000002	35
74.96749200000002	42
75.20396900000001	42
75.44044600000002	38
75.44044600000002	42
75.67692300000002	42
75.91340000000001	35
75.91340000000001	42
76.14487700000001	42
76.376354	38
76.376354	42
76.61283100000001	42
76.84930800000001	35
76.84930800000001	42
77.08578500000002	42
77.32226200000001	38
77.32226200000001	42
77.55873900000002	42
77.79521600000001	35
77.79521600000001	42
78.031693	42
78.26817000000001	38
78.26817000000001	42
78.499647	42
78.73112400000001	35
78.73112400000001	42
78.97173200000002	42
79.21234000000001	38
79.21234000000001	42
79.44294800000002	42
79.67355600000002	35
79.67355600000002	42
79.90416400000002	42
80.13477200000001	38
80.13477200000001	42
80.36038	42
80.58598800000001	35
80.58598800000001	42
80.82156850000001	42
81.05714900000001	38
81.05714900000001	42
81.29772950000003	42
81.53831000000002	35
81.53831000000002	42
81.77389050000002	42
82.00947100000002	38
82.00947100000002	42
82.24505150000002	42
82.48063200000001	35
82.48063200000001	42
82.71621250000003	42
82.95179300000002	38
82.95179300000002	42
83.18737350000002	42
83.42295400000002	35
83.42295400000002	42
83.65853450000002	42
83.89411500000001	38
83.89411500000001	42
84.12969550000003	42
84.36527600000002	35
84.36527600000002	42
84.60085650000002	42
84.83643700000002	38
84.83643700000002	42
85.07201750000002	42
85.30759800000003	35
85.30759800000003	42
85.54317850000002	42
85.77875900000002	38
85.77875900000002	42
86.01433950000002	42
86.24992000000002	35
86.24992000000002	42
86.48100050000002	42
86.71208100000001	38
86.71208100000001	42
86.94316150000002	42
87.17424200000002	35
87.17424200000002	42
87.40532250000001	42
87.63640300000002	38
87.63640300000002	42
87.86748350000002	42
88.09856400000001	35
88.09856400000001	42
88.32964450000001	42
88.56072500000003	38
88.56072500000003	42
88.80180550000003	42
89.04288600000001	35
89.04288600000001	42
89.2689665	42
89.49504700000001	38
89.49504700000001	42
89.73112750000001	42
89.96720800000001	35
89.96720800000001	42
90.20441550000001	42
90.441623	38
90.441623	42
90.67883050000002	42
90.91603800000001	35
90.91603800000001	42
91.1482455	42
91.380453	38
91.380453	42
91.61766050000001	42
91.85486800000001	35
91.85486800000001	42
92.08707550000001	42
92.31928300000001	38
92.31928300000001	42
92.55649050000002	42
92.79369800000002	35
92.79369800000002	42
93.02590550000001	42
93.25811300000001	38
93.25811300000001	42
93.49532050000002	42
93.73252800000002	42
93.96230900000002	47
93.96230900000002	47
94.19209000000002	47
94.19209000000002	47
94.41687100000001	47
94.41687100000001	47
94.87143300000001	38
94.87143300000001	47
95.10121400000001	38
95.10121400000001	47
95.55077600000001	35
95.55077600000001	49
96.01994700000002	38
96.01994700000002	49
96.25453250000001	49
96.48911800000002	35
96.48911800000002	49
96.71870350000002	49
96.94828900000002	38
96.94828900000002	49
97.18287450000003	49
97.41746000000002	35
97.41746000000002	49
97.64704550000002	49
97.87663100000002	38
97.87663100000002	49
98.11621650000002	49
98.35580200000003	35
98.35580200000003	49
98.59038750000002	49
98.82497300000003	38
98.82497300000003	49
99.05955850000002	49
99.29414400000002	35
99.29414400000002	49
99.52020800000001	49
99.74627200000002	38
99.74627200000002	49
99.97733600000001	49
100.20840000000001	35
100.20840000000001	49
100.43946400000002	49
100.67052800000002	38
100.67052800000002	49
100.90659200000002	49
101.14265600000002	35
101.14265600000002	49
101.37372000000002	49
101.60478400000002	38
101.60478400000002	49
101.83584800000001	49
102.06691200000002	35
102.06691200000002	49
102.29797600000002	49
102.52904000000002	38
102.52904000000002	49
102.76010400000001	49
102.99116800000002	35
102.99116800000002	49
103.22223200000002	49
103.45329600000002	38
103.45329600000002	49
103.68436000000001	49
103.91542400000002	35
103.91542400000002	49
104.14648800000002	49
104.37755200000002	38
104.37755200000002	49
104.60861600000001	49
104.83968000000002	35
104.83968000000002	49
105.07074400000002	49
105.30180800000002	38
105.30180800000002	49
105.53787200000001	49
105.773936	35
105.773936	49
106.00000000000001	49
106.22606400000002	38
106.22606400000002	49
106.45712800000003	49
106.68819200000002	35
106.68819200000002	49
106.91274	49
107.13728800000001	38
107.13728800000001	49
107.366836	49
107.59638400000001	35
107.59638400000001	49
107.82593200000001	49
108.05548000000002	38
108.05548000000002	49
108.29502800000002	49
108.534576	35
108.534576	49
108.76412400000001	49
108.993672	38
108.993672	49
109.22822000000002	49
109.46276800000001	35
109.46276800000001	49
109.687316	49
109.91186400000001	38
109.91186400000001	49
110.141412	35
110.141412	49
110.37096000000001	35
110.37096000000001	49
110.82603100000001	38
110.82603100000001	42
111.05356650000002	42
111.28110200000002	35
111.28110200000002	42
111.51863750000003	42
111.75617300000002	38
111.75617300000002	42
111.98870850000002	42
112.22124400000003	35
112.22124400000003	42
112.44652050000002	42
112.67179700000003	38
112.67179700000003	42
112.90207350000003	42
113.13235000000002	35
113.13235000000002	42
113.36762650000003	42
113.60290300000003	38
113.60290300000003	42
113.83817950000002	42
114.07345600000002	35
114.07345600000002	42
114.30373250000002	42
114.53400900000001	38
114.53400900000001	42
114.76428550000001	42
114.99456200000002	35
114.99456200000002	42
115.21983850000002	42
115.44511500000003	38
115.44511500000003	42
115.67539150000003	42
115.90566800000003	35
115.90566800000003	42
116.13594450000002	42
116.36622100000002	38
116.36622100000002	42
116.59649750000003	42
116.82677400000003	35
116.82677400000003	42
117.05205050000002	42
117.27732700000003	38
117.27732700000003	42
117.50760350000002	35
117.50760350000002	49
117.73788000000002	35
117.73788000000002	49
118.19843300000002	38
118.19843300000002	42
118.43370950000003	42
118.66898600000003	35
118.66898600000003	42
118.90426250000003	42
119.13953900000001	38
119.13953900000001	42
119.36981550000002	42
119.60009200000002	35
119.60009200000002	42
119.82536850000002	42
120.05064500000003	38
120.05064500000003	42
120.28092150000003	42
120.51119800000002	35
120.51119800000002	42
120.74147450000002	42
120.97175100000003	38
120.97175100000003	42
121.19702750000002	42
121.42230400000003	35
121.42230400000003	42
121.64883050000003	42
121.87535700000002	38
121.87535700000002	42
122.10688350000004	42
122.33841000000002	35
122.33841000000002	42
122.56493650000003	42
122.79146300000004	38
122.79146300000004	49
123.24451600000003	38
123.24451600000003	49
123.92409550000004	38
123.92409550000004	49
124.61367500000001	38
124.61367500000001	49
125.06672800000003	38
125.06672800000003	38
125.31224800000003	38
125.55776800000004	38
125.79328800000003	38
126.02880800000004	38
126.24932800000003	38
126.46984800000004	38
126.46984800000004	38
126.70036800000003	35
126.93088800000002	35
126.93088800000002	49
127.41192800000003	38
127.41192800000003	42
127.64744800000004	42
127.88296800000003	35
127.88296800000003	42
128.118488	42
128.35400800000002	38
128.35400800000002	42
128.58452800000003	42
128.81504800000002	35
128.81504800000002	42
129.04606350000003	42
129.27707900000001	38
129.27707900000001	42
129.51309450000002	42
129.74911	35
129.74911	42
129.9801255	42
130.211141	38
130.211141	42
130.4421565	42
130.67317200000002	35
130.67317200000002	42
130.90831250000002	42
131.14345300000002	38
131.14345300000002	42
131.37859350000002	42
131.61373400000002	35
131.61373400000002	42
131.84887450000002	42
132.08401500000002	38
132.08401500000002	42
132.31915550000002	42
132.55429600000002	35
132.55429600000002	42
132.78152500000002	42
133.00875400000004	38
133.00875400000004	42
133.24598300000002	42
133.483212	35
133.483212	42
133.71544100000003	42
133.94767000000002	38
133.94767000000002	42
134.17989900000003	42
134.41212800000002	35
134.41212800000002	42
134.63935700000002	42
134.86658600000004	38
134.86658600000004	42
135.09881500000003	42
135.33104400000002	35
135.33104400000002	42
135.56327300000004	42
135.79550200000003	38
135.79550200000003	42
136.02773100000005	42
136.25996000000004	35
136.25996000000004	42
136.49718900000002	42
136.73441800000003	38
136.73441800000003	42
136.96664700000002	42
137.198876	35
137.198876	42
137.43110500000003	42
137.66333400000002	38
137.66333400000002	42
137.895563	42
138.12779200000003	35
138.12779200000003	42
138.36002100000002	42
138.59225000000004	38
138.59225000000004	42
138.82447900000003	42
139.05670800000001	35
139.05670800000001	42
139.28893700000003	42
139.52116600000002	38
139.52116600000002	42
139.753395	42
139.98562400000003	35
139.98562400000003	42
140.21785300000002	42
140.450082	38
140.450082	42
140.68231100000003	42
140.91454000000002	35
140.91454000000002	42
141.14176900000004	42
141.36899800000003	38
141.36899800000003	42
141.60122700000002	42
141.83345600000004	35
141.83345600000004	42
142.06237850000005	42
142.29130100000003	38
142.29130100000003	42
142.52022350000004	42
142.74914600000005	35
142.74914600000005	42
142.97806850000003	42
143.20699100000004	38
143.20699100000004	42
143.44091350000005	42
143.67483600000003	35
143.67483600000003	42
143.9066725	42
144.13850900000003	38
144.13850900000003	42
144.3703455	42
144.60218200000003	35
144.60218200000003	42
144.83401850000004	42
145.06585500000003	38
145.06585500000003	42
145.2976915	42
145.52952800000003	35
145.52952800000003	42
145.76136450000004	42
145.99320100000003	38
145.99320100000003	42
146.2250375	42
146.45687400000003	35
146.45687400000003	42
146.6887105	42
146.92054700000003	38
146.92054700000003	42
147.1523835	42
147.38422000000003	35
147.38422000000003	42
147.6160565	42
147.84789300000003	38
147.84789300000003	42
148.0797295	42
148.31156600000003	35
148.31156600000003	42
148.53840250000005	42
148.76523900000004	38
148.76523900000004	42
148.99707550000002	42
149.22891200000004	35
149.22891200000004	42
149.46074850000005	42
149.69258500000004	38
149.69258500000004	42
149.92942150000002	42
150.16625800000003	35
150.16625800000003	42
150.3980945	42
150.62993100000003	38
150.62993100000003	42
150.8617675	42
151.09360400000003	35
151.09360400000003	42
151.3254405	42
151.55727700000003	38
151.55727700000003	42
151.7891135	42
152.02095000000003	35
152.02095000000003	42
152.25278650000004	42
152.48462300000003	38
152.48462300000003	42
152.71145950000002	42
152.93829600000004	35
152.93829600000004	42
153.17513250000005	42
153.41196900000003	38
153.41196900000003	42
153.6438055	42
153.87564200000003	35
153.87564200000003	42
154.10747850000004	42
154.33931500000003	38
154.33931500000003	42
154.68706975000003	38
154.80298800000003	38
155.14555275000004	47
155.25974100000005	47
155.59480575000003	47
155.70649400000005	47
156.04155875000004	47
156.15324700000005	47
156.60000000000005	35
156.60000000000005	49
157.08300300000005	38
157.08300300000005	49
157.31450450000006	49
157.54600600000006	35
157.54600600000006	49
157.77750750000007	49
158.00900900000002	38
158.00900900000002	49
158.24551050000002	49
158.48201200000003	35
158.48201200000003	49
158.71128850000002	49
158.94056500000002	38
158.94056500000002	49
159.17984150000004	49
159.41911800000003	35
159.41911800000003	49
159.65339450000002	49
159.88767100000004	38
159.88767100000004	49
160.12194750000003	49
160.35622400000003	35
160.35622400000003	49
160.59050050000002	49
160.824777	38
160.824777	49
161.05905350000003	49
161.29333000000003	35
161.29333000000003	49
161.52760650000002	49
161.76188300000004	38
161.76188300000004	49
161.99615950000003	49
162.23043600000003	35
162.23043600000003	49
162.46471250000002	49
162.698989	38
162.698989	49
162.93326550000003	49
163.16754200000003	35
163.16754200000003	49
163.40181850000002	49
163.63609500000004	38
163.63609500000004	49
163.87037150000003	49
164.10464800000003	35
164.10464800000003	49
164.33892450000002	49
164.573201	38
164.573201	49
164.80247750000004	49
165.03175400000003	35
165.03175400000003	49
165.26103050000003	49
165.49030700000006	38
165.49030700000006	49
165.72458350000005	49
165.95886000000004	35
165.95886000000004	49
166.18962300000004	49
166.42038600000004	38
166.42038600000004	49
166.66114900000002	49
166.90191200000004	35
166.90191200000004	49
167.13767500000003	49
167.37343800000005	38
167.37343800000005	49
167.60420100000005	49
167.83496400000004	35
167.83496400000004	49
168.06414350000006	49
168.29332300000002	38
168.29332300000002	49
168.52750250000003	49
168.76168200000004	35
168.76168200000004	49
168.99586150000002	49
169.23004100000003	38
169.23004100000003	49
169.4642205	49
169.69840000000002	35
169.69840000000002	49
169.93028450000003	49
170.16216900000003	38
170.16216900000003	49
170.3940535	49
170.62593800000002	35
170.62593800000002	49
170.85782250000003	49
171.08970700000003	38
171.08970700000003	49
171.31659150000002	38
171.43003375000004	38
171.54347600000003	35
171.54347600000003	49
172.01724500000003	38
172.01724500000003	49
172.2541295	49
172.49101400000004	35
172.49101400000004	49
172.71789850000005	49
172.94478300000003	38
172.94478300000003	49
173.1766675	49
173.40855200000001	35
173.40855200000001	49
173.634091	49
173.85963	38
173.85963	49
174.09516900000003	49
174.33070800000002	35
174.33070800000002	49
174.561247	49
174.791786	38
174.791786	49
175.02232500000002	49
175.25286400000002	35
175.25286400000002	49
175.483403	49
175.713942	38
175.713942	49
175.94448100000002	49
176.17502000000002	35
176.17502000000002	49
176.405559	49
176.636098	38
176.636098	49
176.86663700000003	49
177.09717600000002	35
177.09717600000002	49
177.327715	49
177.558254	38
177.558254	49
177.79379300000002	49
178.02933200000004	35
178.02933200000004	49
178.25987100000003	49
178.49041000000003	38
178.49041000000003	49
178.72094900000005	49
178.95148800000004	35
178.95148800000004	49
179.18427700000004	49
179.41706600000003	38
179.41706600000003	49
179.64985500000003	49
179.88264400000003	35
179.88264400000003	49
180.11043300000006	49
180.33822200000003	38
180.33822200000003	49
180.57101100000003	49
180.80380000000002	35
180.80380000000002	49
181.03158900000003	49
181.25937800000003	38
181.25937800000003	49
181.49716700000002	49
181.734956	35
181.734956	49
181.967745	49
182.20053400000003	38
182.20053400000003	49
182.42832300000003	49
182.65611200000004	35
182.65611200000004	49
182.88113150000004	49
183.10615100000004	38
183.10615100000004	49
183.34117050000003	35
183.34117050000003	49
183.57619000000003	35
183.57619000000003	49
183.80620950000002	49
184.03622900000005	38
184.03622900000005	49
184.26624850000005	49
184.49626800000004	35
184.49626800000004	49
184.72791250000003	49
184.95955700000005	38
184.95955700000005	49
185.19120150000003	49
185.42284600000005	35
185.42284600000005	49
185.64949050000004	49
185.87613500000006	38
185.87613500000006	49
186.10277950000005	49
186.32942400000005	35
186.32942400000005	49
186.79696300000003	38
186.79696300000003	49
187.03573250000005	49
187.27450200000004	35
187.27450200000004	49
187.50327150000004	49
187.73204100000004	38
187.73204100000004	49
187.96081050000004	49
188.18958000000003	35
188.18958000000003	49
188.41809950000004	49
188.64661900000004	38
188.64661900000004	49
188.88013850000004	49
189.11365800000004	35
189.11365800000004	49
189.33717750000005	49
189.56069700000003	38
189.56069700000003	49
189.78421650000004	49
190.00773600000005	35
190.00773600000005	49
190.23350000000005	49
190.45926400000005	38
190.45926400000005	49
190.69502800000004	49
190.93079200000005	49
191.15655600000005	38
191.15655600000005	49
191.38232000000005	49
191.60808400000005	49
191.83384800000007	38
191.83384800000007	49
192.05961200000007	49
192.28537600000007	49
192.51614000000006	38
192.51614000000006	49
192.74690400000006	49
192.97266800000006	49
193.19843200000005	47
193.19843200000005	47
193.41919600000006	35
193.63996000000006	35
193.63996000000006	49
194.11948700000005	38
194.11948700000005	49
194.35425050000006	49
194.58901400000005	35
194.58901400000005	49
194.81877750000007	49
195.04854100000006	38
195.04854100000006	49
195.28330450000007	49
195.51806800000006	35
195.51806800000006	49
195.74551650000006	49
195.97296500000004	38
195.97296500000004	49
196.20541350000005	49
196.43786200000005	35
196.43786200000005	49
196.66531050000006	49
196.89275900000004	38
196.89275900000004	49
197.32765600000005	38
197.32765600000005	49
198.05353800000006	38
198.05353800000006	49
198.75942000000006	38
198.75942000000006	49