14.480746691143855	38
14.7449817	42
14.877100449999999	42
15.0092192	35
15.0092192	42
15.2734567	38
15.40057545	42
15.5276942	42
15.65481295	42
15.7819317	35
15.7819317	42
16.0361692	35
16.0361692	42
16.2904067	38
16.5446442	42
16.67176295	42
16.7988817	35
16.7988817	42
17.048119200000002	35
17.048119200000002	42
17.17273795	42
17.297356699999998	38
17.551594199999997	42
17.678712949999998	42
17.8058317	35
17.8058317	42
17.932950449999996	42
18.060069199999997	35
18.060069199999997	42
18.18718795	42
18.3143067	38
18.568544199999998	35
18.568544199999998	49
19.0770192	35
19.0770192	42
19.20413795	42
19.331256699999997	38
19.45837545	42
19.5854942	42
19.712612949999997	42
19.839731699999998	35
19.839731699999998	42
20.0939692	35
20.0939692	42
20.3482067	38
20.597444199999998	42
20.72206295	42
20.8466817	35
20.8466817	42
21.1009192	35
21.1009192	42
21.3551567	38
21.6093942	42
21.73651295	42
21.863631700000003	35
21.863631700000003	42
21.99075045	42
22.1178692	35
22.1178692	42
22.24498795	42
22.3721067	38
22.626344200000002	35
22.626344200000002	49
23.1348192	35
23.1348192	42
23.26193795	42
23.3890567	38
23.516175450000002	42
23.643294200000003	42
23.77041295	42
23.8975317	35
23.8975317	42
24.1517692	35
24.1517692	42
24.405992375	38
24.659370374999998	42
24.786059375	42
24.912748375	35
24.912748375	42
25.166126375	35
25.166126375	42
25.419504375	38
25.672882375	42
25.799571375	42
25.926260375	35
25.926260375	42
26.179638375	35
26.179638375	42
26.306327375	42
26.433016375	38
26.686394375	35
26.686394375	49
27.193150375	35
27.193150375	42
27.319839375	42
27.446528375	38
27.575717374999996	42
27.704906375	42
27.834095374999997	42
27.963284374999997	35
27.963284374999997	42
28.216662375	35
28.216662375	42
28.470040374999996	38
28.723418374999998	42
28.850107374999997	42
28.976796374999996	35
28.976796374999996	42
29.230174374999997	35
29.230174374999997	42
29.356863374999996	42
29.483552375	38
29.736930374999996	42
29.863619374999995	42
29.990308374999998	35
29.990308374999998	42
30.116997374999997	42
30.243686375	35
30.243686375	42
30.370375375	42
30.497064374999997	38
30.755442374999994	35
30.755442374999994	49
31.013820374999998	42
31.138009375	42
31.262198375	35
31.262198375	42
31.386387374999998	42
31.510576374999996	38
31.637265375	42
31.763954374999997	42
31.890643375	42
32.017332375	35
32.017332375	42
32.270710375	35
32.270710375	42
32.524088375	38
32.777466375	42
32.904155375	42
33.030844375	35
33.030844375	42
33.284222375	35
33.284222375	42
33.537600375000004	38
33.795978375	42
33.925167375	42
34.054356375	35
34.054356375	42
34.307734374999995	35
34.307734374999995	42
34.434423374999994	42
34.561112375	38
34.814490375	35
34.814490375	49
35.321246375	35
35.321246375	42
35.447935375	42
35.574624375	38
35.701313375	42
35.828002375	42
35.954691374999996	42
36.081380374999995	35
36.081380374999995	42
36.334758375	35
36.334758375	42
36.588136375	38
36.841514374999996	42
36.968203375	42
37.094892375	35
37.094892375	42
37.348270375	35
37.348270375	42
37.601648374999996	38
37.850026375	42
37.974215375	42
38.098404375	35
38.098404375	42
38.227593375	42
38.356782374999995	35
38.356782374999995	42
38.485971375	42
38.615160375	38
38.868538375	35
38.868538375	49
39.375294374999996	35
39.375294374999996	42
39.501983374999995	42
39.628672374999994	38
39.755361375	42
39.882050375	42
40.008739375	42
40.135428375	35
40.135428375	42
40.388806375	35
40.388806375	42
40.642184375	38
40.895562375	42
41.022251374999996	42
41.148940374999995	35
41.148940374999995	42
41.40231837499999	35
41.40231837499999	42
41.655696375	38
41.909074374999996	42
42.035763375	42
42.162452375	35
42.162452375	42
42.415830375	35
42.415830375	42
42.542519375	42
42.669208375	38
42.92299928749999	35
42.92299928749999	49
43.43561328749999	35
43.43561328749999	42
43.56501678749999	42
43.69442028749999	38
43.82132378749999	42
43.94822728749999	42
44.075130787499994	42
44.20203428749999	35
44.20203428749999	42
44.45584128749999	35
44.45584128749999	42
44.70964828749999	38
44.96345528749999	42
45.09035878749999	42
45.21726228749999	35
45.21726228749999	42
45.47106928749999	35
45.47106928749999	42
45.59797278749999	42
45.72487628749999	38
45.97868328749999	42
46.10558678749999	42
46.23249028749999	35
46.23249028749999	42
46.35939378749999	42
46.486297287499994	35
46.486297287499994	42
46.61320078749999	42
46.74010428749999	38
46.99391128749999	35
46.99391128749999	49
47.24771828749999	42
47.37462178749999	42
47.501525287499994	42
47.62842878749999	42
47.75533228749999	38
48.00913928749999	42
48.13604278749999	42
48.26294628749999	42
48.51675328749999	42
48.77056028749999	38
49.02436728749999	42
49.15127078749999	42
49.27817428749999	35
49.27817428749999	42
49.52698128749999	42
49.65138478749999	42
49.77578828749999	38
50.029595287499994	42
50.15649878749999	42
50.283402287499996	35
50.283402287499996	42
50.53720928749999	42
50.664112787499995	42
50.79101628749999	38
51.04982328749999	35
51.04982328749999	49
51.56243728749999	42
51.689340787499994	42
51.81624428749999	38
51.94314778749999	42
52.07005128749999	42
52.19695478749999	42
52.323858287499995	42
52.57766528749999	42
52.83147228749999	38
53.08527928749999	42
53.21218278749999	42
53.33908628749999	35
53.33908628749999	42
53.587893287499995	42
53.712296787499994	42
53.836700287499994	38
54.090507287499996	42
54.21741078749999	42
54.3443142875	35
54.3443142875	42
54.47371778749999	42
54.60312128749999	42
54.73252478749999	42
54.86192828749999	38
55.11073528749999	35
55.11073528749999	49
55.61334928749999	42
55.7402527875	42
55.867156287499995	38
56.12596328749999	42
56.255366787499995	42
56.38477028749999	42
56.63857728749999	42
56.76548078749999	42
56.89238428749999	38
57.14119128749999	42
57.26559478749999	42
57.38999828749999	35
57.38999828749999	42
57.643805287499994	35
57.643805287499994	42
57.77070878749999	42
57.897612287499996	38
58.14641928749999	42
58.270822787499995	42
58.395226287499995	35
58.395226287499995	42
58.659033287499994	42
58.790936787499994	42
58.92284028749999	38
59.171647287499994	35
59.171647287499994	49
59.674261287499995	42
59.80116478749999	42
59.9280682875	38
60.18187528749999	42
60.30877878749999	42
60.43568228749999	42
60.6944892875	42
60.82389278749999	42
60.95329628749999	38
61.202103287499995	42
61.326506787499994	42
61.450910287499994	35
61.450910287499994	42
61.704717287499996	35
61.704717287499996	42
61.9585242875	38
62.21233128749999	42
62.33923478749999	42
62.466138287499994	35
62.466138287499994	42
62.5980417875	42
62.7299452875	42
62.8618487875	42
62.993752287499994	38
63.242559287499994	35
63.242559287499994	49
63.49136628749999	42
63.61576978749999	42
63.740173287499985	35
63.740173287499985	42
63.86457678749999	42
63.9889802875	38
64.2427872875	42
64.36969078749999	42
64.49659428749999	35
64.49659428749999	42
64.7504012875	35
64.7504012875	42
64.8773047875	42
65.00420828749999	38
65.2580152875	42
65.3849187875	42
65.5118222875	35
65.5118222875	42
65.76562928749999	35
65.76562928749999	42
65.89253278749999	42
66.0194362875	38
66.26824328749998	42
66.39264678749998	42
66.5170502875	35
66.5170502875	42
66.7758572875	35
66.7758572875	42
66.9052607875	42
67.0346642875	38
67.16156778749999	42
67.28847128749999	35
67.28847128749999	49
67.5422782875	42
67.6691817875	42
67.79608528749999	35
67.79608528749999	42
67.9229887875	42
68.0498922875	38
68.1742957875	42
68.29869928749999	42
68.42310278749999	42
68.54750628749998	35
68.54750628749998	42
68.8013132875	35
68.8013132875	42
69.05512028749999	38
69.31392728750001	42
69.4433307875	42
69.5727342875	35
69.5727342875	42
69.82654128749999	35
69.82654128749999	42
69.95344478749999	42
70.08034828749999	38
70.3341552875	42
70.4610587875	42
70.58796228749999	35
70.58796228749999	42
70.7148657875	42
70.8417692875	35
70.8417692875	42
70.9686727875	42
71.0955762875	38
71.3543832875	35
71.3543832875	49
71.6131902875	42
71.7375937875	42
71.86199728749999	35
71.86199728749999	42
71.98640078749999	42
72.1108042875	38
72.2377077875	42
72.3646112875	42
72.4915147875	42
72.61841828749999	35
72.61841828749999	42
72.87222528749999	35
72.87222528749999	42
73.1260322875	38
73.37983928749999	42
73.5067427875	42
73.6336462875	35
73.6336462875	42
73.8874532875	35
73.8874532875	42
74.14126028749999	38
74.3950672875	42
74.5219707875	42
74.64887428749999	35
74.64887428749999	42
74.9026812875	35
74.9026812875	42
75.0295847875	42
75.1564882875	38
75.2833917875	42
75.41029528749999	35
75.41029528749999	49
75.66410228749999	42
75.7910057875	42
75.9179092875	35
75.9179092875	42
76.04481278749999	42
76.1717162875	38
76.2961197875	42
76.4205232875	42
76.54492678749999	42
76.66933028749999	35
76.66933028749999	42
76.92313728749998	35
76.92313728749998	42
77.05004078749998	42
77.17694428749999	38
77.43075128749999	42
77.5576547875	42
77.6845582875	35
77.6845582875	42
77.93836528749999	35
77.93836528749999	42
78.06526878749999	42
78.19217228749999	38
78.31907578749998	42
78.44597928749998	42
78.57288278749999	42
78.69978628749999	35
78.69978628749999	42
78.8291897875	42
78.9585932875	35
78.9585932875	42
79.0879967875	42
79.2174002875	38
79.3443037875	42
79.4712072875	35
79.4712072875	49
79.72501428749999	42
79.85191778749999	42
79.9788212875	42
80.1057247875	42
80.2326282875	38
80.3595317875	42
80.4864352875	42
80.6133387875	42
80.7402422875	42
80.99404928749999	42
81.12095278749999	42
81.2478562875	38
81.5016632875	42
81.6285667875	42
81.7554702875	35
81.7554702875	42
82.0092772875	42
82.1361807875	42
82.26308428749999	38
82.51189128749999	42
82.63629478749999	42
82.76069828749999	35
82.76069828749999	42
83.0145052875	42
83.1414087875	42
83.2683122875	38
83.52211928749999	35
83.52211928749999	49
83.77592628749998	42
83.90532978749998	42
84.03473328749999	42
84.1641367875	42
84.2935402875	38
84.5473472875	42
84.6742507875	42
84.8011542875	42
84.9280577875	42
85.05496128749999	42
85.18186478749999	42
85.30876828749999	38
85.5575752875	42
85.68197878749999	42
85.8063822875	35
85.8063822875	42
86.06518928749999	42
86.1945927875	42
86.3239962875	38
86.5728032875	42
86.69720678749998	42
86.8216102875	35
86.8216102875	42
86.95101378749999	42
87.0804172875	42
87.2098207875	42
87.3392242875	38
87.5930312875	35
87.5930312875	49
87.84683828749999	42
87.97624178749999	42
88.10564528749998	42
88.2350487875	42
88.3644522875	38
88.48885578750001	42
88.61325928750001	42
88.7376627875	42
88.8620662875	42
89.1158732875	42
89.24277678749999	42
89.36968028749999	38
89.6184872875	42
89.74289078749999	42
89.8672942875	35
89.8672942875	42
90.12610128749999	42
90.2555047875	42
90.3849082875	38
90.6337152875	42
90.75811878749998	42
90.8825222875	35
90.8825222875	42
91.13632928749999	42
91.2632327875	42
91.3901362875	38
91.6439432875	35
91.6439432875	49
91.89775028749999	35
91.89775028749999	42
92.02465378749999	42
92.15155728749998	42
92.2784607875	42
92.40536428749999	38
92.53476778749999	42
92.6641712875	42
92.9229782875	42
92.9229782875	47
93.1767852875	42
93.1767852875	47
93.43059228749999	38
93.43059228749999	42
93.6843992875	42
93.9382062875	42
94.1920132875	42
94.4458202875	38
94.4458202875	47
94.6996272875	42
94.95343428749999	42
95.2022412875	42
95.32664478749999	42
95.4510482875	38
95.7048552875	35
95.7048552875	49
95.95866228749999	42
96.08556578749999	42
96.21246928749999	35
96.21246928749999	42
96.33937278749998	42
96.4662762875	38
96.7250832875	42
96.85448678750001	42
96.9838902875	35
96.9838902875	42
97.2376972875	35
97.2376972875	42
97.49150428749999	38
97.74531128749999	42
97.8722147875	42
97.9991182875	35
97.9991182875	42
98.2529252875	35
98.2529252875	42
98.5067322875	38
98.7605392875	42
98.88744278749999	42
99.01434628749999	35
99.01434628749999	42
99.2681532875	35
99.2681532875	42
99.3950567875	42
99.52196028750001	38
99.77076728750001	35
99.77076728750001	49
100.01957428749999	42
100.14897778749999	42
100.27838128749998	35
100.27838128749998	42
100.40778478749998	42
100.5371882875	38
100.7909952875	42
100.91789878750001	42
101.0448022875	35
101.0448022875	42
101.2986092875	35
101.2986092875	42
101.4255127875	42
101.5524162875	38
101.80622328749999	42
101.9331267875	42
102.0600302875	35
102.0600302875	42
102.31383728750001	35
102.31383728750001	47
102.4407407875	47
102.6945477875	47
102.9483547875	47
103.07525828749999	35
103.07525828749999	47
103.3290652875	35
103.5828722875	47
103.8366792875	35
103.8366792875	49
104.0904862875	42
104.2173897875	42
104.3442932875	35
104.3442932875	42
104.47119678749999	42
104.59810028749999	38
104.7225037875	42
104.8469072875	42
104.9713107875	42
105.0957142875	35
105.0957142875	42
105.35452128749999	35
105.35452128749999	42
105.48392478749999	42
105.6133282875	38
105.86713528749999	42
105.99403878749999	42
106.1209422875	35
106.1209422875	42
106.37474928750001	35
106.37474928750001	42
106.6285562875	38
106.8823632875	42
107.0092667875	42
107.1361702875	35
107.1361702875	42
107.3949772875	35
107.3949772875	42
107.6537842875	38
107.9075912875	35
107.9075912875	49
108.4102052875	35
108.4102052875	42
108.5346087875	42
108.6590122875	38
108.7834157875	42
108.9078192875	42
109.0322227875	42
109.15662628749999	35
109.15662628749999	42
109.4154332875	35
109.4154332875	42
109.6742402875	38
109.9280472875	42
110.0549507875	42
110.1818542875	35
110.1818542875	42
110.4356612875	35
110.4356612875	42
110.6894682875	38
110.9432752875	42
111.0701787875	42
111.1970822875	35
111.1970822875	42
111.4558892875	35
111.4558892875	42
111.7146962875	38
111.9635032875	35
111.9635032875	49
112.4661172875	42
112.5930207875	42
112.71992428749999	38
112.9687312875	42
113.0931347875	42
113.21753828749999	42
113.4713452875	42
113.5982487875	42
113.7251522875	38
113.97895928749999	42
114.1058627875	42
114.2327662875	35
114.2327662875	42
114.4815732875	42
114.6059767875	42
114.7303802875	38
114.9841872875	42
115.1110907875	42
115.2379942875	35
115.2379942875	42
115.49180128750001	42
115.61870478750001	42
115.7456082875	38
116.0044152875	35
116.0044152875	49
116.2632222875	42
116.3901257875	42
116.5170292875	42
116.64393278749999	42
116.77083628749999	38
116.8977397875	42
117.0246432875	42
117.1515467875	42
117.2784502875	42
117.53225728749999	42
117.7860642875	38
118.03987128749999	42
118.16677478749999	42
118.2936782875	35
118.2936782875	42
118.5474852875	42
118.80129228749999	38
119.0550992875	42
119.1820027875	42
119.3089062875	35
119.3089062875	42
119.43580978749999	42
119.56271328749999	42
119.6896167875	42
119.8165202875	38
120.07032728749999	35
120.07032728749999	49
120.3241342875	42
120.4510377875	42
120.5779412875	42
120.7048447875	42
120.83174828749999	38
120.95865178749999	42
121.0855552875	42
121.2124587875	42
121.3393622875	42
121.59316928749999	42
121.7200727875	42
121.8469762875	38
122.1007832875	42
122.22768678749999	42
122.35459028749999	35
122.35459028749999	42
122.6083972875	35
122.6083972875	42
122.7353007875	42
122.86220428749999	38
123.11101128750002	42
123.23541478750002	42
123.35981828750002	35
123.35981828750002	42
123.61862528749998	42
123.74802878749999	42
123.87743228749999	38
124.12123928750002	35
124.12123928750002	49
124.36504628750001	42
124.49694978749999	42
124.62885328749998	42
124.76075678749999	42
124.89266028749998	38
125.01956378749999	42
125.1464672875	42
125.2733707875	42
125.4002742875	42
125.5271777875	42
125.65408128749999	42
125.78098478749999	42
125.9078882875	38
126.0347917875	42
126.1616952875	42
126.28859878749999	42
126.41550228749999	35
126.41550228749999	42
126.6743092875	42
126.93311628749998	38
127.1869232875	42
127.3138267875	42
127.4407302875	35
127.4407302875	42
127.5676337875	42
127.6945372875	42
127.8214407875	42
127.9483442875	38
128.2021512875	35
128.2021512875	49
128.45595828749998	42
128.5828617875	42
128.7097652875	42
128.8366687875	42
128.9635722875	38
129.0904757875	42
129.2173792875	42
129.3442827875	42
129.47118628750002	35
129.47118628750002	42
129.71999328750002	35
129.71999328750002	42
129.96880028750002	38
130.2226072875	42
130.3495107875	42
130.4764142875	35
130.4764142875	42
130.7352212875	35
130.7352212875	42
130.9940282875	38
131.24783528749998	42
131.3747387875	42
131.5016422875	35
131.5016422875	42
131.7504492875	35
131.7504492875	42
131.8748527875	42
131.99925628750003	38
132.25306328750003	47
132.25306328750003	49
132.76067728750002	35
132.76067728750002	42
132.8875807875	42
133.0144842875	38
133.1388877875	42
133.2632912875	42
133.3876947875	42
133.51209828749998	35
133.51209828749998	42
133.76590528749998	35
133.76590528749998	42
134.01971228749997	38
134.2735192875	42
134.4004227875	42
134.5273262875	35
134.5273262875	42
134.7861332875	35
134.7861332875	42
135.04494028750003	38
135.29874728750002	42
135.4256507875	42
135.55255428750002	35
135.55255428750002	42
135.6794577875	42
135.8063612875	35
135.8063612875	42
135.9332647875	42
136.0601682875	38
136.3139752875	47
136.3139752875	49
136.5677822875	42
136.69468578750002	42
136.82158928750002	35
136.82158928750002	42
136.94849278750002	42
137.0753962875	38
137.2022997875	42
137.3292032875	42
137.4561067875	42
137.58301028750003	35
137.58301028750003	42
137.83681728750003	35
137.83681728750003	42
138.09062428750002	38
138.34443128750002	42
138.4713347875	42
138.5982382875	35
138.5982382875	42
138.8520452875	35
138.8520452875	42
139.1058522875	38
139.3596592875	42
139.48656278750002	42
139.61346628750002	35
139.61346628750002	42
139.8672732875	35
139.8672732875	42
139.9941767875	42
140.1210802875	38
140.37988728750003	47
140.37988728750003	49
140.88750128750002	35
140.88750128750002	42
141.01190478750001	42
141.13630828750001	38
141.26071178750001	42
141.3851152875	42
141.50951878749999	42
141.63392228749998	35
141.63392228749998	42
141.89272928749998	35
141.89272928749998	42
142.1515362875	38
142.40034328750002	42
142.5247467875	42
142.6491502875	35
142.6491502875	42
142.90795728749998	35
142.90795728749998	42
143.16676428750003	38
143.42057128750002	42
143.5474747875	42
143.67437828750002	35
143.67437828750002	42
143.80128178750002	42
143.9281852875	35
143.9281852875	42
144.0550887875	42
144.1819922875	38
144.4307992875	35
144.4307992875	49
144.94341328749996	35
144.94341328749996	42
145.07531678750001	42
145.2072202875	38
145.3341237875	42
145.4610272875	42
145.5879307875	42
145.7148342875	35
145.7148342875	42
145.96864128750002	35
145.96864128750002	42
146.0955447875	42
146.22244828750001	38
146.47125528750001	42
146.5956587875	42
146.7200622875	35
146.7200622875	42
146.9738692875	35
146.9738692875	42
147.1007727875	42
147.2276762875	38
147.4764832875	42
147.6008867875	42
147.72529028749997	35
147.72529028749997	42
147.9840972875	42
148.11350078750002	42
148.2429042875	38
148.4967112875	49
148.75051828750003	35
148.75051828750003	42
148.8774217875	42
149.00432528750002	42
149.1312287875	42
149.25813228750002	38
149.5119392875	42
149.7657462875	42
149.7657462875	47
150.0245532875	42
150.0245532875	47
150.2833602875	38
150.2833602875	42
150.5321672875	42
150.78097428750002	42
151.0347812875	42
151.28858828750003	38
151.28858828750003	47
151.54239528750003	42
151.79620228750002	42
152.0550092875	42
152.1844127875	42
152.3138162875	38
152.5676232875	35
152.5676232875	49
152.8214302875	42
153.0752372875	35
153.0752372875	42
153.2021407875	42
153.32904428749998	38
153.4534477875	42
153.5778512875	42
153.7022547875	42
153.8266582875	35
153.8266582875	42
154.08546528750003	35
154.08546528750003	42
154.34427228750002	38
154.5980792875	42
154.72498278749998	42
154.8518862875	35
154.8518862875	42
155.1056932875	35
155.1056932875	42
155.3595002875	38
155.6133072875	42
155.74021078750002	42
155.8671142875	35
155.8671142875	42
156.1209212875	35
156.1209212875	42
156.2478247875	42
156.3747282875	38
156.6285352875	35
156.6285352875	49
156.88234228750002	42
157.0092457875	42
157.13614928750002	35
157.13614928750002	42
157.2630527875	42
157.3899562875	38
157.5143597875	42
157.6387632875	42
157.7631667875	42
157.8875702875	35
157.8875702875	42
158.1463772875	35
158.1463772875	42
158.4051842875	38
158.6589912875	42
158.7858947875	42
158.9127982875	35
158.9127982875	42
159.1666052875	35
159.1666052875	47
159.2935087875	47
159.5473157875	47
159.8011227875	47
159.92802628750002	35
159.92802628750002	47
160.1818332875	35
160.4356402875	47
160.6894472875	35
160.6894472875	49
160.9432542875	42
161.07015778750002	42
161.1970612875	35
161.1970612875	42
161.4508682875	38
161.6996752875	42
161.8240787875	42
161.9484822875	35
161.9484822875	42
162.2022892875	35
162.2022892875	42
162.3291927875	42
162.45609628750003	38
162.71490328750002	35
162.71490328750002	49
162.9737102875	42
163.0981137875	42
163.2225172875	35
163.2225172875	42
163.4713242875	38
163.7251312875	42
163.85203478750003	42
163.9789382875	35
163.9789382875	42
164.2327452875	35
164.2327452875	42
164.35964878750002	42
164.48655228750002	38
164.7453592875	35
164.7453592875	49
165.0041662875	42
165.1285697875	42
165.25297328750003	35
165.25297328750003	42
165.3773767875	42
165.50178028750003	38
165.6286837875	42
165.75558728750002	42
165.88249078750002	42
166.00939428750002	35
166.00939428750002	42
166.2632012875	35
166.2632012875	42
166.3901047875	42
166.5170082875	38
166.7758152875	49
167.2884292875	47
167.5422362875	38
168.03985028750003	47
168.29365728750003	35
168.29365728750003	47
168.54746428750002	38
168.7962712875	38
168.7962712875	49
169.3038852875	35
169.3038852875	42
169.43328878750003	42
169.5626922875	38
169.68959578750002	42
169.8164992875	42
169.94340278750002	42
170.07030628750002	35
170.07030628750002	42
170.3241132875	35
170.3241132875	42
170.57792028750004	38
170.83172728750003	42
170.9586307875	42
171.08553428750002	35
171.08553428750002	42
171.33934128750002	35
171.33934128750002	42
171.59314828750001	38
171.8469552875	42
171.97385878750003	42
172.1007622875	35
172.1007622875	42
172.3545692875	35
172.3545692875	42
172.48147278750002	42
172.6083762875	38
172.8621832875	35
172.8621832875	49
173.36979728750003	35
173.36979728750003	42
173.4967007875	42
173.62360428750003	38
173.87741128750002	42
174.0043147875	42
174.13121828750002	35
174.13121828750002	42
174.3850252875	35
174.3850252875	42
174.6388322875	38
174.8926392875	42
175.01954278750003	42
175.1464462875	35
175.1464462875	42
175.4002532875	35
175.4002532875	42
175.6540602875	38
175.90786728750004	42
176.0347707875	42
176.16167428750003	35
176.16167428750003	42
176.2885777875	42
176.41548128750003	35
176.41548128750003	42
176.5423847875	42
176.66928828750002	38
176.92309528750002	35
176.92309528750002	49
177.4307092875	35
177.4307092875	42
177.55761278750003	42
177.6845162875	38
177.9383232875	42
178.06522678750002	42
178.1921302875	35
178.1921302875	42
178.4459372875	35
178.4459372875	42
178.69974428750004	38
178.95355128750003	42
179.0804547875	42
179.20735828750003	35
179.20735828750003	42
179.46116528750002	35
179.46116528750002	42
179.71497228750002	38
179.9687792875	42
180.09568278750004	42
180.2225862875	35
180.2225862875	42
180.4763932875	35
180.4763932875	42
180.60329678750003	42
180.7302002875	38
180.9840072875	35
180.9840072875	49
181.48662128750001	35
181.48662128750001	42
181.61102478749999	42
181.7354282875	38
181.99423528750003	42
182.1236387875	42
182.25304228750002	35
182.25304228750002	42
182.50684928750002	35
182.50684928750002	42
182.7606562875	38
183.0144632875	42
183.14136678750003	42
183.2682702875	35
183.2682702875	42
183.51707728749997	35
183.51707728749997	42
183.76588428749997	38
184.02469128750005	42
184.15409478750001	42
184.28349828750004	35
184.28349828750004	42
184.53730528750003	35
184.53730528750003	42
184.6642087875	42
184.79111228750003	38
185.04491928750002	35
185.04491928750002	49
185.5475332875	35
185.5475332875	42
185.79634028750002	38
185.92574378750004	42
186.0551472875	42
186.18455078750003	42
186.3139542875	35
186.3139542875	42
186.44085778750002	42
186.5677612875	35
186.5677612875	42
186.69466478750002	42
186.82156828750004	38
187.07537528750004	42
187.2022787875	42
187.32918228750003	35
187.32918228750003	42
187.4560857875	42
187.58298928750003	35
187.58298928750003	42
187.7098927875	42
187.83679628750002	38
187.9636997875	42
188.09060328750002	42
188.21750678750004	42
188.3444102875	35
188.3444102875	42
188.47131378750004	42
188.5982172875	35
188.5982172875	42
188.72512078750003	42
188.85202428749997	38
188.9764277875	42
189.10083128749997	35
189.10083128749997	49
189.2252347875	42
189.34963828749997	42
189.4765417875	42
189.60344528750002	35
189.60344528750002	42
189.7303487875	42
189.85725228750005	38
189.9866557875	42
190.11605928750004	42
190.2454627875	42
190.37486628750003	35
190.37486628750003	42
190.5017697875	42
190.62867328750002	35
190.62867328750002	42
190.8824802875	38
191.1312872875	42
191.25569078750001	42
191.3800942875	35
191.3800942875	42
191.5069977875	42
191.63390128749998	35
191.63390128749998	42
191.88770828749998	38
192.14151528749997	42
192.2684187875	42
192.39532228750005	35
192.39532228750005	42
192.52472578750002	42
192.65412928750004	35
192.65412928750004	42
192.7835327875	42
192.91293628750003	38
193.0398397875	42
193.16674328750003	35
193.16674328750003	49
193.2936467875	42
193.42055028750002	42
193.5474537875	42
193.67435728750002	35
193.67435728750002	42
193.92816428749998	38
194.0525677875	42
194.17697128749998	42
194.3013747875	42
194.42577828749998	35
194.42577828749998	42
194.5526817875	42
194.67958528749998	35
194.67958528749998	42
194.93339228749997	38
195.18719928750002	42
195.3141027875	42
195.44100628750002	35
195.44100628750002	42
195.56790978749999	42
195.6948132875	35
195.6948132875	42
195.9486202875	38
196.07552378749998	42
196.2024272875	42
196.32933078749997	42
196.4562342875	35
196.4562342875	42
196.58313778750002	42
196.7100412875	35
196.7100412875	42
196.83694478750002	42
196.96384828749999	38
197.0907517875	42
197.21765528749998	35
197.21765528749998	49
197.3445587875	42
197.47146228749997	42
197.5983657875	42
197.72526928749997	35
197.72526928749997	42
197.8521727875	42
197.9790762875	38
198.10347978749996	42
198.2278832875	42
198.35228678749996	42
198.47669028750002	35
198.47669028750002	42
198.6035937875	42
198.73049728750001	35
198.73049728750001	42
198.85740078749998	42
198.9843042875	38
199.11120778750004	42
199.2381112875	42
199.36501478750003	42
199.49191828750003	35
199.49191828750003	42
199.62132178750005	42
199.75072528750002	35
199.75072528750002	42
199.88012878750004	42
200.00953228749998	38
200.1364357875	42
200.26333928749997	42
200.3902427875	42
200.51714628750005	35
200.51714628750005	42
200.64654978750002	42
200.77595328750004	35
200.77595328750004	42
200.9053567875	35
200.9053567875	42
201.03476028750003	38
201.1616637875	42
201.28856728750003	35
201.28856728750003	49
201.4154707875	42
201.5423742875	42
201.66677778749997	42
201.7911812875	35
201.7911812875	42
201.9155847875	42
202.0399882875	38
202.16689178750002	42
202.2937952875	42
202.42069878750002	42
202.54760228749998	35
202.54760228749998	42
202.6745057875	42
202.80140928749998	35
202.80140928749998	42
203.05521628749997	38
203.30902328750003	42
203.4359267875	42
203.56283028750002	35
203.56283028750002	42
203.6897337875	42
203.81663728750001	35
203.81663728750001	42
203.94354078749998	42
204.0704442875	38
204.3242512875	42
204.45115478749997	42
204.5780582875	35
204.5780582875	42
204.70496178750003	42
204.8318652875	35
204.8318652875	42
204.95876878750002	35
204.95876878750002	42
205.0856722875	38
205.21257578750001	42
205.33947928749998	35
205.33947928749998	49
205.4663827875	42
205.59328628749998	42
205.7201897875	42
205.84709328749997	35
205.84709328749997	42
205.9739967875	42
206.1009002875	38
206.3497072875	42
206.47411078749997	42
206.59851428750002	35
206.59851428750002	42
206.7254177875	42
206.85232128750002	35
206.85232128750002	42
207.10612828750004	38
207.2355317875	42
207.36493528750003	42
207.49433878750006	42
207.6237422875	35
207.6237422875	42
207.75064578750002	42
207.8775492875	35
207.8775492875	42
208.0044527875	42
208.13135628749998	38
208.2582597875	42
208.38516328749998	42
208.5120667875	42
208.63897028749997	35
208.63897028749997	42
208.7658737875	42
208.89277728750002	35
208.89277728750002	42
209.0196807875	35
209.0196807875	42
209.14658428750008	38
209.27848778750004	42
209.41039128750006	35
209.41039128750006	49
209.54229478750003	42
209.6741982875	42
209.79860178749996	42
209.9230052875	35
209.9230052875	42
210.17181228750002	38
210.29871578750004	42
210.4256192875	42
210.55252278750004	35
210.55252278750004	42
210.67942628749998	35
210.67942628749998	42
210.8038297875	42
210.92823328749998	35
210.92823328749998	42
211.1770402875	38
211.30644378750003	42
211.4358472875	42
211.56525078750005	42
211.69465428750004	35
211.69465428750004	42
211.8215577875	42
211.94846128750004	35
211.94846128750004	42
212.2022682875	38
212.4510752875	42
212.57547878749995	42
212.6998822875	35
212.6998822875	42
212.82678578749997	42
212.9536892875	35
212.9536892875	42
213.2074962875	38
213.33439978750002	42
213.4613032875	35
213.4613032875	49
213.5882067875	42
213.71511028749998	42
213.8420137875	42
213.96891728749998	35
213.96891728749998	42
214.0958207875	42
214.22272428749997	38
214.3496277875	42
214.47653128750002	42
214.6034347875	42
214.73033828750002	35
214.73033828750002	42
214.8572417875	42
214.9841452875	35
214.9841452875	42
215.23795228749998	38
215.36235578749995	42
215.48675928749998	42
215.61116278749995	42
215.73556628750003	35
215.73556628750003	42
215.86496978750006	42
215.99437328750003	35
215.99437328750003	42
216.2531802875	38
216.3800837875	42
216.50698728749998	42
216.6338907875	42
216.76079428749998	35
216.76079428749998	42
216.8876977875	42
217.01460128750003	35
217.01460128750003	42
217.1415047875	35
217.1415047875	42
217.26840828750002	38
217.52221528750002	35
217.52221528750002	49
217.7760222875	42
217.90292578749998	42
218.0298292875	35
218.0298292875	42
218.15673278749998	42
218.2836362875	38
218.41053978750003	42
218.5374432875	42
218.66434678750002	42
218.7912502875	35
218.7912502875	42
219.0450572875	35
219.0450572875	42
219.2988642875	38
219.55767128750003	42
219.68707478750005	42
219.81647828750005	35
219.81647828750005	42
220.07028528750004	35
220.07028528750004	42
220.32409228750004	38
220.57789928750003	42
220.7048027875	42
220.8317062875	35
220.8317062875	42
220.95610978749997	42
221.08051328749997	35
221.08051328749997	42
221.2049167875	42
221.3293202875	38
221.5831272875	35
221.5831272875	49
222.09074128749998	35
222.09074128749998	42
222.2176447875	42
222.34454828749998	38
222.4714517875	42
222.59835528750003	42
222.7252587875	42
222.85216228750002	35
222.85216228750002	42
223.10596928750002	35
223.10596928750002	42
223.3597762875	38
223.6135832875	42
223.74048678749998	42
223.8673902875	35
223.8673902875	42
224.1211972875	35
224.1211972875	42
224.3750042875	38
224.62881128749999	42
224.7557147875	42
224.88261828749998	35
224.88261828749998	42
225.13642528749997	35
225.13642528749997	42
225.2633287875	42
225.39023228750003	38
225.64403928750002	35
225.64403928750002	49
226.1516532875	35
226.1516532875	42
226.27855678749998	42
226.40546028750003	38
226.5348637875	42
226.66426728750005	42
226.79367078750008	42
226.9230742875	35
226.9230742875	42
227.17188128749996	35
227.17188128749996	42
227.42068828749998	38
227.67449528749998	42
227.8013987875	42
227.92830228749997	35
227.92830228749997	42
228.18210928750003	35
228.18210928750003	42
228.3090127875	42
228.43591628750002	38
228.81662678749998	42
228.9435302875	35
228.9435302875	42
229.07043378749998	42
229.1973372875	35
229.1973372875	42
229.32424078749997	42
229.4511442875	38
229.7049512875	35
229.7049512875	49
230.21256528749998	35
230.21256528749998	42
230.3394687875	42
230.4663722875	38
230.59577578750003	42
230.72517928750003	42
230.85458278750005	42
230.98398628750004	35
230.98398628750004	42
231.23779328750004	35
231.23779328750004	42
231.49160028750003	38
231.74540728750003	42
231.8723107875	42
231.9992142875	35
231.9992142875	42
232.24802128749997	35
232.24802128749997	42
232.49682828750002	38
232.75563528750004	42
232.88503878750006	42
233.01444228749997	35
233.01444228749997	42
233.26324928749995	35
233.26324928749995	42
233.38765278749997	42
233.51205628749997	38
233.76586328750003	35
233.76586328750003	49
234.01967028750002	42
234.1465737875	42
234.27347728750001	35
234.27347728750001	42
234.40038078749998	42
234.5272842875	38
234.65418778749998	42
234.7810912875	42
234.90799478749997	42
235.0348982875	35
235.0348982875	42
235.2887052875	35
235.2887052875	42
235.5425122875	38
235.79631928749998	42
235.9232227875	42
236.05012628749998	35
236.05012628749998	42
236.30393328750003	35
236.30393328750003	42
236.55774028750002	38
236.81154728750002	42
236.9384507875	42
237.0653542875	35
237.0653542875	42
237.19225778749998	42
237.3191612875	35
237.3191612875	42
237.44606478749998	42
237.5729682875	38
237.8267752875	35
237.8267752875	49
238.3343892875	35
238.3343892875	42
238.4612927875	42
238.58819628749998	38
238.7150997875	42
238.84200328749998	42
238.9689067875	42
239.09581028750006	35
239.09581028750006	42
239.35461728750008	35
239.35461728750008	42
239.61342428750004	38
239.86723128750003	42
239.9941347875	42
240.1210382875	35
240.1210382875	42
240.36984528749997	35
240.36984528749997	42
240.4942487875	42
240.6186522875	38
240.8724592875	42
240.99936278750002	42
241.1262662875	35
241.1262662875	42
241.38007328749998	35
241.38007328749998	42
241.5069767875	42
241.63388028749998	38
241.88768728750003	35
241.88768728750003	49