5.137264	35
5.137264	42
5.2970985	35
5.2970985	42
5.456933	35
5.456933	42
5.6167675	35
5.6167675	42
5.7766020000000005	38
5.9364365	38
6.096271	42
6.2561055	35
6.2561055	42
6.41594	35
6.41594	42
6.5757745	42
6.895443500000001	47
7.055278	38
7.2176125	38
7.379947000000001	49
7.704616000000001	35
7.704616000000001	42
7.86596075	35
7.86596075	42
8.0273055	35
8.0273055	42
8.18865025	35
8.18865025	42
8.349995	38
8.50883975	38
8.6676845	42
8.82652925	35
8.82652925	42
8.985374	35
8.985374	42
9.14671875	42
9.3080635	42
9.46940825	42
9.630753	38
9.79209775	38
9.9534425	42
10.11478725	42
10.276132	35
10.276132	42
10.437174	35
10.437174	42
10.598216	35
10.598216	42
10.759258	35
10.759258	42
10.920300000000001	38
11.081342000000001	38
11.242384000000001	42
11.403426000000001	35
11.403426000000001	42
11.564468000000002	35
11.564468000000002	42
11.72301	42
11.881552000000001	42
12.040094	42
12.198636	38
12.359678	38
12.52072	47
12.681762	47
12.842804000000001	35
12.842804000000001	42
13.003846000000001	42
13.164888000000001	35
13.164888000000001	42
13.325930000000001	42
13.486972000000002	38
13.648014000000002	42
13.809056000000002	42
13.970098000000002	35
13.970098000000002	42
14.13114	35
14.13114	42
14.289682000000003	42
14.448224000000002	42
14.606766000000002	42
14.765308000000001	38
14.928850000000002	42
15.092392	42
15.255934000000002	42
15.419476000000001	35
15.419476000000001	42
15.57993925	35
15.57993925	42
15.740402500000002	35
15.740402500000002	42
15.900865750000003	35
15.900865750000003	42
16.061329000000004	38
16.221792250000004	38
16.382255500000003	42
16.542718750000002	35
16.542718750000002	42
16.703182	35
16.703182	42
16.861145250000003	42
17.019108500000005	42
17.177071750000003	42
17.335035	38
17.49549825	38
17.6559615	47
17.816424750000003	47
17.976888000000002	35
17.976888000000002	49
18.139851250000003	42
18.3028145	35
18.3028145	42
18.46577775	42
18.628741	38
18.789204250000004	38
18.949667500000004	42
19.110130750000003	35
19.110130750000003	42
19.270594000000003	35
19.270594000000003	42
19.431057250000002	42
19.591520500000005	42
19.751983750000004	42
19.912447000000004	38
20.072910250000003	38
20.233373500000003	42
20.393836750000002	42
20.5543	35
20.5543	42
20.714763250000004	42
20.875226500000004	35
20.875226500000004	42
21.035689750000003	42
21.196153000000002	38
21.356616250000002	42
21.517079500000005	42
21.677542750000004	35
21.677542750000004	42
21.838006000000004	42
21.998469250000003	42
22.158932500000002	42
22.31939575	42
22.479859	38
22.640322250000004	38
22.800785500000003	47
22.961248750000003	47
23.121712000000002	35
23.121712000000002	42
23.282175250000005	42
23.442638500000005	35
23.442638500000005	42
23.603101750000004	42
23.763565000000003	38
23.924028250000003	42
24.084491500000002	42
24.24495475	35
24.24495475	42
24.405418	35
24.405418	42
24.565881250000004	42
24.726344500000003	42
24.886807750000003	42
25.047271000000006	38
25.207734250000005	38
25.368197500000004	42
25.528660750000004	42
25.689124000000003	35
25.689124000000003	42
25.849587250000003	42
26.010050500000002	35
26.010050500000002	42
26.17051375	42
26.330977	38
26.491440250000004	38
26.651903500000003	42
26.812366750000002	35
26.812366750000002	42
26.972830000000005	35
26.972830000000005	42
27.133293250000005	42
27.293756500000004	42
27.454219750000004	42
27.614683000000003	38
27.775146250000002	38
27.9356095	47
28.09607275	47
28.256536000000004	35
28.256536000000004	49
28.416999250000003	42
28.577462500000003	35
28.577462500000003	42
28.737925750000006	42
28.898389000000005	38
29.058852250000005	42
29.219315500000004	42
29.379778750000003	35
29.379778750000003	42
29.540242000000003	35
29.540242000000003	42
29.700705250000002	42
29.8611685	42
30.02163175	42
30.182095000000004	38
30.342558250000003	38
30.503021500000003	42
30.663484750000006	42
30.823948000000005	35
30.823948000000005	42
30.984411250000004	42
31.144874500000004	35
31.144874500000004	42
31.305337750000003	42
31.465801000000003	38
31.626264250000002	42
31.786727500000005	42
31.94719075	35
31.94719075	42
32.107654000000004	35
32.107654000000004	42
32.268117249999996	42
32.4285805	42
32.589043749999995	42
32.749507	38
32.90747025	38
33.065433500000005	47
33.22339675	47
33.38136	35
33.38136	42
33.54432325	42
33.707286499999995	35
33.707286499999995	42
33.870249750000006	42
34.033212999999996	38
34.19367625	42
34.354139499999995	42
34.51460275	35
34.51460275	42
34.675066	35
34.675066	42
34.83552925	42
34.9959925	42
35.15645575	42
35.316919	38
35.47738225	42
35.637845500000005	42
35.79830875	42
35.958772	35
35.958772	42
36.119235249999996	42
36.2796985	35
36.2796985	42
36.44016175	42
36.600625	38
36.76358825	38
36.9265515	42
37.08951475	35
37.08951475	42
37.252478	35
37.252478	42
37.41044125000001	42
37.5684045	49
37.72636775000001	42
37.884330999999996	38
38.04479425	38
38.205257499999995	47
38.36572075	47
38.526184	35
38.526184	49
38.68664725	42
38.8471105	35
38.8471105	42
39.00757375	42
39.168037	38
39.331000249999995	38
39.49396350000001	42
39.65692675	35
39.65692675	42
39.81989000000001	35
39.81989000000001	42
39.98035325	42
40.14081650000001	42
40.301279750000006	42
40.461743000000006	38
40.622206250000005	38
40.782669500000004	42
40.943132750000004	42
41.103596	35
41.103596	42
41.26405925000001	42
41.4245225	35
41.4245225	42
41.58498575000001	42
41.745449	38
41.90591225000001	38
42.06637550000001	42
42.226838750000006	35
42.226838750000006	42
42.387302000000005	35
42.387302000000005	42
42.547765250000005	42
42.708228500000004	42
42.86869175	42
43.02915500000001	38
43.18961825	42
43.35008150000001	47
43.51054475	47
43.67100800000001	35
43.67100800000001	42
43.83147125	42
43.991934500000006	35
43.991934500000006	42
44.152397750000006	42
44.312861000000005	38
44.473324250000005	38
44.633787500000004	42
44.79425075	35
44.79425075	42
44.954714	35
44.954714	42
45.11517725000001	42
45.2756405	42
45.43610375000001	42
45.596567	38
45.75703025000001	38
45.917493500000006	42
46.077956750000006	42
46.238420000000005	35
46.238420000000005	42
46.398883250000004	42
46.559346500000004	35
46.559346500000004	42
46.71980975	42
46.88027300000001	38
47.04073625	38
47.20119950000001	42
47.36166275	35
47.36166275	42
47.52212600000001	35
47.52212600000001	42
47.68258925	42
47.843052500000006	42
48.00351575	42
48.163979000000005	38
48.32444225000001	42
48.4849055	47
48.64536875000001	47
48.805832	35
48.805832	49
48.96629525000001	42
49.1267585	35
49.1267585	42
49.28722175000001	42
49.447685	38
49.608148250000006	38
49.7686115	42
49.929074750000005	35
49.929074750000005	42
50.08953800000001	35
50.08953800000001	42
50.250001250000004	42
50.41046450000001	42
50.57092775	42
50.73139100000001	38
50.89185425	38
51.05231750000001	42
51.21278075	42
51.37324400000001	35
51.37324400000001	42
51.53370725	42
51.694170500000006	35
51.694170500000006	42
51.85463375000001	42
52.015097000000004	38
52.17556025000001	42
52.3360235	42
52.49648675000001	35
52.49648675000001	42
52.65695	35
52.65695	42
52.81741325000001	42
52.9778765	42
53.13833975000001	42
53.298803	38
53.459266250000006	38
53.6197295	47
53.780192750000005	47
53.94065600000001	35
53.94065600000001	49
54.10361925	42
54.26658250000001	35
54.26658250000001	42
54.42954575	42
54.59250900000001	38
54.75297225	42
54.913435500000006	42
55.07389875	35
55.07389875	42
55.234362000000004	35
55.234362000000004	42
55.39232525	42
55.5502885	42
55.70825175000001	42
55.866215000000004	38
56.02667825000001	42
56.1871415	42
56.34760475000001	42
56.508068	35
56.508068	42
56.66853125000001	42
56.8289945	35
56.8289945	42
56.98945775000001	42
57.149921	38
57.31288425	42
57.475847500000015	42
57.638810750000005	35
57.638810750000005	42
57.80177400000001	35
57.80177400000001	42
57.96223725	42
58.12270050000001	49
58.28316375	42
58.443627000000006	38
58.60159025	38
58.7595535	47
58.91751675	47
59.075480000000006	35
59.075480000000006	49
59.23594325	42
59.396406500000005	35
59.396406500000005	42
59.55686975000001	42
59.717333	38
59.88029625000001	38
60.043259500000005	42
60.20622275000001	35
60.20622275000001	42
60.369186	42
60.529649250000006	42
60.6901125	42
60.850575750000004	42
61.011039	38
61.17150225	42
61.33196550000001	49
61.49242875	42
61.65289200000001	35
61.65289200000001	42
61.81143400000001	42
61.969976	35
61.969976	42
62.12851800000001	42
62.28706000000001	38
62.44810200000001	38
62.60914400000001	42
62.77018600000001	35
62.77018600000001	42
62.93122800000001	42
63.09227000000001	42
63.25331200000001	42
63.41435400000001	42
63.57539600000001	38
63.736438000000014	38
63.89748	47
64.058522	47
64.219564	35
64.219564	42
64.380606	42
64.54164800000001	35
64.54164800000001	42
64.70269	42
64.863732	38
65.02477400000001	42
65.185816	42
65.346858	35
65.346858	42
65.5079	42
65.668942	42
65.82998400000001	42
65.991026	42
66.152068	38
66.31061000000001	38
66.46915200000001	49
66.627694	42
66.78623600000002	35
66.78623600000002	42
66.94669925000002	42
67.10716250000002	35
67.10716250000002	42
67.26762575000002	42
67.42808900000001	38
67.58855225000002	38
67.74901550000001	42
67.90947875000002	35
67.90947875000002	42
68.06994200000001	42
68.23040525000002	42
68.39086850000001	42
68.55133175000002	42
68.71179500000002	38
68.87475825000001	38
69.03772150000002	47
69.20068475000001	47
69.36364800000001	35
69.36364800000001	42
69.52161125	42
69.67957450000002	35
69.67957450000002	42
69.83753775000001	42
69.99550100000002	38
70.15596425000001	42
70.31642750000002	42
70.47689075000001	35
70.47689075000001	42
70.63735400000002	35
70.63735400000002	42
70.79781725000002	42
70.95828050000001	42
71.11874375000002	42
71.27920700000001	38
71.44217025000002	38
71.60513350000001	49
71.76809675000001	42
71.93106	35
71.93106	42
72.09152325000001	42
72.2519865	35
72.2519865	42
72.41244975000001	42
72.57291300000001	38
72.73337625	42
72.89383950000001	42
73.05430275	35
73.05430275	42
73.21476600000001	42
73.37272925	42
73.53069250000001	42
73.68865575000001	42
73.84661900000002	38
74.00708225000001	42
74.16754550000002	47
74.32800875000002	47
74.48847200000002	35
74.48847200000002	42
74.65143525000002	42
74.81439850000001	35
74.81439850000001	42
74.97736175000001	42
75.140325	38
75.30078825000001	38
75.4612515	42
75.62171475000001	35
75.62171475000001	42
75.782178	35
75.782178	42
75.94264125000001	42
76.10310450000001	42
76.26356775	42
76.42403100000001	38
76.58449425	38
76.74495750000001	49
76.90542075	42
77.06588400000001	35
77.06588400000001	49
77.22634725	42
77.38681050000001	35
77.38681050000001	42
77.54727375	42
77.70773700000001	38
77.86820025000002	38
78.02866350000001	42
78.18912675	35
78.18912675	42
78.34959	35
78.34959	42
78.51005325000001	42
78.6705165	42
78.83097975000001	42
78.991443	38
79.15190625000001	38
79.3123695	47
79.47283275000001	47
79.63329600000002	35
79.63329600000002	42
79.79375925000001	42
79.9542225	35
79.9542225	42
80.11468575	38
80.27514900000001	38
80.43061225	47
80.74153875	47
80.89700200000001	38
80.89700200000001	38
82.200708	35
82.200708	49
82.359498	42
82.51828800000001	35
82.51828800000001	42
82.67707800000001	42
82.83586800000002	38
82.99965800000001	38
83.16344800000002	42
83.32723800000001	35
83.32723800000001	42
83.491028	35
83.491028	42
83.6514915	42
83.811955	42
83.9724185	42
84.132882	38
84.2933455	42
84.453809	42
84.6142725	42
84.774736	35
84.774736	42
84.93019949999999	42
85.085663	35
85.085663	42
85.2411265	42
85.39659	38
85.55705350000001	42
85.717517	42
85.8779805	35
85.8779805	42
86.038444	35
86.038444	42
86.20390750000001	42
86.36937100000002	42
86.5348345	42
86.700298	38
86.8607615	38
87.021225	47
87.18168849999999	47
87.342152	35
87.342152	42
87.5026155	42
87.663079	35
87.663079	42
87.8235425	42
87.984006	38
88.1444695	42
88.304933	42
88.4653965	35
88.4653965	42
88.62586	35
88.62586	42
88.7863235	42
88.946787	42
89.1072505	42
89.267714	38
89.4281775	38
89.588641	42
89.7491045	42
89.909568	35
89.909568	42
90.0675315	42
90.22549500000001	35
90.22549500000001	42
90.3834585	42
90.54142200000001	38
90.7043855	38
90.867349	42
91.03031250000001	35
91.03031250000001	42
91.193276	42
91.3537395	42
91.514203	42
91.6746665	42
91.83513	38
91.9955935	42
92.156057	47
92.3165205	47
92.476984	35
92.476984	49
92.6374475	42
92.797911	35
92.797911	42
92.9583745	42
93.118838	38
93.2793015	42
93.439765	42
93.6002285	35
93.6002285	42
93.760692	35
93.760692	42
93.9211555	42
94.081619	42
94.2420825	42
94.402546	38
94.5630095	42
94.723473	42
94.8839365	42
95.0444	35
95.0444	42
95.2023635	42
95.360327	35
95.360327	42
95.5182905	42
95.67625400000001	38
95.8392175	42
96.00218100000001	42
96.1651445	35
96.1651445	42
96.328108	35
96.328108	42
96.4885715	42
96.649035	42
96.8094985	42
96.969962	38
97.1304255	42
97.290889	47
97.4513525	47
97.611816	35
97.611816	42
97.7722795	42
97.932743	35
97.932743	42
98.0932065	42
98.25367	38
98.4141335	42
98.574597	42
98.7350605	35
98.7350605	42
98.895524	35
98.895524	42
99.0559875	42
99.21645099999999	42
99.3769145	42
99.537378	38
99.6978415	38
99.858305	42
100.01876850000001	42
100.179232	35
100.179232	42
100.3396955	42
100.500159	35
100.500159	42
100.6606225	42
100.821086	38
100.98404950000001	42
101.14701300000002	42
101.3099765	35
101.3099765	42
101.47294000000001	35
101.47294000000001	42
101.6334035	42
101.793867	42
101.9543305	42
102.114794	38
102.27525750000001	38
102.435721	47
102.5961845	47
102.75664800000001	35
102.75664800000001	49
102.9171115	42
103.07757500000001	35
103.07757500000001	42
103.2380385	42
103.39850200000001	38
103.5589655	42
103.719429	42
103.87989250000001	35
103.87989250000001	42
104.040356	42
104.20081950000001	42
104.361283	42
104.5217465	42
104.68221	38
104.8426735	38
105.00313700000001	49
105.1636005	42
105.324064	35
105.324064	42
105.48247724999999	42
105.6408905	35
105.6408905	42
105.79930374999999	42
105.957717	38
106.11863025	38
106.2795435	42
106.44045675	35
106.44045675	42
106.60137	42
106.76228325	42
106.9231965	42
107.08410975	42
107.245023	38
107.40593625	38
107.5668495	47
107.72776275	47
107.888676	35
107.888676	42
108.04958925	35
108.04958925	42
108.2105025	35
108.2105025	42
108.37141575	42
108.532329	38
108.69324225	38
108.8541555	42
109.01506875	35
109.01506875	42
109.175982	35
109.175982	42
109.33689525	42
109.4978085	42
109.65872175	42
109.819635	38
109.98054825	38
110.1414615	49
110.30237475	42
110.463288	35
110.463288	42
110.62170125	35
110.62170125	42
110.78011450000001	35
110.78011450000001	42
110.93852775	42
111.09694100000002	38
111.25785425000001	38
111.41876750000002	42
111.57968075000001	35
111.57968075000001	42
111.74059400000002	35
111.74059400000002	42
111.90150725000001	42
112.06242050000002	42
112.22333375000001	42
112.38424700000002	38
112.54516025000001	38
112.70607350000002	47
112.86698675000001	47
113.02790000000002	35
113.02790000000002	42
113.18804175000001	42
113.34818350000002	35
113.34818350000002	42
113.50832525000001	42
113.66846700000002	38
113.82860875000001	38
113.98875050000002	42
114.14889225000002	35
114.14889225000002	42
114.30903400000001	42
114.46917575000002	42
114.62931750000001	42
114.78945925000002	42
114.94960100000002	38
115.10974275000002	38
115.26988450000002	42
115.43002625000001	42
115.59016800000002	35
115.59016800000002	42
115.75030975000001	42
115.91045150000002	35
115.91045150000002	42
116.07059325000002	42
116.23073500000001	38
116.39337675000002	38
116.55601850000001	42
116.71866025000001	35
116.71866025000001	42
116.881302	42
117.04144375000001	42
117.20158550000001	42
117.36172725	42
117.52186900000001	38
117.68201075	38
117.84215250000001	47
118.00229425	47
118.162436	35
118.162436	49
118.32507775000002	42
118.48771950000001	35
118.48771950000001	42
118.65036125000002	42
118.81300300000001	38
118.97314475000002	42
119.13328650000001	42
119.29342825	35
119.29342825	42
119.45357000000001	42
119.61371175000001	42
119.77385350000002	42
119.93399525000001	42
120.09413700000002	38
120.25427875000001	38
120.4144205	49
120.57456225000001	42
120.73470400000001	35
120.73470400000001	42
120.89580925000001	42
121.0569145	35
121.0569145	42
121.21801975000001	42
121.379125	38
121.54023025000001	42
121.70133550000001	42
121.86244075	35
121.86244075	42
122.02354600000001	35
122.02354600000001	42
122.18215124999999	42
122.3407565	42
122.49936175	42
122.65796699999999	38
122.81407225	42
122.97017749999999	47
123.12628275	47
123.28238800000003	38
123.28238800000003	47
123.77877850000002	47
123.77877850000002	47
124.10470550000001	47
124.26516900000001	47
124.4256325	47
124.58609600000001	38
124.58609600000001	38
125.869804	35
125.869804	49
126.03026750000001	42
126.19073100000001	35
126.19073100000001	42
126.3511945	42
126.51165800000001	38
126.6721215	42
126.83258500000001	42
126.9930485	35
126.9930485	42
127.153512	35
127.153512	42
127.31397550000001	42
127.474439	42
127.63490250000001	42
127.795366	38
127.95582950000001	38
128.116293	42
128.27675650000003	42
128.43722000000002	35
128.43722000000002	42
128.59768350000002	42
128.758147	35
128.758147	42
128.91861050000003	42
129.07907400000002	38
129.2395375	42
129.40000100000003	42
129.56046450000002	35
129.56046450000002	42
129.72092800000001	35
129.72092800000001	42
129.88139150000003	42
130.04185500000003	42
130.20231850000002	42
130.362782	38
130.52324550000003	38
130.68370900000002	47
130.8441725	47
131.00463600000003	35
131.00463600000003	42
131.16509950000003	42
131.32556300000002	35
131.32556300000002	42
131.4860265	42
131.64649000000003	38
131.80695350000002	38
131.967417	42
132.12788050000003	35
132.12788050000003	42
132.28834400000002	35
132.28834400000002	42
132.44880750000002	42
132.609271	42
132.76973450000003	42
132.93019800000002	38
133.0906615	38
133.25112500000003	42
133.41158850000002	42
133.572052	35
133.572052	42
133.73251550000003	42
133.89297900000003	35
133.89297900000003	42
134.05344250000002	42
134.213906	38
134.37436950000003	42
134.53483300000002	42
134.6952965	35
134.6952965	42
134.85576000000003	42
135.01622350000002	42
135.17668700000002	42
135.33715050000004	42
135.49761400000003	38
135.65807750000002	38
135.818541	47
135.97900450000003	47
136.13946800000002	35
136.13946800000002	42
136.3024315	42
136.46539500000003	35
136.46539500000003	42
136.62835850000002	42
136.791322	38
136.9517855	38
137.11224900000002	42
137.2727125	35
137.2727125	42
137.433176	35
137.433176	42
137.59113950000003	42
137.74910300000002	42
137.9070665	42
138.06503	38
138.22549350000003	38
138.38595700000002	42
138.5464205	42
138.70688400000003	35
138.70688400000003	42
138.86734750000002	42
139.027811	35
139.027811	42
139.18827450000003	42
139.34873800000003	38
139.51170150000002	42
139.67466500000003	42
139.83762850000002	35
139.83762850000002	42
140.000592	35
140.000592	42
140.1610555	42
140.32151900000002	42
140.48198250000002	42
140.642446	38
140.80290950000003	38
140.96337300000002	47
141.1238365	47
141.2843	35
141.2843	42
141.44476350000002	42
141.605227	35
141.605227	42
141.7656905	42
141.92615400000003	38
142.08661750000002	38
142.247081	42
142.4075445	35
142.4075445	42
142.56800800000002	35
142.56800800000002	42
142.7284715	42
142.888935	42
143.04939850000002	42
143.20986200000002	38
143.3703255	38
143.530789	42
143.69125250000002	42
143.851716	35
143.851716	42
144.010253	42
144.16879	35
144.16879	42
144.32732700000003	42
144.48586400000002	38
144.646901	38
144.807938	42
144.96897500000003	35
144.96897500000003	42
145.13001200000002	35
145.13001200000002	42
145.29104900000002	42
145.452086	42
145.61312300000003	42
145.77416000000002	38
145.93519700000002	38
146.096234	47
146.25727100000003	47
146.41830800000002	35
146.41830800000002	49
146.57934500000002	42
146.740382	35
146.740382	42
146.90141900000003	42
147.06245600000003	38
147.22349300000002	42
147.38453	42
147.54556700000003	35
147.54556700000003	42
147.70660400000003	42
147.86764100000002	42
148.028678	42
148.189715	42
148.35075200000003	38
148.51178900000002	38
148.67282600000001	49
148.833863	42
148.99490000000003	35
148.99490000000003	42
149.15286350000002	42
149.31082700000002	35
149.31082700000002	42
149.4687905	42
149.626754	38
149.7872175	38
149.94768100000002	42
150.1081445	35
150.1081445	42
150.268608	42
150.43157150000005	42
150.59453500000004	42
150.75749850000003	42
150.92046200000004	38
151.08092550000003	42
151.24138900000003	47
151.40185250000002	47
151.56231600000004	35
151.56231600000004	49
151.72277950000003	42
151.88324300000002	35
151.88324300000002	42
152.04370650000004	42
152.20417000000003	38
152.3621335	42
152.520097	42
152.67806050000002	35
152.67806050000002	42
152.836024	42
152.9964875	42
153.15695100000002	42
153.3174145	42
153.477878	38
153.64084150000005	42
153.80380500000004	49
153.96676850000003	42
154.12973200000002	35
154.12973200000002	42
154.29019550000004	42
154.45065900000003	35
154.45065900000003	42
154.61112250000002	42
154.77158600000004	38
154.93204950000003	42
155.09251300000003	42
155.25297650000002	35
155.25297650000002	42
155.41344000000004	42
155.57390350000003	42
155.73436700000002	42
155.89483050000004	42
156.05529400000003	38
156.21575750000002	42
156.37622100000002	47
156.53668450000004	47
156.69714800000003	35
156.69714800000003	49
156.85761150000002	42
157.01807500000004	35
157.01807500000004	49
157.17853850000003	42
157.33900200000002	38
157.49946550000004	42
157.65992900000003	42
157.82039250000003	35
157.82039250000003	42
157.98085600000002	42
158.14131950000004	42
158.30178300000003	42
158.46224650000002	42
158.62271000000004	38
158.78317350000003	38
158.94363700000002	42
159.10410050000004	42
159.26456400000004	35
159.26456400000004	42
159.42502750000003	42
159.58549100000002	35
159.58549100000002	42
159.74595450000004	42
159.90641800000003	38
160.06688150000002	38
160.22734500000004	42
160.38780850000003	35
160.38780850000003	42
160.54827200000003	42
160.70873550000002	42
160.86919900000004	42
161.02966250000003	42
161.19012600000002	38
161.35058950000004	42
161.51105300000003	47
161.67151650000002	47
161.83198000000002	35
161.83198000000002	49
161.99244350000004	42
162.15290700000003	35
162.15290700000003	42
162.31337050000002	42
162.47383400000004	38
162.63429750000003	42
162.79476100000002	42
162.95522450000004	35
162.95522450000004	42
163.11568800000003	35
163.11568800000003	42
163.27615150000003	42
163.43661500000002	42
163.59707850000004	42
163.75754200000003	38
163.91800550000002	42
164.07846900000004	49
164.23893250000003	42
164.39939600000002	35
164.39939600000002	42
164.56235950000004	42
164.72532300000003	35
164.72532300000003	42
164.88828650000002	42
165.05125	38
165.21171350000003	42
165.37217700000002	42
165.5326405	35
165.5326405	42
165.69310400000003	42
165.85356750000003	42
166.01403100000002	42
166.1744945	42
166.33495800000003	38
166.49292150000002	38
166.65088500000002	47
166.80884850000004	49
166.96681200000003	35
167.292739	35
167.292739	47
167.45570250000003	49
167.61866600000002	38
167.7791295	38
167.93959300000003	47
168.10005650000002	35
168.10005650000002	49
168.58144700000003	47
168.74191050000002	49
168.902374	38
169.06283750000003	38
169.22330100000002	47
169.54422800000003	35
169.54422800000003	49
169.86515500000002	35
170.18608200000003	38
170.34654550000002	38
170.66747250000003	35
170.82793600000002	38
170.9883995	38
171.30932650000003	38
171.46979000000002	38
171.6302535	47
171.79071700000003	47
172.111644	35
172.111644	49
172.27210750000003	42
172.43257100000002	35
172.43257100000002	42
172.59303450000002	42
172.753498	38
172.91396150000003	38
173.07442500000002	42
173.2348885	35
173.2348885	42
173.39535200000003	35
173.39535200000003	42
173.55581550000002	42
173.71627900000001	42
173.8767425	42
174.03720600000003	38
174.19766950000002	38
174.358133	42
174.51859650000003	42
174.67906000000002	35
174.67906000000002	42
174.8395235	42
174.99998700000003	35
174.99998700000003	42
175.16045050000002	42
175.32091400000002	38
175.48137750000004	42
175.64184100000003	42
175.80230450000002	35
175.80230450000002	42
175.962768	35
175.962768	42
176.12323150000003	42
176.28369500000002	42
176.44415850000001	42
176.60462200000003	38
176.76508550000003	38
176.92554900000002	47
177.0860125	47
177.24647600000003	35
177.24647600000003	42
177.40693950000002	42
177.567403	35
177.567403	42
177.72786650000003	42
177.88833000000002	38
178.04879350000002	42
178.209257	42
178.36972050000003	35
178.36972050000003	42
178.53018400000002	42
178.6906475	42
178.85111100000003	42
179.01157450000002	42
179.17203800000001	38
179.3325015	38
179.49296500000003	42
179.65342850000002	42
179.813892	35
179.813892	42
179.97185550000003	42
180.12981900000003	35
180.12981900000003	42
180.28778250000002	42
180.445746	38
180.60870950000003	42
180.77167300000002	42
180.9346365	35
180.9346365	42
181.09760000000003	35
181.09760000000003	42
181.25806350000002	42
181.418527	42
181.5789905	42
181.73945400000002	38
181.89991750000002	38
182.06038100000004	47
182.22084450000003	47
182.38130800000002	35
182.38130800000002	49
182.5417715	42
182.70223500000003	35
182.70223500000003	42
182.86269850000002	42
183.023162	38
183.18362550000003	42
183.34408900000003	42
183.50455250000002	35
183.50455250000002	42
183.665016	42
183.82547950000003	42
183.98594300000002	42
184.1464065	42
184.30687000000003	38
184.46733350000002	42
184.62779700000002	42
184.7882605	42
184.94872400000003	35
184.94872400000003	42
185.11005250000002	42
185.27138100000002	35
185.27138100000002	42
185.43270950000002	42
185.59403800000004	38
185.75536650000004	42
185.91669500000003	42
186.07802350000003	35
186.07802350000003	42
186.23935200000003	35
186.23935200000003	42
186.39818050000002	42
186.55700900000002	42
186.71583750000002	42
186.87466600000005	38
187.03599450000004	38
187.19732300000004	47
187.35865150000004	47
187.51998000000003	35
187.51998000000003	42
187.6788085	42
187.837637	35
187.837637	42
187.99646550000003	42
188.15529400000003	38
188.31662250000002	42
188.47795100000002	42
188.63927950000001	35
188.63927950000001	42
188.800608	42
188.9619365	42
189.123265	42
189.28459350000003	42
189.44592200000002	38
189.60725050000002	42
189.76857900000002	42
189.9299075	42
190.09111345833335	35
190.09111345833335	42
190.25157695833335	42
190.41204045833334	35
190.41204045833334	42
190.57250395833336	42
190.73296745833335	38
190.89343095833334	38
191.05389445833336	42
191.21435795833335	35
191.21435795833335	42
191.37482145833334	35
191.37482145833334	42
191.53278495833334	42
191.69074845833336	42
191.84871195833335	42
192.00667545833335	38
192.16963895833337	38
192.33260245833335	47
192.49556595833334	47
192.65852945833336	35
192.65852945833336	49
192.81899295833335	42
192.97945645833335	35
192.97945645833335	42
193.13991995833334	42
193.30038345833336	38
193.46334695833337	42
193.62631045833336	42
193.78927395833338	35
193.78927395833338	42
193.95223745833337	35
193.95223745833337	42
194.11020095833334	42
194.26816445833333	42
194.42612795833335	42
194.58409145833335	38
194.74455495833334	38
194.90501845833336	42
195.06548195833335	42
195.22594545833334	35
195.22594545833334	42
195.38640895833333	42
195.54687245833335	35
195.54687245833335	42
195.70733595833335	42
195.86779945833334	38
196.02826295833336	38
196.18872645833335	42
196.34918995833334	35
196.34918995833334	42
196.50965345833336	35
196.50965345833336	42
196.67011695833335	42
196.83058045833334	42
196.99104395833334	42
197.15150745833336	38
197.31197095833335	42
197.47243445833334	47
197.63289795833336	47
197.79336145833335	35
197.79336145833335	42
197.95132495833334	42
198.10928845833337	35
198.10928845833337	42
198.26725195833336	42
198.42521545833335	38
198.58817895833334	42
198.75114245833336	42
198.91410595833335	35
198.91410595833335	42
199.07706945833334	35
199.07706945833334	42
199.23753295833336	42
199.39799645833335	42
199.55845995833334	42
199.71892345833334	38
199.88188695833338	38
200.04485045833337	42
200.20781395833336	42
200.37077745833338	35
200.37077745833338	42
200.53124095833337	42
200.69170445833336	35
200.69170445833336	42
200.85216795833335	42
201.01263145833337	38
201.17309495833337	38
201.33355845833336	42
201.49402195833338	35
201.49402195833338	42
201.65448545833337	35
201.65448545833337	42
201.81244895833333	42
201.97041245833336	42
202.12837595833335	42
202.28633945833334	38
202.44680295833334	42
202.60726645833336	47
202.76772995833335	47
202.92819345833334	35
202.92819345833334	49
203.08865695833336	42
203.24912045833335	35
203.24912045833335	42
203.40958395833334	42
203.57004745833336	38
203.73301095833338	42
203.89597445833337	42
204.05893795833336	35
204.05893795833336	42
204.22190145833338	35
204.22190145833338	42
204.38236495833337	42
204.54282845833336	42
204.70329195833338	42
204.86375545833337	38
205.02171895833334	42
205.17968245833333	42
205.33764595833335	42
205.49560945833335	35
205.49560945833335	42
205.65607295833334	42
205.81653645833336	35
205.81653645833336	42
205.97699995833335	42
206.13746345833334	38
206.29792695833333	42
206.45839045833335	42
206.61885395833335	35
206.61885395833335	42
206.77931745833334	35
206.77931745833334	42
206.93978095833336	42
207.10024445833335	42
207.26070795833334	42
207.42117145833333	38
207.58413495833338	42
207.74709845833337	47
207.91006195833336	47
208.07302545833338	35
208.07302545833338	42
208.23098895833334	42
208.38895245833334	35
208.38895245833334	42
208.54691595833336	42
208.70487945833335	38
208.86784295833337	42
209.0308064583334	42
209.19376995833338	35
209.19376995833338	42
209.35673345833337	35
209.35673345833337	42
209.51719695833336	42
209.67766045833338	42
209.83812395833337	42
209.99858745833336	38
210.15905095833338	42
210.31951445833337	42
210.47997795833336	42
210.64044145833336	35
210.64044145833336	42
210.80090495833338	42
210.96136845833337	35
210.96136845833337	42
211.12183195833336	42
211.28229545833338	38
211.44275895833337	42
211.60322245833336	42
211.76368595833335	35
211.76368595833335	42
211.92414945833337	35
211.92414945833337	42
212.08211295833334	42
212.24007645833333	42
212.39803995833336	42
212.55600345833335	38
212.71646695833334	38
212.87693045833333	47
213.03739395833335	47
213.19785745833335	35
213.19785745833335	49
213.51878445833336	35