33.317800000000005	38
33.317800000000005	49
33.47243900000001	35
33.627078000000004	49
33.78171700000001	35
33.936356	38
33.936356	49
34.09099500000001	35
34.245634	49
34.40527300000001	35
34.56491200000001	38
34.56491200000001	49
34.719551	35
34.874190000000006	49
35.028829	35
35.183468000000005	38
35.183468000000005	49
35.492746000000004	35
35.492746000000004	49
35.647385	35
35.802024	38
35.802024	49
35.951663	35
36.101302000000004	49
36.25594100000001	35
36.41058	38
36.41058	49
36.565219000000006	35
36.71985800000001	49
36.874497000000005	35
37.02913600000001	38
37.02913600000001	49
37.183775000000004	47
37.33841400000001	47
37.493053	35
37.647692000000006	38
37.647692000000006	49
37.956970000000005	49
38.11160900000001	35
38.266248000000004	38
38.266248000000004	49
38.42088700000001	35
38.575526	49
38.73516500000001	35
38.89480400000001	38
38.89480400000001	49
39.049443000000004	35
39.20408200000001	49
39.358721	35
39.513360000000006	38
39.513360000000006	49
39.667999	35
39.822638000000005	49
39.977277	35
40.131916000000004	38
40.131916000000004	49
40.441194	35
40.441194	49
40.595833000000006	35
40.750472	38
40.750472	49
40.900111	35
41.04975	49
41.204389000000006	35
41.359028	38
41.359028	49
41.513667000000005	35
41.66830600000001	49
41.822945000000004	35
41.97758400000001	38
41.97758400000001	49
42.132223	47
42.286862000000006	47
42.44150100000001	35
42.596140000000005	38
42.596140000000005	49
42.905418000000004	49
43.06505700000001	35
43.224696	38
43.224696	49
43.379335000000005	35
43.533974	49
43.688613000000004	35
43.84325200000001	38
43.84325200000001	49
43.992891	35
44.14253000000001	49
44.297169000000004	35
44.45180800000001	38
44.45180800000001	49
44.60644700000001	35
44.761086000000006	49
44.915725	35
45.070364000000005	38
45.070364000000005	49
45.379642000000004	35
45.379642000000004	49
45.53428100000001	35
45.68892	38
45.68892	49
45.843559000000006	35
45.99819800000001	49
46.152837000000005	35
46.30747600000001	38
46.30747600000001	49
46.462115000000004	35
46.61675400000001	49
46.77139300000001	35
46.926032000000006	38
46.926032000000006	49
47.080671	47
47.235310000000005	47
47.39494900000001	35
47.554588	38
47.554588	49
47.863866	49
48.018505000000005	35
48.17314400000001	38
48.17314400000001	49
48.327783000000004	35
48.48242200000001	49
48.637061	35
48.791700000000006	38
48.791700000000006	49
48.946339	35
49.100978000000005	49
49.255617	35
49.410256000000004	38
49.410256000000004	49
49.559895000000004	35
49.709534000000005	49
49.86417300000001	35
50.018812000000004	38
50.018812000000004	49
50.32809000000001	35
50.32809000000001	49
50.482729000000006	35
50.637368	38
50.637368	49
50.792007000000005	35
50.94664600000001	49
51.10128500000001	35
51.25592400000001	38
51.25592400000001	49
51.410563	35
51.565202000000006	49
51.72484100000001	35
51.88448	38
51.961799500000005	38
52.039119	47
52.1164385	47
52.193758	47
52.271077500000004	47
52.348397000000006	35
52.42571650000001	35
52.50303600000001	38
52.50303600000001	49
53.12159200000001	35
53.27623100000001	38
53.27623100000001	38
53.430870000000006	38
53.430870000000006	38
53.580509	35
53.73014800000001	38
53.73014800000001	38
53.88478700000001	38
53.88478700000001	38
54.039426000000006	35
54.194065	38
54.194065	38
54.348704000000005	35
54.348704000000005	49
54.50334300000001	38
54.50334300000001	42
54.65798200000001	35
54.65798200000001	42
54.81262100000001	38
54.81262100000001	42
54.96726	35
54.96726	42
55.121899000000006	38
55.121899000000006	42
55.27653800000001	35
55.27653800000001	42
55.35385750000001	35
55.431177000000005	38
55.431177000000005	42
55.58581600000001	35
55.58581600000001	42
55.740455000000004	38
55.740455000000004	42
55.89509400000001	35
55.89509400000001	42
56.05473300000001	38
56.05473300000001	42
56.214372000000004	35
56.214372000000004	42
56.369011	38
56.369011	42
56.52365	35
56.52365	42
56.67828900000001	38
56.67828900000001	42
56.83292800000001	35
56.83292800000001	49
56.987567000000006	38
56.987567000000006	42
57.142206	35
57.142206	42
57.296845000000005	38
57.296845000000005	42
57.45148400000001	35
57.45148400000001	42
57.606123000000004	38
57.606123000000004	42
57.760762	35
57.760762	42
57.835581499999996	35
57.910401	38
57.910401	42
58.06004000000001	35
58.06004000000001	42
58.21467900000001	38
58.21467900000001	42
58.36931800000001	35
58.36931800000001	42
58.523957	38
58.523957	42
58.678596000000006	35
58.678596000000006	42
58.83323500000001	38
58.83323500000001	42
58.98787400000001	35
58.98787400000001	42
59.14251300000001	38
59.14251300000001	42
59.297152000000004	35
59.297152000000004	49
59.45179100000001	38
59.45179100000001	42
59.60643000000001	35
59.60643000000001	42
59.761069000000006	38
59.761069000000006	42
59.91570800000001	35
59.91570800000001	42
60.07534700000001	38
60.07534700000001	42
60.234986000000006	35
60.234986000000006	42
60.31230550000001	35
60.38962500000001	38
60.38962500000001	42
60.544264000000005	35
60.544264000000005	42
60.698903	38
60.698903	42
60.853542000000004	35
60.853542000000004	42
61.00818100000001	38
61.00818100000001	42
61.16282	35
61.16282	42
61.31745900000001	38
61.31745900000001	42
61.472098	35
61.472098	42
61.626737000000006	38
61.626737000000006	42
61.78137600000001	35
61.78137600000001	49
61.936015000000005	38
61.936015000000005	42
62.090654	35
62.090654	42
62.245293000000004	38
62.245293000000004	42
62.39993200000001	35
62.39993200000001	42
62.55457100000001	38
62.55457100000001	42
62.70921	35
62.70921	42
62.784029499999995	35
62.858849	38
62.858849	42
63.00848800000001	35
63.00848800000001	42
63.16312700000001	38
63.16312700000001	42
63.317766000000006	35
63.317766000000006	42
63.472405	38
63.472405	42
63.627044000000005	35
63.627044000000005	42
63.78168300000001	38
63.78168300000001	42
63.93632200000001	35
63.93632200000001	42
64.09096100000001	38
64.09096100000001	42
64.2456	35
64.2456	49
64.40523900000001	38
64.40523900000001	42
64.56487800000001	35
64.56487800000001	42
64.71951700000001	38
64.71951700000001	42
64.874156	35
64.874156	42
65.028795	38
65.028795	42
65.183434	35
65.183434	42
65.2607535	35
65.33807300000001	38
65.33807300000001	42
65.49271200000001	35
65.49271200000001	42
65.64735100000001	38
65.64735100000001	42
65.80199	35
65.80199	42
65.956629	38
65.956629	42
66.111268	35
66.111268	42
66.265907	38
66.265907	42
66.420546	35
66.420546	42
66.575185	38
66.575185	42
66.72982400000001	35
66.72982400000001	42
66.879463	38
66.879463	42
67.02910200000001	35
67.02910200000001	42
67.183741	38
67.183741	42
67.33838	35
67.33838	42
67.4156995	35
67.49301899999999	38
67.49301899999999	42
67.64765799999999	35
67.64765799999999	42
67.802297	38
67.802297	42
67.956936	35
67.956936	42
68.111575	38
68.111575	49
68.266214	35
68.42085300000001	35
68.575492	38
68.575492	49
68.73513100000001	35
68.89477000000001	38
68.89477000000001	49
69.049409	38
69.049409	49
69.204048	35
69.204048	49
69.358687	38
69.358687	42
69.513326	35
69.513326	42
69.66796500000001	38
69.66796500000001	42
69.82260400000001	35
69.82260400000001	42
69.97724300000002	38
69.97724300000002	42
70.131882	35
70.131882	42
70.2092015	35
70.28652100000001	38
70.28652100000001	42
70.44116	35
70.44116	42
70.590799	38
70.590799	42
70.740438	35
70.740438	42
70.895077	38
70.895077	42
71.049716	35
71.049716	42
71.204355	38
71.204355	42
71.35899400000001	35
71.35899400000001	42
71.513633	38
71.513633	42
71.668272	35
71.668272	49
71.82291099999999	38
71.82291099999999	42
71.97755	35
71.97755	42
72.132189	38
72.132189	42
72.286828	35
72.286828	42
72.441467	38
72.441467	42
72.596106	35
72.596106	42
72.6734255	35
72.75074500000001	38
72.75074500000001	42
72.905384	35
72.905384	42
73.065023	38
73.065023	49
73.22466200000001	35
73.22466200000001	42
73.379301	38
73.379301	49
73.53394	35
73.53394	49
73.688579	38
73.84321800000001	35
73.84321800000001	49
73.99785700000001	38
74.15249600000001	35
74.15249600000001	49
74.302135	38
74.302135	42
74.451774	35
74.451774	42
74.606413	38
74.606413	42
74.76105199999999	35
74.76105199999999	42
74.915691	38
74.915691	42
75.07033	35
75.07033	42
75.1476495	35
75.224969	38
75.224969	42
75.379608	35
75.379608	42
75.53424700000001	38
75.53424700000001	42
75.68888600000001	35
75.68888600000001	42
75.843525	38
75.843525	42
75.998164	35
75.998164	42
76.15280299999999	38
76.15280299999999	42
76.307442	35
76.307442	42
76.462081	38
76.462081	42
76.61672	35
76.61672	42
76.771359	38
76.771359	42
76.925998	35
76.925998	42
77.08063700000001	38
77.08063700000001	42
77.235276	35
77.235276	42
77.3150955	35
77.394915	38
77.394915	42
77.554554	35
77.554554	42
77.709193	38
77.709193	42
77.863832	35
77.863832	42
78.018471	38
78.018471	49
78.17311000000001	35
78.32774900000001	35
78.48238800000001	38
78.48238800000001	49
78.637027	35
78.791666	38
78.791666	49
78.94630500000001	38
78.94630500000001	49
79.100944	35
79.100944	49
79.255583	38
79.255583	42
79.410222	35
79.410222	42
79.56486100000001	38
79.56486100000001	42
79.71950000000001	35
79.71950000000001	42
79.86913900000002	38
79.86913900000002	42
80.018778	35
80.018778	42
80.0960975	35
80.173417	38
80.173417	42
80.328056	35
80.328056	42
80.48269499999999	38
80.48269499999999	42
80.637334	35
80.637334	42
80.791973	38
80.791973	42
80.946612	35
80.946612	42
81.0239315	35
81.101251	38
81.101251	42
81.25589000000001	35
81.25589000000001	42
81.41052900000001	38
81.41052900000001	42
81.565168	35
81.565168	42
81.724807	38
81.724807	42
81.88444599999998	35
81.88444599999998	42
81.96176550000001	35
82.039085	38
82.039085	42
82.193724	35
82.193724	42
82.348363	38
82.348363	42
82.50300200000001	35
82.50300200000001	42
82.65764100000001	38
82.65764100000001	42
82.81228000000002	35
82.81228000000002	42
82.966919	38
82.966919	42
83.12155800000001	35
83.12155800000001	42
83.276197	38
83.276197	42
83.430836	35
83.430836	42
83.585475	38
83.585475	42
83.740114	35
83.740114	42
83.89475300000001	38
83.89475300000001	42
84.04939200000001	38
84.04939200000001	49
84.19903100000002	35
84.34867000000001	49
84.503309	35
84.657948	38
84.657948	49
84.812587	35
84.967226	49
85.121865	35
85.276504	38
85.276504	49
85.431143	35
85.58578200000001	49
85.74042100000001	35
85.89506	38
85.89506	49
86.20433799999999	35
86.20433799999999	49
86.358977	35
86.513616	38
86.513616	49
86.668255	35
86.822894	49
86.97753300000001	35
87.13217200000001	38
87.13217200000001	49
87.286811	35
87.44145	49
87.59608899999999	35
87.750728	38
87.750728	49
87.905367	47
88.060006	47
88.219645	35
88.379284	38
88.379284	49
88.688562	49
88.99784	38
88.99784	49
89.147479	35
89.29711800000001	49
89.451757	35
89.606396	38
89.606396	49
89.761035	35
89.91567400000001	49
90.075313	35
90.23495199999999	38
90.23495199999999	49
90.38959100000001	35
90.54423	49
90.698869	35
90.853508	38
90.853508	49
91.16278600000001	35
91.16278600000001	49
91.31742500000001	35
91.47206400000002	38
91.47206400000002	49
91.62170300000001	35
91.77134200000002	49
91.93098099999999	35
92.09061999999999	38
92.09061999999999	49
92.245259	35
92.39989800000001	49
92.55453700000001	35
92.70917600000001	38
92.70917600000001	49
92.85881500000002	47
93.00845400000001	47
93.163093	35
93.31773199999999	38
93.31773199999999	49
93.62701	49
93.781649	35
93.936288	38
93.936288	49
94.09092700000001	35
94.24556600000001	49
94.40520499999998	35
94.564844	38
94.564844	49
94.719483	35
94.874122	49
95.028761	35
95.1834	38
95.1834	49
95.33803900000001	35
95.49267800000001	49
95.64731700000002	35
95.801956	38
95.801956	49
96.11123400000001	35
96.11123400000001	49
96.265873	35
96.420512	38
96.420512	49
96.575151	35
96.72979000000001	49
96.88442900000001	35
97.03906800000001	38
97.03906800000001	49
97.18870700000004	35
97.33834600000003	49
97.49298499999999	35
97.647624	38
97.647624	49
97.802263	47
97.956902	47
98.111541	35
98.26618	38
98.26618	49
98.57545800000001	49
98.89473599999998	38
98.89473599999998	49
99.049375	35
99.204014	49
99.358653	35
99.513292	38
99.513292	49
99.66793100000001	35
99.82257000000001	49
99.97720900000002	35
100.13184800000002	38
100.13184800000002	49
100.286487	35
100.441126	49
100.595765	35
100.750404	38
100.750404	49
100.905043	35
101.05968200000001	35
101.05968200000001	49
101.21432100000001	35
101.36896000000002	38
101.36896000000002	49
101.51859900000004	35
101.668238	49
101.82287699999999	35
101.977516	38
101.977516	49
102.132155	35
102.286794	49
102.441433	35
102.596072	38
102.6733915	38
102.75071100000001	47
102.8280305	47
102.90535000000001	47
102.98516949999998	47
103.064989	35
103.14480849999998	35
103.22462799999998	38
103.22462799999998	49
103.84318400000002	35
103.99782300000001	38
103.99782300000001	38
104.15246200000001	38
104.15246200000001	38
104.30710100000002	35
104.46174000000002	38
104.46174000000002	38
104.616379	38
104.616379	38
104.771018	35
104.925657	38
104.925657	38
105.080296	35
105.080296	49
105.23493500000001	38
105.23493500000001	42
105.38957400000001	35
105.38957400000001	42
105.54421300000001	38
105.54421300000001	42
105.69885200000002	35
105.69885200000002	42
105.85349100000002	38
105.85349100000002	42
106.00813	35
106.00813	42
106.08294950000003	35
106.15776900000002	38
106.15776900000002	42
106.30740800000002	35
106.30740800000002	42
106.462047	38
106.462047	42
106.616686	35
106.616686	42
106.771325	38
106.771325	42
106.92596400000001	35
106.92596400000001	49
107.08060300000001	38
107.23524200000001	35
107.23524200000001	49
107.394881	38
107.55451999999997	35
107.55451999999997	49
107.709159	38
107.709159	42
107.863798	35
107.863798	42
108.018437	38
108.018437	42
108.17307600000001	35
108.17307600000001	42
108.32771500000001	38
108.32771500000001	42
108.48235400000002	35
108.48235400000002	42
108.5596735	35
108.63699300000002	38
108.63699300000002	42
108.79163200000002	35
108.79163200000002	42
108.946271	38
108.946271	42
109.10091	35
109.10091	42
109.255549	38
109.255549	42
109.410188	35
109.410188	49
109.56482700000001	38
109.71946600000001	35
109.71946600000001	49
109.87410500000001	38
110.02874400000002	35
110.02874400000002	49
110.18338300000002	38
110.18338300000002	42
110.338022	35
110.338022	42
110.492661	38
110.492661	42
110.6473	35
110.6473	42
110.801939	38
110.801939	42
110.95657800000001	35
110.95657800000001	42
111.03139750000003	35
111.10621700000003	38
111.10621700000003	42
111.25585600000004	35
111.25585600000004	42
111.41049500000001	38
111.41049500000001	42
111.56513400000001	35
111.56513400000001	42
111.72477299999997	38
111.72477299999997	42
111.88441199999997	35
111.88441199999997	49
112.039051	38
112.19369	35
112.19369	49
112.348329	38
112.50296800000001	35
112.50296800000001	49
112.65760700000001	38
112.65760700000001	42
112.81224600000002	35
112.81224600000002	42
112.96688500000002	38
112.96688500000002	42
113.12152400000002	35
113.12152400000002	42
113.276163	38
113.276163	42
113.430802	35
113.430802	42
113.50812150000002	35
113.585441	38
113.585441	42
113.74008	35
113.74008	42
113.89471900000001	38
113.89471900000001	42
114.04935800000001	35
114.04935800000001	42
114.20399700000002	38
114.20399700000002	42
114.35863600000002	35
114.35863600000002	49
114.50827500000004	38
114.65791400000002	35
114.65791400000002	49
114.812553	38
114.967192	35
114.967192	49
115.121831	38
115.121831	42
115.27647	35
115.27647	42
115.431109	38
115.431109	42
115.58574800000001	35
115.58574800000001	42
115.74038700000001	38
115.74038700000001	42
115.89502600000002	35
115.89502600000002	42
115.97484549999997	35
116.05466499999996	38
116.05466499999996	42
116.21430399999997	35
116.21430399999997	42
116.368943	38
116.368943	42
116.523582	35
116.523582	42
116.67822100000001	38
116.67822100000001	42
116.83286000000001	35
116.83286000000001	42
116.9101795	35
116.98749900000001	38
116.98749900000001	42
117.14213800000002	35
117.14213800000002	42
117.29677700000002	38
117.29677700000002	42
117.451416	35
117.451416	42
117.606055	38
117.606055	42
117.760694	35
117.760694	42
117.915333	38
117.915333	42
118.069972	35
118.069972	42
118.1472915	35
118.22461100000001	38
118.22461100000001	42
118.37925000000001	35
118.37925000000001	42
118.53388900000002	38
118.53388900000002	42
118.68852800000002	35
118.83816700000006	38
118.83816700000006	49
118.98780600000002	35
119.142445	35
119.297084	38
119.297084	49
119.45672299999997	35
119.61636199999998	38
119.61636199999998	49
119.77100100000001	38
119.77100100000001	49
119.92564000000002	35
119.92564000000002	49
120.08027900000002	38
120.08027900000002	42
120.23491800000002	35
120.23491800000002	42
120.389557	38
120.389557	42
120.544196	35
120.544196	42
120.698835	38
120.698835	42
120.853474	35
120.853474	42
120.93079350000002	35
121.00811300000001	38
121.00811300000001	42
121.16275200000001	35
121.16275200000001	42
121.31739100000001	38
121.31739100000001	42
121.47203000000002	35
121.47203000000002	42
121.62666900000002	38
121.62666900000002	42
121.781308	35
121.781308	42
121.935947	38
121.935947	42
122.090586	35
122.090586	42
122.245225	38
122.245225	42
122.39986400000001	35
122.39986400000001	49
122.54950300000004	38
122.54950300000004	42
122.69914200000004	35
122.69914200000004	42
122.85378100000001	38
122.85378100000001	42
123.00842000000002	35
123.00842000000002	42
123.16305899999999	38
123.16305899999999	42
123.317698	35
123.317698	42
123.39501750000001	35
123.472337	38
123.472337	42
123.626976	35
123.626976	42
123.781615	38
123.781615	42
123.936254	35
123.936254	42
124.09089300000001	38
124.09089300000001	42
124.24553200000001	35
124.24553200000001	42
124.40517099999998	38
124.40517099999998	42
124.56481	35
124.56481	42
124.719449	38
124.719449	42
124.874088	35
124.874088	49
125.028727	38
125.028727	42
125.183366	35
125.183366	42
125.33800500000001	38
125.33800500000001	42
125.49264400000001	35
125.49264400000001	42
125.64728300000002	38
125.64728300000002	42
125.80192200000002	35
125.80192200000002	42
125.95656100000002	38
125.95656100000002	42
126.1112	35
126.1112	42
126.265839	38
126.265839	42
126.420478	35
126.420478	42
126.575117	38
126.575117	42
126.72975600000001	35
126.72975600000001	42
126.88439500000001	38
126.88439500000001	42
127.03903400000002	35
127.03903400000002	42
127.1163535	35
127.19367300000002	38
127.19367300000002	42
127.34831200000002	35
127.34831200000002	42
127.49795100000003	38
127.49795100000003	42
127.64759000000004	35
127.64759000000004	42
127.802229	38
127.802229	42
127.956868	35
127.956868	42
128.11150700000002	38
128.11150700000002	42
128.26614600000002	35
128.26614600000002	42
128.42078500000002	38
128.42078500000002	42
128.57542400000003	35
128.735063	38
128.735063	49
128.89470199999997	35
129.049341	35
129.20398	38
129.20398	49
129.358619	35
129.513258	38
129.513258	49
129.667897	38
129.667897	49
129.822536	35
129.822536	49
129.97717500000002	38
129.97717500000002	42
130.13181400000002	35
130.13181400000002	42
130.28645300000002	38
130.28645300000002	42
130.441092	35
130.441092	42
130.595731	38
130.595731	42
130.75037	35
130.75037	42
130.82768950000002	35
130.905009	38
130.905009	42
131.059648	35
131.059648	42
131.214287	38
131.214287	42
131.36892600000002	35
131.36892600000002	42
131.52356500000002	38
131.52356500000002	42
131.67820400000002	35
131.67820400000002	42
131.7555235	35
131.832843	38
131.832843	42
131.987482	35
131.987482	42
132.142121	38
132.142121	42
132.29676	35
132.29676	42
132.44639900000004	38
132.44639900000004	42
132.59603800000005	35
132.59603800000005	42
132.6733575	35
132.75067700000002	38
132.75067700000002	42
132.90531600000003	35
132.90531600000003	42
133.064955	38
133.064955	42
133.22459399999997	35
133.22459399999997	42
133.379233	38
133.379233	42
133.533872	35
133.533872	42
133.688511	38
133.688511	42
133.84315	35
133.84315	42
133.997789	38
133.997789	42
134.15242800000001	35
134.15242800000001	42
134.30706700000002	38
134.30706700000002	42
134.46170600000002	35
134.46170600000002	42
134.616345	38
134.616345	42
134.770984	38
134.770984	49
134.92062300000003	35
135.07026200000004	49
135.22490100000002	35
135.37954000000002	38
135.37954000000002	49
135.53417900000002	35
135.68881800000003	49
135.84345700000003	35
135.99809600000003	38
135.99809600000003	49
136.152735	35
136.307374	49
136.462013	35
136.61665200000002	38
136.61665200000002	49
136.92593000000002	35
136.92593000000002	49
137.08056900000003	35
137.23520800000003	38
137.23520800000003	49
137.394847	35
137.55448599999994	49
137.709125	35
137.863764	38
138.018403	35
138.173042	49
138.327681	35
138.48232000000002	38
138.48232000000002	49
138.63695900000002	47
138.79159800000002	47
138.946237	35
139.100876	38
139.100876	49
139.410154	49
139.719432	38
139.719432	49
139.86907100000008	35
140.01871000000008	49
140.17334900000003	35
140.327988	38
140.482627	35
140.637266	49
140.791905	35
140.94654400000002	38
140.94654400000002	49
141.10118300000002	35
141.25582200000002	49
141.41046100000003	35
141.56510000000003	38
141.56510000000003	49
141.874378	35
141.874378	49
142.03401699999995	35
142.19365599999995	38
142.19365599999995	49
142.348295	35
142.502934	49
142.657573	35
142.81221200000002	38
142.81221200000002	49
142.96685100000002	35
143.12149000000002	49
143.276129	35
143.430768	38
143.50558750000008	38
143.58040700000006	47
143.65522650000008	47
143.73004600000007	47
143.88468500000002	35
144.03932400000002	38
144.03932400000002	49
144.34860200000003	49
144.65788	38
144.65788	49
144.812519	35
144.967158	49
145.12179700000002	35
145.27643600000002	38
145.27643600000002	49
145.43107500000002	35
145.58571400000002	49
145.74535299999997	35
145.90499199999996	38
145.90499199999996	49
146.059631	35
146.21427	49
146.368909	35
146.523548	38
146.523548	49
146.832826	35
146.832826	49
146.98746500000001	35
147.14210400000002	38
147.14210400000002	49
147.29674300000002	35
147.45138200000002	49
147.606021	35
147.76066	38
147.76066	49
147.915299	35
148.069938	49
148.224577	35
148.379216	38
148.379216	49
148.52885500000008	47
148.6784940000001	47
148.83313300000003	35
148.987772	38
148.987772	49
149.29705	49
149.60632800000002	38
149.60632800000002	49
149.76096700000002	35
149.91560600000003	49
150.07524499999997	35
150.23488399999997	38
150.23488399999997	49
150.389523	35
150.544162	49
150.698801	35
150.85344	38
150.85344	49
151.008079	35
151.162718	49
151.31735700000002	35
151.47199600000002	38
151.47199600000002	49
151.781274	35
151.781274	49
151.935913	35
152.090552	38
152.090552	49
152.24019100000007	35
152.38983000000007	49
152.54446900000002	35
152.69910800000002	38
152.69910800000002	49
152.85374700000003	35
153.00838600000003	49
153.16302500000003	35
153.317664	38
153.39498350000002	38
153.472303	47
153.54962250000003	47
153.626942	47
153.70426150000003	47
153.78158100000002	35
153.85890050000003	35
153.93622000000002	38
153.93622000000002	49
154.56477600000002	35
154.719415	38
154.719415	38
154.874054	38
154.874054	38
155.028693	35
155.183332	38
155.183332	38
155.33297100000007	38
155.33297100000007	38
155.48261000000008	35
155.63724900000003	38
155.63724900000003	38
155.79188800000003	35
155.79188800000003	49
155.86920750000002	42
155.94652700000003	38
156.02384650000002	42
156.101166	35
156.101166	42
156.17848550000002	42
156.255805	38
156.33312450000003	42
156.410444	35
156.410444	42
156.48776350000003	42
156.56508300000002	38
156.64240250000003	42
156.71972200000002	35
156.71972200000002	42
156.7970415	42
156.87436100000002	38
156.9516805	42
157.02900000000002	35
157.02900000000002	42
157.1063195	42
157.18363900000003	38
157.26095850000002	42
157.33827800000003	35
157.33827800000003	42
157.41559750000002	42
157.49291700000003	38
157.57023650000002	42
157.647556	35
157.647556	42
157.72487550000002	42
157.802195	38
157.87951450000003	42
157.95683400000001	35
157.95683400000001	42
158.03415350000003	42
158.11147300000002	38
158.18879250000003	42
158.26611200000002	35
158.26611200000002	49
158.3434315	42
158.42075100000002	38
158.4980705	42
158.57539000000003	35
158.57539000000003	42
158.65520949999996	42
158.73502899999997	38
158.81484849999995	42
158.89466799999997	35
158.89466799999997	42
158.9719875	42
159.049307	38
159.12662650000001	42
159.203946	35
159.203946	42
159.28126550000002	42
159.358585	38
159.43590450000002	42
159.513224	35
159.513224	42
159.59054350000002	42
159.667863	38
159.7451825	42
159.82250200000001	35
159.82250200000001	42
159.89732150000006	42
159.97214100000008	38
160.04696050000007	42
160.1217800000001	35
160.1217800000001	42
160.19909950000002	42
160.27641900000003	38
160.35373850000002	42
160.431058	35
160.431058	42
160.50837750000002	42
160.585697	38
160.66301650000003	42
160.740336	35
160.740336	49
160.81765550000003	42
160.89497500000002	38
160.97229450000003	42
161.04961400000002	35
161.04961400000002	42
161.1269335	42
161.20425300000002	38
161.2815725	42
161.35889200000003	35
161.35889200000003	42
161.4362115	42
161.513531	38
161.59085050000002	42
161.66817	35
161.66817	42
161.74548950000002	42
161.822809	38
161.90012850000002	42
161.977448	35
161.977448	42
162.05476750000003	42
162.132087	38
162.2094065	42
162.28672600000002	35
162.28672600000002	42
162.3640455	42
162.44136500000002	38
162.5186845	42
162.59600400000002	35
162.59600400000002	42
162.6733235	42
162.75064300000003	38
162.8279625	42
162.905282	35
162.905282	42
162.98260150000002	42
163.059921	38
163.13724050000002	42
163.21456	35
163.21456	42
163.29187950000002	42
163.369199	38
163.44651850000002	42
163.523838	35
163.523838	42
163.6011575	42
163.67847700000002	38
163.7557965	42
163.83311600000002	35
163.83311600000002	42
163.9104355	42
163.98775500000002	38
164.0650745	42
164.14239400000002	35
164.14239400000002	42
164.2197135	42
164.297033	38
164.37435250000001	42
164.451672	35
164.451672	42
164.52899150000002	42
164.606311	38
164.68363050000002	42
164.76095	35
164.76095	42
164.83826950000002	42
164.915589	38
164.99290850000003	42
165.07022800000001	35
165.07022800000001	42
165.1475475	42
165.22486700000002	38
165.3021865	42
165.37950600000002	35
165.37950600000002	42
165.4568255	42
165.53414500000002	38
165.6114645	42
165.68878400000003	35
165.68878400000003	49
165.7661035	42
165.843423	38
165.92074250000002	42
165.998062	35
165.998062	42
166.07288150000008	42
166.14770100000007	38
166.22252050000006	42
166.29734000000005	35
166.29734000000005	42
166.3746595	42
166.451979	38
166.52929849999998	42
166.606618	35
166.606618	42
166.68393749999998	42
166.761257	38
166.8385765	42
166.915896	35
166.915896	42
166.99571549999993	42
167.07553499999995	38
167.15535449999996	42
167.23517399999994	35
167.23517399999994	42
167.31249350000002	42
167.389813	38
167.46713250000002	42
167.544452	35
167.544452	42
167.62177150000002	42
167.699091	38
167.77641050000003	42
167.85373	35
167.85373	42
167.9310495	42
168.00836900000002	38
168.0856885	42
168.16300800000002	35
168.16300800000002	49
168.2403275	42
168.31764700000002	38
168.3949665	42
168.47228600000003	35
168.47228600000003	42
168.5496055	42
168.626925	38
168.70424450000002	42
168.781564	35
168.781564	42
168.85888350000002	42
168.936203	38
169.01352250000002	42
169.090842	35
169.090842	42
169.16816150000002	42
169.245481	38
169.3228005	42
169.40012000000002	35
169.40012000000002	42
169.4774395	42
169.55475900000002	38
169.6320785	42
169.70939800000002	35
169.70939800000002	42
169.7867175	42
169.86403700000002	38
169.9413565	42
170.018676	35
170.018676	42
170.09599550000001	42
170.173315	38
170.25063450000002	42
170.327954	35
170.327954	42
170.40527350000002	42
170.482593	38
170.55991250000002	42
170.637232	35
170.637232	49
170.7120515000001	42
170.78687100000008	38
170.86169050000007	42
170.93651000000006	35
170.93651000000006	42
171.01382949999999	42
171.091149	38
171.1684685	42
171.245788	35
171.245788	42
171.3231075	42
171.400427	38
171.4777465	42
171.55506599999998	35
171.55506599999998	42
171.63488549999994	42
171.71470499999992	38
171.79452449999994	42
171.87434399999995	35
171.87434399999995	42
171.95166350000002	42
172.028983	38
172.10630250000003	42
172.183622	35
172.183622	42
172.2609415	42
172.33826100000002	38
172.4155805	42
172.49290000000002	35
172.49290000000002	42
172.5702195	42
172.64753900000002	38
172.7248585	42
172.80217800000003	35
172.80217800000003	42
172.8794975	42
172.956817	38
173.03413650000002	42
173.111456	35
173.111456	49
173.18877550000002	42
173.266095	38
173.34341450000002	42
173.420734	35
173.420734	42
173.49805350000003	42
173.575373	38
173.6526925	42
173.73001200000002	35
173.73001200000002	42
173.8073315	42
173.88465100000002	38
173.9619705	42
174.03929000000002	35
174.03929000000002	42
174.1166095	42
174.19392900000003	38
174.2712485	42
174.348568	35
174.348568	42
174.42588750000002	42
174.503207	38
174.58052650000002	42
174.657846	35
174.657846	42
174.73516550000002	42
174.812485	38
174.88980450000003	42
174.967124	35
174.967124	42
175.0444435	42
175.12176300000002	38
175.1990825	42
175.27640200000002	35
175.27640200000002	42
175.3537215	42
175.43104100000002	38
175.5083605	42
175.58568000000002	35
175.58568000000002	49
175.6629995	42
175.74031900000003	38
175.81763850000002	42
175.894958	35
175.894958	42
175.97227750000002	42
176.049597	38
176.12691650000002	42
176.204236	35
176.204236	42
176.28155550000002	42
176.358875	38
176.43619450000003	42
176.51351400000001	35
176.51351400000001	42
176.5908335	42
176.66815300000002	38
176.7454725	42
176.82279200000002	35
176.82279200000002	49
176.9001115	42
176.97743100000002	38
177.0547505	42
177.13207000000003	35
177.13207000000003	42
177.20938950000001	42
177.286709	38
177.36402850000002	42
177.441348	35
177.441348	42
177.51866750000002	42
177.595987	38
177.67330650000002	42
177.750626	35
177.750626	42
177.82794550000003	42
177.905265	38
177.9825845	42
178.05990400000002	35
178.05990400000002	49
178.1372235	42
178.21454300000002	38
178.2918625	42
178.36918200000002	35
178.36918200000002	42
178.4465015	42
178.52382100000003	38
178.6011405	42
178.67846	35
178.67846	42
178.75577950000002	42
178.833099	38
178.91041850000002	42
178.987738	35
178.987738	42
179.06505750000002	42
179.142377	38
179.21969650000003	42
179.297016	35
179.297016	42
179.3743355	42
179.45165500000002	38
179.5289745	42
179.60629400000002	35
179.60629400000002	42
179.6836135	42
179.76093300000002	38
179.8382525	42
179.91557200000003	35
179.91557200000003	42
179.9928915	42
180.070211	38
180.14753050000002	42
180.22485	35
180.22485	42
180.30216950000002	42
180.379489	38
180.45680850000002	42
180.534128	35
180.534128	49
180.61144750000003	47
180.688767	47
180.7660865	47
180.84340600000002	35
180.84340600000002	47
180.9207255	47
180.99804500000002	47
181.0753645	47
181.15268400000002	35
181.15268400000002	47
181.2300035	47
181.30732300000003	47
181.3846425	47
181.46196200000003	35
181.46196200000003	47
181.53928150000002	47
181.616601	47
181.69392050000002	47
181.77124	35
181.925879	38
181.925879	38
182.080518	38
182.080518	38
182.23515700000002	35
182.38979600000002	38
182.38979600000002	38
182.54443500000002	38
182.54443500000002	38
182.69907400000002	38
182.69907400000002	38
182.85371300000003	38
182.85371300000003	38
183.008352	35
183.008352	49
183.162991	38
183.162991	42
183.31763	35
183.31763	42
183.472269	38
183.472269	42
183.62690800000001	35
183.62690800000001	42
183.78154700000002	38
183.78154700000002	42
183.93618600000002	35
183.93618600000002	42
184.09082500000002	38
184.09082500000002	42
184.24546400000003	35
184.24546400000003	42
184.400103	38
184.400103	49
184.554742	35
184.554742	42
184.709381	38
184.709381	42
184.86402	35
184.86402	49
185.018659	38
185.17329800000002	35
185.17329800000002	49
185.32793700000002	38
185.48257600000002	35
185.48257600000002	49
185.63721500000003	38
185.63721500000003	42
185.791854	35
185.791854	42
185.946493	38
185.946493	42
186.101132	35
186.101132	42
186.255771	38
186.255771	42
186.41041	35
186.41041	42
186.56504900000002	38
186.56504900000002	42
186.71968800000002	35
186.71968800000002	42
186.87432700000002	38
186.87432700000002	49
187.02896600000003	35
187.02896600000003	42
187.18360500000003	38
187.18360500000003	42
187.338244	35
187.338244	49
187.492883	38
187.647522	35
187.647522	49
187.802161	38
187.95680000000002	35
187.95680000000002	49
188.11143900000002	38
188.11143900000002	42
188.26607800000002	35
188.26607800000002	42
188.42071700000002	38
188.42071700000002	42
188.57535600000003	35
188.57535600000003	42
188.729995	38
188.729995	42
188.884634	35
188.884634	42
189.039273	38
189.039273	42
189.193912	35
189.193912	42
189.34855100000001	38
189.34855100000001	49
189.50319000000002	35
189.50319000000002	42
189.65782900000002	38
189.65782900000002	42
189.81246800000002	35
189.81246800000002	49
189.96710700000003	38
190.121746	35
190.121746	49
190.276385	38
190.431024	35
190.431024	49
190.585663	38
190.585663	42
190.740302	35
190.740302	42
190.89494100000002	38
190.89494100000002	42
191.04958000000002	35
191.04958000000002	42
191.20421900000002	38
191.20421900000002	42
191.35885800000003	35
191.35885800000003	42
191.513497	38
191.513497	42
191.668136	35
191.668136	42
191.822775	38
191.822775	49
191.977414	35
191.977414	42
192.132053	38
192.132053	42
192.28669200000002	35
192.28669200000002	49
192.44133100000002	38
192.59597000000002	35
192.59597000000002	49
192.75060900000003	38
192.90524800000003	35
192.90524800000003	49
193.059887	38
193.059887	42
193.214526	35
193.214526	42
193.369165	38
193.369165	42
193.523804	35
193.523804	42
193.67844300000002	38
193.67844300000002	42
193.83308200000002	35
193.83308200000002	42
193.98772100000002	38
193.98772100000002	42
194.14236000000002	35
194.14236000000002	42
194.29699900000003	38
194.29699900000003	49
194.451638	35
194.451638	42
194.606277	38
194.606277	42
194.760916	35
194.760916	49
194.915555	38
195.07019400000001	35
195.07019400000001	49
195.22483300000002	38
195.37947200000002	35
195.37947200000002	49
195.52911100000009	38
195.52911100000009	42
195.6787500000001	35
195.6787500000001	42
195.83338899999998	38
195.83338899999998	42
195.98802799999999	35
195.98802799999999	42
196.142667	38
196.142667	42
196.297306	35
196.297306	42
196.451945	38
196.451945	42
196.606584	35
196.606584	42
196.761223	38
196.761223	49
196.915862	35
196.915862	42
197.070501	38
197.070501	42
197.22513999999998	35
197.22513999999998	49
197.38477899999992	38
197.54441799999992	35
197.54441799999992	49
197.699057	38
197.853696	35
197.853696	49
198.00833500000002	38
198.00833500000002	42
198.16297400000002	35
198.16297400000002	42
198.31761300000002	38
198.31761300000002	42
198.47225200000003	35
198.47225200000003	42
198.62689100000003	38
198.62689100000003	42
198.78153	35
198.78153	42
198.936169	38
198.936169	42
199.090808	35
199.090808	42
199.245447	38
199.245447	49
199.40008600000002	35
199.40008600000002	42
199.55472500000002	38
199.55472500000002	42
199.70936400000002	35
199.70936400000002	49
199.86400300000003	38
200.01864200000003	35
200.01864200000003	49
200.173281	38
200.32792	35
200.32792	49
200.482559	38
200.482559	42
200.637198	35
200.637198	42
200.79183700000002	38
200.79183700000002	42
200.94647600000002	35
200.94647600000002	42
201.09611500000008	38
201.09611500000008	42
201.2457540000001	35
201.2457540000001	42
201.400393	38
201.400393	42
201.55503199999998	35
201.55503199999998	42
201.71467099999992	38
201.71467099999992	49
201.87430999999992	35
201.87430999999992	42
202.028949	38
202.028949	42
202.18358800000001	35
202.18358800000001	49
202.33822700000002	38
202.49286600000002	35
202.49286600000002	49
202.63740099999993	38
202.63740099999993	38
202.78193599999992	35
202.78193599999992	49
202.936575	38
202.936575	42
203.091214	35
203.091214	42
203.245853	38
203.245853	42
203.400492	35
203.400492	42
203.555131	38
203.555131	42
203.70977	35
203.70977	42
203.864409	38
203.864409	42
204.019048	35
204.019048	42
204.173687	38
204.173687	49
204.328326	35
204.328326	42
204.482965	38
204.482965	42
204.637604	35
204.637604	49
204.792243	38
204.946882	35
204.946882	49
205.101521	38
205.25616	35
205.25616	49
205.410799	38
205.410799	42
205.565438	35
205.565438	42
205.720077	38
205.720077	42
205.874716	35
205.874716	42
206.029355	38
206.029355	42
206.183994	35
206.183994	42
206.33863300000002	38
206.33863300000002	42
206.493272	35
206.493272	42
206.647911	38
206.647911	49
206.80255	35
206.80255	42
206.957189	38
206.957189	42
207.111828	35
207.111828	49
207.266467	38
207.421106	35
207.421106	49
207.575745	38
207.73038400000002	35
207.73038400000002	49
207.885023	38
207.885023	42
208.039662	35
208.039662	42
208.194301	38
208.194301	42
208.34894	35
208.34894	42
208.503579	38
208.503579	42
208.658218	35
208.658218	42
208.8078570000001	38
208.8078570000001	42
208.9574960000001	35
208.9574960000001	42
209.11213500000002	38
209.11213500000002	49
209.266774	35
209.266774	42
209.421413	38
209.421413	42
209.576052	35
209.576052	49
209.730691	38
209.88533	35
209.88533	49
210.04496899999992	38
210.20460799999992	35
210.20460799999992	49
210.359247	38
210.359247	42
210.513886	35
210.513886	42
210.668525	38
210.668525	42
210.823164	35
210.823164	42
210.977803	38
210.977803	42
211.132442	35
211.132442	42
211.287081	38
211.287081	42
211.44172	35
211.44172	42
211.596359	38
211.596359	49
211.750998	35
211.750998	42
211.905637	38
211.905637	42
212.060276	35
212.060276	49
212.20991500000008	38
212.3595540000001	35
212.3595540000001	49
212.514193	38
212.668832	35
212.668832	49
212.823471	38
212.823471	42
212.97811000000002	35
212.97811000000002	42
213.13274900000002	38
213.13274900000002	42
213.28738800000002	35
213.28738800000002	42
213.44202700000002	38
213.44202700000002	42
213.596666	35
213.596666	42
213.751305	38
213.751305	42
213.905944	35
213.905944	42
214.060583	38
214.060583	49
214.215222	35
214.215222	42
214.37486099999992	38
214.37486099999992	42
214.53449999999992	35
214.53449999999992	49
214.689139	38
214.84377800000001	35
214.84377800000001	49
214.998417	38
215.153056	35
215.153056	49
215.307695	38
215.307695	42
215.462334	35
215.462334	42
215.616973	38
215.616973	42
215.771612	35
215.771612	42
215.926251	38
215.926251	42
216.08089	35
216.08089	42
216.235529	38
216.235529	42
216.39016800000002	35
216.39016800000002	42
216.53980700000008	38
216.53980700000008	49
216.6894460000001	35
216.6894460000001	42
216.844085	38
216.844085	42
216.998724	35
216.998724	49
217.153363	38
217.30800200000002	35
217.30800200000002	49
217.46264100000002	38
217.61728000000002	35
217.61728000000002	49
217.77191900000003	38
217.77191900000003	42
217.926558	35
217.926558	42
218.081197	38
218.081197	42
218.235836	35
218.235836	42
218.390475	38
218.390475	42
218.545114	35
218.545114	42
218.70475299999993	38
218.70475299999993	42
218.86439199999992	35
218.86439199999992	42
219.019031	38
219.019031	49
219.17367000000002	35
219.17367000000002	42
219.328309	38
219.328309	42
219.482948	35
219.482948	49
219.637587	38
219.792226	35
219.792226	49
219.946865	38
220.101504	35
220.101504	49
220.256143	38
220.256143	42
220.410782	35
220.410782	42
220.56542100000001	38
220.56542100000001	42
220.72006	35
220.72006	42
220.874699	38
220.874699	42
221.029338	35
221.029338	42
221.183977	38
221.183977	42
221.338616	35
221.338616	42
221.4882550000001	38
221.4882550000001	49
221.6378940000001	35
221.6378940000001	42
221.79253300000002	38
221.79253300000002	42
221.94717200000002	35
221.94717200000002	49
222.101811	38
222.25645	35
222.25645	49