12.630590000000002	35
12.777417250000001	38
12.777417250000001	49
13.071071750000002	35
13.217899000000001	38
13.217899000000001	49
13.501553500000002	35
13.785208000000003	35
13.785208000000003	49
14.361673000000003	35
14.361673000000003	38
14.361673000000003	42
14.649905500000003	42
14.794021750000002	35
14.794021750000002	42
14.938138000000002	35
14.938138000000002	42
15.084754250000001	38
15.231370500000004	42
15.377986750000003	35
15.377986750000003	42
15.524603000000003	35
15.524603000000003	38
15.524603000000003	42
15.812835500000002	42
15.956951750000002	42
16.101068	35
16.101068	42
16.3890415	42
16.53302825	42
16.677015	35
16.677015	38
16.677015	42
16.9649885	42
17.10897525	35
17.10897525	42
17.252962	35
17.252962	42
17.39694875	38
17.5409355	42
17.68492225	35
17.68492225	42
17.828909000000003	35
17.828909000000003	38
17.828909000000003	42
18.116882500000003	42
18.260869250000002	42
18.404856000000002	35
18.404856000000002	42
18.693432500000004	42
18.837720750000003	42
18.982009	35
18.982009	38
18.982009	42
19.270585500000003	42
19.41487375	35
19.41487375	42
19.559162	35
19.559162	42
19.703450250000003	38
19.847738500000002	42
19.99202675	35
19.99202675	42
20.136315000000003	35
20.136315000000003	38
20.136315000000003	42
20.4248915	42
20.569179750000004	42
20.713468000000002	35
20.713468000000002	42
20.9975605	42
21.139606750000002	42
21.281653000000002	35
21.281653000000002	38
21.281653000000002	42
21.5707455	42
21.715291750000002	35
21.715291750000002	42
21.859838	35
21.859838	42
22.00438425	38
22.00438425	49
22.29347675	35
22.438023	38
22.438023	49
22.7271155	35
23.016208000000002	35
23.016208000000002	49
23.3052145	42
23.594221	35
23.594221	38
23.594221	42
23.883227500000004	42
24.027730750000003	35
24.027730750000003	42
24.172234000000003	35
24.172234000000003	42
24.316737250000003	38
24.461240500000002	42
24.605743750000002	35
24.605743750000002	42
24.750247	35
24.750247	38
24.750247	42
25.039253500000004	42
25.183756750000004	42
25.328260000000004	35
25.328260000000004	42
25.616664500000002	42
25.760866750000005	42
25.905069000000005	35
25.905069000000005	38
25.905069000000005	42
26.193473500000003	42
26.337675750000002	35
26.337675750000002	42
26.481878000000005	35
26.481878000000005	42
26.626080250000005	38
26.770282500000004	42
26.914484750000003	35
26.914484750000003	42
27.058687000000003	35
27.058687000000003	38
27.058687000000003	42
27.347091500000005	42
27.491293750000004	42
27.635496000000003	35
27.635496000000003	42
27.923641500000002	42
28.06771425	42
28.211787000000005	35
28.211787000000005	38
28.211787000000005	42
28.499932500000003	42
28.644005250000003	35
28.644005250000003	42
28.788078000000002	35
28.788078000000002	42
28.93215075	38
29.076223500000005	42
29.220296250000004	35
29.220296250000004	42
29.364369000000003	35
29.364369000000003	38
29.364369000000003	42
29.652514500000002	42
29.796587250000005	42
29.940660000000005	35
29.940660000000005	42
30.228978500000004	42
30.373137750000005	42
30.517297000000006	35
30.517297000000006	38
30.517297000000006	42
30.805615500000005	42
30.949774750000003	35
30.949774750000003	42
31.093934000000004	35
31.093934000000004	42
31.238093250000006	38
31.238093250000006	49
31.526411750000005	35
31.670571000000006	38
31.670571000000006	49
31.958889500000005	35
32.24720800000001	35
32.24720800000001	49
32.5404405	42
32.833673000000005	35
32.833673000000005	38
32.833673000000005	42
33.1169055	42
33.25852175000001	35
33.25852175000001	42
33.400138000000005	35
33.400138000000005	42
33.546754250000006	38
33.6933705	42
33.83998675000001	35
33.83998675000001	42
33.986603	35
33.986603	38
33.986603	42
34.27483550000001	42
34.418951750000005	42
34.56306800000001	35
34.56306800000001	42
34.8468165	42
34.98869075000001	42
35.13056500000001	35
35.13056500000001	38
35.13056500000001	42
35.41931350000001	42
35.56368775000001	35
35.56368775000001	42
35.70806200000001	35
35.70806200000001	42
35.85243625000001	38
35.99681050000001	42
36.14118475000001	35
36.14118475000001	42
36.28555900000001	35
36.28555900000001	38
36.28555900000001	42
36.57430750000001	42
36.71868175000001	42
36.86305600000001	35
36.86305600000001	42
37.15154650000001	42
37.29579175000001	42
37.44003700000001	35
37.44003700000001	38
37.44003700000001	42
37.728527500000006	42
37.87277275000001	35
37.87277275000001	42
38.01701800000001	35
38.01701800000001	42
38.16376325	38
38.310508500000005	42
38.45725375000001	35
38.45725375000001	42
38.603999	35
38.603999	38
38.603999	42
38.88748950000001	42
39.02923475000001	42
39.17098000000001	35
39.17098000000001	42
39.459556500000005	42
39.60384475000001	42
39.74813300000001	35
39.74813300000001	38
39.74813300000001	42
40.03670950000001	42
40.18099775000001	35
40.18099775000001	42
40.325286000000006	35
40.325286000000006	42
40.472074250000006	38
40.472074250000006	49
40.765650750000006	35
40.912439000000006	38
40.912439000000006	49
41.201015500000004	35
41.489592	38
41.489592	49
41.775844500000005	35
41.775844500000005	49
42.062097	35
42.062097	49
42.348349500000005	35
42.348349500000005	49
42.634602	35
42.634602	49
42.91585450000001	35
42.91585450000001	49
43.197107	35
43.197107	49
43.4883595	35
43.4883595	49
43.779612	35
43.779612	49
44.0693925	35
44.0693925	49
44.359173	35
44.359173	49
44.6489535	35
44.6489535	49
44.938734	38
45.156069375	38
45.2285145	38
45.37340475	38
45.518295	38
45.66318525	47
45.8080755	47
45.95296575	38
46.097856	35
46.097856	49
46.385658	35
46.385658	49
46.67346	38
46.67346	49
46.956262	49
47.239064	35
47.239064	49
47.531866	35
47.531866	49
47.824668	38
47.824668	49
48.107470000000006	49
48.390272	35
48.390272	49
48.689106	35
48.689106	49
48.98794	38
48.98794	49
49.276773999999996	49
49.565608	35
49.565608	49
49.854442	35
49.854442	49
50.143276	38
50.143276	49
50.427110000000006	38
50.569027	38
50.710944	35
50.710944	49
50.995295000000006	35
50.995295000000006	49
51.279646	38
51.279646	49
51.563997	49
51.848347999999994	35
51.848347999999994	49
52.142699	35
52.142699	49
52.43705	38
52.43705	49
52.726401	49
53.015752	35
53.015752	49
53.30846749999999	35
53.30846749999999	49
53.601183	38
53.601183	49
53.888898499999996	35
53.888898499999996	49
54.176614	38
54.176614	49
54.4643295	35
54.4643295	49
54.752044999999995	38
54.89590275	38
55.0397605	38
55.183618249999995	38
55.327476	35
55.327476	49
55.6154495	35
55.6154495	49
55.903423	38
55.903423	49
56.1863965	49
56.46937	35
56.46937	49
56.76234349999999	35
56.76234349999999	49
57.055316999999995	38
57.055316999999995	49
57.343290499999995	49
57.631263999999994	35
57.631263999999994	49
57.92492649999999	35
57.92492649999999	49
58.218588999999994	38
58.218588999999994	49
58.5022515	49
58.78591399999999	35
58.78591399999999	49
59.07957649999999	35
59.07957649999999	49
59.37323899999999	38
59.37323899999999	49
59.6569015	38
59.79873274999999	38
59.940563999999995	35
59.940563999999995	49
60.2290545	35
60.2290545	49
60.517545	38
60.517545	49
60.80603549999999	49
61.094525999999995	35
61.094525999999995	49
61.3830165	35
61.3830165	49
61.67150699999999	38
61.67150699999999	49
61.95999749999999	49
62.248487999999995	35
62.248487999999995	49
62.54060099999999	35
62.54060099999999	49
62.832713999999996	38
62.832713999999996	49
63.114827	35
63.114827	49
63.396939999999994	38
63.396939999999994	49
63.68405299999999	35
63.68405299999999	49
63.971166	38
63.971166	49
64.25827899999999	35
64.25827899999999	49
64.54539199999999	38
64.54539199999999	49
64.8351725	35
64.8351725	38
64.8351725	49
65.12495299999999	35
65.12495299999999	38
65.12495299999999	49
65.4147335	35
65.4147335	38
65.4147335	49
65.70451399999999	35
65.70451399999999	38
65.70451399999999	49
65.9942945	35
65.9942945	38
65.9942945	49
66.28407499999999	35
66.28407499999999	38
66.28407499999999	49
66.5738555	35
66.5738555	38
66.5738555	49
66.86363599999999	35
66.86363599999999	49
67.44096099999999	35
67.44096099999999	38
67.44096099999999	49
68.01828599999999	35
68.01828599999999	42
68.16011724999998	38
68.3019485	42
68.44377974999998	35
68.44377974999998	42
68.58561099999999	35
68.58561099999999	38
68.58561099999999	42
68.87927349999998	42
69.02610474999999	42
69.17293599999998	35
69.17293599999998	42
69.46194249999998	42
69.60644574999998	42
69.75094899999998	35
69.75094899999998	38
69.75094899999998	42
70.03495549999998	42
70.17695874999997	35
70.17695874999997	42
70.31896199999997	35
70.31896199999997	42
70.46346524999997	38
70.60796849999997	42
70.75247174999997	35
70.75247174999997	42
70.89697499999997	35
70.89697499999997	38
70.89697499999997	42
71.19098149999996	42
71.33798474999998	42
71.48498799999997	35
71.48498799999997	42
71.77322049999998	42
71.91733674999998	42
72.06145299999997	35
72.06145299999997	38
72.06145299999997	42
72.34968549999998	42
72.49380174999997	35
72.49380174999997	42
72.63791799999997	35
72.63791799999997	42
72.78203424999997	38
72.92615049999998	42
73.07026674999997	35
73.07026674999997	42
73.21438299999997	35
73.21438299999997	38
73.21438299999997	42
73.50261549999998	42
73.64673174999997	42
73.79084799999997	35
73.79084799999997	42
74.07839099999997	42
74.22216249999997	42
74.36593399999997	35
74.36593399999997	38
74.36593399999997	42
74.65847699999996	42
74.80474849999997	35
74.80474849999997	42
74.95101999999997	35
74.95101999999997	42
75.08979149999998	38
75.08979149999998	49
75.36733449999997	35
75.50610599999996	38
75.50610599999996	49
75.79864899999995	35
76.09119199999996	35
76.09119199999996	42
77.67889449999997	35
77.75060824999997	35
77.82232199999997	38
77.82232199999997	42
78.10417699999998	35
78.38603199999996	35
78.38603199999996	49
78.97869299999996	35
78.97869299999996	38
78.97869299999996	42
79.27002349999997	42
79.41568874999996	35
79.41568874999996	42
79.56135399999997	35
79.56135399999997	42
79.70701924999996	38
79.85268449999997	42
79.99834974999996	35
79.99834974999996	42
80.14401499999997	35
80.14401499999997	38
80.14401499999997	42
80.42534549999996	42
80.56601074999996	42
80.70667599999996	35
80.70667599999996	42
80.99430599999995	42
81.13812099999996	42
81.28193599999996	35
81.28193599999996	38
81.28193599999996	42
81.56956599999995	42
81.71338099999996	35
81.71338099999996	42
81.85719599999996	35
81.85719599999996	42
82.00351099999996	38
82.14982599999995	42
82.29614099999996	35
82.29614099999996	42
82.44245599999996	35
82.44245599999996	38
82.44245599999996	42
82.73008599999996	42
82.87390099999996	42
83.01771599999996	35
83.01771599999996	42
83.30543149999997	42
83.44928924999996	42
83.59314699999996	35
83.59314699999996	38
83.59314699999996	42
83.87586249999997	42
84.01722024999995	35
84.01722024999995	42
84.15857799999996	35
84.15857799999996	42
84.30493574999996	38
84.30493574999996	49
84.59765124999997	35
84.74400899999996	38
84.74400899999996	49
85.03172449999997	35
85.31943999999997	35
85.31943999999997	49
85.61404899999997	42
85.90865799999997	35
85.90865799999997	38
85.90865799999997	42
86.19326699999998	42
86.33557149999997	35
86.33557149999997	42
86.47787599999997	35
86.47787599999997	42
86.62268049999997	38
86.76748499999997	42
86.91228949999997	35
86.91228949999997	42
87.05709399999998	35
87.05709399999998	38
87.05709399999998	42
87.34670299999998	42
87.49150749999997	42
87.63631199999998	35
87.63631199999998	42
87.92506049999997	42
88.06943474999997	42
88.21380899999997	35
88.21380899999997	38
88.21380899999997	42
88.49755749999998	42
88.63943174999997	35
88.63943174999997	42
88.78130599999997	35
88.78130599999997	42
88.92568024999997	38
89.07005449999997	42
89.21442874999997	35
89.21442874999997	42
89.35880299999997	35
89.35880299999997	38
89.35880299999997	42
89.64755149999998	42
89.79192574999998	42
89.93629999999997	35
89.93629999999997	42
90.22867099999996	42
90.37485649999998	42
90.52104199999998	35
90.52104199999998	38
90.52104199999998	42
90.80341299999998	42
90.94459849999997	35
90.94459849999997	42
91.08578399999998	35
91.08578399999998	42
91.22946949999998	38
91.37315499999997	42
91.51684049999997	35
91.51684049999997	42
91.66052599999998	35
91.66052599999998	38
91.66052599999998	42
91.94789699999997	42
92.09158249999997	42
92.23526799999998	35
92.23526799999998	42
92.52996249999997	42
92.67730974999998	42
92.82465699999999	35
92.82465699999999	38
92.82465699999999	42
93.11435149999998	42
93.25919874999998	35
93.25919874999998	42
93.40404599999998	35
93.40404599999998	42
93.54889324999998	38
93.54889324999998	49
93.83858774999999	35
93.98343499999999	38
93.98343499999999	49
94.27312949999998	35
94.56282399999998	38
94.56282399999998	49
94.84467899999999	35
94.84467899999999	42
95.12653399999998	35
95.12653399999998	42
95.41338899999997	35
95.41338899999997	42
95.70024399999997	35
95.70024399999997	42
95.98709899999997	35
95.98709899999997	42
96.27395399999997	35
96.27395399999997	42
96.56080899999998	35
96.56080899999998	42
96.84766399999997	35
96.84766399999997	42
97.14692899999997	35
97.14692899999997	42
97.44619399999998	35
97.44619399999998	42
97.73545899999998	35
97.73545899999998	42
98.02472399999998	38
98.24167274999998	38
98.31398899999998	38
98.45862149999998	38
98.60325399999998	38
98.74538649999998	47
98.88751899999998	47
99.02965149999997	47
99.17178399999997	35
99.17178399999997	49
99.46139299999997	35
99.46139299999997	49
99.75100199999997	38
99.75100199999997	49
100.03561099999997	49
100.32021999999996	35
100.32021999999996	49
100.60982899999996	35
100.60982899999996	49
100.89943799999998	38
100.89943799999998	49
101.18404699999998	49
101.46865599999998	35
101.46865599999998	49
101.76508049999997	35
101.76508049999997	49
102.06150499999998	38
102.06150499999998	49
102.34792949999998	49
102.63435399999997	35
102.63435399999997	49
102.92077849999998	35
102.92077849999998	49
103.20720299999998	38
103.20720299999998	49
103.49362749999997	38
103.63683974999998	38
103.78005199999998	35
103.78005199999998	49
104.07664049999998	35
104.07664049999998	49
104.373229	38
104.373229	49
104.65481749999998	49
104.93640599999998	35
104.93640599999998	49
105.23299449999998	35
105.23299449999998	49
105.52958299999999	38
105.52958299999999	49
105.82117149999998	49
106.11275999999998	35
106.11275999999998	49
106.39643049999998	35
106.39643049999998	49
106.68010099999998	38
106.68010099999998	49
106.96377149999998	35
106.96377149999998	49
107.24744199999998	38
107.24744199999998	49
107.39177724999998	35
107.53611249999997	49
107.68044774999998	35
107.82478299999998	38
107.82478299999998	49
107.96661824999998	35
108.10845349999998	38
108.25028874999998	38
108.39212399999998	35
108.39212399999998	49
108.68716299999997	35
108.68716299999997	49
108.98220199999997	38
108.98220199999997	49
109.26724099999997	49
109.55227999999998	35
109.55227999999998	49
109.84231899999997	35
109.84231899999997	49
110.13235799999998	38
110.13235799999998	49
110.41739699999998	49
110.70243599999998	35
110.70243599999998	49
110.98989249999998	35
110.98989249999998	49
111.27734899999997	38
111.27734899999997	49
111.56480549999998	49
111.85226199999998	35
111.85226199999998	49
112.14471849999997	35
112.14471849999997	49
112.43717499999998	38
112.43717499999998	49
112.71463149999998	38
112.85335974999998	38
112.99208799999997	35
112.99208799999997	49
113.29255799999997	35
113.29255799999997	49
113.59302799999998	38
113.59302799999998	49
113.88349799999997	49
114.17396799999997	35
114.17396799999997	49
114.46443799999997	35
114.46443799999997	49
114.75490799999997	38
114.75490799999997	49
115.04037799999998	49
115.32584799999998	35
115.32584799999998	49
115.61994049999997	35
115.61994049999997	49
115.91403299999999	38
115.91403299999999	49
116.20312549999998	49
116.49221799999998	35
116.49221799999998	49
116.78131049999999	35
116.78131049999999	49
117.07040299999998	38
117.07040299999998	49
117.35449549999998	35
117.35449549999998	49
117.63858799999998	38
117.63858799999998	49
117.92733649999998	35
117.92733649999998	49
118.21608499999998	38
118.21608499999998	49
118.50483349999999	35
118.50483349999999	49
118.79358199999999	35
118.79358199999999	38
118.93795624999998	38
119.08233049999998	35
119.08233049999998	38
119.22670474999998	38
119.37107899999998	35
119.37107899999998	38
119.51545324999998	47
119.65982749999998	35
119.65982749999998	47
119.80420174999999	47
119.94857599999999	35
119.94857599999999	49
120.23611899999999	42
120.37989049999999	42
120.52366199999999	35
120.52366199999999	42
120.81120499999999	42
120.95497649999999	42
121.09874799999999	35
121.09874799999999	42
121.38629099999999	42
121.53006249999999	42
121.67383399999999	35
121.67383399999999	42
121.95637699999999	42
122.09764849999998	42
122.23891999999998	35
122.23891999999998	42
122.52784049999998	42
122.67230074999998	42
122.81676099999999	35
122.81676099999999	42
123.10568149999997	42
123.25014174999998	42
123.39460199999998	35
123.39460199999998	42
123.68352249999998	42
123.82798274999998	42
123.97244299999998	35
123.97244299999998	42
124.26136349999997	42
124.40582374999998	42
124.55028399999998	35
124.55028399999998	42
124.83817199999997	42
124.98211599999998	42
125.12605999999998	35
125.12605999999998	42
125.41394799999998	42
125.55789199999998	42
125.70183599999997	35
125.70183599999997	42
125.98972399999998	42
126.13366799999997	42
126.27761199999998	35
126.27761199999998	42
126.56549999999997	42
126.70944399999998	42
126.85338799999998	35
126.85338799999998	42
127.14196449999999	42
127.28625274999997	42
127.43054099999998	35
127.43054099999998	42
127.71911749999998	42
127.86340575	42
128.007694	35
128.007694	42
128.3012705	42
128.44805875	42
128.594847	35
128.594847	42
128.8834235	42
129.02771174999998	42
129.172	35
129.172	49
129.4611785	42
129.60576774999998	42
129.750357	35
129.750357	42
130.0395355	42
130.18412475	42
130.328714	35
130.328714	42
130.61289250000002	42
130.75498175	42
130.897071	35
130.897071	42
131.1862495	42
131.33083875	42
131.475428	35
131.475428	42
131.76909049999998	42
131.91592175	42
132.062753	35
132.062753	42
132.35141549999997	42
132.49574675	42
132.640078	35
132.640078	42
132.92374049999998	42
133.06557175	42
133.207403	35
133.207403	42
133.50106549999998	42
133.64789674999997	42
133.794728	35
133.794728	42
134.08270149999998	42
134.22668825	42
134.370675	35
134.370675	42
134.6586485	42
134.80263524999998	42
134.946622	35
134.946622	42
135.23459549999998	42
135.37858225	42
135.522569	35
135.522569	42
135.8105425	42
135.95452924999998	42
136.098516	35
136.098516	42
136.38365	42
136.526217	42
136.668784	35
136.668784	42
136.95891799999998	42
137.103985	42
137.24905199999998	35
137.24905199999998	42
137.53418599999998	42
137.676753	42
137.81931999999998	35
137.81931999999998	42
138.09945399999998	38
138.239521	38
138.37958799999998	35
138.37958799999998	49
138.68195099999997	42
138.68195099999997	49
138.98431399999998	38
138.98431399999998	49
139.26667700000002	42
139.26667700000002	49
139.54904	35
139.54904	49
139.84140299999999	35
139.84140299999999	42
139.84140299999999	49
140.13376599999998	38
140.13376599999998	49
140.42112899999998	42
140.42112899999998	49
140.708492	35
140.708492	49
141.000777	42
141.000777	49
141.293062	38
141.293062	49
141.580347	42
141.580347	49
141.867632	35
141.867632	49
142.154917	35
142.154917	42
142.154917	49
142.442202	38
142.442202	49
142.724487	42
142.724487	49
143.006772	35
143.006772	49
143.3004345	42
143.3004345	49
143.594097	38
143.594097	49
143.8827595	42
143.8827595	49
144.171422	35
144.171422	49
144.4600845	35
144.4600845	42
144.4600845	49
144.748747	38
144.748747	49
145.0324095	42
145.0324095	49
145.31607200000002	35
145.31607200000002	49
145.6120665	42
145.6120665	49
145.908061	38
145.908061	49
146.1940555	42
146.1940555	49
146.48005	35
146.48005	49
146.7710445	35
146.7710445	42
146.7710445	49
147.06203900000003	38
147.06203900000003	49
147.33803350000002	38
147.47603075	38
147.61402800000002	35
147.61402800000002	49
147.90578800000003	42
147.90578800000003	49
148.197548	38
148.197548	49
148.48930800000002	42
148.48930800000002	49
148.781068	35
148.781068	49
149.07282800000002	35
149.07282800000002	42
149.07282800000002	49
149.36458800000003	38
149.36458800000003	49
149.656348	42
149.656348	49
149.94810800000002	35
149.94810800000002	49
150.23565100000002	42
150.23565100000002	49
150.52319400000002	38
150.52319400000002	49
150.81073700000002	42
150.81073700000002	49
151.09828000000002	35
151.09828000000002	49
151.38582300000002	35
151.38582300000002	42
151.38582300000002	49
151.67336600000002	38
151.67336600000002	49
151.96090900000002	42
151.96090900000002	49
152.24845200000001	35
152.24845200000001	49
152.5416845	42
152.5416845	49
152.83491700000002	38
152.83491700000002	49
153.1231495	42
153.1231495	49
153.411382	35
153.411382	49
153.6946145	35
153.6946145	42
153.6946145	49
153.97784700000003	38
153.97784700000003	49
154.26607950000002	42
154.26607950000002	49
154.554312	35
154.554312	49
154.847114	42
154.847114	49
155.139916	38
155.139916	49
155.422718	42
155.422718	49
155.70552	35
155.70552	49
155.993322	35
155.993322	42
155.993322	49
156.281124	38
156.281124	38
156.568926	47
156.568926	47
156.856728	35
156.856728	49
168.40872399999998	35
168.40872399999998	49
168.6971285	35
168.6971285	49
168.98553299999998	38
168.98553299999998	49
169.2689375	49
169.55234199999998	35
169.55234199999998	49
169.8457465	35
169.8457465	49
170.13915099999997	38
170.13915099999997	49
170.4225555	49
170.70595999999998	35
170.70595999999998	49
170.99970849999997	35
170.99970849999997	49
171.29345699999996	38
171.29345699999996	49
171.58220549999996	49
171.87095399999995	35
171.87095399999995	49
172.15970249999998	35
172.15970249999998	49
172.44845099999998	38
172.44845099999998	49
172.73719949999997	38
172.88157374999997	38
173.02594799999997	35
173.02594799999997	49
173.31452449999998	35
173.31452449999998	49
173.60310099999998	38
173.60310099999998	49
173.89167749999996	49
174.18025399999996	35
174.18025399999996	49
174.46883049999997	35
174.46883049999997	49
174.75740699999997	38
174.75740699999997	49
175.04598349999998	49
175.33455999999998	35
175.33455999999998	49
175.6229645	35
175.6229645	49
175.91136899999998	38
175.91136899999998	49
176.1997735	35
176.1997735	49
176.48817799999998	38
176.48817799999998	49
176.7765825	35
176.7765825	49
177.06498699999997	38
177.20918924999998	38
177.3533915	38
177.49759375	38
177.64179599999997	35
177.64179599999997	49
177.93002849999996	35
177.93002849999996	49
178.21826099999998	38
178.21826099999998	49
178.50649349999998	49
178.79472599999997	35
178.79472599999997	49
179.08295849999996	35
179.08295849999996	49
179.37119099999998	38
179.37119099999998	49
179.65942349999997	49
179.94765599999997	35
179.94765599999997	49
180.23597449999997	35
180.23597449999997	49
180.52429299999997	38
180.52429299999997	49
180.81261149999997	49
181.10092999999998	35
181.10092999999998	49
181.38924849999998	35
181.38924849999998	49
181.67756699999995	38
181.67756699999995	49
181.96588549999996	38
182.11004474999996	38
182.25420399999996	35
182.25420399999996	49
182.54260849999997	35
182.54260849999997	49
182.83101299999996	38
182.83101299999996	49
183.11941749999997	49
183.40782199999995	35
183.40782199999995	49
183.69622649999997	35
183.69622649999997	49
183.98463099999995	38
183.98463099999995	49
184.27303549999996	49
184.56143999999995	35
184.56143999999995	49
184.85260649999995	35
184.85260649999995	49
185.14377299999992	38
185.14377299999992	49
185.42493949999994	49
185.70610599999995	35
185.70610599999995	49
185.99227249999996	35
185.99227249999996	49
186.27843899999993	38
186.27843899999993	49
186.56460549999994	38
186.70768874999996	38
186.85077199999995	35
186.85077199999995	49
187.14132699999996	35
187.14132699999996	49
187.43188199999994	38
187.43188199999994	49
187.72243699999996	49
188.01299199999994	35
188.01299199999994	49
188.30354699999995	35
188.30354699999995	49
188.44882449999994	35
188.59410199999994	38
188.59410199999994	49
188.73687949999996	35
188.87965699999995	38
189.02243449999995	38
189.16521199999997	35
189.16521199999997	49
189.45964899999996	35
189.45964899999996	49
189.75408599999997	38
189.75408599999997	49
190.04352299999996	49
190.33295999999996	35
190.33295999999996	49
190.62239699999995	35
190.62239699999995	49
190.91183399999997	38
191.05655249999995	38
191.20127099999996	38
191.34598949999997	38
191.49070799999996	35
191.49070799999996	49
191.78152099999997	35
191.78152099999997	49
192.07233399999996	38
192.07233399999996	49
192.36314699999997	49
192.65395999999996	35
192.65395999999996	49
192.94477299999997	35
192.94477299999997	49
193.23558599999996	38
193.23558599999996	49
193.52639899999997	35
193.52639899999997	49
193.81721199999996	38
193.81721199999996	49
194.12354999999997	35
194.12354999999997	47
194.12354999999997	47
194.42988799999995	35
194.42988799999995	47
194.42988799999995	47
194.75397999999996	35
194.75397999999996	47
194.75397999999996	47
195.07807199999996	35
195.07807199999996	47
195.07807199999996	47
195.41490249999995	35
195.41490249999995	47
195.41490249999995	47
195.75173299999994	38
195.75173299999994	38
196.12732149999994	35
196.50290999999996	35
196.50290999999996	49
196.50290999999996	49