4.815784000000001	42
4.96940225	42
5.1230205	42
5.27663875	42
5.430257	42
5.583875249999999	42
5.7374935	42
5.891111749999999	42
6.0447299999999995	42
6.19584825	42
6.3469665	42
6.49808475	42
6.649203	42
6.80032125	42
6.9514395	42
7.10255775	42
7.253676	42
7.402294250000001	42
7.5509125	42
7.69953075	42
7.848149	42
8.00176725	42
8.1553855	42
8.30900375	42
8.462622	42
8.61124025	42
8.7598585	42
8.90847675	42
9.057095	42
9.21071325	42
9.364331499999999	42
9.51794975	42
9.671568	42
9.82018625	42
9.968804500000001	42
10.11742275	42
10.266041	42
10.419659249999999	42
10.5732775	42
10.72689575	42
10.880514	42
11.03163225	42
11.1827505	42
11.33386875	42
11.484987	42
11.63360525	42
11.7822235	42
11.930841749999999	42
12.07946	42
12.23307825	42
12.3866965	42
12.54031475	42
12.693933	42
12.84505125	42
12.9961695	42
13.14728775	42
13.298406	42
13.44952425	42
13.6006425	42
13.751760749999999	42
13.902879	42
14.05399725	42
14.2051155	42
14.35623375	42
14.507352	42
14.65847025	42
14.8095885	42
14.96070675	42
15.111825	42
15.26044325	42
15.4090615	42
15.55767975	42
15.706298	42
15.85991625	42
16.013534500000002	42
16.16715275	42
16.320771	42
16.46938925	42
16.6180075	42
16.76662575	42
16.915243999999998	42
17.06886225	42
17.222480499999996	42
17.376098749999997	42
17.529716999999998	42
17.683335250000003	42
17.8369535	42
17.99057175	42
18.144190000000002	42
18.29280825	42
18.441426500000002	42
18.59004475	42
18.738663	42
18.89228125	42
19.045899499999997	42
19.19951775	42
19.353136000000003	42
19.50175425	42
19.650372500000003	42
19.79899075	42
19.947609	42
20.09872725	42
20.2498455	42
20.40096375	42
20.552082	42
20.700700249999997	42
20.849318499999995	42
20.99793675	42
21.146555	42
21.29767325	42
21.4487915	42
21.59990975	42
21.751027999999998	42
21.902146249999998	42
22.053264499999997	42
22.204382749999997	42
22.355500999999997	42
22.509119249999998	42
22.662737500000002	42
22.81635575	42
22.969974	42
23.12109225	42
23.2722105	42
23.42332875	42
23.574447	42
23.72556525	42
23.8766835	42
24.02780175	42
24.178919999999998	42
24.33003825	42
24.4811565	42
24.63227475	42
24.783393	42
24.93451125	42
25.0856295	42
25.23674775	42
25.387866	42
25.53898425	42
25.6901025	42
25.841220749999998	42
25.992339	42
26.14345725	42
26.2945755	42
26.44569375	42
26.596812	42
26.74793025	42
26.8990485	42
27.05016675	42
27.201285	42
27.35240325	42
27.503521499999998	42
27.65463975	42
27.805758	42
27.95687625	42
28.1079945	42
28.25911275	42
28.410231	42
28.56384925	42
28.7174675	42
28.87108575	42
29.024704	42
29.17332225	42
29.3219405	42
29.470558750000002	42
29.619177	42
29.77029525	42
29.9214135	42
30.07253175	42
30.22365	42
30.37476825	42
30.5258865	42
30.67700475	42
30.828122999999998	42
30.97924125	42
31.1303595	42
31.28147775	42
31.432596	42
31.58371425	42
31.7348325	42
31.88595075	42
32.037069	42
32.18818725	42
32.3393055	42
32.49042375	42
32.641542	42
32.79266025	42
32.9437785	42
33.09489675	42
33.246015	42
33.397133249999996	42
33.5482515	42
33.69936975	42
33.850488	42
34.00160625	42
34.1527245	42
34.30384275	42
34.454961	42
34.60607925	42
34.7571975	42
34.90831575	42
35.059433999999996	42
35.21055225	42
35.3616705	42
35.51278875	42
35.663907	42
35.81502525	42
35.9661435	42
36.11726175	42
36.26838	42
36.41949825	42
36.5706165	42
36.721734749999996	42
36.872853	42
37.02397125	42
37.1750895	42
37.32620775	42
37.477326	42
37.62844425	42
37.7795625	42
37.93068075	42
38.081799	42
38.23291725	42
38.384035499999996	42
38.53515375	42
38.686272	42
38.83739025	42
38.9885085	42
39.13962675	42
39.290745	42
39.44186325	42
39.5929815	42
39.74409975	42
39.895218	42
40.046336249999996	42
40.1974545	42
40.34857275	42
40.499691	42
40.65330925	42
40.8069275	42
40.96054575	42
41.114163999999995	42
41.260282249999996	42
41.4064005	42
41.55251875	42
41.698637	42
41.854755250000004	42
42.0108735	42
42.16699175	42
42.32311	42
42.474228249999996	42
42.6253465	42
42.776464749999995	42
42.927583	42
43.078701249999995	42
43.2298195	42
43.380937749999994	42
43.532056	42
43.68067425	42
43.829292499999994	42
43.97791075	42
44.126529	42
44.27764725	42
44.4287655	42
44.57988375	42
44.731002	42
44.88212025	42
45.033238499999996	42
45.18435675	42
45.335475	42
45.48659325	42
45.6377115	42
45.78882975	42
45.939948	42
46.08856625	42
46.2371845	42
46.385802749999996	42
46.534421	42
46.688039249999996	42
46.841657500000004	42
46.995275750000005	42
47.148894	42
47.30001225	42
47.4511305	42
47.60224875	42
47.753367	42
47.90448525	42
48.0556035	42
48.20672175	42
48.357839999999996	42
48.50895825	42
48.6600765	42
48.81119475	42
48.962313	42
49.11093125	42
49.2595495	42
49.40816775	42
49.556786	42
49.710404249999996	42
49.864022500000004	42
50.01764075	42
50.171259	42
50.32237725	42
50.4734955	42
50.62461375	42
50.775732	42
50.92685025	42
51.0779685	42
51.22908675	42
51.380205	42
51.53132325	42
51.682441499999996	42
51.83355975	42
51.984678	42
52.13579625	42
52.2869145	42
52.43803275	42
52.589151	42
52.74026925	42
52.8913875	42
53.04250575	42
53.193624	42
53.344742249999996	42
53.4958605	42
53.64697875	42
53.798097	42
53.94921525	42
54.1003335	42
54.25145175	42
54.40257	42
54.55368825	42
54.7048065	42
54.85592475	42
55.007042999999996	42
55.15816125	42
55.3092795	42
55.46039775	42
55.611516	42
55.76013425	42
55.9087525	42
56.05737075	42
56.205989	42
56.36210725	42
56.5182255	42
56.67434375	42
56.830462	42
56.97908025	42
57.127698499999994	42
57.27631675	42
57.424935	42
57.57605325	42
57.7271715	42
57.87828975	42
58.029408	42
58.18052625	42
58.331644499999996	42
58.48276275	42
58.633881	42
58.78499925	42
58.9361175	42
59.08723575	42
59.238354	42
59.38947225	42
59.5405905	42
59.69170875	42
59.842827	42
59.993945249999996	42
60.1450635	42
60.29618175	42
60.4473	42
60.59841825	42
60.7495365	42
60.90065475	42
61.051773	42
61.20289125	42
61.3540095	42
61.50512775	42
61.656245999999996	42
61.80736425	42
61.9584825	42
62.10960075	42
62.260719	42
62.40933725	42
62.5579555	42
62.70657375	42
62.855192	42
63.00631025	42
63.1574285	42
63.30854675	42
63.459665	42
63.61328325	42
63.7669015	42
63.920519750000004	42
64.074138	42
64.23275625000001	42
64.3913745	42
64.54999275	42
64.708611	42
64.85222925	42
64.9958475	42
65.13946574999999	42
65.283084	42
65.43420225	42
65.5853205	42
65.73643875	42
65.887557	42
66.04117525	42
66.1947935	42
66.34841175000001	42
66.50203	42
66.65314825	42
66.8042665	42
66.95538475000001	42
67.106503	42
67.25762125	42
67.40873950000001	42
67.55985775	42
67.710976	42
67.85959425	42
68.0082125	42
68.15683075	42
68.305449	42
68.45906724999999	42
68.61268550000001	42
68.76630375	42
68.919922	42
69.06604025	42
69.2121585	42
69.35827674999999	42
69.50439499999999	42
69.65551325	42
69.8066315	42
69.95774974999999	42
70.10886799999999	42
70.26248625	42
70.4161045	42
70.56972275	42
70.723341	42
70.87695925	42
71.0305775	42
71.18419575	42
71.33781400000001	42
71.48893225	42
71.6400505	42
71.79116875	42
71.94228700000001	42
72.09340525	42
72.2445235	42
72.39564175000001	42
72.54676	42
72.69537825	42
72.84399649999999	42
72.99261475	42
73.141233	42
73.29235125	42
73.44346949999999	42
73.59458775	42
73.745706	42
73.89682425	42
74.0479425	42
74.19906075	42
74.350179	42
74.50629725	42
74.66241550000001	42
74.81853375	42
74.97465199999999	42
75.12077024999998	42
75.2668885	42
75.41300675	42
75.559125	42
75.71274325	42
75.86636150000001	42
76.01997975	42
76.173598	42
76.32221625000001	42
76.4708345	42
76.61945275	42
76.76807099999999	42
76.92168925	42
77.07530750000001	42
77.22892575	42
77.38254400000001	42
77.53116225000001	42
77.67978049999999	42
77.82839874999999	42
77.977017	42
78.13063525	42
78.2842535	42
78.43787175	42
78.59149000000001	42
78.74260825	42
78.8937265	42
79.04484475000001	42
79.195963	42
79.34208124999999	42
79.4881995	42
79.63431775	42
79.780436	42
79.93405424999999	42
80.0876725	42
80.24129075	42
80.394909	42
80.54852724999999	42
80.70214550000001	42
80.85576375000001	42
81.009382	42
81.16050025	42
81.31161850000001	42
81.46273675	42
81.613855	42
81.76247325	42
81.9110915	42
82.05970975	42
82.208328	42
82.35944625	42
82.5105645	42
82.66168275	42
82.812801	42
82.96391925	42
83.1150375	42
83.26615575	42
83.41727399999999	42
83.57089225	42
83.72451050000001	42
83.87812875	42
84.03174700000001	42
84.18036525000001	42
84.32898349999999	42
84.47760174999999	42
84.62622	42
84.77733825	42
84.9284565	42
85.07957474999999	42
85.230693	42
85.38181125	42
85.5329295	42
85.68404775	42
85.835166	42
85.98628425	42
86.1374025	42
86.28852075	42
86.439639	42
86.59075725	42
86.74187549999999	42
86.89299375	42
87.044112	35
87.044112	42
87.19523025	42
87.3463485	42
87.49746675	38
87.648585	42
87.79970325	35
87.79970325	42
87.9508215	35
87.9508215	42
88.10193975	42
88.253058	42
88.40417624999999	42
88.5552945	42
88.70641275	42
88.857531	47
89.00864925	47
89.1597675	42
89.31088575	42
89.462004	35
89.462004	42
89.61312225	42
89.7642405	42
89.91535875	38
90.06647699999999	42
90.21509525	35
90.21509525	42
90.36371349999999	35
90.36371349999999	42
90.51233174999999	42
90.66095	35
90.66095	42
90.81206825	42
90.96318649999999	42
91.11430474999999	42
91.265423	47
91.41904124999999	47
91.5726595	42
91.72627775	42
91.879896	35
91.879896	42
92.03101425	42
92.1821325	42
92.33325075	38
92.484369	42
92.63548725	35
92.63548725	42
92.7866055	35
92.7866055	42
92.93772375	42
93.088842	42
93.23996025	42
93.39107849999999	42
93.54219675	42
93.693315	47
93.84443325	47
93.9955515	42
94.14666975	42
94.297788	35
94.297788	42
94.44890625	42
94.6000245	42
94.75114275	38
94.902261	42
95.05337924999999	35
95.05337924999999	42
95.2044975	35
95.2044975	42
95.35561575	42
95.506734	35
95.506734	42
95.65785225	42
95.8089705	42
95.96008875	42
96.111207	47
96.26232525	47
96.4134435	42
96.56456175	42
96.71567999999999	35
96.71567999999999	42
96.86679825	42
97.0179165	42
97.16903475	38
97.320153	42
97.47127125	35
97.47127125	42
97.6223895	35
97.6223895	42
97.77350775	42
97.924626	42
98.07574425	42
98.2268625	42
98.37798074999999	42
98.529099	47
98.68021725	47
98.8313355	42
98.98245375	42
99.133572	35
99.133572	42
99.28469025	42
99.4358085	42
99.58692675	38
99.738045	42
99.88916325	35
99.88916325	42
100.04028149999999	35
100.04028149999999	42
100.19139975	42
100.342518	35
100.342518	42
100.49363625	42
100.6447545	42
100.79587275	42
100.946991	47
101.09810925	47
101.2492275	42
101.40034575	42
101.551464	35
101.551464	42
101.70258224999999	42
101.8537005	42
102.00481875	38
102.155937	42
102.30705525	35
102.30705525	42
102.4581735	35
102.4581735	42
102.60929175	42
102.76041	42
102.91152825	42
103.0626465	42
103.21376475	42
103.36488299999999	47
103.51350125	47
103.66211949999999	42
103.81073774999999	42
103.959356	35
103.959356	42
104.11297425	42
104.2665925	42
104.42021075	38
104.573829	42
104.72494725	35
104.72494725	42
104.8760655	35
104.8760655	42
105.02718374999999	42
105.178302	35
105.178302	42
105.32942025	42
105.4805385	42
105.63165675	42
105.782775	47
105.93389325	47
106.0850115	42
106.23612975	42
106.387248	35
106.387248	42
106.53836625	42
106.68948449999999	42
106.84060275	38
106.991721	42
107.14283925	35
107.14283925	42
107.2939575	35
107.2939575	42
107.44507575	42
107.596194	42
107.74731225	42
107.8984305	42
108.04954875	42
108.200667	47
108.35178524999999	47
108.5029035	42
108.65402175	42
108.80514	35
108.80514	42
108.95625825	42
109.1073765	42
109.25849475	38
109.409613	42
109.56073125	35
109.56073125	42
109.7118495	35
109.7118495	42
109.86296775	42
110.01408599999999	35
110.01408599999999	42
110.16520425	42
110.3163225	42
110.46744075	42
110.618559	47
110.77217725	47
110.9257955	42
111.07941375	42
111.23303200000001	35
111.23303200000001	42
111.38165025	42
111.53026849999999	42
111.67888674999999	38
111.827505	42
111.97862325	35
111.97862325	42
112.1297415	35
112.1297415	42
112.28085975	42
112.431978	42
112.58059625	42
112.72921449999998	42
112.87783275	42
113.026451	47
113.18006924999999	47
113.3336875	42
113.48730575	42
113.640924	35
113.640924	42
113.78954225	42
113.9381605	42
114.08677875	38
114.23539699999999	42
114.38901524999999	35
114.38901524999999	42
114.54263350000001	35
114.54263350000001	42
114.69625175	42
114.84987	35
114.84987	42
114.99848825	42
115.14710649999999	42
115.29572474999999	42
115.44434299999999	47
115.59796125	47
115.7515795	42
115.90519775	42
116.058816	35
116.058816	42
116.20993425	42
116.3610525	42
116.51217075	38
116.66328899999999	42
116.81440725	35
116.81440725	42
116.9655255	35
116.9655255	42
117.11664375	42
117.267762	42
117.41888025	42
117.5699985	42
117.72111675	42
117.872235	47
118.02335325	47
118.1744715	42
118.32558974999999	42
118.476708	35
118.476708	42
118.62782625	42
118.7789445	42
118.93006275	38
119.081181	42
119.23229925	35
119.23229925	42
119.3834175	35
119.3834175	42
119.53453575	42
119.685654	35
119.685654	42
119.83677225	42
119.98789049999999	42
120.13900875	42
120.290127	47
120.44374524999999	47
120.59736350000001	42
120.75098175000001	42
120.9046	35
120.9046	42
121.05321825	42
121.2018365	42
121.35045475	38
121.499073	42
121.65019124999999	35
121.65019124999999	42
121.8013095	35
121.8013095	42
121.95242775	42
122.103546	42
122.25466425	42
122.4057825	42
122.55690075	42
122.708019	47
122.85913725	47
123.0102555	42
123.16137375	42
123.31249199999999	35
123.31249199999999	42
123.46111024999999	42
123.60972849999999	42
123.75834674999999	38
123.906965	42
124.05808325	35
124.05808325	42
124.20920149999999	35
124.20920149999999	42
124.36031974999999	42
124.511438	35
124.511438	42
124.66255625	42
124.81367449999999	42
124.96479274999999	42
125.115911	47
125.26952925	47
125.4231475	42
125.57676575	42
125.730384	35
125.730384	42
125.88150225	42
126.0326205	42
126.18373875	38
126.334857	42
126.48597525	35
126.48597525	42
126.63709349999999	35
126.63709349999999	42
126.78821175	42
126.93933	42
127.09044825	42
127.2415665	42
127.39268475	42
127.543803	47
127.69242125	47
127.84103950000001	42
127.98965775	42
128.13827600000002	35
128.13827600000002	42
128.29189425	42
128.4455125	42
128.59913075	38
128.752749	42
128.90386725	35
128.90386725	42
129.0549855	35
129.0549855	42
129.20610375	42
129.357222	35
129.357222	42
129.50834025	42
129.6594585	42
129.81057675	42
129.961695	47
130.11281325	47
130.26393149999998	42
130.41504975	42
130.566168	35
130.566168	42
130.71728625	42
130.8684045	42
131.01952275	38
131.170641	42
131.32175924999999	35
131.32175924999999	42
131.4728775	35
131.4728775	42
131.62399575	42
131.775114	42
131.92623225	42
132.0773505	42
132.22846875	42
132.379587	47
132.53320525	47
132.6868235	42
132.84044175	42
132.99406	35
132.99406	42
133.14267825	42
133.2912965	42
133.43991474999999	38
133.58853299999998	42
133.74215125	35
133.74215125	42
133.8957695	35
133.8957695	42
134.04938775	42
134.203006	35
134.203006	42
134.35162425	42
134.50024249999998	42
134.64886074999998	42
134.797479	47
134.94859725	42
135.0997155	42
135.25083375	42
135.401952	35
135.401952	42
135.55307025	42
135.7041885	42
135.85530675	38
136.006425	42
136.15754325	35
136.15754325	42
136.3086615	35
136.3086615	42
136.45977975	42
136.610898	42
136.76201625	42
136.91313449999998	42
137.06425275	42
137.215371	47
137.36648925	47
137.5176075	42
137.66872575	42
137.819844	35
137.819844	42
137.97096224999999	42
138.1220805	42
138.27319875	38
138.424317	42
138.57543525	35
138.57543525	42
138.7265535	35
138.7265535	42
138.87767175	42
139.02879	35
139.02879	42
139.17990825	42
139.3310265	42
139.48214475	42
139.633263	47
139.78438125	47
139.9354995	42
140.08661775	42
140.23773599999998	35
140.23773599999998	42
140.38885425	42
140.5399725	42
140.69109075	38
140.842209	42
140.99332725	35
140.99332725	42
141.1444455	35
141.1444455	42
141.29556374999999	42
141.446682	42
141.59780025	42
141.7489185	42
141.90003675	42
142.051155	47
142.20227325	47
142.3533915	42
142.50450975	42
142.655628	35
142.655628	42
142.80674625	42
142.9578645	42
143.10898275	38
143.260101	42
143.41121925	35
143.41121925	42
143.56233749999998	35
143.56233749999998	42
143.71345575	42
143.864574	35
143.864574	42
144.01569225	42
144.1668105	42
144.31792875	42
144.469047	47
144.62016524999999	47
144.7712835	42
144.92240175	42
145.07352	35
145.07352	42
145.22463825	42
145.3757565	42
145.52687475	38
145.677993	42
145.82911125	35
145.82911125	42
145.9802295	35
145.9802295	42
146.13134775	42
146.282466	42
146.43358425	42
146.5847025	42
146.73582075	42
146.88693899999998	47
147.03805725	47
147.1891755	42
147.34029375	42
147.491412	35
147.491412	42
147.64003025	42
147.7886485	42
147.93726675	38
148.08588500000002	42
148.23950325	35
148.23950325	42
148.3931215	35
148.3931215	42
148.54673975	42
148.700358	35
148.700358	42
148.85147625	42
149.0025945	42
149.15371275	42
149.304831	47
149.45344925	47
149.6020675	42
149.75068575	42
149.899304	35
149.899304	42
150.05042225	42
150.2015405	42
150.35265875000002	38
150.503777	42
150.65239525	35
150.65239525	42
150.8010135	35
150.8010135	42
150.94963174999998	42
151.09824999999998	42
151.25186824999997	42
151.4054865	42
151.55910475000002	42
151.712723	47
151.86634125	47
152.0199595	42
152.17357775	42
152.327196	35
152.327196	42
152.47831425	42
152.6294325	42
152.78055075	38
152.931669	42
153.08278725	35
153.08278725	42
153.2339055	35
153.2339055	42
153.38502375	42
153.53614199999998	35
153.53614199999998	42
153.68726025	42
153.8383785	42
153.98949675	42
154.140615	47
154.29173325	47
154.4428515	42
154.59396974999999	42
154.745088	35
154.745088	42
154.89620625	42
155.0473245	42
155.19844275	38
155.349561	42
155.50067925	35
155.50067925	42
155.6517975	35
155.6517975	42
155.80291575	42
155.954034	42
156.10515225	42
156.2562705	42
156.40738875	42
156.558507	47
156.70962525	47
156.86074349999998	42
157.01186175	42
157.16298	35
157.16298	42
157.31409825	42
157.4652165	42
157.61633475	38
157.767453	42
157.91857124999999	35
157.91857124999999	42
158.0696895	35
158.0696895	42
158.22080775	42
158.371926	35
158.371926	42
158.52054425	42
158.6691625	42
158.81778075	42
158.966399	47
159.12001725000002	47
159.2736355	42
159.42725375	42
159.580872	35
159.580872	42
159.72949025	42
159.8781085	42
160.02672675	38
160.175345	42
160.32896325000002	35
160.32896325000002	42
160.4825815	35
160.4825815	42
160.63619975	42
160.789818	42
160.94093625	42
161.0920545	42
161.24317274999999	42
161.394291	47
161.54540925	47
161.6965275	42
161.84764575	42
161.998764	35
161.998764	42
162.14988225	42
162.3010005	42
162.45211875	38
162.603237	42
162.75435525	35
162.75435525	42
162.9054735	35
162.9054735	42
163.05659175	42
163.20771	35
163.20771	42
163.35882825	42
163.50994649999998	42
163.66106475	42
163.812183	47
163.96330125	47
164.1144195	42
164.26553775	42
164.416656	35
164.416656	42
164.56527425	42
164.71389250000001	42
164.86251075	38
165.011129	42
165.16224725	35
165.16224725	42
165.3133655	35
165.3133655	42
165.46448375	42
165.615602	42
165.76672025000002	42
165.91783850000002	42
166.06895675	42
166.220075	47
166.37369325	47
166.5273115	42
166.68092975	42
166.83454799999998	35
166.83454799999998	42
166.98566625	42
167.1367845	42
167.28790275	38
167.439021	42
167.59013925	35
167.59013925	42
167.7412575	35
167.7412575	42
167.89237574999999	42
168.043494	35
168.043494	42
168.19211225	42
168.3407305	42
168.48934875	42
168.637967	47
168.79158525	47
168.9452035	42
169.09882175	42
169.25244	35
169.25244	49
169.69079475	38
169.836913	49
169.99303124999994	35
170.14914949999996	35
170.46138599999998	49
171.065859	38
171.065859	49
171.21697724999999	47
171.670332	35
171.670332	49
172.12368675	38
172.274805	49
172.42592325	35
172.5770415	35
172.879278	35
172.879278	49
173.48375099999998	38
173.48375099999998	49
173.63486925	47
174.088224	35
174.088224	49
174.53407875	38
174.68269700000002	49
174.83631525	35
174.9899335	35
175.29717	49
175.901643	38
175.901643	49
176.05276125	47
176.506116	35
176.506116	49
176.95947075	38
177.110589	49
177.26170725	35
177.4128255	35
177.715062	35
177.715062	49
178.319535	38
178.319535	49
178.47065325	47
178.924008	35
178.924008	49
179.36986275000004	38
179.51848100000004	49
179.67209924999997	35
179.82571749999997	35
180.13295399999996	35
180.13295399999996	49
180.4351905	35
180.737427	38
180.737427	49
180.88854525	47
181.3419	35
181.3419	49
181.78025475	38
181.926373	49
182.08249124999995	35
182.23860949999994	35
182.55084599999998	35
182.55084599999998	49
182.8530825	35
183.00420075	35
183.155319	38
183.155319	49
183.30643725	47
183.759792	35
183.759792	49
184.21314675	38
184.364265	49
184.51538324999999	35
184.6665015	35
184.968738	49
185.573211	38
185.573211	49
185.72182925000004	47
186.16768400000004	35
186.16768400000004	49
186.62103875	38
186.772157	49
186.92327525000002	35
187.0743935	35
187.37663	35
187.37663	49
187.52774825	49
187.6788665	49
187.98110300000002	38
187.98110300000002	49
188.13222125000001	47
188.585576	35
188.585576	49
188.585576	49
189.03893075000002	38
189.19004900000002	49
189.34616724999998	35
189.50228549999997	35
189.81452199999995	49
190.40899500000003	38
190.40899500000003	49
190.55761325000003	47
191.00346800000003	35
191.00346800000003	49
191.45682275000001	38
191.607941	49
191.76155924999998	35
191.91517749999997	35
192.22241399999996	35
192.22241399999996	49
192.826887	38
192.826887	49
192.97800525	47
193.1291235	49
193.43135999999998	35
193.43135999999998	49
193.87721475000004	38
194.02583300000003	49
194.17695125	35
194.3280695	35
194.63030600000002	49
195.24477899999997	38
195.24477899999997	49
195.39589725	47
195.849252	35
195.849252	49
196.30260675	38
196.453725	49
196.60484325	35
196.75596149999998	35
197.058198	35
197.058198	49
197.662671	38
197.662671	49
197.81378924999999	47
198.267144	35
198.267144	49
198.71299875000003	38
198.86161700000002	49
199.01273525	35
199.16385350000002	35
199.46609	35
199.46609	49
199.7683265	35
200.070563	38
200.070563	49
200.22168125000002	47
200.675036	35
200.675036	49
201.12839075	38
201.27950900000002	49
201.43312724999998	35
201.58674549999998	35
201.89398199999997	35
201.89398199999997	49
202.19121850000002	35
202.33983675000002	35
202.48845500000004	38
202.48845500000004	49
202.63957325	47
203.092928	35
203.092928	49
203.54628275000002	38
203.697401	49
203.85101924999998	35
204.00463749999997	35
204.31187399999996	49
204.90634700000004	38
204.90634700000004	49
205.05746525	47
205.51082	35
205.51082	49
205.96417475	38
206.115293	49
206.26891124999997	35
206.42252949999997	35
206.72976599999996	35
206.72976599999996	38
206.805325125	38
206.88088425	38
206.956443375	38
207.0320025	38
207.107561625	38
207.18312075	38
207.25867987499998	38
207.334239	38
207.409798125	38
207.48535725	38
207.560916375	38
207.6364755	38
207.712034625	38
207.78759374999998	38
207.863152875	38
207.938712	35
207.938712	42
208.08983025	42
208.2409485	42
208.39206675	42
208.543185	42
208.69180325000002	35
208.69180325000002	42
208.84042150000002	35
208.84042150000002	42
208.98903975000002	42
209.13765800000004	42
209.29127624999998	42
209.44489449999998	42
209.59851274999997	42
209.75213099999996	42
209.90074925000002	42
210.04936750000002	42
210.19798575000004	42
210.34660400000004	35
210.34660400000004	42
210.49772225	42
210.6488405	42
210.79995875	42
210.951077	42
211.10219525	35
211.10219525	42
211.25331350000002	35
211.25331350000002	42
211.40443175000001	42
211.55555	35
211.55555	42
211.71166824999995	42
211.86778649999994	42
212.02390474999993	42
212.18002299999992	42
212.32864125	42
212.47725950000003	42
212.62587775000003	42
212.77449600000003	35
212.77449600000003	42
212.92311425000003	42
213.07173250000002	42
213.22035075000002	42
213.36896900000002	42
213.52008725000002	35
213.52008725000002	42
213.6712055	35
213.6712055	42
213.82232375	42
213.973442	42
214.12456025	42
214.2756785	42
214.42679675	42
214.57791500000002	42
214.72903325000001	42
214.8801515	42
215.03126975	42
215.182388	35
215.182388	42
215.33350625	42
215.4846245	42
215.63574275	42
215.78686100000002	42
215.94047924999998	35
215.94047924999998	42
216.09409749999998	35
216.09409749999998	42
216.24771574999997	42
216.40133399999996	35
216.40133399999996	42
216.55245225	42
216.70357049999998	42
216.85468875	42
217.005807	42
217.15692525	42
217.3080435	42
217.45916175	42
217.61028	35
217.61028	42
217.76139824999998	42
217.9125165	42
218.06363475	42
218.214753	42
218.36337125000003	35
218.36337125000003	42
218.51198950000003	35
218.51198950000003	42
218.66060775000003	42
218.80922600000002	42
218.96284424999996	42
219.11646249999998	42
219.27008074999998	42
219.42369899999997	42
219.57231725000003	42
219.72093550000002	42
219.86955375000002	42
220.01817200000002	35
220.01817200000002	42
220.16929025000002	42
220.3204085	42
220.47152675	42
220.622645	42
220.77376325	35
220.77376325	42
220.9248815	35
220.9248815	42
221.07599975	42
221.22711800000002	35
221.22711800000002	42
221.38073624999998	42
221.53435449999998	42
221.68797274999997	42
221.84159099999997	42
221.99270925	42
222.1438275	42
222.29494574999998	42
222.446064	35
222.446064	42
222.59718225	42
222.7483005	42
222.89941875	42
223.050537	42
223.20165525	35
223.20165525	42
223.35277349999998	35
223.35277349999998	42
223.50389175	42
223.65501	42
223.80612825	42
223.9572465	42
224.10836475	42
224.259483	42
224.40810125000002	42
224.55671950000004	42
224.70533775000004	42
224.85395600000004	35
224.85395600000004	42
225.00507425	42
225.1561925	42
225.30731075	42
225.458429	42
225.61204724999996	35
225.61204724999996	42
225.76566549999998	35
225.76566549999998	42
225.91928374999998	42
226.07290199999997	35
226.07290199999997	42
226.22402025	42
226.3751385	42
226.52625675	42
226.67737499999998	38
227.281848	35
227.281848	49
227.5840845	42
227.73520274999998	38
227.886321	42
228.03743925	35
228.03743925	42
228.1885575	35
228.1885575	42
228.33967575	42
228.490794	42
228.63941225000002	42
228.78803050000002	42
228.93664875000002	42
229.08526700000004	38
229.23888524999998	42
229.39250349999998	42
229.54612174999997	42
229.69973999999996	35
229.69973999999996	42
229.85085825	42
230.00197649999998	42
230.15309475	38
230.304213	42
230.45533125	35
230.45533125	42
230.6064495	35
230.6064495	42
230.75756775	42
230.908686	35
230.908686	42
231.05980424999998	42
231.2109225	42
231.36204075	42
231.513159	38
231.66177725000003	42
231.81039550000003	42
231.95901375000003	42
232.10763200000002	35
232.10763200000002	42
232.25875025	42
232.40986850000002	42
232.56098675	38
232.712105	42
232.86572324999997	35
232.86572324999997	42
233.01934149999997	35
233.01934149999997	42
233.17295974999996	42
233.32657799999996	42
233.47769625	42
233.6288145	42
233.77993275	42
233.931051	38
234.08216925	42
234.2332875	42
234.38440574999998	42
234.535524	35
234.535524	42
234.68664225	42
234.8377605	42
234.98887875	38
235.139997	42
235.29111525	35
235.29111525	42
235.4422335	35
235.4422335	42
235.59335174999998	42
235.74447	35
235.74447	42
235.89308825000003	42
236.04170650000003	42
236.19032475000003	42
236.33894300000003	38
236.49006125	42
236.6411795	42
236.79229775000002	42
236.943416	35
236.943416	42
237.09453425	42
237.2456525	42
237.39677075	38
237.547889	42
237.70150724999996	35
237.70150724999996	42
237.85512549999999	35
237.85512549999999	42
238.00874374999998	42
238.16236199999997	42
238.31098025000003	42
238.45959850000003	42
238.60821675000003	42
238.75683500000002	38
238.90795325	42
239.05907150000002	42
239.21018975	42
239.361308	35
239.361308	42
239.51242625	42
239.6635445	42
239.81466275	38
239.965781	42
240.11939925	35
240.11939925	42
240.27301749999998	35
240.27301749999998	42
240.42663574999997	42
240.58025399999997	35
240.58025399999997	42
240.73137225	42
240.8824905	42
241.03360874999998	42
241.184727	38
241.33334525000004	42
241.48196350000003	42
241.63058175000003	42
241.77920000000003	35
241.77920000000003	42
241.93281824999997	42
242.08643649999996	42
242.24005474999996	38
242.39367299999998	42
242.54479125	35
242.54479125	42
242.6959095	35
242.6959095	42
242.84702775	42
242.998146	42
243.14926425	42
243.30038249999998	42
243.45150075	42
243.602619	38
243.75373725	42
243.9048555	42
244.05597375	42
244.207092	35
244.207092	42
244.35821024999998	42
244.5093285	42
244.66044675	38
244.811565	42
244.96268325	35
244.96268325	42
245.1138015	35
245.1138015	42
245.26491975	42
245.416038	35
245.416038	42
245.56715624999998	42
245.7182745	42
245.86939275	42
246.020511	38
246.17162925	42
246.3227475	42
246.47386575	42
246.62498399999998	35
246.62498399999998	42
246.77610225	42
246.9272205	42
247.07833875	38
247.229457	42
247.38057525	35
247.38057525	42
247.5316935	35
247.5316935	42
247.68281174999998	42
247.83393	42
247.98504825	42
248.1361665	42
248.28728475	42
248.438403	38
248.58952125	42
248.7406395	42
248.89175774999998	42
249.042876	35
249.042876	42
249.19399425	42
249.3451125	42
249.49623075	38
249.647349	42
249.79846725	35
249.79846725	42
249.94958549999998	35
249.94958549999998	42
250.10070375	42
250.251822	35
250.251822	42
250.40044025000003	42
250.54905850000003	42
250.69767675000003	42
250.84629500000003	38
250.99741325	42
251.14853150000002	42
251.29964975000001	42
251.450768	35
251.450768	42
251.60438624999998	42
251.75800449999997	42
251.91162274999996	38
252.06524099999996	42
252.21635924999998	35
252.21635924999998	42
252.3674775	35
252.3674775	42
252.51859575	42
252.669714	42
252.82083225	42
252.9719505	42
253.12306875	42
253.27418699999998	38
253.42530525	42
253.5764235	42
253.72754175	42
253.87866	35
253.87866	42
254.02977825	42
254.1808965	42
254.33201474999998	38
254.483133	42
254.63425125	35
254.63425125	42
254.7853695	35
254.7853695	42
254.93648775	42
255.087606	35
255.087606	42
255.23872425	42
255.3898425	42
255.54096074999998	42
255.692079	38
255.84319725	42
255.9943155	42
256.14543375	42
256.296552	35
256.296552	42
256.44767025	42
256.5987885	42
256.74990675	38
256.901025	42
257.05214325	35
257.05214325	42
257.2032615	35
257.2032615	42
257.35437975	42
257.505498	42
257.65661625	42
257.8077345	42
257.95885275	42
258.109971	38
258.26108925	42
258.4122075	42
258.56332575	42
258.714444	35
258.714444	42
258.86306225000004	42
259.01168050000007	42
259.16029875000004	38
259.30891700000006	42
259.46003525000003	35
259.46003525000003	42
259.6111535	35
259.6111535	42
259.76227175	42
259.91339	35
259.91339	42
260.06450825	42
260.2156265	42
260.36674475	42
260.517863	38
260.67148124999994	42
260.82509949999996	42
260.97871774999993	42
261.13233599999995	35
261.13233599999995	42
261.28345425	42
261.4345725	42
261.58569074999997	38
261.736809	42
261.88792725	35
261.88792725	42
262.0390455	35
262.0390455	42
262.19016375	42
262.341282	42
262.48990025000006	42
262.63851850000003	42
262.78713675000006	42
262.9357550000001	38
263.08687325	42
263.2379915	42
263.38910975	42
263.540228	35
263.540228	42
263.6938462499999	42
263.84746449999994	42
264.00108274999997	38
264.15470099999993	42
264.30581925	35
264.30581925	42
264.4569375	35
264.4569375	42
264.60805575	42
264.759174	35
264.759174	42
264.91029225	42
265.0614105	42
265.21252875	42
265.363647	38
265.51476525	42
265.6658835	42
265.81700175	42
265.96812	35
265.96812	49
266.2703565	49
266.42147475	38
266.72371125	35
266.8748295	35
266.8748295	49
267.4793025	49
267.781539	38
268.07877550000006	49
268.37601200000006	35
268.6782485	49
268.82936675	38
269.13410324999995	35
269.2877214999999	35
269.2877214999999	49
269.59495799999996	35
269.8971945	49
270.199431	38
270.5016675	49
270.803904	35
271.1061405	49
271.25725875	38
271.55949525	35
271.7106135	35
271.7106135	49
272.31008650000007	49
272.60732300000006	38
272.91455949999994	49
273.2217959999999	35
273.51903250000004	49
273.66765075000006	38
273.96738725	35
274.1185055	35
274.1185055	49
274.420742	35
274.7229785	49
274.87409675	35
275.025215	38
275.33245149999993	49
275.6396879999999	35
275.93692450000003	49
276.08554275000006	38
276.38527925	35
276.5363975	35
276.5363975	49
277.14587049999994	49
277.45310699999993	38
277.7553435	49
278.05758	35
278.3598165	49
278.51093475	38
278.81317125	35
278.9642895	35
278.9642895	49
279.266526	35
279.5687625	35
279.5687625	49
279.71988075	35
279.870999	38
280.1732355	49
280.47547199999997	35
280.7777085	49
280.92882675	38
281.23106325	35
281.3821815	35
281.3821815	49
281.9866545	49
282.288891	38
282.59112749999997	49
282.893364	35
283.1956005	49
283.34671875	38
283.64895525	35
283.8000735	35
283.8000735	49
284.10231	35
284.39954650000004	49
284.54816475000007	35
284.69678300000004	38
284.69678300000004	49
285.00401949999997	42
285.31125599999996	35
285.31125599999996	49
285.75711075000004	38
285.90572900000006	49
286.05684725	35
286.2079655	35
286.510202	49
287.1246749999999	38
287.1246749999999	49
287.27579325	49
287.4269115	49
287.729148	35
287.729148	49
288.18250274999997	38
288.333621	49
288.48223925	35
288.6308575	35
288.928094	35
288.928094	49
289.38144875	35
289.53256700000003	38
289.53256700000003	49
290.13704	35
290.13704	49
290.59039475000003	38
290.741513	49
290.89263125	35
291.0437495	35
291.345986	49
291.950459	38
291.950459	49
292.564932	35
292.564932	49
293.01828675	38
293.169405	49
293.32052325	35
293.4716415	35
293.77387799999997	35
293.77387799999997	42
294.21973275	35
294.368351	38
294.368351	49
294.52196925	49
294.982824	35
294.982824	49
295.42867875	38
295.577297	49
295.73091525	35
295.8845335	35
296.19177	49
296.786243	38
296.786243	49
297.0884795	49
297.23959775000003	49
297.390716	35
297.390716	49
297.83657075	38
297.985189	49
298.13880725	35
298.29242550000004	35
298.599662	35
298.599662	49
299.05301675	35
299.204135	38
299.204135	49
299.808608	35
299.808608	49
300.26196275	38
300.413081	49
300.56419925	35
300.7153175	35
301.017554	49
301.622027	38
301.622027	49
302.2265	35
302.2265	49
302.67235475	38
302.82097300000004	49
302.97209125	35
303.12320950000003	35
303.425446	35
303.425446	49
303.88630075000003	35
304.039919	38
304.039919	49
304.644392	35
304.644392	49
305.09774675	38
305.248865	49
305.40248325	35
305.5561015	35
305.863338	49
306.457811	38
306.457811	49
307.062284	35
307.062284	49
307.50813875	38
307.656757	49
307.81037525	35
307.9639935	35
308.27123	35
308.27123	49
308.72458475	35
308.875703	38
308.875703	49
309.02932125	49
309.1829395	49
309.490176	35
309.490176	49
309.94353075	38
310.094649	49
310.24326725	35
310.3918855	35
310.689122	49
311.293595	38
311.293595	49
311.898068	35
311.898068	49
312.35142275	38
312.502541	49
312.65365925	35
312.8047775	35
313.107014	35
313.107014	49
313.56036875	35
313.711487	38
313.711487	49
314.32596	49
314.77931474999997	38
314.930433	49
315.08155125	35
315.2326695	35
315.534906	49
316.12937900000003	38
316.12937900000003	49
316.4316155	49
316.532361	49
316.6331065	49
316.733852	35
316.733852	49
317.19470675	38
317.348325	49
317.49944325	35
317.6505615	35
317.952798	35
317.952798	49
318.2500345	35
318.39865275	35
318.547271	38
318.547271	49
319.151744	35
319.151744	49
319.60509875	38
319.756217	49
319.90733525	35
320.0584535	35
320.36069	49
320.965163	38
320.965163	49
321.569636	35
321.569636	49
322.02299075	38
322.174109	49
322.32772725	35
322.4813455	35
322.788582	35
322.788582	49
323.24193675	35
323.393055	38
323.393055	49
323.6902915	49
323.987528	35
323.987528	49
324.44088275	38
324.592001	49
324.74561925	35
324.8992375	35
325.206474	49
325.800947	38
325.800947	49
326.40542	35
326.40542	49
326.85877475	38
327.009893	49
327.16351125	35
327.3171295	35
327.624366	35
327.624366	49
328.07772074999997	35
328.228839	38
328.228839	49
328.833312	35
328.833312	49
329.27916675	38
329.42778500000003	49
329.57890325	35
329.7300215	35
330.032258	35
330.032258	49
330.636731	38
330.636731	49
331.251204	35
331.251204	49
331.70455875	38
331.855677	49
332.00679525	35
332.1579135	35
332.46015	35
332.46015	49
333.064623	38
333.064623	49
333.649096	49
333.80271425	42
333.95633250000003	42
334.10995075	42
334.263569	49
334.41468725	42
334.5658055	42
334.71692375	42
334.868042	49
335.02166025	42
335.1752785	42
335.32889675	42
335.482515	42
335.63613325	42
335.78975149999997	42