2.99	35
3.1775	42
3.365	38
3.5525	42
3.74	35
3.9325	42
4.125	38
4.3075	42
4.49	35
4.6775	42
4.865	38
5.0525	42
5.24	35
5.4325	42
5.625	38
5.8075	42
5.99	35
6.1775	42
6.365	38
6.5525	42
6.74	35
6.9325	42
7.125	38
7.3125	42
7.5	35
7.6875	42
7.875	38
8.0625	42
8.25	35
8.4375	42
8.625	38
8.807500000000001	42
8.99	35
9.1775	42
9.365	38
9.5525	42
9.74	35
9.932500000000001	42
10.125	38
10.3125	42
10.5	35
10.6875	42
10.875	38
11.0625	42
11.25	35
11.4375	42
11.625	38
11.807500000000001	42
11.99	35
12.1775	42
12.365	38
12.5525	42
12.74	35
12.932500000000001	42
13.125	38
13.307500000000001	42
13.49	35
13.6775	42
13.865	38
14.0525	42
14.24	35
14.99	35
15.1775	42
15.365	38
15.5525	42
15.74	35
15.932500000000001	42
16.125	38
16.307499999999997	42
16.49	35
16.6775	42
16.865	38
17.0525	42
17.24	35
17.432499999999997	42
17.625	38
17.807499999999997	42
17.99	35
18.1775	42
18.365	38
18.5525	42
18.74	35
18.932499999999997	42
19.125	38
19.307499999999997	42
19.49	35
19.6775	42
19.865	38
20.0525	42
20.24	35
20.432499999999997	42
20.625	38
20.807499999999997	42
20.99	35
21.1775	42
21.365	38
21.5525	42
21.74	35
21.932499999999997	42
22.125	38
22.307499999999997	42
22.49	35
22.6775	42
22.865	38
23.057499999999997	42
23.25	35
23.4375	42
23.625	38
23.807499999999997	42
23.99	35
24.1775	42
24.365	38
24.5525	42
24.74	35
24.932499999999997	42
25.125	38
25.307499999999997	42
25.49	35
25.6775	42
25.865	38
26.0525	42
26.24	35
27.0	35
27.1875	42
27.375	38
27.5625	42
27.75	35
27.9375	42
28.125	38
28.3125	42
28.5	35
28.6875	42
28.875	38
29.0625	42
29.25	35
29.4375	42
29.625	38
29.8125	42
30.0	35
30.1875	42
30.375	38
30.5625	42
30.75	35
30.9375	42
31.125	38
31.3125	42
31.5	35
31.6875	42
31.875	38
32.0625	42
32.25	35
32.4375	42
32.625	38
32.8125	42
33.0	35
33.1875	42
33.375	38
33.5625	42
33.75	35
33.9375	42
34.125	38
34.3125	42
34.5	35
34.6875	42
34.875	38
35.0625	42
35.25	35
35.4375	42
35.625	38
35.8125	42
36.0	35
36.1875	42
36.375	38
36.5625	42
36.75	35
36.9375	42
37.125	38
37.3125	42
37.5	35
37.6875	42
37.875	38
38.057500000000005	42
38.24	35
39.0	35
39.1875	42
39.375	38
39.5625	42
39.75	35
39.9375	42
40.125	38
40.3125	42
40.5	35
40.6875	42
40.875	38
41.0625	42
41.25	35
41.4375	42
41.625	38
41.8125	42
42.0	35
42.1875	42
42.375	38
42.5625	42
42.75	35
42.9375	42
43.125	38
43.3125	42
43.5	35
43.6875	42
43.875	38
44.0625	42
44.25	35
44.4375	42
44.625	38
44.8125	42
45.0	35
45.1875	42
45.375	38
45.5625	42
45.75	35
45.9375	42
46.125	38
46.3125	42
46.5	35
46.6875	42
46.875	38
47.0625	42
47.25	35
47.4375	42
47.625	38
47.8125	42
48.0	35
48.1875	42
48.375	38
48.5625	42
48.75	35
48.9375	42
49.125	38
49.3125	42
49.5	35
49.6875	42
49.875	38
50.0625	42
50.25	35
50.99	35
51.1775	42
51.365	38
51.5525	42
51.74	35
51.932500000000005	42
52.125	38
52.3125	42
52.5	35
52.6875	42
52.875	38
53.0625	42
53.25	35
53.4375	42
53.625	38
53.807500000000005	42
53.99	35
54.1775	42
54.365	38
54.5525	42
54.74	35
54.932500000000005	42
55.125	38
55.3125	42
55.5	35
55.6875	42
55.875	38
56.0625	42
56.25	35
56.4375	42
56.625	38
56.8125	42
57.0	35
57.1875	42
57.375	38
57.5625	42
57.75	35
57.9375	42
58.125	38
58.3125	42
58.5	35
58.6875	42
58.875	38
59.0625	42
59.25	35
59.4375	42
59.625	38
59.807500000000005	42
59.99	35
60.1775	42
60.365	38
60.5525	42
60.74	35
60.932500000000005	42
61.125	38
61.307500000000005	42
61.49	35
61.6775	42
61.865	38
62.0525	42
62.24	35
62.99	35
63.1775	42
63.365	38
63.5525	42
63.74	35
63.932500000000005	42
64.125	38
64.3075	42
64.49	35
64.6775	42
64.865	38
65.0525	42
65.24	35
65.4325	42
65.625	38
65.8125	42
66.0	35
66.1875	42
66.375	38
66.5625	42
66.75	35
66.9375	42
67.125	38
67.3125	42
67.5	35
67.6875	42
67.875	38
68.0625	42
68.25	35
68.4375	42
68.625	38
68.8125	42
69.0	35
69.1875	42
69.375	38
69.5625	42
69.75	35
69.9375	42
70.125	38
70.3125	42
70.5	35
70.6875	42
70.875	38
71.0625	42
71.25	35
71.4375	42
71.625	38
71.8125	42
72.0	35
72.1875	42
72.375	38
72.5625	42
72.75	35
72.9375	42
73.125	38
73.3075	42
73.49	35
73.6775	42
73.865	38
74.0525	42
74.24	35