50.407430662500005	49
55.04526687083334	42
62.45244085000001	42
69.96990070416669	42
72.74949970416668	42
73.21570876666668	42
73.68204576666668	38
73.68204576666668	42
74.14838276666669	35
74.14838276666669	42
74.61471976666668	35
74.61471976666668	42
75.08605676666667	42
75.55739376666668	38
75.55739376666668	42
76.02373076666667	35
76.02373076666667	42
76.49006776666667	35
76.49006776666667	42
76.95240863536664	42
77.41435399583334	38
77.41435399583334	42
77.87630149583333	35
77.87630149583333	42
78.33824899583334	38
78.33824899583334	42
78.79519649583334	47
79.25214399583335	47
79.25214399583335	47
79.47811774583334	47
79.70409149583335	47
80.15603899583334	35
80.15603899583334	49
80.63474725623348	49
80.87446967811674	49
81.11419210000001	38
81.11419210000001	49
81.58363310000001	35
81.58363310000001	49
82.0530741	35
82.0530741	49
82.5275151	49
83.0019561	38
83.0019561	49
83.46639710000001	49
83.93083810000002	35
83.93083810000002	49
84.40263290234729	49
84.87409162083334	38
84.87409162083334	49
85.34055212083334	35
85.34055212083334	49
85.80701262083333	35
85.80701262083333	49
86.27347312083334	49
86.73993362083334	38
86.73993362083334	49
87.20639412083334	35
87.20639412083334	49
87.67285462083333	35
87.67285462083333	49
88.14197158654252	49
88.61098553750001	38
88.61098553750001	49
89.08500003750002	35
89.08500003750002	49
89.5590145375	35
89.5590145375	49
90.01802903750001	49
90.47704353750002	38
90.47704353750002	49
90.94105803750001	35
90.94105803750001	49
91.40507253750002	35
91.40507253750002	49
91.86814068333335	49
92.33116768333335	38
92.33116768333335	49
92.79919468333334	49
93.03320818333334	35
93.26722168333333	38
93.26722168333333	49
93.71524868333333	38
93.93926218333333	47
94.16327568333334	47
94.39478918333333	47
94.62630268333334	47
94.85781618333334	47
95.08932968333333	35
95.08932968333333	49
95.55498443333333	49
96.02075343333334	38
96.02075343333334	49
96.48152243333334	35
96.48152243333334	49
96.94229143333335	35
96.94229143333335	49
97.41806043333335	49
97.89382943333334	38
97.89382943333334	49
98.12421393333335	35
98.35459843333334	35
98.35459843333334	49
98.81536743333334	35
98.81536743333334	49
99.280474225	49
99.745552225	38
99.745552225	49
100.210630225	35
100.210630225	49
100.67570822500001	35
100.67570822500001	49
101.140786225	49
101.605864225	38
101.605864225	49
102.080942225	35
102.080942225	49
102.55602022500001	35
102.55602022500001	49
103.02224822500001	49
103.48852622500002	38
103.48852622500002	49
103.95480422500002	35
103.95480422500002	49
104.42108222500002	35
104.42108222500002	49
104.88736022500001	49
105.35363822500001	38
105.35363822500001	49
105.81991622500001	35
105.81991622500001	49
106.28619422500002	35
106.28619422500002	49
106.7317993263805	49
107.17737645416668	38
107.17737645416668	49
107.6529529541667	35
107.6529529541667	49
108.12852945416668	35
108.12852945416668	49
108.60410595416668	49
109.07968245416669	38
109.07968245416669	49
109.54525895416668	35
110.01083545416668	35
110.01083545416668	49
110.49407739166668	42
110.97808739166668	38
110.97808739166668	42
111.45709739166668	35
111.45709739166668	42
111.93610739166668	35
111.93610739166668	42
112.42011739166668	42
112.90412739166668	38
112.90412739166668	42
113.39813739166668	42
113.89214739166667	35
113.89214739166667	49
114.881454475	42
119.30075814166668	35
119.77048614166668	35
120.70994214166667	38
121.16967014166667	35
121.62939814166667	35
122.56257255833334	42
123.03898655833335	35
123.51540055833334	35
124.41822855833334	38
124.88964255833335	35
124.88964255833335	42
125.36105655833335	35
125.36105655833335	42
126.29981830833334	42
126.77926230833336	35
127.25870630833334	35
127.25870630833334	42
128.19759430833335	38
128.19759430833335	42
129.12648230833335	35
129.12648230833335	42
129.59671549583334	42
130.06698299583334	42
130.54225049583337	35
130.54225049583337	42
131.01751799583334	35
131.48278549583333	42
131.94805299583334	38
131.94805299583334	42
132.41832049583334	35
132.41832049583334	42
132.88858799583335	35
132.88858799583335	42
133.36544165122461	42
133.84236501666666	42
134.31928801666666	35
134.31928801666666	42
134.79621101666666	35
134.79621101666666	42
135.26313401666667	42
135.73005701666668	38
135.73005701666668	42
136.20198001666668	35
136.20198001666668	42
136.67390301666669	35
136.67390301666669	42
137.13672675177227	42
137.59937420416665	42
138.07202070416668	35
138.07202070416668	42
138.54466720416667	35
138.54466720416667	42
139.01731370416667	42
139.48996020416666	38
139.48996020416666	42
139.94760670416665	35
139.94760670416665	42
140.40525320416666	35
140.40525320416666	42
140.87240664166666	42
141.33953864166668	38
141.33953864166668	42
141.8116706416667	35
141.8116706416667	42
142.28380264166668	35
142.28380264166668	42
142.74593464166665	42
143.20806664166668	38
143.20806664166668	42
143.67019864166667	35
143.67019864166667	42
144.13233064166667	35
144.13233064166667	42
144.58822481631225	42
145.04385078750002	38
145.04385078750002	49
145.5094752875	35
145.5094752875	49
145.9750997875	38
146.4307242875	47
146.88634878750003	47
147.11666103750002	47
147.34697328750002	47
147.80759778750001	35
147.80759778750001	49
148.28407434882098	49
148.5225510994105	49
148.76102785	38
148.76102785	49
149.23297885000002	35
149.23297885000002	49
149.70492985	35
149.70492985	49
150.17688085	49
150.64883185000002	38
150.64883185000002	49
151.11578285000002	49
151.58273385	35
151.58273385	49
152.05014091250004	49
152.51735041250004	38
152.51735041250004	49
152.98955991250003	35
152.98955991250003	49
153.46176941250002	35
153.46176941250002	49
153.92397891250002	49
154.38618841250002	38
154.38618841250002	49
154.85839791250004	35
154.85839791250004	49
155.33060741250003	35
155.33060741250003	49
155.80227078973633	49
156.27391016250002	38
156.27391016250002	49
156.7405496625	35
156.7405496625	49
157.20718916250001	35
157.20718916250001	49
157.6688286625	49
158.13046816250002	38
158.13046816250002	49
158.5971076625	35
158.5971076625	49
159.06374716250002	35
159.06374716250002	49
159.5287920131563	49
159.99354695416667	38
159.99354695416667	49
160.4583034541667	49
160.69068170416668	35
160.9230599541667	38
160.9230599541667	49
161.37281645416667	38
161.59769470416668	47
161.82257295416667	47
162.0524512041667	47
162.28232945416667	47
162.51220770416668	47
162.74208595416667	35
162.74208595416667	49
163.2099739125	49
163.6782154125	38
163.6782154125	49
164.1364569125	35
164.1364569125	49
164.5946984125	35
164.5946984125	49
165.06793991250004	49
165.54118141250004	38
165.54118141250004	49
165.77280216250003	35
166.0044229125	35
166.0044229125	49
166.4676644125	35
166.4676644125	49
166.93226999583334	49
167.39671749583334	38
167.39671749583334	49
167.86116499583335	35
167.86116499583335	49
168.32561249583335	35
168.32561249583335	49
168.79505999583338	49
169.26450749583336	38
169.26450749583336	49
169.73895499583335	35
169.73895499583335	49
170.21340249583335	35
170.21340249583335	49
170.67634728704243	49
171.139442475	38
171.139442475	49
171.607538475	35
171.607538475	49
172.07563447500002	35
172.07563447500002	49
172.54373047500002	49
173.01182647500002	38
173.01182647500002	49
173.47992247500002	35
173.47992247500002	49
173.94801847500003	35
173.94801847500003	49
174.3931528546895	49
174.83816412083334	38
174.83816412083334	49
175.31317262083334	35
175.31317262083334	49
175.78818112083334	35
175.78818112083334	49
176.25818962083332	49
176.72819812083335	38
176.72819812083335	49
177.19820662083336	35
177.66821512083334	35
177.66821512083334	49
178.15120003750002	42
178.63496653750002	42
179.11873303750002	35
179.11873303750002	42
179.6024995375	35
179.6024995375	42
180.0812660375	42
180.5600325375	38
180.5600325375	42
181.0537990375	42
181.5475655375	35
181.5475655375	49
182.53502480833336	42
185.51931280833335	49
205.86344068333332	42