4.485976	35
4.485976	42
4.485976	47
4.7663495	42
4.90653625	47
5.046723	38
5.046723	47
5.3270965	42
5.4672832499999995	47
5.60747	35
5.60747	42
5.60747	47
5.8878435	42
6.02803025	47
6.168216999999999	38
6.168216999999999	47
6.4485905	42
6.4485905	47
6.7289639999999995	35
6.7289639999999995	42
6.7289639999999995	47
7.0093375	42
7.14952425	47
7.289711	38
7.289711	47
7.5700845	42
7.71027125	47
7.850458	35
7.850458	42
7.850458	47
8.1308315	42
8.27101825	47
8.411204999999999	38
8.411204999999999	47
8.6915785	42
8.6915785	47
8.971952	35
8.971952	42
8.971952	47
9.2523255	42
9.39251225	47
9.532699	38
9.532699	47
9.8130725	42
9.95325925	47
10.093446	35
10.093446	42
10.093446	47
10.3738195	42
10.51400625	47
10.654193	38
10.654193	47
10.934566499999999	42
10.934566499999999	47
11.21494	35
11.21494	42
11.21494	47
11.4953135	47
11.63550025	47
11.91587375	47
12.196247249999999	47
12.336433999999999	35
12.336433999999999	47
12.6168075	47
12.75699425	35
12.897181	38
13.03736775	38
13.1775545	38
13.31774125	38
13.457927999999999	35
13.457927999999999	49
13.7383015	42
13.87848825	42
14.018675	38
14.2990485	42
14.579422	35
14.859795499999999	42
14.999982249999999	42
15.140169	38
15.28035575	42
15.4205425	42
15.700916	35
15.981289499999999	42
16.12147625	42
16.261663	38
16.5470365	42
16.83241	35
17.112783500000003	35
17.112783500000003	42
17.25297025	42
17.393157000000002	38
17.53334375	42
17.673530500000002	42
17.81371725	42
17.953904	35
18.2342775	42
18.374464250000003	42
18.514651	38
18.790024499999998	42
19.065398	35
19.345771499999998	42
19.48595825	42
19.626145	38
19.76633175	42
19.9065185	42
20.186892	35
20.4672655	42
20.607452249999998	42
20.747639	38
21.0280125	42
21.308386	35
21.5887595	42
21.72894625	35
21.72894625	42
21.869132999999998	38
22.00931975	38
22.149506499999998	38
22.28969325	38
22.42988	35
22.42988	49
22.7102535	42
22.85044025	42
22.990627	38
23.276000500000002	42
23.561374	35
23.8417475	42
23.981934250000002	42
24.122121	38
24.26230775	42
24.4024945	42
24.682868	35
24.963241500000002	42
25.10342825	42
25.243615000000002	38
25.5239885	42
25.804362	35
26.079735499999998	35
26.079735499999998	42
26.217422250000002	42
26.355109	38
26.49529575	42
26.6354825	42
26.77566925	42
26.915855999999998	35
27.196229499999998	42
27.33641625	42
27.476603	38
27.7569765	42
28.03735	35
28.3177235	42
28.457910249999998	42
28.598097	38
28.73828375	42
28.8784705	42
29.158844	35
29.439217499999998	42
29.57940425	42
29.719590999999998	38
29.999964499999997	42
30.280338	35
30.5607115	42
30.700898249999998	35
30.700898249999998	42
30.841085	38
30.981271749999998	42
31.1214585	42
31.261645249999997	42
31.401832	35
31.401832	49
31.6822055	42
31.962578999999998	38
32.2429525	42
32.523326	35
32.523326	42
32.8036995	42
33.084073	38
33.3644465	42
33.644819999999996	35
33.644819999999996	42
33.9251935	42
34.204398777083334	38
34.4859405	42
34.766314	35
34.766314	42
35.0466875	42
35.32589277708333	38
35.6074345	42
35.887808	35
35.887808	42
36.168181499999996	42
36.44738677708333	38
36.7289285	42
37.009302	35
37.009302	42
37.2896755	42
37.56888077708333	38
37.8504225	42
38.130796	35
38.130796	42
38.4111695	42
38.690374777083335	38
38.9719165	42
39.25229	35
39.25229	42
39.5326635	42
39.81186877708333	38
40.0984105	42
40.383784	35
40.383784	42
40.664157499999995	42
40.944531	38
41.21990449999999	42
41.495278	35
41.495278	42
41.7756515	42
42.056025	38
42.3363985	42
42.616772	35
42.616772	42
42.8971455	42
43.17635077708333	38
43.4578925	42
43.738265999999996	35
43.738265999999996	42
44.0186395	42
44.297844777083334	38
44.5793865	42
44.85976	35
44.85976	42
45.1401335	42
45.41933877708333	38
45.7008805	42
45.981254	35
45.981254	42
46.2666275	42
46.55081194375	38
46.83237449999999	42
47.112747999999996	35
47.112747999999996	42
47.3931215	42
47.67232677708333	38
47.9538685	42
48.234241999999995	35
48.234241999999995	42
48.5146155	42
48.79382077708333	38
49.070362499999995	42
49.345735999999995	35
49.345735999999995	42
49.345735999999995	47
49.6261095	42
49.766296249999996	47
49.906483	38
49.906483	47
50.1868565	42
50.46723	35
50.46723	42
50.46723	47
50.7476035	42
50.887790249999995	47
51.027977	38
51.027977	47
51.308350499999996	42
51.588724	35
51.588724	42
51.588724	47
51.869097499999995	42
52.00928425	47
52.149471	38
52.149471	47
52.4298445	42
52.57003125	47
52.710218	35
52.710218	42
52.710218	47
52.9905915	42
53.13077825	47
53.270965	38
53.270965	47
53.5513385	42
53.831711999999996	35
53.831711999999996	42
53.831711999999996	47
54.1120855	42
54.25227225	47
54.392458999999995	38
54.392458999999995	47
54.6778325	42
54.963206	35
54.963206	42
54.963206	47
55.243579499999996	42
55.383766249999994	47
55.523953	38
55.523953	47
55.804326499999995	42
56.0847	35
56.0847	42
56.0847	47
56.36007349999999	42
56.49776025	47
56.635447	38
56.635447	47
56.915820499999995	42
57.05600725	47
57.196194	35
57.196194	42
57.196194	47
57.4765675	42
57.61675425	47
57.756941	38
57.756941	47
57.897127749999996	38
58.0373145	38
58.17750125	38
58.317688	35
58.317688	47
58.5980615	42
58.73824825	47
58.878434999999996	38
58.878434999999996	47
59.1588085	42
59.439181999999995	35
59.439181999999995	42
59.439181999999995	47
59.7195555	42
59.85974225	47
59.999928999999995	38
59.999928999999995	47
60.2803025	42
60.560676	35
60.560676	42
60.560676	47
60.8410495	42
60.981236249999995	47
61.121423	38
61.121423	47
61.401796499999996	42
61.54198325	47
61.68217	35
61.68217	42
61.68217	47
61.9675435	42
62.11023025	47
62.252917	38
62.252917	47
62.53329049999999	42
62.813663999999996	35
62.813663999999996	42
62.813663999999996	47
63.0940375	42
63.23422425	47
63.374410999999995	38
63.374410999999995	47
63.649784499999996	42
63.925157999999996	35
63.925157999999996	42
63.925157999999996	47
64.20553149999999	42
64.34571825	47
64.485905	38
64.485905	47
64.7662785	42
65.046652	35
65.046652	42
65.046652	47
65.3270255	47
65.46721225	47
65.74758575	47
66.02795925	47
66.168146	35
66.168146	47
66.4485195	47
66.58870625	35
66.728893	38
66.86907975	38
67.0092665	38
67.14945325	38
67.28963999999999	35
67.28963999999999	49
67.5700135	42
67.71020025	42
67.850387	38
68.12576049999998	42
68.401134	35
68.6865075	42
68.82919425	42
68.971881	38
69.11206775	42
69.25225449999999	42
69.532628	35
69.8130015	42
69.95318825	42
70.093375	38
70.37374849999999	42
70.654122	35
70.9344955	35
70.9344955	42
71.07468225	42
71.214869	38
71.35505574999999	42
71.4952425	42
71.63542925	42
71.775616	35
72.0559895	42
72.19617625	42
72.33636299999999	38
72.6167365	42
72.89711	35
73.1774835	42
73.31767024999999	42
73.457857	38
73.59804375	42
73.7382305	42
74.018604	35
74.29897749999999	42
74.43916425	42
74.579351	38
74.8597245	42
75.140098	35
75.42047149999999	42
75.56065825	35
75.56065825	42
75.700845	38
75.84103175	42
75.9812185	42
76.12140525	42
76.261592	35
76.261592	49
76.5419655	42
76.68215225	42
76.822339	38
77.1027125	42
77.38308599999999	35
77.6634595	42
77.80364625	42
77.943833	38
78.08401975	42
78.2242065	42
78.50458	35
78.7849535	42
78.92514025	42
79.065327	38
79.34570049999999	42
79.626074	35
79.9064475	35
79.9064475	42
80.04663425	42
80.186821	38
80.32700774999999	42
80.46719449999999	42
80.60738125	42
80.747568	35
81.0279415	42
81.16812825	42
81.308315	38
81.5886885	42
81.869062	35
82.1494355	42
82.28962225	42
82.42980899999999	38
82.56999575	42
82.7101825	42
82.990556	35
83.2709295	42
83.41111624999999	42
83.551303	38
83.8366765	42
84.12205	35
84.4024235	42
84.54261025	35
84.54261025	42
84.68279700000001	38
84.82298375	38
84.9631705	38
85.10335725	38
85.243544	35
85.243544	49
85.5189175	42
85.65660425	42
85.794291	38
86.0746645	42
86.355038	35
86.6354115	42
86.77559825	42
86.915785	38
87.05597175	42
87.1961585	42
87.47653199999999	35
87.7569055	42
87.89709225	42
88.037279	38
88.3176525	42
88.59802599999999	35
88.8783995	35
88.8783995	42
89.01858625	42
89.158773	38
89.29895975	42
89.43914649999999	42
89.57933324999999	42
89.71952	35
89.9998935	42
90.14008025	42
90.280267	38
90.56064049999999	42
90.841014	35
91.1213875	42
91.26157425	42
91.401761	38
91.54444774999999	42
91.6871345	42
91.972508	35
92.2528815	42
92.39306825	42
92.533255	38
92.81362850000001	42
93.094002	35
93.3743755	42
93.51456225	35
93.51456225	42
93.654749	38
93.92512250000001	42
94.195496	35
94.195496	49
94.48086949999998	42
94.766243	38
95.0466165	42
95.32699	35
95.32699	42
95.60736349999999	42
95.887737	38
96.1681105	42
96.448484	35
96.448484	42
96.7288575	42
97.00806277708332	38
97.2896045	42
97.56997799999999	35
97.56997799999999	42
97.8503515	42
98.12955677708332	38
98.4110985	42
98.69147199999999	35
98.69147199999999	42
98.9718455	42
99.25105077708334	38
99.53259249999999	42
99.812966	35
99.812966	42
100.0933395	42
100.37254477708333	38
100.65408649999999	42
100.93446	35
100.93446	42
101.2148335	42
101.49403877708333	38
101.77558049999999	42
102.055954	35
102.055954	42
102.3363275	42
102.61553277708333	38
102.8970745	42
103.177448	35
103.177448	42
103.4578215	42
103.73819499999999	38
104.0185685	42
104.298942	35
104.298942	42
104.57931549999999	42
104.859689	38
105.1400625	42
105.420436	35
105.420436	42
105.70080949999999	42
105.98001477708333	38
106.2665565	42
106.55192999999998	35
106.55192999999998	42
106.8323035	42
107.11150877708333	38
107.3930505	42
107.673424	35
107.673424	42
107.94879750000001	42
108.22302361041666	38
108.5045445	42
108.78491799999999	35
108.78491799999999	42
109.0652915	42
109.34449677708334	38
109.62603849999999	42
109.906412	35
109.906412	42
110.1867855	42
110.46599077708333	38
110.74753249999999	42
111.027906	35
111.027906	42
111.3082795	42
111.58748477708333	38
111.86902649999999	42
112.1494	35
112.1494	42
112.1494	47
112.4297735	42
112.56996025	47
112.71014699999999	38
112.71014699999999	47
112.9905205	42
113.270894	35
113.270894	42
113.270894	47
113.5512675	42
113.69145424999999	47
113.83164099999999	38
113.83164099999999	47
114.1120145	42
114.392388	35
114.392388	42
114.392388	47
114.67776149999999	42
114.82044824999998	47
114.963135	38
114.963135	47
115.2435085	42
115.38369525	47
115.523882	35
115.523882	42
115.523882	47
115.8042555	42
115.94444225	47
116.084629	38
116.084629	47
116.36000250000001	42
116.63537600000001	35
116.63537600000001	42
116.63537600000001	47
116.9107495	42
117.04843625000001	47
117.18612300000001	38
117.18612300000001	47
117.47149649999999	42
117.75686999999998	35
117.75686999999998	42
117.75686999999998	47
118.0372435	42
118.17743025	47
118.317617	38
118.317617	47
118.5979905	42
118.87836399999999	35
118.87836399999999	42
118.87836399999999	47
119.1587375	42
119.29892425	47
119.439111	38
119.439111	47
119.7194845	42
119.85967124999999	47
119.99985799999999	35
119.99985799999999	42
119.99985799999999	47
120.2802315	42
120.42041825	47
120.560605	38
120.560605	47
120.70079175	38
120.84097849999999	38
120.98116524999999	38
121.121352	35
121.121352	47
121.4017255	42
121.54191225	47
121.682099	38
121.682099	47
121.96247249999999	42
122.242846	35
122.242846	42
122.242846	47
122.5232195	42
122.66340625	47
122.80359299999999	38
122.80359299999999	47
123.0839665	42
123.36434	35
123.36434	42
123.36434	47
123.6447135	42
123.78490024999999	47
123.92508699999999	38
123.92508699999999	47
124.2054605	42
124.34564725	47
124.485834	35
124.485834	42
124.485834	47
124.7662075	42
124.90639424999999	47
125.04658099999999	38
125.04658099999999	47
125.3269545	42
125.607328	35
125.607328	42
125.607328	47
125.88770149999999	42
126.02788824999999	47
126.168075	38
126.168075	47
126.4484485	42
126.728822	35
126.728822	42
126.728822	47
127.00919549999999	42
127.14938225	47
127.289569	38
127.289569	47
127.5699425	42
127.85031599999999	35
127.85031599999999	42
127.85031599999999	47
128.1306895	47
128.55124974999998	47
128.83162325	47
128.97181	35
128.97181	47
129.2521835	47
129.39237025	35
129.532557	38
129.67274375	38
129.8129305	38
129.95311725	38
130.093304	35
130.093304	49
130.37367749999999	42
130.51386424999998	42
130.654051	38
130.9294245	42
131.204798	35
131.4901715	42
131.63285825	42
131.775545	38
131.91573175	42
132.0559185	42
132.336292	35
132.61666549999998	42
132.75685225	42
132.897039	38
133.1774125	42
133.457786	35
133.7381595	35
133.7381595	42
133.87834625	42
134.018533	38
134.15871975	42
134.2989065	42
134.43909324999998	42
134.57927999999998	35
134.8596535	42
134.99984025	42
135.140027	38
135.4204005	42
135.700774	35
135.9811475	42
136.12133425	42
136.261521	38
136.40170774999999	42
136.54189449999998	42
136.822268	35
137.1026415	42
137.24282825	42
137.383015	38
137.6633885	42
137.943762	35
138.2241355	42
138.36432225	35
138.36432225	42
138.50450899999998	38
138.64469574999998	42
138.7848825	42
138.92506925	42
139.065256	35
139.065256	49
139.3456295	42
139.48581625	42
139.626003	38
139.9063765	42
140.18675	35
140.46712349999999	42
140.60731024999998	42
140.74749699999998	38
140.88768375	42
141.0278705	42
141.308244	35
141.5886175	42
141.72880425	42
141.868991	38
142.1493645	42
142.429738	35
142.71011149999998	35
142.71011149999998	42
142.85029825	42
142.990485	38
143.13067175	42
143.2708585	42
143.41104525	42
143.551232	35
143.8316055	42
143.97179225	42
144.111979	38
144.3923525	42
144.67272599999998	35
144.9580995	42
145.10078625	42
145.243473	38
145.38365975	42
145.5238465	42
145.80422	35
146.08459349999998	42
146.22478024999998	42
146.36496699999998	38
146.64034049999998	42
146.915714	35
147.1960875	42
147.33627425	35
147.33627425	42
147.476461	38
147.61664775	38
147.7568345	38
147.89702125	38
148.037208	35
148.037208	49
148.3175815	42
148.45776825	42
148.59795499999998	38
148.8783285	42
149.158702	35
149.4390755	42
149.57926225	42
149.719449	38
149.85963575	42
149.9998225	42
150.280196	35
150.56056949999999	42
150.70075624999998	42
150.84094299999998	38
151.1263165	42
151.41169	35
151.6920635	35
151.6920635	42
151.83225025	42
151.97243699999999	38
152.11262374999998	42
152.25281049999998	42
152.39299724999998	42
152.53318399999998	35
152.81355749999997	42
152.95374425	42
153.093931	38
153.3743045	42
153.654678	35
153.9300515	42
154.06773825	42
154.205425	38
154.34561175	42
154.4857985	42
154.76617199999998	35
155.0465455	42
155.18673225	42
155.326919	38
155.6072925	42
155.887666	35
156.1680395	42
156.30822625	35
156.30822625	42
156.448413	38
156.58859975	42
156.72878649999998	42
156.86897324999998	42
157.00916	35
157.00916	49
157.2895335	42
157.569907	38
157.8502805	42
158.130654	35
158.41602749999998	42
158.70140099999998	38
158.98177449999997	42
159.262148	35
159.5425215	42
159.822895	38
160.10326849999998	42
160.38364199999998	35
160.66401549999998	42
160.94438899999997	38
161.2197625	42
161.495136	35
161.7755095	42
162.055883	38
162.3362565	42
162.61663	35
162.89700349999998	42
163.177377	38
163.4577505	42
163.738124	35
164.0184975	42
164.298871	38
164.5792445	42
164.85961799999998	35
165.1399915	42
165.420365	38
165.7007385	42
165.981112	35
166.2614855	42
166.541859	38
166.82723249999998	42
167.112606	35
167.3929795	42
167.673353	38
167.9537265	42
168.23409999999998	35
168.51447349999998	42
168.79484699999998	38
169.07022049999998	42
169.345594	35
169.6259675	42
169.906341	38
170.1867145	42
170.467088	35
170.7474615	42
171.02783499999998	38
171.3082085	42
171.588582	35
171.8689555	42
172.149329	38
172.4297025	42
172.710076	35
172.710076	47
172.710076	49
172.99044949999998	47
173.13063624999998	47
173.270823	47
173.5511965	47
173.69138325	47
173.83157	47
174.1119435	47
174.25213025	47
174.392317	47
174.6726905	47
174.95306399999998	47
175.2334375	47
175.37362425	47
175.513811	47
175.7941845	47
175.93437125	47
176.074558	47
176.3549315	47
176.49511825	47
176.635305	47
176.91567849999998	47
177.19605199999998	47
177.4764255	47
177.61661225	47
177.756799	47
178.0371725	47
178.17735925	47
178.317546	47
178.5979195	47
178.73810625	47
178.87829299999999	47
179.15866649999998	47
179.43904	47
179.7194135	47
179.85960025	47
179.999787	47
180.2801605	47
180.42034725	47
180.560534	47
180.8409075	47
180.98109424999998	47
181.12128099999998	47
181.4016545	47
181.682028	47
181.9624015	47
182.10258825	47
182.242775	47
182.5231485	47
182.66333525	47
182.803522	47
183.08389549999998	47
183.22408224999998	47
183.364269	47
183.6446425	47
183.925016	47
184.2053895	47
184.34557625	47
184.485763	47
184.7661365	47
184.90632324999999	47
185.04650999999998	47
185.3268835	47
185.46707025	47
185.607257	47
185.8876305	47
186.168004	47
186.4483775	47
186.58856425	47
186.728751	47
187.00912449999998	47
187.14931124999998	47
187.28949799999998	47
187.5698715	47
187.71005825	47
187.850245	47
188.1306185	47
188.27080525	47
188.410992	35
188.55117875	47
188.6913655	47
188.97173899999999	47
189.11192574999998	47
189.39229925	47
189.532486	47
189.8128595	47
190.093233	47
190.23341975	47
190.3736065	47
190.51379325	47
190.65398	35
190.65398	49
190.9343535	42
191.07454024999998	42
191.21472699999998	38
191.4901005	42
191.765474	35
192.0508475	42
192.19353425	42
192.336221	38
192.47640775	42
192.6165945	42
192.896968	35
193.1723415	42
193.31002825	42
193.44771500000002	38
193.7330885	42
194.018462	35
194.2988355	35
194.2988355	42
194.43902225	42
194.579209	38
194.71939575	42
194.8595825	42
194.99976924999999	42
195.13995599999998	35
195.42032949999998	42
195.56051625	42
195.700703	38
195.9860765	42
196.27145	35
196.55182349999998	42
196.69201024999998	42
196.83219699999998	38
196.97238374999998	42
197.11257049999998	42
197.39294399999997	35
197.6683175	42
197.80600425	42
197.943691	38
198.2240645	42
198.504438	35
198.7848115	42
198.92499825	35
198.92499825	42
199.06518499999999	38
199.20537174999998	42
199.34555849999998	42
199.48574524999998	42
199.625932	35
199.625932	49
199.9063055	42
200.04649225	42
200.186679	38
200.4620525	42
200.737426	35
201.0227995	42
201.16548625	42
201.30817299999998	38
201.44835974999998	42
201.5885465	42
201.86892	35
202.1492935	42
202.28948025	42
202.429667	38
202.7100405	42
202.990414	35
203.27078749999998	35
203.27078749999998	42
203.41097424999998	42
203.55116099999998	38
203.69134775	42
203.8315345	42
203.97172125	42
204.111908	35
204.3972815	42
204.53996825	42
204.68265499999998	38
204.96302849999998	42
205.24340199999997	35
205.52377549999997	42
205.66396225	42
205.804149	38
205.94433575	42
206.0845225	42
206.364896	35
206.6402695	42
206.77795625	42
206.915643	38
207.19601649999998	42
207.47638999999998	35
207.7567635	42
207.89695025	35
207.89695025	42
208.037137	38
208.17732375	38
208.3175105	38
208.45769725	38
208.597884	35
208.597884	49
208.8782575	42
209.01844425	42
209.15863099999999	38
209.43900449999998	42
209.719378	35
209.9997515	42
210.13993825	42
210.280125	38
210.42031175	42
210.5604985	42
210.840872	35
211.1212455	42
211.26143224999998	42
211.40161899999998	38
211.6869925	42
211.972366	35
212.2527395	35
212.2527395	42
212.39292625	42
212.533113	38
212.67329974999998	42
212.81348649999998	42
212.95367324999998	42
213.09385999999998	35
213.37423349999997	42
213.51442024999997	42
213.65460699999997	38
213.9299805	42
214.205354	35
214.4857275	42
214.62591425	42
214.766101	38
214.90628775	42
215.0464745	42
215.32684799999998	35
215.60722149999998	42
215.74740825	42
215.887595	38
216.1679685	42
216.448342	35
216.7287155	42
216.86890225	35
216.86890225	42
217.009089	38
217.14927575	42
217.28946249999998	42
217.42964924999998	42
217.56983599999998	35
217.56983599999998	49
217.8502095	42
217.99039625	42
218.130583	38
218.4109565	42
218.69133	35
218.9717035	42
219.11189025	42
219.25207699999999	38
219.39226374999998	42
219.53245049999998	42
219.812824	35
220.0931975	42
220.23338425	42
220.373571	38
220.6539445	42
220.934318	35
221.2146915	35
221.2146915	42
221.35487824999998	42
221.49506499999998	38
221.63525174999998	42
221.77543849999998	42
221.91562525	42
222.055812	35
222.3361855	42
222.47637225	42
222.616559	38
222.8969325	42
223.177306	35
223.45767949999998	42
223.59786624999998	42
223.73805299999998	38
223.87823975	42
224.0184265	42
224.2988	35
224.5791735	42
224.71936025	42
224.859547	38
225.1399205	42
225.42029399999998	35
225.70066749999998	42
225.84085425	35
225.84085425	42
225.98104099999998	38
226.11372774999995	42
226.24641449999996	42
226.37910124999996	42