2.758374	49
3.0648619999999998	49
3.3713499999999996	49
3.667838	49
3.962705	49
4.257572000000001	49
4.552439000000001	42
4.552439000000001	49
4.700444000000001	35
4.8484490000000005	35
5.006454000000001	42
5.006454000000001	49
5.164459	35
5.307464	35
5.450469	42
5.450469	49
6.332311000000001	42
6.332311000000001	49
6.480743	35
6.629175000000001	35
6.7826070000000005	42
6.7826070000000005	49
6.936039000000001	35
7.084471000000001	35
7.232903	42
7.232903	49
7.527623	35
7.527623	42
7.527623	49
7.832343	35
7.832343	42
7.832343	49
8.117063	42
8.117063	49
8.264155	35
8.411247	35
8.563339	42
8.563339	49
8.715430999999999	35
8.862523	35
9.009615	42
9.009615	49
9.604058	42
9.604058	49
9.758203	35
9.912348	35
10.066493	42
10.066493	49
10.220638	35
10.354783	35
10.488928	42
10.488928	49
10.776863	35
10.776863	42
10.776863	49
11.074798	35
11.074798	42
11.074798	49
11.372733	42
11.372733	49
11.519021	35
11.665309	35
11.821597	42
11.821597	49
11.977885	35
12.119173	35
12.260461	42
12.260461	49
13.136229	42
13.136229	49
13.2918045	35
13.44738	35
13.5979555	42
13.5979555	49
13.748531	35
13.894106500000001	35
14.039682	42
14.039682	49
14.341369	35
14.341369	42
14.341369	49
14.643056000000001	35
14.643056000000001	42
14.643056000000001	49
14.944743	42
14.944743	49
15.091031000000001	35
15.237319000000001	35
15.383607000000001	42
15.383607000000001	49
15.529895000000002	35
15.676183000000002	35
15.822471	42
15.822471	49
16.426561999999997	42
16.426561999999997	49
16.582582	35
16.738602	35
16.884622	42
16.884622	49
17.030642	35
17.176662	35
17.322682	42
17.322682	49
17.624902	35
17.624902	42
17.624902	49
17.917122	35
17.917122	42
17.917122	49
18.219341999999997	42
18.219341999999997	49
18.361701999999998	35
18.504061999999998	35
18.651421999999997	42
18.651421999999997	49
18.798781999999996	35
18.951141999999994	35
19.103502	42
19.103502	49
19.987661999999997	42
19.987661999999997	49
20.140557499999996	35
20.293453	35
20.436348499999998	42
20.436348499999998	49
20.579243999999996	35
20.727139499999996	35
20.875034999999997	42
20.875034999999997	49
21.180470999999997	35
21.180470999999997	42
21.180470999999997	49
21.475906999999996	35
21.475906999999996	42
21.475906999999996	49
21.781342999999996	42
21.781342999999996	49
21.926826999999996	35
22.072310999999996	35
22.222794999999994	42
22.222794999999994	49
22.373278999999997	35
22.518762999999996	35
22.664246999999996	42
22.664246999999996	49
23.28155099999999	42
23.28155099999999	49
23.4214995	35
23.561447999999995	35
23.711396499999996	42
23.711396499999996	49
23.861344999999996	35
24.006293499999998	35
24.151241999999996	42
24.151241999999996	49
24.449176999999995	35
24.449176999999995	42
24.449176999999995	49
24.747111999999998	35
24.747111999999998	42
24.747111999999998	49
25.045046999999997	42
25.045046999999997	49
25.191066999999997	35
25.337086999999997	35
25.483106999999997	42
25.483106999999997	49
25.629126999999997	35
25.775146999999997	35
25.921166999999997	42
25.921166999999997	49
26.819437999999995	42
26.819437999999995	49
26.970725999999992	35
27.122013999999997	35
27.268301999999995	42
27.268301999999995	49
27.414589999999997	35
27.560877999999995	35
27.707165999999997	42
27.707165999999997	49
28.011530999999998	35
28.011530999999998	42
28.011530999999998	49
28.315896	35
28.315896	42
28.315896	49
28.620260999999996	42
28.620260999999996	49
28.766280999999996	35
28.912300999999996	35
29.053320999999997	42
29.053320999999997	49
29.194340999999994	35
29.340360999999994	35
29.486380999999994	42
29.486380999999994	49
30.124931999999994	42
30.124931999999994	49
30.265057999999996	35
30.405184	35
30.545309999999997	42
30.545309999999997	49
30.685436	35
30.825561999999998	35
30.965687999999997	42
30.965687999999997	49
31.272732999999995	35
31.272732999999995	42
31.272732999999995	49
31.579777999999997	35
31.579777999999997	42
31.579777999999997	49
31.886822999999996	42
31.886822999999996	49
32.0317715	35
32.176719999999996	35
32.321668499999994	42
32.321668499999994	49
32.466617	35
32.6115655	35
32.756513999999996	42
32.756513999999996	49
33.664784999999995	42
33.664784999999995	49
33.806609	35
33.948432999999994	35
34.10025699999999	42
34.10025699999999	49
34.252081	35
34.39890499999999	35
34.545728999999994	42
34.545728999999994	49
34.84580699999999	35
34.84580699999999	42
34.84580699999999	49
35.14588499999999	35
35.14588499999999	42
35.14588499999999	49
35.44596299999999	42
35.44596299999999	49
35.59225099999999	35
35.73853899999999	35
35.88982699999999	42
35.88982699999999	49
36.04111499999999	35
36.182402999999994	35
36.32369099999999	42
36.32369099999999	49
36.92369099999999	42
36.92369099999999	49
37.064916	35
37.206140999999995	35
37.362365999999994	42
37.362365999999994	49
37.51859099999999	35
37.65981599999999	35
37.80104099999999	42
37.80104099999999	49
38.10862099999999	35
38.10862099999999	42
38.10862099999999	49
38.416200999999994	35
38.416200999999994	42
38.416200999999994	49
38.72378099999999	42
38.72378099999999	49
38.86671549999999	35
39.009649999999986	35
39.147584499999994	42
39.147584499999994	49
39.285518999999994	35
39.433453499999985	35
39.58138799999999	42
39.58138799999999	49
40.49049299999999	42
40.49049299999999	49
40.635173499999986	35
40.779853999999986	35
40.92953449999998	42
40.92953449999998	49
41.079214999999984	35
41.21889549999999	35
41.358575999999985	42
41.358575999999985	49
41.667228999999985	35
41.667228999999985	42
41.667228999999985	49
41.975881999999984	35
41.975881999999984	42
41.975881999999984	49
42.284534999999984	42
42.284534999999984	49
42.42948349999998	35
42.57443199999999	35
42.719380499999986	42
42.719380499999986	49
42.864328999999984	35
43.00927749999998	35
43.15422599999999	42
43.15422599999999	49
43.74705799999999	42
43.74705799999999	49
43.89682899999999	35
44.04659999999999	35
44.196370999999985	42
44.196370999999985	49
44.346141999999986	35
44.480912999999994	35
44.615683999999995	42
44.615683999999995	49
44.76971899999998	35
44.76971899999998	42
44.76971899999998	49
44.92375399999999	35
44.92375399999999	42
44.92375399999999	49
45.082788999999984	35
45.082788999999984	42
45.082788999999984	49
45.53989399999999	49
45.68731599999999	35
45.83473799999999	35
45.982159999999986	38
45.982159999999986	42
46.13291533333332	35
46.28367066666666	35
46.43442599999999	42
46.87669199999999	38
46.87669199999999	49
47.31895799999999	49
47.47010499999999	35
47.62125199999999	35
47.772398999999986	38
47.772398999999986	42
47.91354599999999	35
48.054692999999986	35
48.19583999999999	49
48.64928099999999	42
48.64928099999999	49
49.102721999999986	42
49.24579733333332	35
49.38887266666665	35
49.531947999999986	38
49.531947999999986	42
49.68168999999998	35
49.83143199999999	35
49.98117399999999	42
50.44039999999999	49
50.590141999999986	35
50.73988399999999	35
50.889625999999986	38
50.889625999999986	42
51.033700999999986	35
51.17777599999999	35
51.32185099999999	49
51.623334333333325	35
51.77407599999999	49
52.226300999999985	49
52.370375999999986	35
52.51445099999998	35
52.65852599999999	38
52.65852599999999	42
52.80410266666666	35
52.94967933333332	35
53.09525599999999	42
53.551985999999985	42
53.551985999999985	49
53.99871599999999	49
54.14762599999999	35
54.29653599999999	35
54.44544599999999	38
54.44544599999999	42
54.59102266666666	35
54.736599333333324	35
54.88217599999999	49
55.33890599999999	35
55.33890599999999	49
55.78563599999999	49
55.93454599999999	35
56.083455999999984	35
56.232365999999985	38
56.232365999999985	42
56.380774999999986	35
56.52918399999999	35
56.67759299999999	49
57.12281999999998	49
57.27789566666665	35
57.43297133333332	35
57.58804699999999	38
57.58804699999999	42
57.72978933333332	35
57.871531666666655	35
58.01327399999998	49
58.310593333333316	35
58.45925299999998	49
58.91523199999998	49
59.06389166666665	35
59.212551333333316	35
59.361210999999976	42
59.503203999999975	35
59.64519699999998	35
59.78718999999998	42
60.23466999999998	35
60.23466999999998	49
60.672149999999974	42
60.821309999999976	35
60.97046999999998	35
61.11962999999998	42
61.265456666666644	35
61.41128333333331	35
61.55710999999998	49
62.01308999999998	35
62.01308999999998	49
62.459069999999976	42
62.607729999999975	35
62.756389999999975	35
62.90504999999998	42
63.05370999999998	35
63.20236999999998	35
63.35102999999998	49
63.80927599999998	49
63.95535799999999	35
64.10143999999998	35
64.24752199999999	38
64.24752199999999	42
64.393604	35
64.53968599999997	35
64.68576799999998	49
64.99126533333332	35
65.14401399999998	49
65.59472299999997	42
65.74162599999998	35
65.88852899999998	35
66.03543199999997	42
66.17900166666665	35
66.32257133333331	35
66.46614099999998	42
66.92684999999999	35
66.92684999999999	49
67.36907499999998	42
67.51648333333333	35
67.66389166666666	35
67.81129999999999	38
67.81129999999999	42
67.95870833333332	35
68.10611666666665	35
68.25352499999998	49
68.69574999999999	35
68.69574999999999	49
69.15149199999999	42
69.29340599999999	35
69.43531999999998	35
69.57723399999999	38
69.57723399999999	42
69.729148	35
69.88106199999999	35
70.03297599999999	49
70.498718	49
70.64647766666666	35
70.79423733333333	35
70.94199699999999	38
70.94199699999999	42
71.08309	35
71.224183	35
71.365276	49
71.65994133333332	35
71.65994133333332	42
71.65994133333332	49
71.96127333333334	35
71.96127333333334	42
71.96127333333334	49
72.269272	35
72.269272	49
72.867321	38
72.867321	42
73.45537	35
73.45537	42
74.063419	38
74.063419	42
74.661468	35
74.661468	42
75.263184	38
75.263184	42
75.8449	35
75.8449	42
76.140758	35
76.436616	38
76.436616	42
76.732474	35
77.028332	35
77.028332	42
77.62005300000001	38
77.62005300000001	42
78.221774	35
78.221774	42
78.82349500000001	38
78.82349500000001	42
79.415216	35
79.415216	42
79.996937	38
79.996937	42
80.588658	35
80.588658	42
81.03244875	35
81.180379	38
81.180379	42
81.47623949999999	35
81.77586601249999	35
81.77586601249999	42
82.3784280125	38
82.3784280125	42
82.9809275125	35
82.9809275125	42
83.5735520125	38
83.5735520125	42
84.172348	35
84.172348	42
84.754972	38
84.754972	42
85.347596	35
85.347596	42
85.633908	35
85.92022	38
85.92022	42
86.532844	35
86.532844	42
87.122757	38
87.122757	42
87.71267	35
87.71267	42
88.292583	38
88.292583	42
88.91249599999999	35
88.91249599999999	42
89.501443	38
89.501443	42
89.8009165	35
90.10039	35
90.10039	42
90.54960025	35
90.699337	38
90.699337	42
91.28828399999999	35
91.28828399999999	42
91.88452299999999	38
91.88452299999999	42
92.48076199999998	35
92.48076199999998	42
93.057001	38
93.057001	42
93.66323999999999	35
93.66323999999999	42
94.24762299999999	38
94.24762299999999	42
94.862006	35
94.862006	42
95.1541975	35
95.44638899999998	38
95.44638899999998	42
95.74858049999999	35
95.74858049999999	49
96.050772	35
96.050772	49
96.351648	42
96.652524	38
96.652524	42
96.9484	42
97.244276	35
97.244276	42
97.530152	35
97.530152	42
97.81602799999999	38
97.81602799999999	42
98.121904	35
98.121904	42
98.42778	49
98.57366975	49
98.7195595	49
98.7195595	49
99.01133899999999	49
99.01133899999999	49
99.3031185	49
99.44900825	49
99.594898	42
99.594898	49
99.8966775	35
99.8966775	49
100.19845699999999	42
100.34434675	42
100.4902365	35
100.782016	35
100.782016	49
100.9299325	35
101.07784899999999	35
101.07784899999999	49
101.37368199999999	38
101.37368199999999	49
101.664515	35
101.664515	49
101.80993149999999	35
101.955348	35
101.955348	49
102.256181	35
102.256181	49
102.557014	38
102.557014	49
102.85784699999999	35
102.85784699999999	49
103.15868	35
103.15868	49
103.30685625000001	35
103.4550325	35
103.4550325	49
103.751385	38
103.751385	49
104.0427375	35
104.0427375	49
104.18841375	35
104.33409	35
104.33409	49
104.6404425	35
104.6404425	49
104.94679500000001	38
104.94679500000001	49
105.2431475	35
105.2431475	49
105.5395	35
105.5395	49
105.68827950000001	35
105.83705900000001	35
105.83705900000001	49
106.134618	38
106.134618	49
106.427177	35
106.427177	49
106.57345649999999	35
106.719736	35
106.719736	49
107.02229500000001	35
107.02229500000001	49
107.324854	38
107.324854	49
107.62241300000001	35
107.62241300000001	49
107.919972	35
107.919972	49
108.06839825	35
108.2168245	35
108.2168245	49
108.513677	38
108.513677	49
108.80552949999999	35
108.80552949999999	49
108.95145575	35
109.097382	35
109.097382	49
109.3992345	35
109.3992345	49
109.701087	38
109.701087	49
110.0029395	35
110.0029395	49
110.30479199999999	35
110.30479199999999	49
110.45191824999999	35
110.59904449999999	35
110.59904449999999	49
110.893297	38
110.893297	49
111.18754949999999	35
111.18754949999999	49
111.33467574999999	35
111.481802	35
111.481802	49
111.7810545	35
111.7810545	49
112.08030699999999	38
112.08030699999999	49
112.3795595	35
112.3795595	49
112.678812	35
112.678812	49
112.82737175	35
112.97593149999999	35
112.97593149999999	49
113.273051	38
113.273051	49
113.56517049999998	35
113.56517049999998	49
113.71123024999999	35
113.85728999999999	35
113.85728999999999	49
114.15440949999999	35
114.15440949999999	49
114.451529	38
114.451529	49
114.74864849999999	35
114.74864849999999	49
115.045768	35
115.045768	49
115.190758	35
115.335748	35
115.335748	49
115.62572800000001	38
115.62572800000001	49
115.925708	35
115.925708	49
116.075698	35
116.22568799999999	35
116.22568799999999	49
116.520668	35
116.520668	49
116.815648	38
116.815648	49
117.11062799999999	35
117.11062799999999	49
117.405608	35
117.405608	49
117.55833525000001	35
117.71106250000001	35
117.71106250000001	49
118.01651700000001	38
118.01651700000001	49
118.31197150000001	35
118.31197150000001	49
118.45969875000002	35
118.60742600000002	35
118.60742600000002	49
118.90288050000001	35
118.90288050000001	49
119.19833500000001	38
119.19833500000001	49
119.4987895	35
119.4987895	49
119.799244	35
119.799244	49
120.401058	38
120.401058	42
120.992872	35
120.992872	42
121.584686	38
121.584686	42
122.18650000000001	35
122.18650000000001	42
122.77082800000001	38
122.77082800000001	42
123.36515600000001	35
123.36515600000001	42
123.65732000000001	35
123.94948400000001	38
123.94948400000001	42
124.55381200000001	35
124.55381200000001	42
125.154172	38
125.154172	42
125.75453200000001	35
125.75453200000001	42
126.344892	38
126.344892	42
126.93402208333335	35
126.93402208333335	42
127.52818813750001	38
127.52818813750001	42
127.826513	35
128.1223621375	35
128.1223621375	42
128.5617305	35
128.70655697083333	38
128.70655697083333	42
129.301948	35
129.301948	42
129.88663800000003	38
129.88663800000003	42
130.491328	35
130.491328	42
131.07601800000003	38
131.07601800000003	42
131.690708	35
131.690708	42
132.275302	38
132.275302	42
132.869896	35
132.869896	42
133.172193	35
133.47449	38
133.47449	42
133.771787	35
133.771787	49
134.069084	35
134.069084	49
134.3626075	42
134.65613100000002	38
134.65613100000002	42
134.9646545	42
135.273178	35
135.273178	42
135.5567015	35
135.5567015	42
135.84022500000003	38
135.84022500000003	42
136.13374850000002	35
136.13374850000002	42
136.42727200000002	49
136.5764	49
136.72552800000003	49
136.72552800000003	49
137.023784	49
137.023784	49
137.31704000000002	49
137.46366799999998	49
137.610296	42
137.610296	49
137.91355199999998	35
137.91355199999998	49
138.21680800000001	42
138.365936	42
138.51506400000002	35
138.51506400000002	49
138.81332	35
138.81332	49
138.81332	49
138.95994800000003	35
139.10657600000002	35
139.10657600000002	49
139.399832	38
139.399832	49
139.69808799999998	35
139.69808799999998	49
139.847216	35
139.996344	35
139.996344	49
140.2946	35
140.2946	49
140.59285599999998	35
140.59285599999998	38
140.59285599999998	49
140.741984	35
140.891112	35
140.891112	49
141.189368	35
141.189368	49
141.33841	35
141.487452	35
141.487452	49
141.785536	38
141.785536	49
142.07862	35
142.07862	49
142.225162	35
142.37170400000002	35
142.37170400000002	49
142.669788	35
142.669788	49
142.967872	35
142.967872	38
142.967872	49
143.119414	35
143.270956	35
143.270956	49
143.57404	35
143.57404	49
143.72294	35
143.87184	35
143.87184	49
144.16964000000002	38
144.16964000000002	49
144.45744000000002	35
144.45744000000002	49
144.60134	35
144.74524	35
144.74524	49
145.04304	35
145.04304	49
145.34084000000001	35
145.34084000000001	38
145.34084000000001	49
145.48724	35
145.63364	35
145.63364	49
145.92644	35
145.92644	49
146.0772335	35
146.22802700000003	35
146.22802700000003	49
146.529614	38
146.529614	49
146.82120100000003	35
146.82120100000003	49
146.9669945	35
147.112788	35
147.112788	49
147.409375	35
147.409375	49
147.705962	35
147.705962	38
147.705962	49
147.85675550000002	35
148.007549	35
148.007549	49
148.30913600000002	35
148.30913600000002	49
148.45992950000002	35
148.610723	35
148.610723	49
148.91231000000002	38
148.91231000000002	49
149.203897	35
149.203897	49
149.3496905	35
149.495484	35
149.495484	49
149.79207100000002	35
149.79207100000002	49
150.088658	35
150.088658	38
150.088658	49
150.2369515	35
150.385245	35
150.385245	49
150.68183199999999	35
150.68183199999999	49
150.8311235	35
150.98041499999997	35
150.98041499999997	49
151.278998	38
151.278998	49
151.57258099999999	35
151.57258099999999	49
151.7193725	35
151.866164	35
151.866164	49
152.16974699999997	35
152.16974699999997	49
152.47332999999998	35
152.47332999999998	38
152.47332999999998	49
152.62012149999998	35
152.766913	35
152.766913	49
153.060496	35
153.060496	49
153.20970925	35
153.3589225	35
153.3589225	49
153.65734899999998	38
153.65734899999998	49
153.9507755	35
153.9507755	49
154.09748875	35
154.244202	35
154.244202	49
154.5426285	35
154.5426285	49
154.84105499999998	35
154.84105499999998	38
154.84105499999998	49
154.98776825	35
155.1344815	35
155.1344815	49
155.427908	35
155.427908	49
155.5812405	35
155.73457299999998	35
155.73457299999998	49
156.041238	38
156.041238	49
156.337903	35
156.337903	49
156.4862355	35
156.634568	35
156.634568	49
156.926233	35
156.926233	49
157.217898	35
157.217898	38
157.217898	49
157.3662305	35
157.51456299999998	35
157.51456299999998	49
157.81122799999997	49
158.11105999999998	49
158.41089199999996	38
158.41089199999996	49
158.71072399999997	35
158.71072399999997	49
159.01055599999998	49
159.29538799999995	35
159.29538799999995	49
159.58021999999997	38
159.58021999999997	49
159.900052	35
159.900052	49
160.21988399999998	35
160.64511374999998	42
160.78685699999997	35
160.78685699999997	42
161.08034349999994	35
161.08034349999994	42
161.37382999999997	49
161.52557324999995	49
161.6773165	42
161.82905974999997	42
161.98080299999998	42
162.12754624999997	42
162.27428949999995	42
162.42103274999997	42
162.56777599999995	49
163.18040299999996	49
164.39565699999997	49
165.52905299999998	49
166.70059099999997	49
167.01097549999997	35
167.01097549999997	49
167.32135999999997	35
167.32135999999997	49
167.92212899999998	49
169.113667	49
170.2941863645833	49
171.4558923645833	49
171.7599215	35
171.7599215	49
172.05784799999998	35
172.05784799999998	49
172.64370099999996	49
173.85540699999996	49
175.05240499999996	49
176.204695	49
177.34663899999995	49
178.398237	49
179.815317	49
180.96190499999997	49
182.158493	49
183.34655899999998	49
184.54462499999997	49
185.74921099999997	49
186.94379699999996	49
188.10838299999998	49
189.302969	49
190.50681099999997	49
191.680653	49
192.960251	49
194.109849	49
195.25991100000002	49
196.419973	49
197.59803699999998	49
198.796101	49
200.00801900000002	49
200.608978	49
201.20993700000002	42
201.49141200000003	49
202.05436200000003	42
202.33583700000003	49
202.652312	42
202.96878700000002	49
203.270262	49
203.571737	42
203.86121200000002	49
204.15068700000003	49
204.45016200000003	42
204.74963700000004	49
205.04911200000004	42
205.34858700000004	35
205.34858700000004	49
205.66806200000002	35
205.98753700000003	42
206.53913000000003	42
207.15072300000003	42
207.43651950000003	35
207.73231600000003	35
207.73231600000003	42
208.02811250000002	35
208.326231	42
208.927468	35
208.927468	42
209.23058650000002	35
209.528705	42
210.119942	35
210.119942	42
210.41306050000003	35
210.71027500000002	42
211.30470400000002	42
211.89413300000004	42
212.18634750000004	35
212.48856200000003	35
212.48856200000003	42
212.79077650000002	35
213.08163700000003	42
213.67335800000004	35
213.67335800000004	42
213.97421850000003	35
214.270079	42
214.86180000000002	35
214.86180000000002	49
215.15766050000002	35
215.45442450000002	42
216.0479525	42
216.6314805	42
216.91824450000001	35
217.22000850000003	35
217.22000850000003	42
217.52177250000003	35
217.81601950000004	42
218.41451350000003	35
218.41451350000003	42
218.7087605	35
219.01300750000001	42
219.59150150000002	35
219.59150150000002	49
219.905711	35
220.21992050000003	42
220.79833950000003	42
221.4267585	42
221.70596800000004	35
221.98517750000002	35
221.98517750000002	42
222.2780925	35
222.57100750000004	42
223.16683750000004	35
223.16683750000004	42
223.46475250000003	35
223.76266750000002	42
224.35849750000003	35
224.35849750000003	49
224.65894400000002	35
224.9593905	42
225.5602835	42
226.16117650000004	42
226.45162300000004	35
226.7420695	35
226.7420695	42
227.0375265	35
227.3329835	42
227.93389750000003	35
227.93389750000003	42
228.22935450000003	35
228.52481150000003	42
228.80526850000004	35
229.08572550000002	35
229.08572550000002	49
229.73089450000003	35
230.00847900000005	35
230.2860635	35
230.2860635	42
230.2860635	49
230.8912325	35
231.178817	35
231.46640150000002	35
231.46640150000002	42
231.46640150000002	49
231.77093050000002	42
231.92319500000002	42
232.07545950000002	49
232.07545950000002	49
232.37998850000002	49
232.53225300000003	49
232.68451750000003	49
232.68451750000003	49
232.97904650000004	49
233.12631100000002	49
233.27357550000002	49
233.42084	49
233.5681045	42
233.715369	42
233.86263350000002	35
233.86263350000002	49
234.168162	49
234.4736905	38
234.4736905	49
234.76421900000003	35
234.76421900000003	49
235.05474750000002	35
235.05474750000002	49
235.34027600000002	49
235.6258045	38
235.6258045	49
235.921333	49
236.21686150000002	35
236.21686150000002	49
236.51714550000003	49
236.81742950000003	38
236.81742950000003	49
237.1177135	49
237.4179975	35
237.4179975	49
237.71328150000002	35
237.71328150000002	49
238.0085655	38
238.0085655	49
238.3088495	35
238.3088495	49
238.6091335	35
238.6091335	49
238.9082945	49
239.2074555	38
239.2074555	49
239.5016165	49
239.7957775	35
239.7957775	49
240.0949385	49
240.3940995	38
240.3940995	49
240.6932605	49
240.99242150000003	35
240.99242150000003	49
241.29304850000003	49
241.59367550000002	38
241.59367550000002	49
241.8943025	49
242.19492950000006	35
242.19492950000006	49
242.47555650000007	49
242.61587000000003	35
242.75618350000005	38
242.75618350000005	49
243.05681050000004	49
243.35743750000003	35
243.35743750000003	49
243.65765050000005	49
243.95786350000003	38
243.95786350000003	49
244.25807650000004	49
244.55828950000003	35
244.55828950000003	49
244.85850250000004	35
244.85850250000004	49
245.15871550000003	38
245.15871550000003	49
245.45892850000004	49
245.75914150000003	35
245.75914150000003	49
246.04735600000004	49
246.33557050000005	38
246.33557050000005	49
246.63378500000002	49
246.93199950000002	35
246.93199950000002	49
247.22521400000002	35
247.22521400000002	49
247.51842850000003	38
247.51842850000003	49
247.81664300000003	49
248.11485750000003	35
248.11485750000003	49
248.41873500000003	49
248.72261250000005	38
248.72261250000005	49
249.02149000000006	49
249.32036750000006	35
249.32036750000006	49
249.60924500000004	35
249.60924500000004	49
249.89812250000003	38
249.89812250000003	49
250.19700000000003	49
250.49587750000003	35
250.49587750000003	49
250.78604900000005	49
251.07622050000003	38
251.07622050000003	49
251.37639200000004	49
251.67656350000004	35
251.67656350000004	49
251.95673500000004	49
252.09682075000003	35
252.23690650000003	38
252.23690650000003	49
252.54207800000003	35
252.54207800000003	49
252.84724950000003	35
252.84724950000003	49
253.4605845	35
253.4605845	49
253.4605845	49
253.76225200000002	35
253.76225200000002	42
253.76225200000002	49
254.35058700000005	35
254.6372545	35
254.6372545	42
254.6372545	49
254.948922	35
255.26058950000004	35
255.26058950000004	49
255.83637850000002	35
255.83637850000002	42
256.134273	49
256.4321675	49
256.7300620000001	35
256.7300620000001	49
257.0279565000001	35
257.0279565000001	49
257.17690375000006	49
257.32585100000006	49
257.47479825000005	49
257.62374550000004	35
257.62374550000004	42
257.62374550000004	49
337.27296824999996	49
338.10266025	49
339.0046715	35
339.0046715	42
339.0046715	49
341.97167249999995	35
341.97167249999995	42
341.97167249999995	49
342.242295125	35
342.242295125	42
342.242295125	49
342.58023849999995	35
342.58023849999995	42
342.58023849999995	49
343.4249014999999	35
343.4249014999999	42
343.4249014999999	49
344.65007449999996	35
344.65007449999996	42
344.65007449999996	49
344.93759349999993	35
344.93759349999993	42
344.93759349999993	49
345.23511249999996	35
345.23511249999996	42
345.23511249999996	49
345.85773649999993	35
346.0058924999999	35
346.15404849999993	35
346.15404849999993	42
346.15404849999993	49
347.0365964999999	35
347.0365964999999	42
347.0365964999999	49
349.0971634999999	35
349.0971634999999	42
349.0971634999999	49
349.39263449999993	35
349.39263449999993	42
349.39263449999993	49
349.6881054999999	35
349.6881054999999	42
349.6881054999999	49
350.5734294999999	35
350.5734294999999	42
350.5734294999999	49
350.7203804999999	35
350.7203804999999	42
350.7203804999999	49
350.8673314999999	35
350.8673314999999	42
350.8673314999999	49
351.4551354999999	35
351.4551354999999	42
351.4551354999999	49
351.7659014999999	35
351.7659014999999	49
351.7659014999999	49
351.9112844999999	35
351.9112844999999	42
352.05666749999995	35
352.05666749999995	42
352.37743349999994	35
352.37743349999994	42
352.37743349999994	49
352.67097349999995	35
353.26805349999995	35
353.26805349999995	49
353.57918349999994	49
353.88031349999994	35
353.88031349999994	49
354.17144349999995	35
354.17144349999995	49
354.4641425	49
354.7368414999999	35
354.7368414999999	49
355.03954049999993	35
355.03954049999993	49
355.35103449999997	49
355.64252849999997	35
355.64252849999997	49
355.94402249999996	38
355.94402249999996	49
356.23437149999995	49
356.52472049999994	35
356.52472049999994	49
356.81506949999994	35
356.81506949999994	49
357.1159794999999	49
357.4068894999999	35
357.4068894999999	49
357.72779949999995	38
357.72779949999995	49
358.0202925	49
358.31278549999996	35
358.31278549999996	49
358.6152785	35
358.6152785	49
358.9067725	49
359.1982665	35
359.1982665	49
359.4997605	38
359.4997605	49
359.7960725	35
359.7960725	49
360.10238449999997	35
360.10238449999997	49
360.3886965	35
360.3886965	49
360.6998265	49
361.0009565	35
361.0009565	49
361.31208649999996	38
361.31208649999996	49
361.59442049999996	49
361.8867545	35
361.8867545	49
362.1790885	35
362.1790885	49
362.5017875	49
362.77448649999997	35
362.77448649999997	49
363.0671855	38
363.0671855	49
363.35229350000003	49
363.6474015	35
363.6474015	49
363.9525095	35
363.9525095	49
364.2600255	49
364.5475415	35
364.5475415	49
364.8550575	38
364.8550575	49
365.15498249999996	49
365.4549075	35
365.4549075	49
365.75483249999996	35
365.75483249999996	49
366.05234849999994	49
366.3398645	35
366.3398645	49
366.63738049999995	38
366.63738049999995	49
366.9300795	35
366.9300795	49
367.07642899999996	49
367.22277849999995	35
367.22277849999995	49
367.36912799999993	49
367.5154775	35
367.5154775	49
367.81456149999997	49
368.13364549999994	35
368.13364549999994	49
368.43272949999994	38
368.43272949999994	49
368.73017849999997	49
369.0176275	35
369.0176275	49
369.3050765	35
369.3050765	49
369.61288449999995	49
369.9006925	35
369.9006925	49
370.19850049999997	38
370.19850049999997	49
370.4915625	49
370.78462449999995	35
370.78462449999995	49
371.07768649999997	38
371.07768649999997	49
371.36943449999995	49
371.6811825	35
371.6811825	49
371.97293049999996	38
371.97293049999996	49
372.2700835	49
372.5672365	35
372.5672365	49
372.8743895	38
372.8743895	49
373.16986049999997	49
373.4553315	35
373.4553315	49
373.75080249999996	38
373.75080249999996	49
374.05313649999994	35
374.05313649999994	49
374.3454705	35
374.3454705	49
374.64780449999995	38
374.64780449999995	49
374.95291249999997	49
375.24802049999994	35
375.24802049999994	49
375.54312849999997	38
375.54312849999997	49
375.84546249999994	49
376.14779649999997	35
376.14779649999997	49
376.43013049999996	35
376.43013049999996	49
376.7328295	49
377.01552849999996	35
377.01552849999996	49
377.32822749999997	38
377.32822749999997	49
377.62212949999997	49
377.9060315	35
377.9060315	49
378.1999335	38
378.1999335	49
378.4962455	49
378.8025575	35
378.8025575	49
379.0988695	38
379.0988695	49
379.4039775	49
379.69908549999997	35
379.69908549999997	49
379.9941935	38
379.9941935	49
380.2897765	49
380.59535950000003	42
380.8909425	35
380.8909425	49
381.1784585	49
381.4659745	42
381.7634905	35
381.7634905	42
381.7634905	49
384.72076150000004	35
384.72076150000004	42
384.72076150000004	49
385.01379750000007	35
385.01379750000007	42
385.01379750000007	49
385.3268335	35
385.3268335	42
385.3268335	49
388.2962695	35
388.2962695	49
388.5789135	35
388.5789135	49
388.88155750000004	35
388.88155750000004	49
389.18338950000003	35
389.18338950000003	49
389.78705350000007	35
389.78705350000007	49
390.0860195000001	35
390.0860195000001	49
390.6739515000001	35
390.6739515000001	49
390.9702635000001	35
390.9702635000001	49
391.5628875000001	35
391.5628875000001	49
391.8598845000001	35
391.8598845000001	49
392.1568815000001	35
392.1568815000001	49
392.4638785000001	35
392.4638785000001	49
392.61151100000006	35
392.61151100000006	49
392.7591435000001	35
392.7591435000001	49
393.3696735000001	35
393.3696735000001	49
393.5142155000001	35
393.5142155000001	49
393.6587575000001	35
393.6587575000001	49
394.2469255000001	35
394.2469255000001	49
394.5432375000001	35
394.5432375000001	49
394.8295495000001	35
394.8295495000001	49
395.1258615000001	35
395.1258615000001	49
395.43578650000006	35
395.43578650000006	42
395.43578650000006	49
395.7357115000001	35
395.7357115000001	42
395.7357115000001	49
396.03563650000007	35
396.03563650000007	38
396.03563650000007	49
396.33947050000006	35
396.33947050000006	49
396.4913875000001	35
396.64330450000006	49
396.92713850000007	35
396.92713850000007	38
396.92713850000007	49
397.23275950000004	35
397.23275950000004	49
397.3805700000001	35
397.5283805000001	49
397.83400150000006	35
397.83400150000006	38
397.83400150000006	49
398.12709650000005	35
398.12709650000005	49
398.27364400000005	35
398.42019150000004	49
398.71328650000004	35
398.71328650000004	38
398.71328650000004	49
398.99806250000006	35
398.99806250000006	49
399.15045050000003	35
399.3028385	49
399.5976145	35
399.5976145	38
399.5976145	49
399.9042585	35
399.9042585	49
400.04758050000004	35
400.1909025	49
400.4875465	35
400.4875465	38
400.4875465	49
400.7874715	35
400.7874715	49
400.932434	35
401.0773965	49
401.3773215	35
401.3773215	38
401.3773215	49
401.6700205	35
401.6700205	49
401.82637	35
401.9827195	49
402.2654185	35
402.2654185	38
402.2654185	49
402.5665485	35
402.5665485	49
402.7171135	35
402.8676785	49
403.0182435	35
403.1688085	35
403.1688085	38
403.1688085	49
403.4587335	35
403.4587335	49
403.608696	35
403.7586585	49
403.90862100000004	35
404.0585835	35
404.0585835	38
404.0585835	49
404.3612825	35
404.3612825	49
404.502632	35
404.6439815	49
404.790331	35
404.9366805	35
404.9366805	38
404.9366805	49
405.2378105	35
405.2378105	49
405.3883755	35
405.5389405	49
405.6845055	35
405.83007050000003	35
405.83007050000003	38
405.83007050000003	49
406.12276950000006	35
406.12276950000006	49
406.41546850000003	35
406.41546850000003	49
406.71816750000005	35
406.71816750000005	38
406.71816750000005	49
407.0180925	35
407.0180925	49
407.17305500000003	35
407.32801750000004	49
407.47798000000006	35
407.6279425	35
407.6279425	38
407.6279425	49
407.92991350000005	35
407.92991350000005	49
408.08089900000004	35
408.23188450000004	49
408.37287	35
408.51385550000003	49
408.80896350000006	49
408.9565175	49
409.10407150000003	49
409.25162550000005	49
409.39917950000006	35
409.39917950000006	49
409.39917950000006	49
409.54149500000005	35
409.54149500000005	49
409.54149500000005	49
409.68381050000005	49
409.8261260000001	49
409.9684415000001	35
409.9684415000001	42
410.1207570000001	35
410.1207570000001	42
410.27307250000007	35
410.27307250000007	49
410.5698895000001	49
410.88670650000006	35
410.88670650000006	49
411.1935235000001	38
411.1935235000001	49
411.5022155000001	49
411.8009075000001	35
411.8009075000001	49
412.0995995000001	35
412.0995995000001	49
412.3802525000001	49
412.6709055000001	35
412.6709055000001	49
412.97155850000007	38
412.97155850000007	49
413.2650985000001	49
413.5586385000001	35
413.5586385000001	49
413.8521785000001	35
413.8521785000001	49
414.1508985000001	49
414.4496185000001	35
414.4496185000001	49
414.7483385000001	38
414.7483385000001	49
415.0518785000001	49
415.33541850000006	35
415.33541850000006	49
415.63895850000006	35
415.63895850000006	49
415.9384075000001	49
416.2278565000001	35
416.2278565000001	49
416.5173055000001	38
416.5173055000001	49
416.8232545000001	35
416.8232545000001	49
416.9662290000001	49
417.1092035000001	35
417.1092035000001	49
417.2571780000001	49
417.4051525000001	35
417.4051525000001	49
417.7050775000001	49
418.0250025000001	35
418.0250025000001	49
418.32492750000006	38
418.32492750000006	49
418.61726150000004	49
418.89959550000003	35
418.89959550000003	49
419.21192950000005	38
419.21192950000005	49
419.51378650000004	49
419.79564350000004	35
419.79564350000004	49
420.08750050000003	38
420.08750050000003	49
420.3938125	35
420.3938125	49
420.5369685	49
420.68012450000003	35
420.68012450000003	49
420.8232805	49
420.96643650000004	38
420.96643650000004	49
421.26515650000005	49
421.58387650000003	35
421.58387650000003	49
421.88259650000003	38
421.88259650000003	49
422.1725215	49
422.46244650000006	35
422.46244650000006	49
422.7723715	38
422.7723715	49
423.0717035	49
423.22136950000004	49
423.3710355	35
423.3710355	49
423.52070150000003	49
423.6703675	35
423.6703675	49
423.813218	49
423.9560685	35
423.9560685	49
424.103919	49
424.2517695	35
424.2517695	42
424.39962	42
424.54747050000003	35
424.54747050000003	49
424.85257850000005	35
424.85257850000005	49
425.1476865	35
425.1476865	49
425.44279450000005	38
425.44279450000005	49
425.73633450000005	49
426.02987450000006	35
426.02987450000006	49
426.33341450000006	35
426.33341450000006	49
426.63490850000005	49
426.92640250000005	35
426.92640250000005	49
427.21789650000005	38
427.21789650000005	49
427.5154125	49
427.81292850000006	35
427.81292850000006	49
428.1104445	35
428.1104445	49
428.40675650000003	49
428.7130685	35
428.7130685	49
429.0093805	38
429.0093805	49
429.2896705000001	49
429.6099605	35
429.6099605	49
429.89025050000004	35
429.89025050000004	49
430.19138050000004	35
430.19138050000004	49
430.49251050000004	35
430.49251050000004	49
430.78364050000005	35
430.78364050000005	49
431.07272450000005	35
431.07272450000005	49
431.37180850000004	35
431.37180850000004	42
431.66089250000005	35
431.66089250000005	42
431.66089250000005	49
435.2592705	42
435.2592705	49
435.5482765	35
435.5482765	49
435.69277950000003	49
435.8372825	35
435.8372825	42
435.9817855	42
436.1262885	35
436.1262885	49
436.42384649999997	35
436.42384649999997	42
436.72140449999995	35
436.72140449999995	49
436.86518349999994	35
436.86518349999994	49
437.0089625	35
437.0089625	49
437.30888749999997	35
437.30888749999997	42
437.6088125	35
437.6088125	49
437.758775	35
437.758775	49
437.9087375	35
437.9087375	49
438.21107149999995	35
438.21107149999995	42
438.50340549999993	35
438.50340549999993	49
438.7857395	35
438.7857395	49
439.0796415	35
439.0796415	42
439.5304945	35
439.5304945	49
439.6774455	35
439.6774455	49
439.97893949999997	35
439.97893949999997	42
440.27043349999997	35
440.27043349999997	49
440.41618049999994	35
440.41618049999994	49
440.56192749999997	35
440.56192749999997	49
440.86823949999996	35
440.86823949999996	42
441.16455149999996	35
441.16455149999996	49
441.31270749999993	35
441.31270749999993	49
441.46086349999996	35
441.46086349999996	49
441.7592214999999	35
441.7592214999999	42
442.0475795	35
442.0475795	49
442.1967585	35
442.1967585	49
442.3459375	35
442.3459375	49
442.64502150000004	35
442.64502150000004	42
442.95410549999997	35
442.95410549999997	49
443.09864749999997	35
443.09864749999997	49
443.24318949999997	35
443.24318949999997	49
443.5419095	35
443.5419095	42
443.85062949999997	35
443.85062949999997	49
443.99998949999997	35
443.99998949999997	49
444.14934949999997	35
444.14934949999997	49
444.43845949999996	35
444.43845949999996	42
444.7375695	35
444.7375695	49
444.88712449999997	35
444.88712449999997	49
445.0366795	35
445.0366795	49
445.3338065	35
445.3338065	42
445.63093349999997	35
445.63093349999997	49
445.9180605	35
445.9180605	49
446.2195545	35
446.2195545	42
446.6617955	35
446.6617955	49
446.8125425	35
446.8125425	49
447.1100585	35
447.1100585	42
447.4075745	35
447.4075745	49
447.5563325	35
447.5563325	49
447.70509050000004	35
447.70509050000004	49
448.0061555000001	35
448.0061555000001	42
448.437753	35
448.437753	49
448.57828549999994	35
448.57828549999994	49
448.8790115	35
448.8790115	42
448.8790115	49
449.17973749999993	35
449.17973749999993	42
449.17973749999993	49
449.49046350000003	35
449.49046350000003	42
449.49046350000003	49
449.7860425	35
449.7860425	42
450.08162150000004	35
450.08162150000004	49
450.22441100000003	35
450.22441100000003	49
450.3672005	35
450.3672005	49
450.6686945	35
450.6686945	42
450.9701885	35
450.9701885	49
451.1159355	35
451.1159355	49
451.2616825	35
451.2616825	49
451.5631765	35
451.5631765	42
451.8646705	35
451.8646705	49
452.00541749999996	35
452.00541749999996	49
452.1461645	35
452.1461645	49
452.45211349999994	35
452.45211349999994	42
452.7380625	35
452.7380625	49
452.89103700000004	35
452.89103700000004	49
453.0440115	35
453.0440115	49
453.3355055	35
453.3355055	42
453.6369995	35
453.6369995	49
453.7827465	35
453.7827465	49
453.9284935	35
453.9284935	49
454.2223955	35
454.2223955	42
454.5262975	35
454.5262975	49
454.6732485	35
454.6732485	49
454.8201995	35
454.8201995	49
455.1225335	35
455.1225335	42
455.4248675	35
455.4248675	49
455.5710345	35
455.5710345	49
455.7172015	35
455.7172015	49
456.0199325	35
456.0199325	42
456.0199325	49
456.3126635	35
456.3126635	42
456.3126635	49
456.6153945	35
456.6153945	42
456.6153945	49
456.903474675	35
456.903474675	42
457.193366675	35
457.193366675	49
457.338312675	35
457.338312675	49
457.48507050000006	35
457.48507050000006	49
457.79886555	35
457.79886555	42
458.09405688333334	35
458.09405688333334	49
458.2416108833333	35
458.2416108833333	49
458.3903945	35
458.3903945	49
458.6903195	35
458.6903195	42
458.9902445	35
458.9902445	49
459.13520700000004	35
459.13520700000004	49
459.2801695	35
459.2801695	49
459.5812995	35
459.5812995	42
459.8824295	35
459.8824295	49
460.0329945	35
460.0329945	49
460.1835595	35
460.1835595	49
460.4674615	35
460.4674615	42
460.7713635	35
460.7713635	49
460.9183145	35
460.9183145	49
461.0652655	35
461.0652655	49
461.3639855	35
461.3639855	42
461.6627055	35
461.6627055	49
461.8120655	35
461.8120655	49
461.9614255	35
461.9614255	49
462.2577375	35
462.2577375	49
462.5540495	35
462.5540495	42
462.7022055	35
462.8503615	35
462.8503615	49
463.7509815	35
463.7509815	42
463.7509815	49
464.05488349999996	35
464.05488349999996	42
464.05488349999996	49
464.3287855000001	35
464.3287855000001	42
464.3287855000001	49
464.6526875	35
464.6526875	42
464.6526875	49
465.54607749999997	35
465.54607749999997	49
465.688449	49
465.8308205	49
465.98319200000003	35
465.98319200000003	49
466.13556350000005	49
466.28793500000006	49
466.4403065	35
466.4403065	42
466.4403065	49
466.7281875000001	35
466.7281875000001	42
466.7281875000001	49
467.0360685	35
467.0360685	42
467.0360685	49
467.3239495	42
467.3239495	49
467.470299	35
467.6166485000001	35
467.7729980000001	42
467.7729980000001	49
467.9293475	35
468.070697	35
468.21204650000004	42
468.21204650000004	49
469.1118215	42
469.1118215	49
469.2525685	35
469.3933155000001	35
469.55406250000004	42
469.55406250000004	49
469.71480949999994	35
469.84555649999993	35
469.97630350000003	42
469.97630350000003	49
470.2786375	35
470.2786375	42
470.2786375	49
470.58097150000003	35
470.58097150000003	42
470.58097150000003	49
470.8833055	42
470.8833055	49
471.0302565	35
471.17720750000007	35
471.33415850000006	42
471.33415850000006	49
471.49110949999994	35
471.6280605	35
471.7650115	42
471.7650115	49
472.38016150000004	42
472.38016150000004	49
472.5235185	35
472.66687550000006	35
472.82023250000003	42
472.82023250000003	49
472.9735895	35
473.11194650000004	35
473.25030350000003	42
473.25030350000003	49
473.5538035	35
473.5538035	42
473.5538035	49
473.85730350000006	35
473.85730350000006	42
473.85730350000006	49
474.16080350000004	42
474.16080350000004	49
474.29793600000005	35
474.43506850000006	35
474.59220100000005	42
474.59220100000005	49
474.74933350000003	35
474.88646600000004	35
475.02359850000005	42
475.02359850000005	49
475.92060050000003	42
475.92060050000003	49
476.07195	35
476.22329950000005	35
476.36964900000004	42
476.36964900000004	49
476.5159985	35
476.657348	35
476.79869750000006	42
476.79869750000006	49
477.10344050000003	35
477.10344050000003	42
477.10344050000003	49
477.40818350000006	35
477.40818350000006	42
477.40818350000006	49
477.7229265	42
477.7229265	49
477.85987750000004	35
477.99682850000005	35
478.14877950000005	42
478.14877950000005	49
478.30073050000004	35
478.44768150000004	35
478.59463250000005	42
478.59463250000005	49
479.19937632083344	42
479.19937632083344	49
479.3527148208334	35
479.5059283208334	35
479.64426682083337	42
479.64426682083337	49
479.7826469875001	35
479.92598548750004	35
480.06943591250007	42
480.06943591250007	49
480.38166850000005	35
480.38166850000005	42
480.38166850000005	49
480.67520750000006	35
480.67520750000006	42
480.67520750000006	49
480.97874650000006	35
480.97874650000006	42
480.97874650000006	49
481.2738545000001	49
481.42140850000004	49
481.56896250000005	49
481.71651650000007	49
481.8640705000001	49
482.0055160000001	49
482.1469615000001	49
482.2934070000001	49
482.4398525000001	49
482.5862980000001	49
482.7327435000001	42
482.88755850000007	42
483.0423735000001	42
483.1921885000001	42
483.3420035000001	35
483.3420035000001	49
483.63100950000006	42
483.7755125000001	35
483.9200155000001	35
483.9200155000001	42
484.22902150000004	35
484.22902150000004	49
484.5513555	35
484.5513555	42
484.8636895	42
485.1460235	38
485.1460235	42
485.4532405	35
485.4532405	42
485.7504575	35
485.7504575	42
486.03767450000004	42
486.181283	35
486.32489150000004	38
486.32489150000004	42
486.6402375	35
486.6402375	42
486.9355835	42
487.24092950000005	35
487.24092950000005	42
487.53627550000004	38
487.53627550000004	42
487.83078150000006	35
487.83078150000006	42
488.1152875000001	35
488.1152875000001	49
488.4197935	42
488.57204650000006	35
488.72429950000003	38
488.72429950000003	42
489.01790050000005	35
489.01790050000005	49
489.3215015	42
489.6251025	35
489.6251025	42
489.8987035	38
489.8987035	42
490.1904985	35
490.1904985	42
490.4822935	35
490.4822935	42
490.7740885	42
490.919986	35
491.0658835	38
491.0658835	42
491.3703895	35
491.3703895	42
491.6848955	35
491.6848955	42
491.83214849999996	38
491.97940149999994	35
491.97940149999994	42
492.1266545	35
492.27390749999995	35
492.27390749999995	49
492.55383249999994	35
492.55383249999994	38
492.70379499999996	38
492.8537575	35
492.8537575	49
493.16368249999994	42
493.31364499999995	35
493.46360749999997	38
493.46360749999997	42
493.75082349999997	35
493.75082349999997	49
494.04803949999996	42
494.34525549999995	35
494.34525549999995	42
494.6424715	38
494.6424715	42
494.9278795	35
494.9278795	42
495.2432875	35
495.2432875	42
495.5386955	42
495.6813995	35
495.8241035	38
495.8241035	42
496.12312649999996	35
496.12312649999996	42
496.4221495	42
496.72117249999997	35
496.72117249999997	42
497.0201955	38
497.0201955	42
497.3219285	35
497.3219285	42
497.6236615	35
497.6236615	49
497.9253945	42
498.071261	35
498.2171275	38
498.2171275	42
498.4961505	35
498.4961505	49
498.8151735	42
499.1141965	35
499.1141965	42
499.4132195	38
499.4132195	42
499.7022425	35
499.7022425	42
500.0112655	35
500.0112655	42
500.3102885	42
500.45980000000003	35
500.6093115	38
500.6093115	42
500.9020105	35
500.9020105	42
501.1947095	42
501.4874085	35
501.4874085	42
501.7701075	38
501.7701075	42
502.0761735	35
502.0761735	42
502.3722395	35
502.3722395	42
502.3722395	49
502.6683055	35
502.6683055	42
502.6683055	49
502.96437149999997	35
502.96437149999997	49
503.26478649999996	35
503.26478649999996	42
503.414994	42
503.56520149999994	35
503.56520149999994	42
503.56520149999994	49
503.8660924999999	35
503.8660924999999	42
503.8660924999999	49
504.1569834999999	35
504.1569834999999	49
504.30242899999996	42
504.44787449999995	35
504.44787449999995	42
504.59331999999995	42
504.73876549999994	35
504.73876549999994	42
504.73876549999994	49
505.0496584999999	35
505.0496584999999	42
505.0496584999999	49
505.33055149999996	35
505.33055149999996	49
505.63144449999993	35
505.63144449999993	42
505.7768909999999	42
505.9223374999999	35
505.9223374999999	42
505.9223374999999	49
506.2240704999999	35
506.2240704999999	42
506.2240704999999	49
506.52580349999994	49
506.6766699999999	49
506.8275364999999	42
506.9784029999999	42
507.1292694999999	35
507.1292694999999	49
507.2814899999999	35
507.4337104999999	35
507.4337104999999	49
507.7281514999999	38
507.7281514999999	49
508.0425924999999	35
508.0425924999999	49
508.1798129999999	35
508.3170334999999	35
508.3170334999999	49
508.60786149999996	35
508.60786149999996	49
508.9086894999999	38
508.9086894999999	49
509.20951749999995	35
509.20951749999995	49
509.5003454999999	35
509.5003454999999	49
509.6429729999999	35
509.7856004999999	35
509.7856004999999	49
510.08085549999987	38
510.08085549999987	49
510.37611049999987	35
510.37611049999987	49
510.52373799999987	35
510.67136549999987	35
510.67136549999987	49
510.9656204999999	35
510.9656204999999	49
511.2798754999999	38
511.2798754999999	49
511.5741304999999	35
511.5741304999999	49
511.8783854999999	35
511.8783854999999	49
512.0294579999999	35
512.1805304999999	35
512.1805304999999	49
512.4726754999999	38
512.4726754999999	49
512.7548204999999	35
512.7548204999999	49
512.9008929999999	35
513.0469654999999	35
513.0469654999999	49
513.3532674999999	35
513.3532674999999	49
513.6395695	38
513.6395695	49
513.9458715	35
513.9458715	49
514.2521734999999	35
514.2521734999999	49
514.4026504999999	35
514.5531274999998	35
514.5531274999998	49
514.8440814999999	38
514.8440814999999	49
515.1350354999998	35
515.1350354999998	49
515.2855124999999	35
515.4359894999999	35
515.4359894999999	49
515.7294655	35
515.7294655	49
516.0129414999999	38
516.0129414999999	49
516.3164175	35
516.3164175	49
516.6298935	35
516.6298935	49
516.7739845	35
516.9180755	35
516.9180755	49
517.2262575	38
517.2262575	49
517.5244395	35
517.5244395	49
517.6685305	35
517.8126215	35
517.8126215	49
518.1034495	35
518.1034495	49
518.4042775	38
518.4042775	49
518.6951055	35
518.6951055	49
519.0059335	35
519.0059335	49
519.1545414999999	35
519.3031495	35
519.3031495	49
519.6103655	38
519.6103655	49
519.8975815	35
519.8975815	49
520.0461895	35
520.1947974999999	35
520.1947974999999	49
520.4929155	35
520.4929155	49
520.7910334999999	38
520.7910334999999	49
521.0891515	35
521.0891515	49
521.3672694999999	35
521.3672694999999	49
521.5158774999999	35
521.6644855	35
521.6644855	49
521.9617014999999	38
521.9617014999999	49
522.2589174999999	35
522.2589174999999	49
522.4025254999999	35
522.5461334999999	35
522.5461334999999	49
522.8633494999999	35
522.8633494999999	49
523.1605654999998	38
523.1605654999998	49
523.4577814999999	35
523.4577814999999	49
523.7549975	35
523.7549975	49
523.9027014999999	35
524.0504054999999	35
524.0504054999999	49
524.3458135	38
524.3458135	49
524.6412214999999	35
524.6412214999999	49
524.7839254999999	35
524.9266295	35
524.9266295	49
525.2199845	35
525.2199845	49
525.5233395	38
525.5233395	49
525.8266944999999	35
525.8266944999999	49
526.1200494999999	35
526.1200494999999	49
526.2714914999999	35
526.4229334999999	35
526.4229334999999	49
526.7258175	38
526.7258175	49
527.0187014999999	35
527.0187014999999	49
527.1651435	35
527.3115855	35
527.3115855	49
527.6133185	35
527.6133185	49
527.9150515	38
527.9150515	49
528.2067845	35
528.2067845	49
528.5085175	35
528.5085175	49
528.6544150000001	35
528.8003125	35
528.8003125	49
529.1121075	38
529.1121075	49
529.4039025000001	35
529.4039025000001	49
529.5448	35
529.6856975000001	35
529.6856975000001	49
529.9920095	35
529.9920095	49
530.2883215	38
530.2883215	49
530.5946335	35
530.5946335	49
530.8909455	35
530.8909455	49
531.036812	35
531.1826785000001	35
531.1826785000001	49
531.4844115000001	38
531.4844115000001	49
531.7761445000001	35
531.7761445000001	49
531.9220110000001	35
532.0678775000001	35
532.0678775000001	49
532.3650935000002	35
532.3650935000002	49
532.6723095000001	38
532.6723095000001	49
532.9695255000001	35
532.9695255000001	49
533.2673625791667	35
533.2673625791667	49
533.4164215791667	35
533.5654805791668	35
533.5654805791668	49
533.8635985791667	38
533.8635985791667	49
534.1616957458334	35
534.1616957458334	49
534.3057547458334	35
534.4498118666667	35
534.4498118666667	49
534.7370487000001	35
534.7370487000001	49
535.0342855333333	38
535.0342855333333	49
535.3415015333334	35
535.3415015333334	49
535.6480775	35
535.6480775	49
535.794427	35
535.9407765	35
535.9407765	49
536.2434755	38
536.2434755	49
536.5361745	35
536.5361745	49
536.677524	35
536.8188735	35
536.8188735	49
537.1206065	35
537.1206065	49
537.4223395	38
537.4223395	49
537.7240725	35
537.7240725	49
538.0258055	35
538.0258055	49
538.173319	35
538.3208325	35
538.3208325	49
538.6058595000001	38
538.6058595000001	49
538.9108865000001	35
538.9108865000001	49
539.0584	35
539.2059135000001	35
539.2059135000001	49
539.4975615000001	35
539.4975615000001	49
539.8092095000001	38
539.8092095000001	49
540.1008575000001	35
540.1008575000001	49
540.3925055000001	35
540.3925055000001	49
540.5354740000001	35
540.6784425000001	35
540.6784425000001	49
540.9843795	38
540.9843795	49
541.2803165000001	35
541.2803165000001	49
541.4232850000001	35
541.5662535000001	35
541.5662535000001	49
541.8688885000001	35
541.8688885000001	49
542.1715235000001	38
542.1715235000001	49
542.4741585000002	35
542.4741585000002	49
542.7667935000002	35
542.7667935000002	49
542.9158525000001	35
543.0649115000002	35
543.0649115000002	49
543.3630295000002	38
543.3630295000002	49
543.6511475000002	35
543.6511475000002	49
543.8002065000002	35
543.9492655000001	35
543.9492655000001	49
544.2481715000001	35
544.2481715000001	49
544.5370775000001	38
544.5370775000001	49
544.8459835000001	35
544.8459835000001	49
545.1348895000001	35
545.1348895000001	49
545.2835870000001	35
545.4322845000002	35
545.4322845000002	49
545.7296795000001	38
545.7296795000001	49
546.0370745000001	35
546.0370745000001	49
546.185772	35
546.3344695000001	35
546.3344695000001	49
546.6307815	35
546.6307815	49
546.9170935000001	38
546.9170935000001	49
547.2334055	35
547.2334055	49
547.5197175000001	35
547.5197175000001	49
547.6683255	35
547.8169335000001	35
547.8169335000001	49
548.1241495	38
548.1241495	49
548.4113655000001	35
548.4113655000001	49
548.5549735000001	35
548.6985815	35
548.6985815	49
549.0012165	35
549.0012165	49
549.3038515000001	38
549.3038515000001	49
549.5964865000001	35
549.5964865000001	49
549.8991215000001	35
549.8991215000001	49
550.0495355	35
550.1999495000001	35
550.1999495000001	49
550.5007775000001	38
550.5007775000001	49
550.8016055	35
550.8016055	49
550.9470195000001	35
551.0924335000001	35
551.0924335000001	49
551.3806155000001	35
551.3806155000001	49
551.6787975000001	38
551.6787975000001	49
551.9769795000001	35
551.9769795000001	49
552.2651615000001	35
552.2651615000001	49
552.4188475000001	35
552.5725335000001	35
552.5725335000001	49
552.8599055000001	38
552.8599055000001	49
553.1672775000001	35
553.1672775000001	49
553.3159635000001	35
553.4646495000001	35
553.4646495000001	49
553.7620145000001	35
553.7620145000001	49
554.0593795000001	38
554.0593795000001	49
554.3567445	35
554.3567445	49
554.6641095	35
554.6641095	49
554.8088885	35
554.9536675	35
554.9536675	49
555.2532255000001	38
555.2532255000001	49
555.5427835000002	35
555.5427835000002	49
555.6925625000001	35
555.8423415000001	35
555.8423415000001	49
556.1442905000001	35
556.1442905000001	49
556.4262395000001	38
556.4262395000001	49
556.7281885000001	35
556.7281885000001	49
557.0301375	35
557.0301375	49
557.1825439999999	35
557.3349504999999	35
557.3349504999999	49
557.6197635	38
557.6197635	49
557.9245764999998	35
557.9245764999998	49
558.0669829999999	35
558.2093895	35
558.2093895	49
558.5072355000001	35
558.5072355000001	49
558.7950815000002	38
558.7950815000002	49
559.0929275000001	35
559.0929275000001	49
559.4007735000001	35
559.4007735000001	49
559.5474805000001	35
559.6941875000001	35
559.6941875000001	49
559.9676015000002	38
559.9676015000002	49
560.2810155	35
560.2810155	49
560.4277225000001	35
560.5744295000002	35
560.5744295000002	49
560.8726115000002	35
560.8726115000002	49
561.1707935000002	38
561.1707935000002	49
561.4789755	35
561.4789755	49
561.7571575000002	35
561.7571575000002	49
561.9078220000001	49
562.0584865000002	35
562.0584865000002	49
562.2091510000001	49
562.3598155000002	35
562.3598155000002	49
562.5104800000001	49
562.6611445000002	35
562.6611445000002	49
562.8118090000002	49
562.9624735000002	35
562.9624735000002	49
563.1086270000002	49
563.2547805000003	35
563.2547805000003	49
563.3959340000004	49
563.5370875000003	35
563.5370875000003	42
563.6882410000003	42
563.8393945000003	35
563.8393945000003	42
563.9905480000002	42
564.1417015000003	35
564.1417015000003	49
564.4323585000003	49
564.7330155000003	38
564.7330155000003	49
565.0436725000003	35
565.0436725000003	49
565.1940010000003	38
565.3443295000003	35
565.3443295000003	49
565.4893240000004	38
565.6343185000003	35
565.6343185000003	49
565.7893130000002	38
565.9443075000001	35
565.9443075000001	49
566.2442965000002	35
566.2442965000002	49
566.3892910000003	38
566.5342855000002	35
566.5342855000002	49
566.8287915000002	35
566.8287915000002	49
567.1232975000003	35
567.1232975000003	38
567.1232975000003	49
567.4178035000002	35
567.4178035000002	49
567.5650565000002	38
567.7123095000003	35
567.7123095000003	49
567.8614005000003	38
568.0104915000003	35
568.0104915000003	49
568.1545825000003	38
568.2986735000003	35
568.2986735000003	49
568.5968555000003	35
568.5968555000003	49
568.7359465000003	38
568.8750375000003	35
568.8750375000003	49
569.1913495000001	35
569.1913495000001	49
569.4776615000003	35
569.4776615000003	38
569.4776615000003	49
569.7839735000002	35
569.7839735000002	49
569.9321295000003	38
570.0802855000003	35
570.0802855000003	49
570.2311520000003	38
570.3820185000003	35
570.3820185000003	49
570.5278850000003	38
570.6737515000003	35
570.6737515000003	49
570.9754845000003	35
570.9754845000003	49
571.1213510000003	38
571.2672175000004	35
571.2672175000004	49
571.4166970000003	35
571.5661765000003	35
571.5661765000003	49
571.7156560000004	35
571.8651355000004	35
571.8651355000004	38
571.8651355000004	49
572.0146150000004	35
572.1640945000004	35
572.1640945000004	49
572.3185740000004	35
572.4730535000003	35
572.4730535000003	49
572.6221125000003	35
572.7711715000004	35
572.7711715000004	49
572.9152305000003	35
573.0592895000003	35
573.0592895000003	38
573.0592895000003	49
573.2083485000004	35
573.3574075000004	35
573.3574075000004	49
573.5064665000003	35
573.6555255000003	35
573.6555255000003	49
573.7932295000004	35
573.7932295000004	49
573.9309335000004	35
573.9309335000004	49
574.0786375000004	35
574.0786375000004	49
574.2263415000003	35
574.2263415000003	49
574.3790455000003	35
574.3790455000003	49
574.5317495000003	35
574.5317495000003	49
574.6794535000002	35
574.6794535000002	49
574.8271575000003	35
574.8271575000003	42
574.9744105000003	35
574.9744105000003	42
575.1216635000003	35
575.1216635000003	42
575.2689165000004	35
575.2689165000004	42
575.4161695000004	35
575.4161695000004	38
575.5684225000003	35
575.5684225000003	38
575.7206755000003	35
575.7206755000003	38
575.8629285000003	35
575.8629285000003	38
576.0051815000004	35
576.0051815000004	49
576.1533375000004	35
576.1533375000004	49
576.3014935000003	35
576.3014935000003	49
576.4496495000004	35
576.4496495000004	49
576.5978055000004	35
576.5978055000004	49
576.7509615000004	35
576.7509615000004	49
576.9041175000003	35
576.9041175000003	49
577.0522735000004	35
577.0522735000004	49
577.2004295000004	35
577.2004295000004	42
577.3499410000004	35
577.3499410000004	42
577.4994525000004	35
577.4994525000004	42
577.6489640000004	35
577.6489640000004	42
577.7984755000003	35
577.7984755000003	38
577.9479870000004	35
577.9479870000004	38
578.0974985000004	35
578.0974985000004	38
578.2470100000004	35
578.2470100000004	38
578.3965215000004	35
578.3965215000004	49
578.5455805000004	35
578.5455805000004	49
578.6946395000004	35
578.6946395000004	49
578.8436985000004	49
578.9927575000004	38
578.9927575000004	49
579.1468165000005	49
579.3008755000004	35
579.3008755000004	49
579.4499345000004	35
579.4499345000004	49
579.5989935000003	35
579.5989935000003	49
579.7439880000004	49
579.8889825000003	35
579.8889825000003	49
580.0389770000004	49
580.1889715000003	38
580.1889715000003	49
580.3389660000004	49
580.4889605000003	35
580.4889605000003	49
580.6339550000004	49
580.7789495000003	35
580.7789495000003	49
580.9338810000003	35
580.9338810000003	49
581.0888125000002	35
581.0888125000002	49
581.2337440000003	49
581.3786755000003	38
581.3786755000003	49
581.5286070000003	49
581.6785385000003	35
581.6785385000003	49
581.8284700000004	35
581.8284700000004	49
581.9784015000004	35
581.9784015000004	49
582.1263485000004	49
582.2742955000003	35
582.2742955000003	49
582.4172425000004	49
582.5601895000003	38
582.5601895000003	49
582.7081365000004	49
582.8560835000004	35
582.8560835000004	49
583.0090305000003	49
583.1619775000004	35
583.1619775000004	49
583.3071810000004	35
583.3071810000004	49
583.4523845000003	35
583.4523845000003	49
583.5975880000004	49
583.7427915000004	38
583.7427915000004	49
583.8979950000004	49
584.0531985000003	35
584.0531985000003	49
584.1984020000003	35
584.1984020000003	49
584.3436055000003	35
584.3436055000003	49
584.4990510000003	49
584.6544965000003	35
584.6544965000003	49
584.7999420000003	49
584.9453875000003	38
584.9453875000003	49
585.0908330000003	49
585.2362785000003	35
585.2362785000003	49
585.3817240000003	49
585.5271695000002	35
585.5271695000002	49
585.6802945000003	35
585.6802945000003	49
585.8334195000002	35
585.8334195000002	49
585.9765445000003	49
586.1196695000002	38
586.1196695000002	49
586.2727945000003	49
586.4259195000003	35
586.4259195000003	49
586.5740445000002	35
586.5740445000002	49
586.7221695000003	35
586.7221695000003	49
586.8698735000003	49
587.0175775000002	35
587.0175775000002	49
587.1652815000003	49
587.3129855000003	38
587.3129855000003	49
587.4606895000003	49
587.6083935000003	35
587.6083935000003	49
587.7560975000002	49
587.9038015000003	35
587.9038015000003	49
588.0528605000003	35
588.0528605000003	49
588.2019195000004	35
588.2019195000004	49
588.3509785000003	49
588.5000375000003	38
588.5000375000003	49
588.6490965000004	49
588.7981555000003	35
588.7981555000003	49
588.9422145000003	35
588.9422145000003	49
589.0862735000003	35
589.0862735000003	49
589.2430740000003	49
589.3998745000002	35
589.3998745000002	49
589.5466750000003	49
589.6934755000003	38
589.6934755000003	49
589.8402760000002	49
589.9870765000003	35
589.9870765000003	49
590.1388770000003	49
590.2906775000002	35
590.2906775000002	49
590.4351890000003	35
590.4351890000003	49
590.5797005000003	35
590.5797005000003	49
590.7342120000003	49
590.8887235000002	38
590.8887235000002	49
591.0382350000002	49
591.1877465000002	35
591.1877465000002	49
591.3372580000002	35
591.3372580000002	49
591.4867695000003	35
591.4867695000003	49
591.6326360000003	49
591.7785025000003	35
591.7785025000003	49
591.9243690000003	49
592.0702355000003	38
592.0702355000003	49
592.2211020000003	49
592.3719685000003	35
592.3719685000003	49
592.5228350000003	49
592.6737015000003	35
592.6737015000003	49
592.8118575000003	35
592.8118575000003	49
592.9500135000003	35
592.9500135000003	49
593.0931695000004	49
593.2363255000004	38
593.2363255000004	49
593.3844815000003	49
593.5326375000003	35
593.5326375000003	49
593.6857935000004	35
593.6857935000004	49
593.8389495000004	35
593.8389495000004	49
593.9821365000004	49
594.1253235000004	35
594.1253235000004	49
594.2735105000004	49
594.4216975000004	38
594.4216975000004	49
594.5698845000003	49
594.7180715000003	35
594.7180715000003	49
594.8762585000003	49
595.0344455000003	35
595.0344455000003	49
595.1748285000003	35
595.1748285000003	49
595.3152115000003	35
595.3152115000003	49
595.4655945000003	49
595.6159775000003	38
595.6159775000003	49
595.7663605000004	49
595.9167435000003	35
595.9167435000003	49
596.0721265000003	35
596.0721265000003	49
596.2275095000003	35
596.2275095000003	49
596.3675040000004	49
596.5074985000003	35
596.5074985000003	49
596.6574930000004	49
596.8074875000003	38
596.8074875000003	49
596.9574820000004	49
597.1074765000003	35
597.1074765000003	49
597.2574710000004	49
597.4074655000003	35
597.4074655000003	49
597.5556215000003	35
597.5556215000003	49
597.7037775000002	35
597.7037775000002	49
597.8519335000003	49
598.0000895000003	38
598.0000895000003	49
598.1532455000003	49
598.3064015000002	35
598.3064015000002	49
598.4545575000003	35
598.4545575000003	49
598.6027135000003	35
598.6027135000003	49
598.7522250000003	49
598.9017365000003	35
598.9017365000003	49
599.0512480000003	49
599.2007595000002	38
599.2007595000002	49
599.3452710000003	49
599.4897825000003	35
599.4897825000003	49
599.6392940000003	49
599.7888055000003	35
599.7888055000003	49
599.9328965000003	35
599.9328965000003	49
600.0769875000003	35
600.0769875000003	49
600.2260785000003	49
600.3751695000003	38
600.3751695000003	49
600.5292605000003	49
600.6833515000003	35
600.6833515000003	49
600.8324425000003	35
600.8324425000003	49
600.9815335000003	35
600.9815335000003	49
601.1300925000003	49
601.2786515000003	35
601.2786515000003	49
601.4172105000004	49
601.5557695000003	38
601.5557695000003	49
601.7093285000003	49
601.8628875000003	35
601.8628875000003	49
602.0164465000004	49
602.1700055000003	35
602.1700055000003	42
602.1700055000003	49
618.1762455000006	35
618.1762455000006	49
619.1805280000011	35
619.1805280000011	49
619.341099000001	35
619.341099000001	49