6.3057799999999995	38
6.626568999999999	38
7.263146999999999	38
7.263146999999999	42
7.578935999999999	35
7.578935999999999	49
7.894724999999999	42
8.210514	38
8.210514	42
8.526302999999999	35
8.526302999999999	42
8.842092	35
8.842092	42
9.157881	42
9.473669999999998	38
9.473669999999998	42
9.789458999999999	35
9.789458999999999	42
10.105248	35
10.105248	42
10.421036999999998	42
10.736825999999999	38
10.736825999999999	42
11.052615	35
11.052615	42
11.368403999999998	35
11.368403999999998	42
11.684192999999999	42
11.999982	38
11.999982	42
12.315770999999998	35
12.315770999999998	42
12.631559999999999	35
12.631559999999999	42
12.947348999999999	42
13.263137999999998	38
13.263137999999998	42
13.578926999999998	35
13.578926999999998	42
13.894715999999999	35
13.894715999999999	42
14.210504999999998	42
14.526293999999998	38
14.526293999999998	42
14.842082999999999	35
14.842082999999999	42
15.157871999999998	35
15.157871999999998	42
15.473660999999998	42
15.789449999999999	38
15.789449999999999	42
16.105238999999997	35
16.105238999999997	42
16.421028	35
16.421028	42
16.736817	42
17.052605999999997	38
17.052605999999997	42
17.368395	35
17.368395	42
17.684184	35
17.684184	42
17.999972999999997	42
18.315762	38
18.315762	42
18.631550999999998	35
18.631550999999998	42
18.947339999999997	35
18.947339999999997	42
19.263129	42
19.578917999999998	38
19.578917999999998	42
19.894706999999997	35
19.894706999999997	42
20.210496	35
20.210496	42
20.526284999999998	42
20.842073999999997	38
20.842073999999997	42
21.157863	35
21.157863	42
21.473651999999998	35
21.473651999999998	42
21.789440999999997	42
22.10523	38
22.10523	42
22.421018999999998	35
22.421018999999998	42
22.736807999999996	35
22.736807999999996	42
23.052597	42
23.368385999999997	38
23.368385999999997	42
23.684174999999996	35
23.684174999999996	42
23.999964	35
23.999964	42
24.315752999999997	42
24.631541999999996	38
24.631541999999996	42
24.947331	35
24.947331	42
25.263119999999997	35
25.263119999999997	42
25.583908999999995	38
25.583908999999995	42
25.904698	42
26.215487	35
26.215487	42
26.526275999999996	35
26.526275999999996	38
26.526275999999996	42
26.827064999999997	47
26.827064999999997	47
27.127853999999996	38
27.127853999999996	42
27.458642999999995	35
27.458642999999995	42
27.789431999999998	35
27.789431999999998	49
28.105220999999997	42
28.421009999999995	38
28.421009999999995	42
28.736798999999998	35
28.736798999999998	42
29.052587999999997	35
29.052587999999997	42
29.368376999999995	42
29.684165999999998	38
29.684165999999998	42
29.999954999999996	35
29.999954999999996	42
30.315743999999995	35
30.315743999999995	42
30.631532999999997	42
30.947321999999996	38
30.947321999999996	42
31.263110999999995	35
31.263110999999995	42
31.578899999999997	35
31.578899999999997	42
31.894688999999996	42
32.210477999999995	38
32.210477999999995	42
32.526267	35
32.526267	42
32.842056	35
32.842056	42
33.157844999999995	42
33.473634	38
33.473634	42
33.789423	35
33.789423	42
34.105211999999995	35
34.105211999999995	42
34.421001	42
34.73679	38
34.73679	42
35.052578999999994	35
35.052578999999994	42
35.368368	35
35.368368	42
35.684157	42
35.999945999999994	38
35.999945999999994	42
36.315735	35
36.315735	42
36.631524	35
36.631524	42
36.947312999999994	42
37.263101999999996	38
37.263101999999996	42
37.578891	35
37.578891	42
37.894679999999994	35
37.894679999999994	42
38.210468999999996	42
38.526258	38
38.526258	42
38.842046999999994	35
38.842046999999994	42
39.157835999999996	35
39.157835999999996	42
39.473625	42
39.789413999999994	38
39.789413999999994	42
40.105202999999996	35
40.105202999999996	42
40.420992	35
40.420992	42
40.73678099999999	42
41.052569999999996	38
41.052569999999996	42
41.368359	35
41.368359	42
41.68414799999999	35
41.68414799999999	42
41.999936999999996	42
42.315726	38
42.315726	42
42.63151499999999	35
42.63151499999999	42
42.947303999999995	35
42.947303999999995	42
43.263093	42
43.57888199999999	38
43.57888199999999	42
43.894670999999995	35
43.894670999999995	42
44.21046	35
44.21046	42
44.52624899999999	42
44.842037999999995	38
44.842037999999995	42
45.157827	35
45.157827	42
45.47361599999999	35
45.47361599999999	42
45.789404999999995	42
46.105194	38
46.105194	42
46.42098299999999	35
46.42098299999999	42
46.736771999999995	35
46.736771999999995	42
47.052561	42
47.210455499999995	38
47.36834999999999	38
47.684138999999995	47
47.684138999999995	47
47.999928	35
47.999928	49
48.31571699999999	42
48.631505999999995	38
48.631505999999995	42
48.947295	35
48.947295	42
49.26308399999999	35
49.26308399999999	42
49.578872999999994	42
49.894662	38
49.894662	42
50.21045099999999	35
50.21045099999999	42
50.526239999999994	35
50.526239999999994	42
50.842029	42
51.15781799999999	38
51.15781799999999	42
51.473606999999994	35
51.473606999999994	42
51.789395999999996	35
51.789395999999996	42
52.10518499999999	42
52.420973999999994	38
52.420973999999994	42
52.736762999999996	35
52.736762999999996	42
53.05255199999999	35
53.05255199999999	42
53.368340999999994	42
53.684129999999996	38
53.684129999999996	42
53.99991899999999	35
53.99991899999999	42
54.315707999999994	35
54.315707999999994	42
54.631496999999996	42
54.94728599999999	38
54.94728599999999	42
55.26307499999999	35
55.26307499999999	42
55.578863999999996	35
55.578863999999996	42
55.89465299999999	42
56.21044199999999	38
56.21044199999999	42
56.526230999999996	35
56.526230999999996	42
56.84201999999999	35
56.84201999999999	42
57.15780899999999	42
57.473597999999996	38
57.473597999999996	42
57.78938699999999	35
57.78938699999999	42
58.10517599999999	35
58.10517599999999	42
58.420964999999995	42
58.73675399999999	38
58.73675399999999	42
59.05254299999999	35
59.05254299999999	42
59.368331999999995	35
59.368331999999995	42
59.68412099999999	42
59.99990999999999	38
59.99990999999999	42
60.315698999999995	35
60.315698999999995	42
60.63148799999999	35
60.63148799999999	42
60.94727699999999	42
61.263065999999995	38
61.263065999999995	42
61.57885499999999	35
61.57885499999999	42
61.89464399999999	35
61.89464399999999	42
62.210432999999995	42
62.52622199999999	38
62.52622199999999	42
62.84201099999999	35
62.84201099999999	42
63.157799999999995	35
63.157799999999995	42
63.47358899999999	42
63.78937799999999	38
63.78937799999999	42
64.105167	35
64.105167	42
64.42095599999999	35
64.42095599999999	42
64.736745	42
65.052534	38
65.052534	42
65.36832299999999	35
65.36832299999999	42
65.684112	35
65.684112	42
65.999901	42
66.31568999999999	38
66.31568999999999	42
66.631479	35
66.631479	42
66.947268	35
66.947268	42
67.26305699999999	42
67.578846	38
67.578846	42
67.894635	35
67.894635	42
68.21042399999999	35
68.21042399999999	42
68.526213	42
68.842002	38
68.842002	42
69.15779099999999	35
69.15779099999999	42
69.47358	35
69.47358	42
69.789369	42
70.10515799999999	38
70.10515799999999	42
70.420947	35
70.420947	42
70.736736	35
70.736736	42
71.05252499999999	42
71.368314	38
71.368314	42
71.684103	35
71.684103	42
71.99989199999999	35
71.99989199999999	42
72.315681	42
72.63147	38
72.63147	42
72.94725899999999	35
72.94725899999999	42
73.263048	35
73.263048	42
73.578837	42
73.89462599999999	38
73.89462599999999	42
74.210415	35
74.210415	42
74.52620399999999	35
74.52620399999999	42
74.84199299999999	42
75.157782	38
75.157782	42
75.47357099999999	35
75.47357099999999	42
75.78935999999999	35
75.78935999999999	42
76.105149	42
76.42093799999999	38
76.42093799999999	42
76.73672699999999	35
76.73672699999999	42
77.052516	35
77.052516	42
77.36830499999999	42
77.68409399999999	38
77.68409399999999	42
77.999883	35
77.999883	42
78.31567199999999	35
78.31567199999999	42
78.95725	42
79.268039	35
79.57882799999999	42
79.879617	35
80.18040599999999	38
80.18040599999999	38
80.841984	35
80.841984	42
81.16277299999999	35
81.48356199999999	42
81.794351	35
82.10513999999999	35
82.41592899999999	38
82.72671799999999	38
83.04750699999998	38
83.36829599999999	35
83.36829599999999	49
83.36829599999999	49
83.684085	42
83.99987399999999	38
83.99987399999999	42
84.31566299999999	35
84.31566299999999	42
84.631452	35
84.631452	42
84.94724099999999	42
85.26302999999999	38
85.26302999999999	42
85.58381899999999	35
85.58381899999999	42
85.904608	35
85.904608	42
86.215397	42
86.526186	38
86.526186	42
86.84197499999999	35
86.84197499999999	42
87.15776399999999	35
87.15776399999999	42
87.473553	42
87.78934199999999	38
87.78934199999999	42
88.10513099999999	35
88.10513099999999	42
88.42092	35
88.42092	42
88.73670899999999	42
89.05249799999999	38
89.05249799999999	42
89.368287	35
89.368287	42
89.68407599999999	35
89.68407599999999	42
89.99986499999999	42
90.315654	38
90.315654	42
90.63144299999999	35
90.63144299999999	42
90.94723199999999	35
90.94723199999999	42
91.263021	42
91.57880999999999	38
91.57880999999999	42
91.89459899999999	35
91.89459899999999	42
92.210388	35
92.210388	42
92.52617699999999	42
92.84196599999999	38
92.84196599999999	42
93.157755	35
93.157755	42
93.47354399999999	35
93.47354399999999	42
93.78933299999998	42
94.105122	38
94.105122	42
94.42091099999999	35
94.42091099999999	42
94.73669999999998	35
94.73669999999998	42
95.052489	42
95.36827799999999	38
95.36827799999999	42
95.68406699999998	35
95.68406699999998	42
95.999856	35
95.999856	42
96.31564499999999	42
96.63143399999998	38
96.63143399999998	42
96.95222299999999	35
96.95222299999999	42
97.273012	35
97.273012	42
97.58880099999999	42
97.90459	38
97.90459	42
98.215379	35
98.215379	42
98.52616799999998	35
98.52616799999998	42
98.841957	42
99.15774599999999	38
99.15774599999999	42
99.47353499999998	35
99.47353499999998	42
99.789324	35
99.789324	42
100.10511299999999	42
100.42090199999998	38
100.42090199999998	42
100.736691	35
100.736691	42
101.05247999999999	35
101.05247999999999	42
101.36826899999998	42
101.684058	38
101.684058	42
101.99984699999999	35
101.99984699999999	42
102.31563599999998	35
102.31563599999998	42
102.631425	42
102.94721399999999	38
102.94721399999999	38
103.26300299999998	35
103.26300299999998	42
103.57879199999999	35
103.57879199999999	49
103.89458099999999	42
104.21036999999998	38
104.21036999999998	42
104.52615899999999	35
104.52615899999999	42
104.84194799999999	35
104.84194799999999	42
105.15773699999998	42
105.47352599999999	38
105.47352599999999	42
105.78931499999999	35
105.78931499999999	42
106.10510399999998	35
106.10510399999998	42
106.42089299999999	42
106.73668199999999	38
106.73668199999999	42
107.05247099999998	35
107.05247099999998	42
107.36825999999999	35
107.36825999999999	42
107.68404899999999	42
107.99983799999998	38
107.99983799999998	42
108.32062699999999	35
108.32062699999999	42
108.64141599999999	35
108.64141599999999	42
108.95720499999999	42
109.272994	38
109.272994	42
109.58878299999999	35
109.58878299999999	42
109.90457199999999	35
109.90457199999999	42
110.215361	42
110.52614999999999	38
110.52614999999999	42
110.84193899999998	35
110.84193899999998	42
111.15772799999999	35
111.15772799999999	42
111.47351699999999	42
111.78930599999998	38
111.78930599999998	42
112.11009499999999	35
112.11009499999999	42
112.43088399999999	35
112.43088399999999	42
112.74667299999999	42
113.062462	38
113.062462	42
113.37825099999999	35
113.37825099999999	42
113.69403999999999	35
113.69403999999999	42
114.004829	42
114.31561799999999	38
114.31561799999999	42
114.63140699999998	35
114.63140699999998	42
114.94719599999999	35
114.94719599999999	42
115.26298499999999	42
115.57877399999998	38
115.57877399999998	42
115.89456299999999	35
115.89456299999999	42
116.21035199999999	35
116.21035199999999	42
116.52614099999998	42
116.84192999999999	38
116.84192999999999	42
117.15771899999999	35
117.15771899999999	42
117.47350799999998	35
117.47350799999998	42
117.78929699999999	42
118.10508599999999	38
118.10508599999999	42
118.42087499999998	35
118.42087499999998	42
118.73666399999999	35
118.73666399999999	42
119.05245299999999	42
119.36824199999998	38
119.36824199999998	42
119.68403099999999	35
119.68403099999999	42
119.99981999999999	35
119.99981999999999	42
120.31560899999998	42
120.63139799999999	38
120.63139799999999	42
120.94718699999999	35
120.94718699999999	42
121.26297599999998	35
121.26297599999998	42
121.57876499999999	42
121.89455399999999	38
121.89455399999999	42
122.21034299999998	35
122.21034299999998	42
122.52613199999999	35
122.52613199999999	42
122.99981549999998	38
123.15770999999998	38
123.47349899999999	47
123.47349899999999	47
123.78928799999998	35
123.78928799999998	49
124.10507699999998	42
124.42086599999999	38
124.42086599999999	42
124.73665499999998	35
124.73665499999998	42
125.05244399999998	35
125.05244399999998	42
125.36823299999999	42
125.68402199999998	38
125.68402199999998	42
125.99981099999998	35
125.99981099999998	42
126.31559999999999	35
126.31559999999999	42
126.63138899999998	42
126.94717799999998	38
126.94717799999998	42
127.26296699999999	35
127.26296699999999	42
127.57875599999998	35
127.57875599999998	42
127.89454499999998	42
128.210334	38
128.210334	42
128.52612299999998	35
128.52612299999998	42
128.84191199999998	35
128.84191199999998	42
129.15770099999997	42
129.47349	38
129.47349	42
129.789279	35
129.789279	42
130.105068	35
130.105068	42
130.42085699999998	42
130.73664599999998	38
130.73664599999998	42
131.05243499999997	35
131.05243499999997	42
131.368224	35
131.368224	42
131.684013	42
131.999802	38
131.999802	42
132.31559099999998	42
132.63137999999998	35
132.63137999999998	42
132.94716899999997	35
132.94716899999997	42
133.262958	38
133.262958	42
133.578747	35
133.578747	42
133.894536	35
133.894536	42
134.21032499999998	42
134.52611399999998	38
134.52611399999998	42
134.84190299999997	35
134.84190299999997	42
135.157692	35
135.157692	42
135.473481	42
135.78927	38
135.78927	42
136.10505899999998	35
136.10505899999998	42
136.42084799999998	35
136.42084799999998	42
136.73663699999997	42
137.052426	38
137.052426	42
137.368215	35
137.368215	42
137.684004	35
137.684004	42
137.99979299999998	42
138.31558199999998	38
138.31558199999998	42
138.63137099999997	35
138.63137099999997	42
138.94716	35
138.94716	42
139.262949	42
139.578738	38
139.578738	42
139.89452699999998	35
139.89452699999998	42
140.21031599999998	35
140.21031599999998	42
140.52610499999997	42
140.841894	38
140.841894	42
141.157683	35
141.157683	42
141.473472	35
141.473472	42
141.78926099999998	42
142.10504999999998	38
142.10504999999998	42
142.42083899999997	35
142.42083899999997	42
142.736628	35
142.736628	42
143.052417	42
143.2103115	35
143.368206	38
143.368206	42
143.68399499999998	42
143.99978399999998	35
143.99978399999998	42
144.31557299999997	35
144.31557299999997	42
144.631362	38
144.631362	42
144.947151	35
144.947151	42
145.26294	35
145.26294	42
145.57872899999998	42
145.89451799999998	38
145.89451799999998	42
146.21030699999997	35
146.21030699999997	42
146.526096	35
146.526096	42
146.841885	42
147.157674	38
147.157674	42
147.47346299999998	35
147.47346299999998	42
147.78925199999998	35
147.78925199999998	42
148.10504099999997	42
148.42083	38
148.42083	42
148.736619	35
148.736619	42
149.05240799999999	35
149.05240799999999	42
149.36819699999998	42
149.68398599999998	38
149.68398599999998	42
149.99977499999997	35
149.99977499999997	42
150.315564	35
150.315564	42
150.631353	42
150.94714199999999	38
150.94714199999999	42
151.26293099999998	35
151.26293099999998	42
151.57871999999998	35
151.57871999999998	42
151.89517549999997	42
152.21163099999998	38
152.21163099999998	42
152.52808649999997	35
152.52808649999997	42
152.844542	35
152.844542	42
153.16099749999998	35
153.16099749999998	42
153.47745299999997	38
153.47745299999997	42
154.11036399999998	35
154.11036399999998	42
154.75327499999997	42
155.05973049999997	35
155.36618599999997	42
155.6676415	35
155.96909699999998	38
155.96909699999998	38
156.63200799999998	35
156.63200799999998	42
157.264919	42
157.58137449999998	35
157.89783	42
158.1992855	35
158.50074099999998	38
158.50074099999998	38
158.83219649999998	35
159.16365199999998	35
159.16365199999998	42
159.79456599999997	42
160.42548	42
161.04639399999996	42
161.36685099999997	35
161.68730799999997	35
161.68730799999997	42
162.318222	42
162.94913599999998	42
163.58004999999997	42
163.89550699999998	35
164.210964	35
164.210964	42
164.85187799999997	42
165.482792	42
166.11370599999998	42
166.429163	35
166.74461999999997	35
166.74461999999997	42
167.365534	42
167.996448	42
168.62736199999998	42
168.94781899999998	35
169.268276	35
169.268276	42
169.89918999999998	42
170.53010399999997	42
171.16101799999998	42
171.47647499999997	35
171.79193199999997	35
171.79193199999997	42
172.42284599999996	42
173.05375999999998	42
173.68467399999997	42
174.00013099999998	35
174.315588	35
174.315588	42
174.94650199999998	42
175.57741599999997	42
176.20833	42
176.52378699999997	35
176.83924399999998	35
176.83924399999998	42
178.11239999999998	38
178.42818899999997	38
179.05476699999997	38
179.05476699999997	42
179.36555599999997	35
179.36555599999997	49
179.36555599999997	49
179.68134499999996	42
179.997134	38
179.997134	42
180.31292299999998	35
180.31292299999998	42
180.62871199999998	35
180.62871199999998	42
180.94450099999997	42
181.26028999999997	38
181.26028999999997	42
181.581079	35
181.581079	42
181.90186799999998	35
181.90186799999998	42
182.21765699999997	42
182.53344599999997	38
182.53344599999997	42
182.84423499999997	35
182.84423499999997	42
183.15502399999997	35
183.15502399999997	42
183.47081299999996	42
183.786602	38
183.786602	42
184.10239099999998	35
184.10239099999998	42
184.41817999999998	35
184.41817999999998	42
184.73396899999997	42
185.04975799999997	38
185.04975799999997	42
185.370547	35
185.370547	42
185.69133599999998	35
185.69133599999998	42
186.00712499999997	42
186.32291399999997	38
186.32291399999997	42
186.63870299999996	35
186.63870299999996	42
186.95449199999996	35
186.95449199999996	42
187.26528099999996	42
187.57607	38
187.57607	42
187.89185899999998	35
187.89185899999998	42
188.20764799999998	35
188.20764799999998	42
188.52343699999997	42
188.83922599999997	38
188.83922599999997	42
189.160015	35
189.160015	42
189.48080399999998	35
189.48080399999998	42
189.79659299999997	42
190.11238199999997	38
190.11238199999997	42
190.42817099999996	35
190.42817099999996	42
190.74395999999996	35
190.74395999999996	42
191.05474899999996	42
191.365538	38
191.365538	42
191.68132699999998	35
191.68132699999998	42
191.99711599999998	35
191.99711599999998	42
192.31290499999997	42
192.62869399999997	38
192.62869399999997	42
192.949483	35
192.949483	42
193.27027199999998	35
193.27027199999998	42
193.58606099999997	42
193.90184999999997	38
193.90184999999997	42
194.21763899999996	35
194.21763899999996	42
194.53342799999996	35
194.53342799999996	42
194.84421699999996	42
195.155006	38
195.155006	42
195.47079499999998	35
195.47079499999998	42
195.78658399999998	35
195.78658399999998	42
196.10237299999997	42
196.41816199999997	38
196.41816199999997	42
196.738951	35
196.738951	42
197.05973999999998	35
197.05973999999998	42
197.37552899999997	42
197.69131799999997	38
197.69131799999997	42
198.00710699999996	35
198.00710699999996	42
198.32289599999996	35
198.32289599999996	38
198.32289599999996	38
198.63868499999995	35
198.63868499999995	47
198.95447399999998	35
198.95447399999998	47
199.26526299999998	47
199.26526299999998	35
199.57605199999998	35
199.57605199999998	49
199.57605199999998	49
199.89184099999997	42
200.20762999999997	38
200.20762999999997	42
200.52841899999999	35
200.52841899999999	42
200.84920799999998	35
200.84920799999998	42
201.16499699999997	42
201.48078599999997	38
201.48078599999997	42
201.79657499999996	35
201.79657499999996	42
202.11236399999996	35
202.11236399999996	42
202.42815299999995	42
202.74394199999998	38
202.74394199999998	42
203.05473099999998	35
203.05473099999998	42
203.36551999999998	35
203.36551999999998	42
203.68130899999997	42
203.99709799999997	38
203.99709799999997	42
204.312887	35
204.312887	42
204.62867599999998	35
204.62867599999998	42
204.94946499999998	42
205.27025399999997	38
205.27025399999997	42
205.58604299999996	35
205.58604299999996	42
205.90183199999996	35
205.90183199999996	42
206.21762099999995	42
206.53340999999998	38
206.53340999999998	42
206.84919899999997	35
206.84919899999997	42
207.16498799999997	35
207.16498799999997	42
207.47577699999997	42
207.78656599999997	38
207.78656599999997	42
208.10735499999998	35
208.10735499999998	42
208.42814399999997	35
208.42814399999997	42
208.74393299999997	42
209.05972199999997	38
209.05972199999997	42
209.37551099999996	35
209.37551099999996	42
209.69129999999996	35
209.69129999999996	42
210.00708899999995	42
210.32287799999997	38
210.32287799999997	42
210.63866699999997	35
210.63866699999997	42
210.95445599999996	35
210.95445599999996	42
211.26524499999996	42
211.576034	38
211.576034	42
211.891823	35
211.891823	42
212.20761199999998	35
212.20761199999998	42
212.52340099999998	42
212.83918999999997	38
212.83918999999997	42
213.15497899999997	35
213.15497899999997	42
213.47076799999996	35
213.47076799999996	42
213.78655699999996	42
214.10234599999998	38
214.10234599999998	42
214.42313499999997	35
214.42313499999997	42
214.74392399999996	35
214.74392399999996	42
215.05471299999996	42
215.365502	38
215.365502	42
215.681291	35
215.681291	42
215.99707999999998	35
215.99707999999998	42
216.31286899999998	42
216.62865799999997	38
216.62865799999997	42
216.94944699999996	35
216.94944699999996	42
217.27023599999995	35
217.27023599999995	42
217.58602499999995	42
217.90181399999997	38
217.90181399999997	42
218.21760299999997	35
218.21760299999997	42
218.53339199999996	35
218.53339199999996	38
218.53339199999996	38
218.84918099999996	35
218.84918099999996	47
218.84918099999996	47
219.16496999999998	35
219.16496999999998	38
219.16496999999998	47
219.47575899999998	35
219.47575899999998	47
219.47575899999998	47
219.78654799999998	35
219.78654799999998	49
219.78654799999998	49
220.10233699999998	42
220.41812599999997	38
220.41812599999997	42
220.73391499999997	35
220.73391499999997	42
221.04970399999996	35
221.04970399999996	42
221.37049299999995	42
221.69128199999997	38
221.69128199999997	42
222.00707099999997	35
222.00707099999997	42
222.32285999999996	35
222.32285999999996	42
222.63864899999996	42
222.95443799999998	38
222.95443799999998	42
223.26522699999998	35
223.26522699999998	42
223.57601599999998	35
223.57601599999998	42
223.89180499999998	42
224.20759399999997	38
224.20759399999997	42
224.52838299999996	35
224.52838299999996	42
224.84917199999995	35
224.84917199999995	42
225.16496099999995	42
225.48074999999997	38
225.48074999999997	42
225.79653899999997	35
225.79653899999997	42
226.11232799999996	35
226.11232799999996	42
226.42811699999996	42
226.74390599999995	38
226.74390599999995	42
227.05469499999995	35
227.05469499999995	42
227.36548399999998	35
227.36548399999998	42
227.68127299999998	42
227.997062	38
227.997062	42
228.317851	35
228.317851	42
228.63863999999995	35
228.63863999999995	42
228.95442899999995	42
229.27021799999997	38
229.27021799999997	42
229.58600699999997	35
229.58600699999997	42
229.90179599999996	35
229.90179599999996	42
230.21758499999996	42
230.53337399999998	38
230.53337399999998	42
230.84916299999998	35
230.84916299999998	42
231.16495199999994	35
231.16495199999994	42
231.47574099999994	42
231.78652999999997	38
231.78652999999997	42
232.10231899999997	35
232.10231899999997	42
232.41810799999996	35
232.41810799999996	42
232.73389699999996	42
233.04968599999998	38
233.04968599999998	42
233.36547499999998	35
233.36547499999998	42
233.681264	35
233.681264	42
234.002053	42
234.32284199999998	38
234.32284199999998	42
234.63863099999998	35
234.63863099999998	42
234.95441999999994	35
234.95441999999994	42
235.26520899999994	42
235.57599799999997	38
235.57599799999997	42
235.89178699999997	35
235.89178699999997	42
236.20757599999996	35
236.20757599999996	42
236.52336499999996	42
236.83915399999998	38
236.83915399999998	42
237.15494299999997	35
237.15494299999997	42
237.47073199999997	35
237.47073199999997	42
237.78652099999996	38
237.78652099999996	42
238.10230999999996	35
238.10230999999996	42
238.41309899999996	42
238.72388800000002	38
239.049677	38
239.68625499999993	38
239.68625499999993	42
239.99704399999996	35
239.99704399999996	49
239.99704399999996	49
240.31283299999996	42
240.628622	38
240.628622	42
240.949411	35
240.949411	42
241.27019999999996	35
241.27019999999996	42
241.58598899999998	42
241.90177799999998	38
241.90177799999998	42
242.21756699999997	35
242.21756699999997	42
242.53335599999997	35
242.53335599999997	42
242.84914499999996	42
243.16493399999993	38
243.16493399999993	42
243.47572299999993	35
243.47572299999993	42
243.78651199999996	35
243.78651199999996	42
244.10230099999995	42
244.41809	38
244.41809	42
244.738879	35
244.738879	42
245.05966799999996	35
245.05966799999996	42
245.37545699999998	42
245.69124599999998	38
245.69124599999998	42
246.00703499999997	35
246.00703499999997	42
246.32282399999997	35
246.32282399999997	42
246.63861299999996	42
246.95440199999993	38
246.95440199999993	42
247.26519099999993	35
247.26519099999993	42
247.57597999999996	35
247.57597999999996	42
247.89176899999995	42
248.207558	38
248.207558	42
248.528347	35
248.528347	42
248.84913599999996	35
248.84913599999996	42
249.16492499999998	42
249.48071399999998	38
249.48071399999998	42
249.79650299999997	35
249.79650299999997	42
250.11229199999997	35
250.11229199999997	42
250.42808099999996	42
250.74386999999993	38
250.74386999999993	42
251.05465899999993	35
251.05465899999993	42
251.36544799999996	35
251.36544799999996	42
251.68123699999995	42
251.99702599999998	38
251.99702599999998	42
252.31281499999997	35
252.31281499999997	42
252.62860399999997	35
252.62860399999997	42
252.944393	42
253.26018200000001	38
253.26018200000001	42
253.580971	35
253.580971	42
253.90175999999997	35
253.90175999999997	42
254.21754899999996	42
254.53333799999996	38
254.53333799999996	42
254.84912699999995	35
254.84912699999995	42
255.16491599999992	35
255.16491599999992	42
255.47570499999992	42
255.78649399999998	38
255.78649399999998	42
256.10228299999994	35
256.10228299999994	42
256.41807199999994	35
256.41807199999994	42
256.733861	42
257.04965	38
257.04965	42
257.370439	35
257.370439	42
257.69122799999997	35
257.69122799999997	42
258.00701699999996	35
258.00701699999996	42
258.32280599999996	38
258.32280599999996	42
258.63859499999995	35
258.63859499999995	42
258.95438399999995	35
258.95438399999995	38
258.95438399999995	38
259.26517299999995	47
259.26517299999995	47
259.26517299999995	35
259.575962	35
259.575962	47
259.575962	47
259.891751	35
259.891751	47
259.891751	47
260.20754	35
260.20754	49
260.20754	49
260.523329	42
260.839118	38
260.839118	42
261.159907	35
261.159907	42
261.48069599999997	35
261.48069599999997	42
261.79648499999996	42
262.11227399999996	38
262.11227399999996	42
262.42839549999997	35
262.42839549999997	42
262.744517	35
262.744517	42
263.0556385	42
263.36675999999994	38
263.36675999999994	42
263.68288149999995	35
263.68288149999995	42
263.99900299999996	35
263.99900299999996	42
264.31512449999997	42
264.631246	38
264.631246	42
264.9473675	35
264.9473675	42
265.263489	35
265.263489	42
265.57961049999994	42
265.89573199999995	38
265.89573199999995	42
266.21185349999996	35
266.21185349999996	42
266.52797499999997	35
266.52797499999997	42
266.8440965	42
267.160218	38
267.160218	42
267.47633949999994	35
267.47633949999994	42
267.79246099999995	35
267.79246099999995	42
268.10858249999995	42
268.42470399999996	38
268.42470399999996	42
268.74082549999997	35
268.74082549999997	42
269.056947	35
269.056947	42
269.3730685	42
269.68918999999994	38
269.68918999999994	42
270.00531149999995	35
270.00531149999995	42
270.32143299999996	35
270.32143299999996	42
270.63755449999996	42
270.953676	38
270.953676	42
271.2647975	35
271.2647975	42
271.575919	35
271.575919	42
271.89204049999995	42
272.20816199999996	38
272.20816199999996	42
272.52428349999997	35
272.52428349999997	42
272.840405	35
272.840405	42
273.15619399999997	42
273.47198299999997	38
273.47198299999997	42
273.78777199999996	35
273.78777199999996	42
274.10356099999996	35
274.10356099999996	42
274.41934999999995	42
274.735139	38
274.735139	42
275.050928	35
275.050928	42
275.366717	35
275.366717	42
275.682506	42
275.998295	38
275.998295	42
276.319084	35
276.319084	42
276.63987299999997	35
276.63987299999997	42
276.95566199999996	42
277.27145099999996	38
277.27145099999996	42
277.58723999999995	35
277.58723999999995	42
277.90302899999995	35
277.90302899999995	42
278.21881799999994	35
278.21881799999994	42
278.53460699999994	38
278.53460699999994	42
278.845396	35
278.845396	42
279.156185	47
279.156185	47
279.471974	47
279.471974	47
279.787763	47
279.787763	47
280.103552	47
280.103552	47
280.419341	35
280.419341	49
280.419341	49
280.73512999999997	42
281.05091899999996	38
281.05091899999996	42
281.36670799999996	35
281.36670799999996	42
281.68249699999996	35
281.68249699999996	42
281.99828599999995	42
282.314075	38
282.314075	42
282.629864	35
282.629864	42
282.945653	35
282.945653	42
283.261442	42
283.577231	38
283.577231	42
283.89302	35
283.89302	42
284.208809	35
284.208809	42
284.52459799999997	42
284.84038699999996	38
284.84038699999996	42
285.15617599999996	35
285.15617599999996	42
285.47196499999995	35
285.47196499999995	42
285.78775399999995	42
286.10354299999995	38
286.10354299999995	42
286.419332	35
286.419332	42
286.735121	35
286.735121	42
287.05091	42
287.366699	38
287.366699	42
287.682488	35
287.682488	42
287.998277	35
287.998277	42
288.31406599999997	42
288.62985499999996	38
288.62985499999996	42
288.95064399999995	35
288.95064399999995	42
289.27143299999994	35
289.27143299999994	42
289.58722199999994	42
289.903011	38
289.903011	42
290.2188	35
290.2188	42
290.534589	35
290.534589	42
290.845378	42
291.156167	38
291.156167	42
291.471956	35
291.471956	42
291.787745	35
291.787745	42
292.10353399999997	42
292.41932299999996	38
292.41932299999996	42
292.74011199999995	35
292.74011199999995	42
293.06090099999994	35
293.06090099999994	42
293.37668999999994	42
293.69247899999993	38
293.69247899999993	42
294.008268	35
294.008268	42
294.324057	35
294.324057	42
294.634846	42
294.945635	38
294.945635	42
295.261424	35
295.261424	42
295.577213	35
295.577213	42
295.89300199999997	42
296.20879099999996	38
296.20879099999996	42
296.52957999999995	35
296.52957999999995	42
296.85036899999994	35
296.85036899999994	42
297.16615799999994	42
297.481947	38
297.481947	42
297.797736	35
297.797736	42
298.113525	35
298.113525	42
298.424314	42
298.735103	38
298.735103	42
299.050892	35
299.050892	42
299.36668099999997	35
299.36668099999997	42
299.68246999999997	42
299.99825899999996	38
299.99825899999996	42
300.31404799999996	35
300.31404799999996	49
300.62983699999995	35
300.62983699999995	49