51.374289000000005	42
51.92961400000001	42
52.474939000000006	42
53.03026400000001	42
53.60012000000001	42
54.17997600000001	42
54.749832000000005	42
55.30204200000001	42
55.854252	42
56.39646200000001	42
56.953863000000005	42
57.511264000000004	42
58.06866500000001	42
58.616066000000004	42
59.193467000000005	42
59.750868000000004	42
60.288269	42
60.84567	42
61.403071000000004	42
61.956320000000005	42
62.53956900000001	42
63.07281800000001	42
63.63994000000001	42
64.21706200000001	42
64.79418400000002	42
65.33912900000001	42
65.91407400000001	42
66.45901900000001	42
67.019914	42
67.59080900000001	42
68.171704	42
68.75637	42
69.291036	42
69.84570199999999	42
70.385836	42
70.92596999999999	42
71.47610399999999	42
72.02001	42
72.56391599999999	42
73.117822	42
73.667956	42
74.21809	42
74.778224	42
75.350815	42
75.913406	42
76.465997	42
77.020283	42
77.297426	42
77.574569	42
77.574569	47
78.128855	38
78.128855	49
78.710711	42
79.272567	42
79.83442300000002	42
80.38493600000001	42
80.93544900000002	42
81.495962	42
82.056475	42
82.32673150000001	42
82.59698800000001	42
83.147501	42
83.69995300000001	42
83.971179	42
84.242405	42
84.77485700000001	42
85.32730900000001	42
85.86976100000001	42
86.42221300000001	42
86.980787	42
87.519361	42
88.077935	38
88.077935	49
88.644628	42
88.91797450000001	42
89.191321	42
89.698014	42
90.231196	42
90.512787	42
90.512787	47
90.794378	47
91.36756000000001	38
91.36756000000001	49
91.93074200000001	42
92.513924	42
93.097106	42
93.649501	42
93.9356985	42
94.221896	42
94.794291	42
95.344804	42
95.87531700000001	42
96.42583	42
96.991737	42
97.527644	42
98.073551	42
98.61600299999999	42
99.168455	42
99.710907	42
100.250269	42
100.799631	42
101.35899300000001	38
101.35899300000001	49
101.92411200000002	42
102.47923100000001	42
103.02435000000001	42
103.582924	42
103.857211	47
104.13149800000001	47
104.700072	38
104.700072	49
105.28957700000001	42
105.5743295	42
105.85908200000002	42
106.448587	42
107.012289	42
107.30914	42
107.60599099999999	42
108.189693	42
108.75483100000001	42
109.319969	42
109.875107	42
110.43312	42
110.981133	42
111.519146	42
112.072867	42
112.62658800000001	42
113.17030900000002	42
113.72403000000001	42
114.267751	42
114.84147200000001	42
115.39946400000002	42
115.96745600000001	42
116.53544800000002	42
117.09773200000002	42
117.37887400000001	47
117.66001600000001	47
118.24230000000001	38
118.24230000000001	49
118.81252600000002	42
119.38275200000001	42
119.95297800000002	42
120.51664900000002	42
121.10032000000002	42
121.66399100000001	42
122.22828500000001	42
122.792579	42
123.35687300000001	42
123.90765400000001	42
124.44843500000002	42
124.98921600000001	42
125.53999700000001	42
126.08077800000002	42
126.62155900000002	42
127.17444100000002	42
127.737323	42
128.300205	38
128.300205	49
128.87671	42
129.443215	42
129.99972	42
130.537634	42
131.08554800000002	42
131.633462	38
131.633462	49
132.211376	42
132.75929	42
133.287204	38
133.860427	42
134.41365	42
134.96687300000002	38
134.96687300000002	49
135.540096	42
136.093319	42
136.656542	38
136.656542	49
137.209765	42
137.4913765	47
137.772988	47
138.336211	38
138.336211	49
138.89177899999999	42
139.44734699999998	42
139.73013100000003	38
140.01291500000002	38
140.01291500000002	49
140.560829	38
140.560829	49
141.10874300000003	38
141.10874300000003	49
141.65665700000002	49
142.20894500000003	42
142.48508900000002	38
142.66918500000003	38
143.04237700000002	38
143.32352100000003	38
143.32352100000003	38
143.885809	42
144.161953	47
144.300025	47
144.438097	47
144.576169	47
144.71424100000002	47
144.990385	38
144.990385	49
145.542673	42
145.808817	42
146.07496100000003	42
146.63724900000003	38
146.63724900000003	49
147.20409700000002	42
147.47752100000002	42
147.75094500000003	42
148.30779300000003	38
148.30779300000003	49
148.86991200000003	42
149.16097150000004	42
149.45203100000003	42
150.02415000000002	38
150.02415000000002	49
150.57898600000001	42
151.133822	47
151.27253100000001	47
151.41124000000002	47
151.68865800000003	38
151.68865800000003	49
152.252584	42
152.78651000000005	42
153.34043600000004	38
153.34043600000004	49
153.88435700000005	47
154.41827800000002	47
154.41827800000002	47
154.97219900000005	49
155.54084100000006	42
156.10948300000004	42
156.67812500000005	42
168.4451640000001	42
169.02273600000007	42
169.58030800000006	42
170.12788000000006	42
170.68668200000008	42
171.26548400000007	42
171.84428600000007	42
172.41643100000005	42
172.95857600000005	42
173.52072100000004	42
174.07453900000002	42
174.59835700000005	42
175.15217500000003	42
175.71599300000005	42
176.26981100000006	42
176.82362900000007	42
177.38347000000005	42
177.91331100000005	42
178.46315200000004	42
178.98121900000004	42
179.49928600000004	42
180.02735300000006	42
180.57554500000006	42
181.11373700000007	42
181.69192900000004	42
182.24349100000003	42
182.77505300000007	42
183.32661500000006	42
183.90379400000003	42
184.17738350000005	47
184.31417825000005	47
184.45097300000006	47
185.00815200000005	38
185.00815200000005	49
185.57533100000003	42
185.84392050000005	42
186.11251000000007	42
186.67968900000005	38
186.67968900000005	49
187.23574500000007	42
187.79180100000005	38
187.79180100000005	42
188.34785700000006	38
188.34785700000006	49
188.90166600000006	42
189.45547500000006	38
189.45547500000006	42
190.00928400000006	38
190.00928400000006	49
190.56309300000007	42
191.10690200000008	38
191.10690200000008	42
191.66071100000008	38
191.66071100000008	49
192.22013700000008	42
192.76956300000006	42
193.33898900000008	38
193.33898900000008	49
193.87055100000006	42
194.43211300000007	38
194.43211300000007	42
194.98367500000006	38
194.98367500000006	49
195.55074500000006	42
195.82428000000007	42
196.09781500000008	42
196.64488500000007	38
196.64488500000007	42
197.20206400000006	47
197.3877903333334	47
197.57351666666673	47
197.75924300000008	47
198.03283250000007	47
198.30642200000008	38
198.30642200000008	49
198.86910700000007	42
199.14044950000007	42
199.41179200000008	42
199.97447700000006	38
199.97447700000006	49
200.52390300000008	42
200.79861600000004	42
201.07332900000006	38
201.07332900000006	42
201.64275500000008	38
201.64275500000008	49
202.20881100000008	42
202.76486700000007	42
203.3109230000001	38
203.3109230000001	49
203.85697900000005	42
204.13500700000006	47
204.41303500000006	47
204.41303500000006	49
204.97909100000007	38
204.97909100000007	49
205.53514700000008	42
205.80817500000006	42
206.08120300000007	42
206.62725900000007	38
206.62725900000007	49
207.16534200000007	38
207.16534200000007	49
207.71342500000006	47
207.71342500000006	47
208.25150800000006	38
208.25150800000006	49
208.81531700000008	42
209.09222150000008	42
209.36912600000008	42
209.92293500000008	38
209.92293500000008	42
210.47674400000008	47
210.6613470000001	47
210.84595000000007	47
211.03055300000008	47
211.30745750000008	47
211.58436200000008	38
211.58436200000008	49
212.15817100000007	42
212.42507550000008	42
212.6919800000001	42
213.2457890000001	38
213.2457890000001	49
213.80858500000008	42
214.08998300000007	42
214.3713810000001	38
214.3713810000001	42
214.95417700000007	38
214.95417700000007	49
215.51247900000007	42
216.07078100000007	42
216.60908300000008	38
216.60908300000008	49
217.16941300000008	42
217.43457800000007	42
217.69974300000007	42
218.24007300000008	38
218.24007300000008	42
218.8006210000001	42
219.08089500000008	42
219.36116900000007	42
219.90171700000008	38
219.90171700000008	49
220.45215700000008	42
221.00259700000007	38
221.00259700000007	49
221.55303700000007	38
221.55303700000007	49
222.1324630000001	42
222.40717600000008	42
222.6818890000001	42
223.2513150000001	38
223.2513150000001	49
223.7847160000001	47
223.9625163333334	47
224.14031666666676	47
224.31811700000011	47
224.5998175000001	47
224.88151800000009	38
224.88151800000009	49
225.4506790000001	42
225.72525950000008	42
225.99984000000006	42
226.5490010000001	38
226.5490010000001	49
227.1013130000001	42
227.37246900000005	42
227.64362500000007	42
228.19593700000007	38
228.19593700000007	49
228.77824900000007	42
229.04440500000007	42
229.3105610000001	42
229.87287300000008	38
229.87287300000008	49
230.43454500000007	42
230.9862170000001	47
230.9862170000001	47
231.54788900000008	38
231.54788900000008	49
231.68238225000007	49
231.81687550000007	49
231.95136875000009	49
232.0858620000001	49
232.2303552500001	49
232.3748485000001	49
232.5193417500001	49
232.66383500000006	49
232.78332825000007	49
232.90282150000004	49
233.02231475000005	49
233.14180800000008	49
233.29659375000008	49
233.4513795000001	49
233.6061652500001	49
233.76095100000006	49
233.90573675000007	49
234.05052250000008	49
234.19530825000007	49
234.34009400000008	49
234.49987975000008	49
248.6103140000001	38
248.6103140000001	49
249.17971700000007	42
249.44441850000004	42
249.70912000000004	42
250.24852300000006	38
250.24852300000006	49
250.79739000000006	42
251.07182350000005	42
251.34625700000004	42
251.86512400000007	38
251.86512400000007	49
252.4321030000001	42
252.71059250000008	42
252.98908200000008	42
253.5460610000001	38
253.5460610000001	49
254.1095200000001	42
254.37624950000009	42
254.64297900000008	42
255.1764380000001	38
255.1764380000001	49
255.7280070000001	42
256.2595760000001	42
256.8011450000001	38
256.8011450000001	49
257.34108500000013	42
257.34108500000013	47
257.87102500000015	38
257.87102500000015	49
258.43096500000007	38
258.43096500000007	49
258.97577600000005	42
259.24818150000004	42
259.5205870000001	42
260.0553980000001	38
260.0553980000001	49
260.60696700000005	47
260.79082333333344	47
260.97467966666676	47
261.1585360000001	47
261.4293205000001	47
261.70010500000006	38
261.70010500000006	49
262.28167400000007	42
262.54745850000006	42
262.81324300000006	42
263.3648120000001	38
263.3648120000001	49
263.91962300000006	42
264.19202850000005	42
264.4644340000001	38
264.4644340000001	49
265.0092450000001	38
265.0092450000001	49
265.5716300000001	42
265.85782250000005	42
266.1440150000001	42
266.6864000000001	38
266.6864000000001	49
267.23932200000013	42
267.7822440000001	38
267.7822440000001	49
268.32516600000014	38
268.32516600000014	49
268.9029600000001	42
269.18685700000015	42
269.4707540000001	42
270.0485480000001	38
270.0485480000001	49
270.6630970000001	42
271.2686720000001	42
271.9664000000001	38
271.9664000000001	49
272.12858875000006	49
272.29077750000005	49
272.4529662500001	49