29.092828000000004	35
29.092828000000004	49
29.307113500000003	42
29.414256250000005	42
29.521399000000002	35
29.521399000000002	38
29.63104175	42
29.740684500000004	42
29.850327250000003	42
29.959970000000006	35
29.959970000000006	42
30.067112750000003	42
30.174255500000005	42
30.281398250000006	42
30.388541000000004	35
30.388541000000004	38
30.493183750000007	42
30.597826500000007	42
30.702469250000004	38
30.807112000000004	35
30.807112000000004	42
30.916754750000003	38
31.0263975	42
31.136040250000004	42
31.245683000000003	35
31.245683000000003	38
31.352825750000004	42
31.459968500000006	42
31.567111250000004	42
31.674254000000005	35
31.674254000000005	42
31.781396750000006	42
31.888539500000004	42
31.99568225	42
32.102825	35
32.102825	38
32.209967750000004	42
32.317110500000005	42
32.42425325000001	49
32.53139600000001	35
32.53139600000001	49
32.7456815	42
32.852824250000005	42
32.959967000000006	35
32.959967000000006	38
33.06710975000001	42
33.17425250000001	42
33.28139525	42
33.388538000000004	35
33.388538000000004	42
33.495680750000005	42
33.60282350000001	42
33.70996625000001	42
33.817109	35
33.817109	38
33.921751750000006	42
34.02639450000001	42
34.131037250000006	38
34.23568000000001	35
34.23568000000001	42
34.34532275000001	38
34.4549655	42
34.564608250000006	42
34.674251000000005	35
34.674251000000005	38
34.78139375000001	42
34.88853650000001	42
34.99567925	42
35.102822	35
35.102822	42
35.209964750000005	42
35.317107500000006	42
35.42425025000001	42
35.53139300000001	35
35.53139300000001	38
35.63853575	42
35.745678500000004	42
35.852821250000005	49
35.95996400000001	35
35.95996400000001	49
36.17424950000001	42
36.28139225	42
36.388535000000005	35
36.388535000000005	38
36.495677750000006	42
36.60282050000001	42
36.70996325000001	42
36.817106	35
36.817106	42
36.924248750000004	42
37.031391500000005	42
37.138534250000006	42
37.24567700000001	35
37.24567700000001	38
37.35031975000001	42
37.45496250000001	42
37.559605250000004	38
37.66424800000001	35
37.66424800000001	42
37.77139075000001	38
37.87853350000001	42
37.985676250000004	42
38.092819000000006	35
38.092819000000006	38
38.19996175000001	42
38.30710450000001	42
38.41424725000001	42
38.52139000000001	35
38.52139000000001	42
38.628532750000005	42
38.735675500000006	42
38.84281825000001	42
38.94996100000001	35
38.94996100000001	38
39.05710375000001	42
39.16424650000001	42
39.271389250000006	49
39.37853200000001	35
39.37853200000001	49
39.597817500000005	42
39.70746025000001	42
39.817103	35
39.817103	38
39.924245750000004	42
40.031388500000006	42
40.13853125000001	42
40.24567400000001	35
40.24567400000001	42
40.35281675000001	42
40.459959500000004	42
40.567102250000005	42
40.674245000000006	35
40.674245000000006	38
40.78138775000001	42
40.88853050000001	42
40.99567325	38
41.102816000000004	35
41.102816000000004	42
41.20745875000001	38
41.31210150000001	42
41.41674425000001	42
41.52138700000001	35
41.52138700000001	38
41.628529750000006	42
41.73567250000001	42
41.84281525000001	42
41.94995800000001	35
41.94995800000001	38
42.05960075000001	47
42.1692435	38
42.278886250000006	38
42.388529000000005	38
42.49567175000001	38
42.60281450000001	38
42.70995725000001	38
42.8171	35
42.8171	49
43.031385500000006	42
43.13852825000001	42
43.24567100000001	35
43.24567100000001	38
43.35281375000001	42
43.459956500000004	42
43.567099250000005	38
43.67424200000001	35
43.67424200000001	42
43.78138475000001	38
43.88852750000001	42
43.99567025	42
44.102813000000005	35
44.102813000000005	38
44.209955750000006	42
44.31709850000001	42
44.42424125000001	42
44.53138400000001	35
44.53138400000001	38
44.638526750000004	42
44.745669500000005	42
44.85281225000001	42
44.95995500000001	35
44.95995500000001	38
45.06459775000001	42
45.1692405	42
45.273883250000004	38
45.37852600000001	35
45.37852600000001	42
45.48566875000001	38
45.59281150000001	42
45.69995425000001	42
45.807097000000006	35
45.807097000000006	38
45.91423975000001	42
46.02138250000001	49
46.12852525000001	42
46.23566800000001	35
46.23566800000001	38
46.34531075000001	42
46.45495350000001	42
46.56459625000001	42
46.67423900000001	35
46.67423900000001	38
46.78138175000001	42
46.88852450000001	42
46.995667250000004	38
47.102810000000005	35
47.102810000000005	42
47.20995275000001	38
47.31709550000001	42
47.42423825000001	42
47.53138100000001	35
47.53138100000001	38
47.638523750000004	42
47.745666500000006	49
47.85280925000001	42
47.95995200000001	35
47.95995200000001	38
48.06709475000001	42
48.174237500000004	42
48.281380250000005	42
48.388523000000006	35
48.388523000000006	38
48.49316575000001	42
48.597808500000006	42
48.70245125000001	38
48.807094000000006	35
48.807094000000006	42
48.91423675000001	38
49.02137950000001	42
49.12852225000001	42
49.23566500000001	35
49.23566500000001	38
49.34280775000001	42
49.44995050000001	49
49.55709325000001	42
49.66423600000001	35
49.66423600000001	38
49.77387875000001	42
49.883521500000015	42
49.99316425000001	42
50.102807000000006	35
50.102807000000006	38
50.20994975000001	42
50.31709250000001	42
50.42423525000001	38
50.53137800000001	35
50.53137800000001	42
50.638520750000005	38
50.745663500000006	42
50.85280625000001	42
50.95994900000001	35
50.95994900000001	38
51.06709175000001	42
51.174234500000004	49
51.281377250000006	42
51.38852000000001	35
51.38852000000001	38
51.49566275000001	42
51.60280550000001	42
51.70994825000001	42
51.817091000000005	35
51.817091000000005	38
51.92173375000001	42
52.026376500000005	42
52.13101925000001	38
52.23566200000001	35
52.23566200000001	42
52.345304750000004	38
52.45494750000001	42
52.56459025000001	42
52.67423300000001	35
52.67423300000001	38
52.78137575000001	42
52.88851850000001	49
52.995661250000005	42
53.102804000000006	35
53.102804000000006	38
53.20994675000001	42
53.31708950000001	42
53.42423225000001	42
53.53137500000001	35
53.53137500000001	38
53.63601775000001	42
53.740660500000004	42
53.84530325000001	38
53.94994600000001	35
53.94994600000001	42
54.05708875000001	38
54.16423150000001	42
54.27137425000001	42
54.37851700000001	35
54.37851700000001	38
54.48565975000001	42
54.59280250000001	49
54.69994525000001	42
54.80708800000001	35
54.80708800000001	38
54.91423075000001	42
55.02137350000001	42
55.12851625000001	42
55.23565900000001	35
55.23565900000001	38
55.34280175000001	42
55.44994450000001	42
55.55708725000001	38
55.66423000000001	35
55.66423000000001	42
55.77137275000001	38
55.87851550000001	42
55.98565825000001	42
56.09280100000001	35
56.09280100000001	38
56.20244375000001	42
56.312086500000014	49
56.42172925000001	42
56.53137200000001	35
56.53137200000001	38
56.638514750000006	42
56.74565750000001	42
56.85280025000001	42
56.95994300000001	35
56.95994300000001	38
57.06458575000001	42
57.1692285	42
57.273871250000006	38
57.37851400000001	35
57.37851400000001	42
57.48565675000001	38
57.59279950000001	42
57.699942250000014	42
57.80708500000001	35
57.80708500000001	38
57.91672775000001	42
58.02637050000001	49
58.13601325000001	42
58.24565600000001	35
58.24565600000001	38
58.352798750000005	42
58.459941500000006	42
58.56708425000001	42
58.67422700000001	35
58.67422700000001	38
58.778869750000005	42
58.88351250000001	42
58.988155250000005	38
59.09279800000001	35
59.09279800000001	42
59.19994075000001	38
59.30708350000001	42
59.41422625000001	42
59.521369000000014	35
59.521369000000014	38
59.62851175000001	42
59.73565450000001	49
59.84279725000001	42
59.94994000000001	35
59.94994000000001	38
60.05708275000001	42
60.16422550000001	42
60.27136825000001	42
60.378511	35
60.378511	38
60.48065375000001	42
60.58279650000001	42
60.684939250000006	38
60.78708200000001	35
60.78708200000001	42
60.89922475000001	38
61.01136750000001	42
61.12351025000002	42
61.23565300000001	35
61.23565300000001	38
61.34529575000001	42
61.45493850000001	49
61.56458125000001	42
61.67422400000001	35
61.67422400000001	38
61.78136675000001	42
61.88850950000001	42
61.995652250000006	42
62.10279500000001	35
62.10279500000001	38
62.207437750000004	42
62.31208050000001	42
62.41672325000001	38
62.52136600000001	35
62.52136600000001	42
62.631008750000014	38
62.74065150000001	42
62.85029425000001	42
62.95993700000001	35
62.95993700000001	38
63.06707975000001	42
63.174222500000006	49
63.28136525000001	42
63.38850800000001	35
63.38850800000001	38
63.49565075000001	42
63.60279350000001	42
63.70993625000001	42
63.81707900000001	35
63.81707900000001	38
63.92172175	42
64.0263645	42
64.13100725000001	38
64.23565	35
64.23565	42
64.34279275000002	38
64.44993550000001	42
64.55707825000002	42
64.66422100000001	35
64.66422100000001	38
64.77386375	42
64.88350650000001	49
64.99314925	42
65.10279200000001	35
65.10279200000001	38
65.20993475	42
65.3170775	42
65.42422025	42
65.531363	35
65.531363	38
65.63600575000001	42
65.7406485	42
65.84529125	38
65.94993400000001	35
65.94993400000001	42
66.05707675000001	38
66.16421950000002	42
66.27136225000001	42
66.37850500000002	35
66.37850500000002	38
66.48564775000001	42
66.5927905	49
66.69993325000002	42
66.80707600000001	35
66.80707600000001	38
66.91421875000002	42
67.02136150000001	42
67.12850425	42
67.23564700000001	35
67.23564700000001	38
67.34278975000001	42
67.44993250000002	42
67.55707525000001	38
67.664218	35
67.664218	42
67.77136075000001	38
67.87850350000001	42
67.98564625000002	42
68.09278900000001	35
68.09278900000001	38
68.19993175000002	42
68.30707450000001	49
68.41421725000001	42
68.52136000000002	35
68.52136000000002	38
68.62850275000001	38
68.73564550000002	38
68.84278825000001	38
68.949931	35
68.949931	38
69.05207375000002	38
69.1542165	38
70.23564400000001	35
70.23564400000001	49
70.45992950000002	42
70.57207225000002	35
70.57207225000002	42
70.68421500000001	38
70.78635775000001	42
70.8885005	35
70.8885005	42
70.99064325	38
71.09278600000002	42
71.19742875000001	38
71.3020715	35
71.3020715	42
71.40671425000001	42
71.511357	35
71.511357	38
71.62099975000001	42
71.73064250000002	49
71.84028525000001	42
71.94992800000001	35
71.94992800000001	42
72.05707075000001	42
72.16421350000002	42
72.27135625000001	35
72.27135625000001	42
72.37849900000002	38
72.48314175000002	42
72.5877845	35
72.5877845	42
72.69242725000001	38
72.79707	42
72.90671275000001	38
73.0163555	35
73.0163555	42
73.12599825000001	42
73.23564100000002	35
73.23564100000002	38
73.34528375000001	42
73.45492650000001	49
73.56456925	42
73.674212	35
73.674212	42
73.78385475	42
73.8934975	42
74.00314025000002	35
74.00314025000002	42
74.11278300000001	38
74.21742575	42
74.32206850000001	35
74.32206850000001	42
74.42671125	38
74.53135400000001	42
74.63849675	38
74.74563950000001	35
74.74563950000001	42
74.85278225	42
74.959925	35
74.959925	38
75.06706775	42
75.1742105	49
75.28135325000001	42
75.388496	35
75.388496	42
75.49813875	42
75.6077815	42
75.71742425000001	35
75.71742425000001	42
75.82706700000001	38
75.92920975000001	42
76.03135250000001	35
76.03135250000001	42
76.13349525000001	38
76.23563800000001	42
76.34778075000001	38
76.4599235	35
76.4599235	42
76.57206625000002	42
76.68420900000001	35
76.68420900000001	38
76.78885175	42
76.89349450000002	49
76.99813725	42
77.10278000000001	35
77.10278000000001	49
77.3170655	42
77.42420825	35
77.42420825	42
77.531351	38
77.63599375000001	42
77.74063650000001	35
77.74063650000001	42
77.84527925	38
77.94992200000002	42
78.05956475	38
78.16920750000001	35
78.16920750000001	42
78.27885025	42
78.38849300000001	35
78.38849300000001	38
78.49313575000001	42
78.5977785	49
78.70242125000001	42
78.80706400000001	35
78.80706400000001	42
78.91670675000002	42
79.02634950000001	42
79.13599225	35
79.13599225	42
79.24563500000001	38
79.35027775	42
79.45492050000001	35
79.45492050000001	42
79.55956325000001	38
79.66420600000001	42
79.77384875000001	38
79.8834915	35
79.8834915	42
79.99313425000001	42
80.102777	35
80.102777	38
80.20991975	42
80.3170625	49
80.42420525	42
80.53134800000001	35
80.53134800000001	42
80.63849075	42
80.74563350000001	42
80.85277625	35
80.85277625	42
80.959919	38
81.06456175000001	42
81.1692045	35
81.1692045	42
81.27384725000002	38
81.37849000000001	42
81.48563275000001	38
81.59277550000002	35
81.59277550000002	42
81.69991825000001	42
81.80706100000002	35
81.80706100000002	38
81.91170375000002	42
82.01634650000001	49
82.12098925000001	42
82.225632	35
82.225632	42
82.33777475000001	42
82.4499175	42
82.56206025	35
82.56206025	42
82.674203	38
82.77884575	42
82.88348850000001	35
82.88348850000001	42
82.98813125000001	38
83.09277400000002	42
83.20241675000001	38
83.3120595	35
83.3120595	42
83.42170225000001	42
83.531345	35
83.531345	38
83.63598775000001	38
83.74063050000001	38
83.84527325	38
83.94991600000002	35
83.94991600000002	42
84.05955875000001	42
84.16920150000001	42
84.27884425	35
84.27884425	42
84.388487	38
84.49312975000001	42
84.5977725	35
84.5977725	42
84.70241525000002	38
84.80705800000001	42
84.91420075000002	38
85.02134350000001	35
85.02134350000001	42
85.12848625000001	42
85.23562900000002	35
85.23562900000002	38
85.34527175000001	42
85.45491450000002	49
85.56455725000001	42
85.6742	35
85.6742	42
85.78134275000001	42
85.8884855	42
85.99562825000001	35
85.99562825000001	42
86.102771	38
86.20741375	42
86.31205650000001	35
86.31205650000001	42
86.41669925000001	38
86.52134200000002	42
86.62848475000001	38
86.73562750000002	35
86.73562750000002	42
86.84277025000002	42
86.94991300000001	35
86.94991300000001	38
87.05705575000002	42
87.16419850000001	49
87.27134125000002	42
87.37848400000001	35
87.37848400000001	42
87.48562675000001	42
87.59276950000002	42
87.69991225000001	35
87.69991225000001	42
87.80705500000002	38
87.91419775000001	42
88.02134050000001	35
88.02134050000001	42
88.12848325000002	38
88.23562600000001	42
88.34526875000002	38
88.45491150000001	35
88.45491150000001	42
88.56455425000001	42
88.674197	35
88.674197	38
88.78133975	42
88.88848250000001	49
88.99562525	42
89.10276800000001	35
89.10276800000001	42
89.20991075	42
89.3170535	42
89.42419625000001	35
89.42419625000001	42
89.531339	38
89.63598175000001	42
89.74062450000001	35
89.74062450000001	42
89.84526725	38
89.94991000000002	42
90.05705275000001	38
90.16419550000002	35
90.16419550000002	42
90.27133825000001	42
90.37848100000001	35
90.37848100000001	38
90.48562375000002	42
90.59276650000001	49
90.69990925000002	42
90.80705200000001	35
90.80705200000001	49
91.02133750000002	42
91.12848025000001	35
91.12848025000001	42
91.23562300000002	38
91.34276575000001	42
91.44990850000002	35
91.44990850000002	42
91.55705125000001	38
91.66419400000001	42
91.77133675000002	38
91.87847950000001	35
91.87847950000001	42
91.98562225000002	42
92.09276500000001	35
92.09276500000001	38
92.19990775000001	42
92.30705050000002	49
92.41419325000001	42
92.52133600000002	35
92.52133600000002	42
92.62847875000001	42
92.73562150000002	42
92.84276425000002	35
92.84276425000002	42
92.94990700000001	38
93.05704975000002	42
93.16419250000001	42
93.27133525000002	42
93.37847800000002	38
93.48562075000001	38
93.59276350000002	47
93.69990625000001	47
93.80704900000002	47
93.91169175000002	47
94.01633450000001	47
94.12097725000002	47
94.22562	35
94.22562	49
97.674188	35
97.674188	49
97.8884735	42
97.99561625000001	42
98.102759	35
98.102759	38
98.20990175	42
98.31704450000001	42
98.42418725	38
98.53133000000001	35
98.53133000000001	42
98.63847275	38
98.74561550000001	42
98.85275825000001	42
98.959901	35
98.959901	38
99.06454375000003	42
99.16918650000002	42
99.27382925000003	42
99.37847200000003	35
99.37847200000003	38
99.48561475000001	42
99.59275750000002	42
99.69990025000001	42
99.80704300000002	35
99.80704300000002	38
99.91418575000002	42
100.02132850000001	42
100.12847125000002	38
100.23561400000001	35
100.23561400000001	42
100.34275675000002	38
100.44989950000001	42
100.55704225000001	42
100.66418500000002	35
100.66418500000002	38
100.77132775000001	42
100.87847050000002	49
100.98561325000001	42
101.09275600000002	35
101.09275600000002	38
101.19989875000002	42
101.30704150000001	42
101.41418425000002	42
101.52132700000001	35
101.52132700000001	38
101.62596975000002	42
101.73061250000002	42
101.83525525000002	38
101.93989800000003	35
101.93989800000003	42
102.05204074999999	38
102.1641835	42
102.27632625	42
102.38846899999999	35
102.38846899999999	38
102.49311175000003	42
102.59775450000002	49
102.70239725000003	42
102.80704000000003	35
102.80704000000003	38
102.91418275000002	42
103.02132550000002	42
103.12846825000001	42
103.23561100000002	35
103.23561100000002	38
103.34525375	42
103.4548965	42
103.56453925	38
103.67418199999999	35
103.67418199999999	42
103.77882475000003	38
103.88346750000002	42
103.98811025000003	42
104.09275300000003	35
104.09275300000003	38
104.20239575	42
104.3120385	49
104.42168124999999	42
104.531324	35
104.531324	38
104.63846675	42
104.7456095	42
104.85275225000001	42
104.959895	35
104.959895	38
105.06703775000001	42
105.1741805	42
105.28132325000001	38
105.38846600000001	35
105.38846600000001	42
105.49310875000002	38
105.59775150000003	42
105.70239425000003	42
105.80703700000004	35
105.80703700000004	38
105.91417975000002	42
106.02132250000001	49
106.12846525000002	42
106.23560800000001	35
106.23560800000001	38
106.34275075000002	42
106.44989350000002	42
106.55703625000001	42
106.66417900000002	35
106.66417900000002	38
106.76882175000001	42
106.87346450000003	42
106.97810725000002	38
107.08275000000003	35
107.08275000000003	42
107.18989275000001	38
107.2970355	42
107.40417825000002	42
107.51132100000001	35
107.51132100000001	38
107.62096375000002	42
107.73060650000001	49
107.84024925	42
107.949892	35
107.949892	38
108.05703475000001	42
108.16417750000002	42
108.27132025000002	42
108.37846300000001	35
108.37846300000001	38
108.48060575000004	42
108.58274850000004	42
108.68489125000005	38
108.78703400000003	35
108.78703400000003	42
108.89917675000001	38
109.0113195	42
109.12346224999999	42
109.235605	35
109.235605	38
109.34024775000002	42
109.44489050000003	49
109.54953325000002	42
109.65417600000002	35
109.65417600000002	38
109.76381875000001	42
109.8734615	42
109.98310425000001	42
110.092747	35
110.092747	38
110.19988975000001	42
110.30703250000002	42
110.41417525000001	38
110.52131800000002	35
110.52131800000002	42
110.62596075000002	38
110.73060350000002	38
110.83524625000003	38
110.93988900000002	35
110.93988900000002	38
111.04703175000002	38
111.15417450000001	38
111.26131725000002	38
111.36846000000001	35
111.36846000000001	49
111.58774550000001	42
111.69738825	42
111.80703100000001	35
111.80703100000001	38
111.91417375000002	42
112.02131650000001	42
112.12845925000002	38
112.23560200000001	35
112.23560200000001	42
112.34524475	38
112.4548875	42
112.56453024999999	42
112.674173	35
112.674173	38
112.78131575	42
112.88845850000001	49
112.99560125	42
113.10274400000002	35
113.10274400000002	38
113.20988675000001	42
113.3170295	42
113.42417225000001	42
113.531315	35
113.531315	38
113.63595775000003	42
113.74060050000003	42
113.84524325000002	38
113.94988600000003	35
113.94988600000003	42
114.05702875000001	38
114.16417150000002	42
114.27131425000002	42
114.37845700000001	35
114.37845700000001	38
114.48559975000002	42
114.59274250000001	49
114.69988525000002	42
114.80702800000002	35
114.80702800000002	38
114.91417075000001	42
115.02131350000002	42
115.12845625000001	42
115.23559900000002	35
115.23559900000002	38
115.34274175000002	42
115.44988450000002	42
115.55702725000002	38
115.66417000000001	35
115.66417000000001	42
115.77381275	38
115.8834555	42
115.99309825	42
116.102741	35
116.102741	38
116.20988375	42
116.31702650000001	49
116.42416925	42
116.53131200000001	35
116.53131200000001	38
116.63845475000001	42
116.7455975	42
116.85274025000001	42
116.959883	35
116.959883	38
117.06452575000003	42
117.16916850000003	42
117.27381125000004	38
117.37845400000003	35
117.37845400000003	42
117.48559675000001	38
117.59273950000002	42
117.69988225000002	42
117.80702500000002	35
117.80702500000002	38
117.91416775000002	42
118.02131050000001	49
118.12845325000002	42
118.23559600000002	35
118.23559600000002	38
118.34523875000001	42
118.4548815	42
118.56452424999999	42
118.674167	35
118.674167	38
118.77880975000002	42
118.88345250000003	42
118.98809525000003	38
119.09273800000004	35
119.09273800000004	42
119.20238075	38
119.3120235	42
119.42166625	42
119.531309	35
119.531309	38
119.63845175000002	42
119.74559450000001	49
119.85273725	42
119.95988000000001	35
119.95988000000001	38
120.06702275	42
120.17416550000002	42
120.28130825000001	42
120.388451	35
120.388451	38
120.49309375000003	42
120.59773650000002	42
120.70237925000004	38
120.80702200000003	35
120.80702200000003	42
120.91416475000001	38
121.02130750000002	42
121.12845025000001	42
121.23559300000002	35
121.23559300000002	38
121.34273575000002	42
121.44987850000003	49
121.55702125000002	42
121.66416400000001	35
121.66416400000001	38
121.77380675	42
121.8834495	42
121.99309225	42
122.102735	35
122.102735	38
122.20737775000002	42
122.31202050000003	42
122.41666325000003	38
122.52130600000004	35
122.52130600000004	42
122.62844875000002	38
122.73559150000001	42
122.84273425000002	42
122.94987700000001	35
122.94987700000001	38
123.05451975000004	42
123.15916250000002	49
123.26380525000003	42
123.36844800000003	35
123.36844800000003	38
123.47559075000001	38
123.58273350000002	38
123.68987625000001	38
123.79701900000002	35
123.79701900000002	38
123.90416175000001	38
124.01130450000001	38
124.11844725000002	38
124.22559000000001	38
124.33773274999999	38
124.44987549999998	38
124.56201824999998	38
124.67416099999998	38
124.77880375000002	38
124.88344650000003	38
124.98808925000003	38
125.09273200000003	35
125.09273200000003	49
125.30701750000001	42
125.41416025000002	35
125.41416025000002	42
125.52130300000002	38
125.62844575000003	42
125.73558850000002	35
125.73558850000002	42
125.84273125000001	38
125.94987400000002	42
126.05701675000002	38
126.16415950000003	35
126.16415950000003	42
126.27130225000002	42
126.37844500000001	35
126.37844500000001	38
126.48308775000004	42
126.58773050000003	49
126.69237325000003	42
126.79701600000003	35
126.79701600000003	42
126.90665874999999	42
127.0163015	42
127.12594425	35
127.12594425	42
127.23558700000001	38
127.34272975000002	42
127.44987250000003	35
127.44987250000003	42
127.55701525000002	38
127.66415800000001	42
127.77380075	38
127.8834435	35
127.8834435	42
127.99308625000002	42
128.10272899999998	35
128.10272899999998	38
128.20987175000002	42
128.31701450000003	49
128.42415725000004	42
128.53130000000002	35
128.53130000000002	42
128.63844275000002	42
128.74558550000003	42
128.85272825	35
128.85272825	42
128.95987100000002	38
129.06701375000003	42
129.17415650000004	35
129.17415650000004	42
129.28129925000002	38
129.38844200000003	42
129.49558475000003	38
129.60272750000001	35
129.60272750000001	42
129.70987025000002	42
129.81701300000003	35
129.81701300000003	38
129.92165575	42
130.02629850000002	49
130.13094125000003	42
130.23558400000005	35
130.23558400000005	42
130.34772674999996	42
130.45986949999997	42
130.57201225	35
130.57201225	42
130.68415499999998	38
130.78879775000004	42
130.89344050000005	35
130.89344050000005	42
130.99808325000006	38
131.10272600000005	42
131.20986875000003	38
131.31701150000004	35
131.31701150000004	42
131.42415425000002	42
131.53129700000002	35
131.53129700000002	38
131.63843975000003	42
131.7455825	49
131.85272525000002	42
131.95986800000003	35
131.95986800000003	49
132.17915349999998	42
132.28879625	35
132.28879625	42
132.398439	38
132.50308175000004	42
132.60772450000005	35
132.60772450000005	42
132.71236725000006	38
132.81701000000007	42
132.92415275000002	38
133.03129550000003	35
133.03129550000003	42
133.13843825000004	42
133.24558100000002	35
133.24558100000002	38
133.35272375000002	42
133.45986650000003	49
133.56700925	42
133.67415200000002	35
133.67415200000002	42
133.78129475000003	42
133.88843750000004	42
133.99558025000002	35
133.99558025000002	42
134.10272300000003	38
134.20986575000003	42
134.31700850000001	35
134.31700850000001	42
134.42415125000002	38
134.53129400000003	42
134.63843675000004	38
134.74557950000002	35
134.74557950000002	42
134.85272225000003	42
134.95986500000004	35
134.95986500000004	38
135.06700775000002	42
135.17415050000002	49
135.28129325000003	42
135.388436	35
135.388436	42
135.49557875000002	42
135.60272150000003	42
135.70986425000004	35
135.70986425000004	42
135.81700700000002	38
135.92414975000003	42
136.03129250000003	35
136.03129250000003	42
136.13843525000001	38
136.24557800000002	42
136.35522075	38
136.4648635	35
136.4648635	42
136.57450624999998	42
136.684149	35
136.684149	38
136.79129175000003	42
136.8984345	49
137.00557725000002	42
137.11272000000002	35
137.11272000000002	42
137.21986275	42
137.3270055	42
137.43414825000002	35
137.43414825000002	42
137.54129100000003	38
137.64343375000004	42
137.74557650000006	35
137.74557650000006	42
137.84771925000004	38
137.94986200000002	42
138.05950475	38
138.1691475	35
138.1691475	42
138.27879025	42
138.388433	35
138.388433	38
138.49307575000003	38
138.59771850000004	38
138.70236125000002	38
138.80700400000003	35
138.80700400000003	42
138.91664675	42
139.0262895	42
139.13593225	35
139.13593225	42
139.245575	38
139.35271775000004	42
139.45986050000002	35
139.45986050000002	42
139.56700325000003	38
139.67414600000004	42
139.78128875000002	38
139.88843150000002	35
139.88843150000002	42
139.99557425000003	42
140.102717	35
140.102717	38
140.20985975000002	42
140.31700250000003	49
140.42414525000004	42
140.53128800000002	35
140.53128800000002	42
140.63843075000003	42
140.74557350000003	42
140.85271625000001	35
140.85271625000001	42
140.95985900000002	38
141.06450175000003	42
141.16914450000004	35
141.16914450000004	42
141.27378725000003	38
141.37843000000004	42
141.48557275000002	38
141.5927155	35
141.5927155	42
141.69985825	42
141.807001	35
141.807001	38
141.91664375	42
142.0262865	49
142.13592925	42
142.245572	35
142.245572	42
142.35271475000002	42
142.45985750000003	42
142.56700025000004	35
142.56700025000004	42
142.67414300000002	38
142.77878575000003	42
142.88342850000004	35
142.88342850000004	42
142.98807125000005	38
143.09271400000003	42
143.19985675	38
143.30699950000002	35
143.30699950000002	42
143.41414225	42
143.521285	35
143.521285	38
143.63092775	42
143.7405705	49
143.85021325	42
143.959856	35
143.959856	42
144.06699875000004	42
144.17414150000002	42
144.28128425000003	35
144.28128425000003	42
144.38842700000004	38
144.49556975000002	42
144.60271250000002	35
144.60271250000002	42
144.70985525000003	38
144.81699800000004	42
144.92414075000002	38
145.03128350000003	35
145.03128350000003	42
145.13842625000004	42
145.24556900000002	35
145.24556900000002	38
145.35521175	42
145.4648545	49
145.57449724999998	42
145.68413999999999	35
145.68413999999999	42
145.79128275000002	42
145.89842550000003	42
146.00556825	35
146.00556825	42
146.11271100000002	38
146.21735375000006	42
146.32199650000004	35
146.32199650000004	42
146.42663925000005	38
146.53128200000006	42
146.63842475000004	38
146.74556750000002	35
146.74556750000002	42
146.85271025000003	42
146.95985300000004	35
146.95985300000004	38
147.06699575000002	42
147.17413850000003	49
147.28128125000003	42
147.38842400000001	35
147.38842400000001	42
147.49556675000002	42
147.60270950000003	42
147.70985225000004	35
147.70985225000004	42
147.81699500000002	38
147.92413775000003	42
148.03128050000004	42
148.13842325000002	42
148.24556600000003	38
148.56699425000002	47
148.88842250000002	47
149.10270800000004	35
149.10270800000004	49
149.31699350000002	42
149.42413625000003	35
149.42413625000003	42
149.53127900000004	42
149.63842175000002	42
149.74556450000003	35
149.74556450000003	42
149.85270725000004	42
149.95985000000002	38
150.06699275000003	42
150.17413550000003	42
150.28127825	42
150.38842100000002	42
150.49306375000003	42
150.59770650000004	42
150.70234925000003	42
150.80699200000004	35
150.80699200000004	42
150.91163475000005	42
151.01627750000003	42
151.12092025000004	35
151.12092025000004	42
151.22556300000005	42
151.33770575	42
151.44984849999997	35
151.44984849999997	42
151.56199124999998	42
151.674134	38
151.78127675000002	42
151.88841950000003	42
151.99556225000003	42
152.10270500000001	42
152.20984775000002	42
152.31699050000003	42
152.42413325000004	42
152.53127600000002	35
152.53127600000002	42
152.63591875000006	42
152.74056150000004	42
152.84520425000002	35
152.84520425000002	42
152.94984700000003	42
153.05698975	42
153.16413250000002	35
153.16413250000002	42
153.27127525	42
153.378418	38
153.48556075000002	42
153.5927035	42
153.69984625	42
153.80698900000002	42
153.91163175000003	42
154.01627450000004	42
154.12091725000005	42
154.22556000000006	35
154.22556000000006	42
154.33520274999998	42
154.44484549999999	42
154.55448825	35
154.55448825	42
154.66413099999997	42
154.77377374999998	42
154.8834165	35
154.8834165	42
154.99305925000002	42
155.102702	38
155.20984475000003	42
155.31698750000004	42
155.42413025000002	42
155.53127300000003	42
155.63591575000007	42
155.74055850000002	42
155.84520125000003	42
155.94984400000004	35
155.94984400000004	42
156.05448675000005	42
156.15912950000003	42
156.26377225000005	35
156.26377225000005	42
156.36841500000006	42
156.47555775	42
156.58270050000002	35
156.58270050000002	42
156.68984325000002	42
156.79698600000003	38
156.90412875	42
157.01127150000002	42
157.11841425000003	42
157.225557	42
157.33519975	42
157.4448425	42
157.55448524999997	42
157.66412799999998	35
157.66412799999998	42
157.77127075	42
157.87841350000002	42
157.98555625	35
157.98555625	42
158.092699	42
158.19984175000002	42
158.3069845	35
158.3069845	42
158.41412725	42
158.52127000000002	38
158.62841275	42
158.7355555	42
158.84269825	42
158.94984100000002	42
159.05698375	42
159.1641265	42
159.27126925000002	42
159.378412	35
159.378412	42
159.48555475	42
159.5926975	42
159.69984025000002	35
159.69984025000002	42
159.806983	42
159.91662574999998	42
160.02626850000001	35
160.02626850000001	42
160.13591125	42
160.245554	38
160.35269675000004	42
160.45983950000002	42
160.56698225000002	42
160.67412500000003	42
160.77876775000007	42
160.88341050000002	42
160.98805325000004	42
161.09269600000005	35
161.09269600000005	42
161.19983875	42
161.3069815	42
161.41412425000001	35
161.41412425000001	42
161.52126700000002	42
161.63340974999997	35
161.63340974999997	42
161.74555249999997	35
161.74555249999997	42
161.85769524999998	42
161.96983799999995	38
162.07198075000005	42
162.17412350000006	42
162.27626625000005	42
162.37840900000006	42
162.48555175	42
162.59269450000002	42
162.69983725	42
162.80698	35
162.80698	49
162.91412275000002	42
163.0212655	42
163.12840825	35
163.12840825	42
163.23555100000002	42
163.34519375	42
163.4548365	35
163.4548365	42
163.56447925	42
163.674122	38
163.77876475000005	42
163.88340750000003	42
163.98805025000004	42
164.09269300000003	42
164.19733575000004	42
164.30197850000005	42
164.40662125000006	42
164.51126400000004	35
164.51126400000004	42
164.61840675000002	42
164.72554950000003	42
164.83269225	35
164.83269225	42
164.93983500000002	42
165.04947775	42
165.1591205	35
165.1591205	42
165.26876324999998	42
165.37840599999998	38
165.48304875000005	42
165.58769150000003	42
165.69233425000004	42
165.79697700000006	42
165.90411975	42
166.01126250000002	42
166.11840525000002	42
166.22554800000003	35
166.22554800000003	42
166.33519074999998	42
166.4448335	42
166.55447625	35
166.55447625	42
166.66411899999997	42
166.77126175	42
166.87840450000002	35
166.87840450000002	42
166.98554725000002	42
167.09269	38
167.19983275	42
167.30697550000002	42
167.41411825	42
167.521261	42
167.62590375000005	42
167.73054650000003	42
167.83518925000004	42
167.93983200000005	35
167.93983200000005	42
168.04947475	42
168.15911749999998	42
168.26876024999999	35
168.26876024999999	42
168.378403	42
168.48554575	42
168.5926885	35
168.5926885	42
168.69983125000002	42
168.806974	38
168.91161675000004	42
169.01625950000005	42
169.12090225000006	42
169.22554500000004	42
169.33518775	42
169.4448305	42
169.55447324999997	42
169.66411599999998	35
169.66411599999998	42
169.77125875000002	42
169.87840150000002	42
169.98554425	35
169.98554425	42
170.092687	42
170.19982975000002	42
170.3069725	35
170.3069725	42
170.41411525	42
170.52125800000002	38
170.62840075	42
170.7355435	42
170.84268625	42
170.94982900000002	42
171.05697175	42
171.1641145	42
171.27125725000002	42
171.3784	35
171.3784	42
171.48554275	42
171.59268550000002	42
171.69982825000002	35
171.69982825000002	42
171.806971	42
171.91411375	42
172.02125650000002	35
172.02125650000002	42
172.12839925	42
172.235542	38
172.34268475000002	42
172.4498275	42
172.55697025	42
172.66411300000001	35
172.66411300000001	42
172.77125575000002	38
172.8783985	38
173.09268400000002	35
173.09268400000002	49
173.51125500000006	35
173.51125500000006	38
173.51125500000006	49
173.72054050000006	38
173.72054050000006	49
173.92982600000005	35
173.92982600000005	38
173.92982600000005	49
174.14411150000004	38
174.14411150000004	49
174.35839700000002	35
174.35839700000002	38
174.35839700000002	49
174.57268250000004	38
174.57268250000004	49
174.78696800000003	35
174.78696800000003	38
174.78696800000003	49
175.00125350000002	38
175.00125350000002	49
175.21553900000004	35
175.21553900000004	38
175.21553900000004	49
175.4348245	38
175.4348245	49
175.65411	35
175.65411	38
175.65411	49
175.86839550000002	38
175.86839550000002	49
176.082681	35
176.082681	38
176.082681	49
176.3019665	38
176.3019665	49
176.52125199999998	42
176.73553750000002	38
176.84268025	38
176.949823	38
177.05696575000002	38
177.6276794999998	38
177.75232224999982	38
177.87696499999984	38
177.96660775000018	38
178.4548215	38
178.56446425000004	38
178.67410700000002	38
178.78124975000003	38
179.51124900000002	38
179.61839175000003	38
179.93982000000003	38
180.04696275000003	38
180.58767650000001	38
180.69731925000002	38
180.806962	38
180.91660475	38
181.45981850000004	38
181.56696125000002	38
181.67410400000003	38
181.78124675000004	38
182.31696050000002	38
182.42410325000003	38
182.53124600000004	38
182.63338875000002	38
183.35838800000002	38
183.46803075000003	38
183.79695900000002	38
183.91160175000002	38
184.25553000000002	35
184.25553000000002	49
184.46481550000001	38
184.56945825000003	38
184.67410100000004	35
184.67410100000004	38
184.78124375000004	38
185.10267200000004	35
185.30695750000004	38
185.40910025000002	38
185.51124300000004	35
185.51124300000004	38
185.61838575000002	38
185.939814	35
186.19909950000002	38
186.32874225	38
186.45838500000002	35
186.45838500000002	38
186.54552775000002	38
186.806956	35
187.22552700000003	35
187.66409800000002	35
187.66409800000002	38
188.10266900000002	35
188.10266900000002	38
188.53124000000003	35
188.74552550000004	38
188.85266825000002	38
188.95981100000003	35
188.95981100000003	38
189.06445375000004	38
189.37838200000002	35
189.5926675	38
189.69981025	38
189.80695300000002	35
189.80695300000002	38
189.91409575	38
190.23552400000003	35
190.44980950000001	38
190.55695225000002	38
190.664095	35
190.664095	38
190.77373775	38
191.10266600000003	47
191.17909450000002	47
191.255523	47
191.33195150000003	47
191.40838000000005	35
191.48480850000004	35
191.56123700000003	47
191.62599883333337	47
191.69076066666668	47
191.7555225	47
191.82028433333338	35
191.88504616666668	35
191.94980800000002	38
192.05445075000003	38
192.36837900000003	38
192.47052175000002	38
192.77695	35
192.77695	38
192.77695	47
193.10587825000005	35
193.10587825000005	38
193.10587825000005	47
193.43980650000003	35
193.43980650000003	49
193.664092	35
193.88337750000002	42
194.10266300000004	35
194.10266300000004	38
194.31694850000002	42
194.53123400000004	35
194.74051950000003	42
194.94980500000003	35
194.94980500000003	38
195.16409050000001	42
195.378376	35
195.59266150000002	42
195.806947	35
195.806947	38
196.02123250000002	42
196.235518	35
196.4548035	42
196.67408900000004	35
196.67408900000004	38
196.88837450000003	49
197.10266000000004	35
197.31694550000003	42
197.53123100000005	35
197.53123100000005	38
197.74551650000004	42
197.95980200000002	35
198.16908750000005	42
198.378373	35
198.378373	38
198.59265850000003	42
198.80694400000002	35
199.0212295	42
199.23551500000002	35
199.23551500000002	38
199.4498005	42
199.66408600000003	35
199.87837150000001	42
200.092657	35
200.092657	38
200.30694250000002	42
200.521228	35
200.521228	49
200.73551350000002	42
200.949799	35
200.949799	38
201.1640845	42
201.37837000000002	35
201.5976555	42
201.81694100000004	35
201.81694100000004	38
202.03122650000003	42
202.24551200000005	35
202.45979750000004	42
202.67408300000002	35
202.67408300000002	38
202.88836850000004	42
203.10265400000003	35
203.31693950000005	42
203.53122500000003	35
203.53122500000003	38
203.74551050000002	49
203.95979600000004	35
204.17408150000003	42
204.38836700000004	35
204.38836700000004	38
204.60265250000003	42
204.81693800000002	35
205.03122350000004	42
205.24550900000003	35
205.24550900000003	38
205.46479450000004	42
205.68408000000002	35
205.89836550000004	42
206.11265100000003	35
206.11265100000003	38
206.32193650000002	42
206.53122200000004	35
206.53122200000004	42
206.63836475000002	38
206.74550750000003	38
206.95979300000005	35
206.95979300000005	38
206.95979300000005	49
207.17407850000004	38
207.28122125000004	38
207.38836400000002	35
207.38836400000002	49
207.59764950000005	42
207.806935	35
207.806935	38
208.02122050000003	42
208.23550600000002	35
208.4547915	42
208.67407700000004	35
208.67407700000004	38
208.88836250000003	42
209.10264800000004	35
209.31693350000003	42
209.53121900000002	35
209.53121900000002	38
209.74050450000004	42
209.94979	35
210.16407550000002	42
210.378361	35
210.378361	38
210.59764650000002	49
210.81693200000004	35
211.03121750000003	42
211.24550300000004	35
211.24550300000004	38
211.45978850000003	42
211.67407400000005	35
211.88835950000004	42
212.10264500000002	35
212.10264500000002	38
212.31693050000004	42
212.53121600000003	35
212.74550150000005	42
212.95978700000003	35
212.95978700000003	38
213.16907250000003	42
213.37835800000002	35
213.37835800000002	42
213.48550075000003	42
213.5926435	38
213.69978625000002	38
213.80692900000003	35
213.80692900000003	42
213.91407175	42
214.0212145	38
214.12835725000002	38
214.23550000000003	35
214.23550000000003	38
214.34514275	38
214.4547855	38
214.56442825000005	38
214.67407100000003	35
214.67407100000003	38
214.78121375000003	38
214.88835650000004	38
214.99549925000002	38
215.10264200000003	35
215.10264200000003	38
215.20978475000004	38
215.31692750000005	38
215.42407025000003	38
215.53121300000004	35
215.53121300000004	38
215.63835575000004	38
215.74549850000002	38
215.85264125000003	38
215.95978400000004	35
215.95978400000004	38
216.06692675000005	38
216.17406950000003	38
216.28121225000004	38
216.38835500000005	35
216.38835500000005	38
216.49549775000003	38
216.60264050000004	38
216.70978325000004	38
216.81692600000002	35
216.81692600000002	38
216.92156875000003	38
217.02621150000004	38
217.13085425000006	38
217.235497	35
217.235497	38
217.34513975000002	38
217.45478250000002	38
217.56442525	38
217.67406800000003	35
217.67406800000003	38
217.78121075000004	38
217.88835350000005	38
217.99549625000003	38
218.10263900000004	35
218.10263900000004	38
218.20978175000005	38
218.31692450000003	38
218.42406725000004	38
218.53121000000004	35
218.53121000000004	38
218.63585275000003	38
218.74049550000004	38
218.84513825000005	38
218.94978100000003	35
218.94978100000003	38
219.05692375	38
219.16406650000002	38
219.27120925000003	38
220.23549400000002	47
220.30525583333335	47
220.37501766666668	47
220.4447795	47
220.51454133333337	47
220.5843031666667	35
220.65406500000003	38
220.65406500000003	49
221.09263600000003	35
221.09263600000003	42
221.20477875	42
221.3169215	42
221.42906425	35
221.42906425	42
221.54120699999999	38
221.64584975000002	42
221.75049250000004	35
221.75049250000004	42
221.85513525000005	38
221.95977800000003	42
222.06692075000004	38
222.17406350000005	35
222.17406350000005	42
222.28120625000003	42
222.38834900000003	35
222.38834900000003	38
222.49549175000004	42
222.60263450000005	49
222.70977725000003	42
222.81692000000004	35
222.81692000000004	42
222.92406275000005	42
223.03120550000003	42
223.13834825000004	35
223.13834825000004	42
223.24549100000004	38
223.35263375000002	42
223.45977650000003	35
223.45977650000003	42
223.56691925000004	38
223.67406200000005	42
223.78120475000003	38
223.88834750000004	35
223.88834750000004	42
223.99549025000005	42
224.10263300000003	35
224.10263300000003	38
224.20977575000003	42
224.31691850000004	49
224.42406125000005	42
224.53120400000003	35
224.53120400000003	42
224.64084675000004	42
224.75048950000004	42
224.86013225000002	35
224.86013225000002	42
224.96977500000003	38
225.07441775000004	42
225.17906050000002	35
225.17906050000002	42
225.28370325000003	38
225.38834600000004	42
225.49548875000005	38
225.60263150000003	35
225.60263150000003	42
225.70977425000004	42
225.81691700000005	35
225.81691700000005	38
225.92405975000003	42
226.03120250000003	49
226.13834525000004	42
226.24548800000005	35
226.24548800000005	42
226.35513075000003	42
226.46477350000004	42
226.57441625000004	35
226.57441625000004	42
226.68405900000002	38
226.78870175000003	42
226.89334450000004	35
226.89334450000004	42
226.99798725000002	38
227.10263000000003	42
227.20727275000004	38
227.31191550000005	35
227.31191550000005	42
227.41655825000004	42
227.52120100000002	35
227.52120100000002	38
227.62834375000003	42
227.7354865	49
227.84262925000002	42
227.94977200000002	35
227.94977200000002	49
228.1690575	42
228.27870025	35
228.27870025	42
228.38834300000005	38
228.49298575000003	42
228.59762850000004	35
228.59762850000004	42
228.70227125000005	38
228.806914	42
228.91655675	38
229.02619950000002	35
229.02619950000002	42
229.13584225000002	42
229.24548500000003	35
229.24548500000003	38
229.35262775000004	42
229.45977050000005	49
229.56691325000003	42
229.67405600000004	35
229.67405600000004	42
229.78369875000004	42
229.89334150000002	42
230.00298425000003	35
230.00298425000003	42
230.11262700000003	38
230.21476975000007	42
230.31691250000003	35
230.31691250000003	42
230.41905525000004	38
230.52119800000006	42
230.63084075	38
230.7404835	35
230.7404835	42
230.85012625000002	42
230.95976900000005	35
230.95976900000005	38
231.06691175000003	42
231.17405450000004	49
231.28119725000005	42
231.38834000000003	35
231.38834000000003	42
231.49548275000004	42
231.60262550000004	42
231.70976825000002	35
231.70976825000002	42
231.81691100000003	38
231.92405375000004	42
232.03119650000005	35
232.03119650000005	42
232.13833925000003	38
232.24548200000004	42
232.35512475000004	38
232.46476750000002	35
232.46476750000002	42
232.57441025000003	42
232.68405300000003	35
232.68405300000003	38
232.78869575000004	42
232.89333850000003	49
232.99798125000004	42
233.10262400000005	35
233.10262400000005	42
233.20976675000003	42
233.31690950000004	42
233.42405225000005	35
233.42405225000005	42
233.53119500000003	38
233.63583775000004	42
233.74048050000005	35
233.74048050000005	42
233.84512325000006	38
233.949766	42
234.05940875000002	38
234.16905150000002	35
234.16905150000002	49
234.27869425	42
234.38833700000004	35
234.38833700000004	38
234.49297975000005	38
234.59762250000006	38
234.70226525000004	38
234.80690800000002	35
234.80690800000002	42
234.91405075000003	42
235.0211935	42
235.12833625000002	35
235.12833625000002	42
235.23547900000003	38
235.34512175	42
235.4547645	35
235.4547645	42
235.56440725000002	38
235.67405000000005	42
235.78119275000003	38
235.88833550000004	35
235.88833550000004	42
235.99547825000005	42
236.10262100000003	35
236.10262100000003	38
236.20976375000004	42
236.31690650000004	49
236.42404925000005	42
236.53119200000003	35
236.53119200000003	42
236.63833475000004	42
236.74547750000005	42
236.85262025000003	35
236.85262025000003	42
236.95976300000004	38
237.06440575000005	42
237.16904850000003	35
237.16904850000003	42
237.27369125000004	38
237.37833400000002	42
237.48547675000003	38
237.5926195	35
237.5926195	42
237.69976225000002	42
237.80690500000003	35
237.80690500000003	38
237.91404775	42
238.02119050000002	49
238.12833325000003	42
238.23547600000003	35
238.23547600000003	42
238.34511875	42
238.45476150000002	42
238.56440425000002	35
238.56440425000002	42
238.67404700000003	38
238.77868975000004	42
238.88333250000005	35
238.88333250000005	42
238.98797525000003	38
239.09261800000002	42
239.19976075000002	38
239.30690350000003	35
239.30690350000003	42
239.41404625	42
239.52118900000002	35
239.52118900000002	38
239.62833175000003	42
239.7354745	49
239.84261725000002	42
239.94976000000003	35
239.94976000000003	42
240.05940275	42
240.1690455	42
240.27868825000002	35
240.27868825000002	42
240.38833100000005	38
240.49297375000003	42
240.59761650000004	35
240.59761650000004	42
240.70225925000005	38
240.80690200000004	42
240.91654475	38
241.02618750000002	35
241.02618750000002	42
241.13583025000003	42
241.245473	35
241.245473	38
241.35761575	42
241.4697585	49
241.58190125	42
241.694044	35
241.694044	49
241.9083295	42
242.01547225000002	35
242.01547225000002	42
242.12261500000002	38
242.22475775000007	42
242.32690050000005	35
242.32690050000005	42
242.42904325000006	38
242.53118600000008	42
242.63832875000003	38
242.74547150000004	35
242.74547150000004	42
242.85261425000004	42
242.95975700000005	35
242.95975700000005	38
243.06689975000003	42
243.17404250000004	49
243.28118525000005	42
243.38832800000003	35
243.38832800000003	42
243.49547075000004	42
243.60261350000005	42
243.70975625000003	35
243.70975625000003	42
243.81689900000003	38
243.91904175000008	42
244.0211845000001	35
244.0211845000001	42
244.12332725000005	38
244.22547000000006	42
244.33511275	38
244.44475549999999	35
244.44475549999999	42
244.55439825	42
244.664041	35
244.664041	38
244.77368375000003	42
244.8833265	49
244.99296925000002	42
245.10261200000002	35
245.10261200000002	42
245.20975475000003	42
245.31689750000004	42
245.42404025000005	35
245.42404025000005	42
245.53118300000003	38
245.63582575000004	42
245.74046850000005	35
245.74046850000005	42
245.84511125000006	38
245.94975400000004	42
246.05689675000002	38
246.16403950000003	35
246.16403950000003	42
246.27118225	42
246.37832500000002	35
246.37832500000002	38
246.48546775000003	42
246.59261050000003	49
246.69975325000001	42
246.80689600000002	35
246.80689600000002	42
246.91403875000003	38
247.0211815	42
247.12832425000002	35
247.23546700000003	38
247.23546700000003	49
247.56439525000002	38
247.67403800000002	35
247.67403800000002	42
247.78118075000003	38
247.88832350000004	38
247.99546625000005	38
248.10260900000003	35
248.10260900000003	38
248.20975175000004	38
248.31689450000005	38
248.42403725000005	38
248.53118000000003	35
248.53118000000003	49
248.74546550000005	42
248.85260825000003	42
248.95975100000004	35
248.95975100000004	38
249.06689375000005	42
249.17403650000003	42
249.28117925000004	42
249.38832200000004	35
249.38832200000004	42
249.49546475000005	42
249.60260750000003	42
249.70975025000004	42
249.81689300000005	35
249.81689300000005	38
249.92153575000003	42
250.02617850000004	42
250.13082125000005	38
250.23546400000004	35
250.23546400000004	42
250.34510675	38
250.45474950000002	42
250.56439225000003	42
250.674035	35
250.674035	38
250.78117775000004	42
250.88832050000005	42
250.99546325000003	42
251.10260600000004	35
251.10260600000004	42
251.20974875000005	42
251.31689150000005	42
251.42403425000003	42
251.53117700000004	35
251.53117700000004	38
251.63831975000005	42
251.74546250000003	42
251.85260525000004	49
251.95974800000005	35
251.95974800000005	49
252.17403350000004	42
252.28117625000004	42
252.38831900000005	35
252.38831900000005	38
252.49546175000003	42
252.60260450000004	42
252.70974725000005	42
252.81689000000003	35
252.81689000000003	42
252.92403275000004	42
253.03117550000005	42
253.13831825000005	42
253.24546100000003	35
253.24546100000003	38
253.35260375000004	42
253.45974650000005	42
253.56688925000003	38
253.67403200000004	35
253.67403200000004	42
253.78117475000005	38
253.88831750000003	42
253.99546025000004	42
254.10260300000004	35
254.10260300000004	38
254.20974575000005	42
254.31688850000003	42
254.42403125000004	42
254.53117400000005	35
254.53117400000005	42
254.63831675000003	42
254.74545950000004	42
254.85260225000005	42
254.95974500000005	35
254.95974500000005	38
255.06438775000004	42
255.16903050000005	49
255.27367325000006	42
255.37831600000004	35
255.37831600000004	49
255.59760150000002	42
255.70724425	42
255.816887	35
255.816887	38
255.92402975000005	42
256.0311725	42
256.13831525	42
256.245458	35
256.245458	42
256.35510075	42
256.4647435	42
256.57438625000003	42
256.68402900000007	35
256.68402900000007	38
256.78867175000005	42
256.8933145000001	42
256.99795725000007	38
257.1026	35
257.1026	42
257.20974275000003	38
257.3168855	42
257.42402825	42
257.53117100000003	35
257.53117100000003	38
257.63831375	42
257.7454565	42
257.85259925	42
257.959742	35
257.959742	42
258.06688475	42
258.1740275	42
258.28117025	42
258.38831300000004	35
258.38831300000004	38
258.49545575	42
258.6025985	42
258.70974125000004	49
258.816884	35
258.816884	49
259.03116950000003	42
259.13831225	42
259.245455	35
259.245455	38
259.35509775	42
259.4647405	42
259.57438325	42
259.6840260000001	35
259.6840260000001	42
259.79116875000005	42
259.89831150000003	42
260.00545425000007	42
260.11259700000005	35
260.11259700000005	38
260.2172397500001	42
260.3218825000001	42
260.42652525	38
260.53116800000004	35
260.53116800000004	42
260.63831075	38
260.7454535	42
260.85259625000003	42
260.959739	35
260.959739	38
261.06438175	42
261.16902450000003	42
261.27366725	42
261.37831	35
261.37831	38
261.48295275000004	47
261.5875955	38
261.69223825	38
261.79688100000004	38
261.90402375	38
262.01116650000006	38
262.11830925000004	38
262.225452	35
262.225452	49
262.4497375	42
262.56188025	42
262.67402300000003	35
262.67402300000003	38
262.78116575	42
262.8883085	42
262.99545125000003	42
263.102594	35
263.102594	42
263.20973675	42
263.3168795	42
263.42402225	42
263.531165	35
263.531165	38
263.63830775	42
263.7454505	49
263.85259325000004	38
263.959736	35
263.959736	42
264.06687875	38
264.17402150000004	42
264.28116425	42
264.388307	35
264.388307	38
264.49544975000003	42
264.6025925	42
264.70973525	42
264.81687800000003	35
264.81687800000003	42
264.92402075	42
265.0311635	42
265.13830625	42
265.245449	35
265.245449	38
265.35009175	42
265.45473450000003	49
265.55937725	42
265.66402000000005	35
265.66402000000005	49
265.8833055	42
265.99294825000004	42
266.102591	35
266.102591	38
266.20973375	42
266.31687650000003	42
266.42401925	42
266.531162	35
266.531162	42
266.63830475000003	42
266.7454475	42
266.85259025	42
266.959733	35
266.959733	38
267.06437575	42
267.1690185	49
267.27366125000003	38
267.378304	35
267.378304	42
267.48544675000005	38
267.59258950000003	42
267.69973225	42
267.80687500000005	35
267.80687500000005	38
267.91401775	42
268.0211605	42
268.12830325000004	42
268.235446	35
268.235446	42
268.34508875	42
268.45473150000004	42
268.56437425	42
268.674017	35
268.674017	38
268.77865975000003	42
268.8833025	42
268.98794525	49
269.09258800000003	35
269.09258800000003	49
269.31187350000005	42
269.42151625	42
269.531159	35
269.531159	38
269.63830175000004	42
269.7454445	42
269.85258725	42
269.95973000000004	35
269.95973000000004	42
270.06687275	42
270.1740155	42
270.28115825000003	42
270.388301	35
270.388301	38
270.49544375	42
270.60258650000003	49
270.70972925	38
270.816872	35
270.816872	42
270.92401475	38
271.0311575	42
271.13830025000004	42
271.245443	35
271.245443	38
271.35258575	42
271.45972850000004	42
271.56687125	42
271.674014	35
271.674014	42
271.78115675000004	42
271.8882995	42
271.99544225	42
272.10258500000003	35
272.10258500000003	38
272.20972775	42
272.3168705	49
272.42401325000003	42
272.531156	35
272.531156	49
272.7454415	42
272.85258425	42
272.95972700000004	35
272.95972700000004	38
273.06686975	42
273.1740125	42
273.28115525000004	42
273.388298	35
273.388298	42
273.49294075	42
273.59758350000004	42
273.70222625	42
273.806869	35
273.806869	38
273.91151175000005	42
274.0161545	49
274.12079725	38
274.22544000000005	35
274.22544000000005	42
274.33508275	38
274.4447255	42
274.55436825000004	42
274.664011	35
274.664011	38
274.77115375	42
274.87829650000003	42
274.98543925	42
275.09258200000005	35
275.09258200000005	49
275.19972475000003	38
275.3068675	38
275.41401025000005	38
275.521153	35
275.521153	38
275.63829575000005	38
275.7554385000001	38
275.87258125000005	38