3.1938765000000005	47
3.4851380000000005	47
3.6282687500000006	38
3.7713995000000007	38
3.9145302500000008	38
4.057661	38
4.3489225000000005	42
4.6401840000000005	35
4.6401840000000005	42
4.9414455	42
5.242707	38
5.242707	42
5.5339685	42
5.82523	42
6.1114915000000005	42
6.397753000000001	38
6.397753000000001	42
6.684014500000001	35
6.684014500000001	42
6.970276000000001	35
6.970276000000001	42
7.266537500000001	42
7.562799000000001	38
7.562799000000001	42
7.854060500000001	42
8.145322	42
8.436583500000001	42
8.727845	38
8.727845	42
9.019106500000001	42
9.310368	35
9.310368	42
9.6001245	42
9.889881	38
9.889881	42
10.1796375	42
10.469394000000001	42
10.754150500000002	42
11.038907	38
11.038907	42
11.328663500000001	35
11.328663500000001	42
11.61842	35
11.61842	42
11.9169535	42
12.215487	38
12.215487	42
12.5090205	42
12.802554	35
12.802554	42
13.0910875	35
13.0910875	42
13.379621	38
13.379621	42
13.6731545	35
13.6731545	42
13.966688000000001	35
13.966688000000001	42
14.260543500000002	42
14.554399000000002	38
14.554399000000002	42
14.8482545	42
15.14211	42
15.4259655	42
15.709821000000002	38
15.709821000000002	42
15.998676499999998	35
15.998676499999998	42
16.287532	35
16.287532	42
16.5787935	42
16.870054999999997	38
16.870054999999997	42
17.161316499999998	42
17.452578	42
17.7438395	42
18.035100999999997	38
18.035100999999997	42
18.3263625	42
18.617624	35
18.617624	42
18.9088855	42
19.200146999999998	38
19.200146999999998	42
19.4964085	42
19.79267	42
20.0789315	42
20.365192999999998	38
20.365192999999998	42
20.6564545	35
20.6564545	42
20.947716	35
20.947716	42
21.2455305	42
21.543345000000002	38
21.543345000000002	42
21.8361595	42
22.128974	35
22.128974	42
22.4217885	35
22.4217885	42
22.714603	38
22.714603	42
23.0024175	35
23.0024175	42
23.290232	35
23.290232	49
23.5752575	42
23.860283000000003	38
23.860283000000003	42
24.1503085	42
24.440334000000004	42
24.730359500000002	42
25.020385	38
25.020385	42
25.315410500000002	35
25.315410500000002	42
25.610436	35
25.610436	42
25.9022155	42
26.193995	38
26.193995	42
26.490774500000004	42
26.787554	35
26.787554	42
27.074333499999998	35
27.074333499999998	42
27.361113	38
27.361113	42
27.6528925	35
27.6528925	42
27.944672	35
27.944672	42
28.230933500000003	42
28.517195	38
28.517195	42
28.823456500000002	42
29.129718000000004	42
29.415979500000002	42
29.702241	38
29.702241	42
29.9935025	35
29.9935025	42
30.284764000000003	35
30.284764000000003	42
30.5710255	42
30.857287	38
30.857287	42
31.1485485	42
31.43981	35
31.43981	42
31.731071500000006	35
31.731071500000006	42
32.022333	38
32.022333	42
32.3135945	35
32.3135945	42
32.604856000000005	35
32.604856000000005	49
32.901117500000005	42
33.197379000000005	38
33.197379000000005	42
33.4836405	42
33.769902	42
34.061163500000006	42
34.352425000000004	38
34.352425000000004	42
34.64368650000001	35
34.64368650000001	42
34.934948000000006	35
34.934948000000006	42
35.2262095	42
35.51747100000001	38
35.51747100000001	42
35.808732500000005	42
36.099994	35
36.099994	42
36.39125550000001	35
36.39125550000001	42
36.682517000000004	38
36.682517000000004	42
36.9737785	35
36.9737785	42
37.265040000000006	35
37.265040000000006	42
37.556301500000004	42
37.847563	38
37.847563	42
38.138824500000005	42
38.430086	42
38.72134750000001	38
38.72134750000001	42
39.012609000000005	42
39.29887050000001	35
39.29887050000001	42
39.585132	35
39.585132	49
41.92522400000001	35
41.92522400000001	49
42.223677	42
42.522130000000004	38
42.522130000000004	42
42.805583000000006	42
43.08903600000001	35
43.08903600000001	42
43.37248900000001	35
43.37248900000001	42
43.65594200000001	38
43.65594200000001	42
43.94439500000001	42
44.232848000000004	35
44.232848000000004	42
44.525797000000004	42
44.818746000000004	38
44.818746000000004	42
45.111695000000005	42
45.404644000000005	35
45.404644000000005	42
45.697593000000005	35
45.697593000000005	42
45.990542000000005	38
45.990542000000005	42
46.283491000000005	35
46.283491000000005	42
46.576440000000005	35
46.576440000000005	42
46.869389000000005	42
47.162338000000005	38
47.162338000000005	42
47.455287000000006	42
47.748236000000006	35
47.748236000000006	42
48.041185000000006	35
48.041185000000006	42
48.334134000000006	38
48.334134000000006	42
48.627083000000006	42
48.920032000000006	35
48.920032000000006	42
49.21064100000001	42
49.501250000000006	38
49.501250000000006	42
49.79185900000001	42
50.082468000000006	35
50.082468000000006	42
50.37307700000001	35
50.37307700000001	42
50.663686000000006	38
50.663686000000006	42
50.959295000000004	35
50.959295000000004	42
51.254904	35
51.254904	42
51.546098	42
51.837292000000005	38
51.837292000000005	42
52.12348600000001	35
52.12348600000001	42
52.40968000000001	35
52.40968000000001	42
52.700874000000006	42
52.992068	38
52.992068	42
53.28326200000001	35
53.28326200000001	42
53.574456000000005	35
53.574456000000005	42
53.866819500000005	42
54.159183000000006	38
54.159183000000006	42
54.451546500000006	42
54.74391000000001	35
54.74391000000001	42
55.03627350000001	35
55.03627350000001	42
55.32863700000001	38
55.32863700000001	42
55.62100050000001	35
55.62100050000001	42
55.91336400000001	35
55.91336400000001	42
56.2007275	42
56.488091	38
56.488091	42
56.7804545	35
56.7804545	42
57.072818	35
57.072818	42
57.3651815	42
57.657545	38
57.657545	42
57.9499085	35
57.9499085	42
58.242272	35
58.242272	42
58.531712	42
58.821152	38
58.821152	42
59.110592	35
59.110592	42
59.400032	35
59.400032	42
59.694472000000005	38
59.694472000000005	42
59.988912000000006	35
59.988912000000006	42
60.278352000000005	35
60.278352000000005	42
60.567792000000004	35
60.567792000000004	42
60.85840100000001	42
61.149010000000004	38
61.149010000000004	42
61.43961900000001	42
61.730228000000004	35
61.730228000000004	42
62.015837000000005	35
62.015837000000005	42
62.301446	38
62.301446	42
62.597055000000005	42
62.892664	35
62.892664	42
63.185613000000004	42
63.478562000000004	38
63.478562000000004	42
63.771511000000004	42
64.06446	35
64.06446	42
64.35740899999999	35
64.35740899999999	42
64.650358	38
64.650358	42
64.938307	35
64.938307	42
65.226256	35
65.226256	42
65.51186500000001	42
65.79747400000001	38
65.79747400000001	42
66.093083	42
66.388692	35
66.388692	42
66.67930100000001	35
66.67930100000001	42
66.96991000000001	38
66.96991000000001	42
67.265519	42
67.561128	35
67.561128	42
67.852322	42
68.14351599999999	38
68.14351599999999	42
68.42971	42
68.71590400000001	35
68.71590400000001	42
69.012098	35
69.012098	42
69.308292	38
69.308292	42
69.599486	35
69.599486	42
69.89068	35
69.89068	42
70.178629	42
70.46657800000001	38
70.46657800000001	42
70.759527	35
70.759527	42
71.05247600000001	35
71.05247600000001	42
71.345425	42
71.63837400000001	38
71.63837400000001	42
71.936323	35
71.936323	42
72.234272	35
72.234272	42
72.5242975	42
72.814323	38
72.814323	42
73.0993485	42
73.38437400000001	35
73.38437400000001	42
73.6793995	35
73.6793995	42
73.97442500000001	38
73.97442500000001	42
74.26445050000001	35
74.26445050000001	42
74.55447600000001	35
74.55447600000001	42
74.84067000000002	42
75.12686400000001	38
75.12686400000001	42
75.41805800000002	35
75.41805800000002	42
75.70925200000002	35
75.70925200000002	42
76.005446	42
76.30164	38
76.30164	42
76.59283400000001	35
76.59283400000001	42
76.88402800000001	35
76.88402800000001	42
77.175222	42
77.46641600000001	38
77.46641600000001	42
77.75761000000001	35
77.75761000000001	42
78.048804	35
78.048804	42
78.33999800000001	38
78.33999800000001	42
78.63119200000001	35
78.63119200000001	42
78.922386	42
79.21358000000001	35
79.21358000000001	49
79.50302	42
79.79246	38
79.79246	42
80.0819	42
80.37134	35
80.37134	42
80.66078	35
80.66078	42
80.95022	38
80.95022	42
81.23966	42
81.52910000000001	35
81.52910000000001	42
81.822049	42
82.11499800000001	38
82.11499800000001	42
82.40794700000001	42
82.70089600000001	35
82.70089600000001	42
82.99384500000001	35
82.99384500000001	42
83.28679400000001	38
83.28679400000001	42
83.57974300000001	35
83.57974300000001	42
83.87269200000001	35
83.87269200000001	42
84.16064100000001	42
84.44859000000002	38
84.44859000000002	42
84.74153900000002	42
85.03448800000002	35
85.03448800000002	42
85.32243700000001	35
85.32243700000001	42
85.61038600000002	38
85.61038600000002	42
85.90333500000001	42
86.19628400000002	35
86.19628400000002	42
86.48247800000001	42
86.76867200000001	38
86.76867200000001	42
87.06986600000002	42
87.37106000000003	35
87.37106000000003	42
87.66725400000001	35
87.66725400000001	42
87.96344800000001	38
87.96344800000001	42
88.25464200000002	35
88.25464200000002	42
88.54583600000002	35
88.54583600000002	42
88.83527600000002	42
89.12471600000002	38
89.12471600000002	42
89.40915600000002	42
89.69359600000003	35
89.69359600000003	42
89.98803600000002	35
89.98803600000002	42
90.28247600000002	38
90.28247600000002	42
90.57191600000002	42
90.86135600000003	35
90.86135600000003	42
91.14871950000003	42
91.43608300000004	38
91.43608300000004	42
91.72844650000003	42
92.02081000000004	35
92.02081000000004	42
92.31317350000003	35
92.31317350000003	42
92.60553700000004	38
92.60553700000004	42
92.89790050000003	35
92.89790050000003	42
93.19026400000004	35
93.19026400000004	42
93.48528950000004	42
93.78031500000003	38
93.78031500000003	42
94.07034050000003	42
94.36036600000003	35
94.36036600000003	42
94.65039150000003	35
94.65039150000003	42
94.94041700000004	38
94.94041700000004	42
95.23544250000005	42
95.53046800000004	35
95.53046800000004	42
95.82166200000005	42
96.11285600000004	38
96.11285600000004	42
96.39905000000003	42
96.68524400000004	35
96.68524400000004	42
96.97643800000003	35
96.97643800000003	42
97.26763200000003	38
97.26763200000003	42
97.55882600000004	35
97.55882600000004	42
97.85002000000004	35
97.85002000000004	49
98.14238350000004	42
98.43474700000004	38
98.43474700000004	42
98.72711050000004	35
98.72711050000004	42
99.01947400000005	35
99.01947400000005	42
99.31183750000004	42
99.60420100000005	38
99.60420100000005	42
99.89156450000004	42
100.17892800000006	35
100.17892800000006	42
100.46719850000005	42
100.75546900000006	38
100.75546900000006	42
101.05373950000006	42
101.35201000000005	35
101.35201000000005	42
101.63528050000004	35
101.63528050000004	42
101.91855100000005	38
101.91855100000005	42
102.20682150000005	35
102.20682150000005	42
102.49509200000004	35
102.49509200000004	42
102.79804100000004	42
103.10099000000005	38
103.10099000000005	42
103.38393900000004	35
103.38393900000004	42
103.66688800000004	35
103.66688800000004	42
103.96483700000005	42
104.26278600000005	38
104.26278600000005	42
104.55073500000003	42
104.83868400000004	35
104.83868400000004	42
105.12987800000005	42
105.42107200000004	38
105.42107200000004	42
105.71226600000004	42
106.00346000000005	35
106.00346000000005	42
106.29465400000004	35
106.29465400000004	42
106.58584800000004	38
106.58584800000004	42
106.87204200000005	35
106.87204200000005	42
107.15823600000006	35
107.15823600000006	49
107.44943000000005	42
107.74062400000005	38
107.74062400000005	42
108.03681800000005	42
108.33301200000004	35
108.33301200000004	42
108.61920600000005	35
108.61920600000005	42
108.90540000000006	38
108.90540000000006	42
109.20159400000004	42
109.49778800000004	35
109.49778800000004	42
109.79281350000005	42
110.08783900000005	38
110.08783900000005	42
110.37786450000004	42
110.66789000000004	35
110.66789000000004	42
110.95291550000003	35
110.95291550000003	42
111.23794100000005	38
111.23794100000005	42
111.52796650000005	35
111.52796650000005	42
111.81799200000005	35
111.81799200000005	42
112.12094100000004	42
112.42389000000006	38
112.42389000000006	42
112.71183900000004	35
112.71183900000004	42
112.99978800000005	35
112.99978800000005	42
113.29273700000005	38
113.29273700000005	42
113.58568600000004	35
113.58568600000004	42
113.86363500000003	42
114.14158400000005	35
114.14158400000005	49
115.60388650000004	38
115.74811675000005	38
115.89234700000004	38
116.19080750000005	35
116.48926800000005	35
116.48926800000005	42
116.78144200000006	42
117.07361600000006	38
117.07361600000006	42
117.36079000000004	42
117.64796400000004	35
117.64796400000004	42
117.94013800000005	35
117.94013800000005	42
118.23231200000005	38
118.23231200000005	42
118.51448600000005	42
118.79666000000005	35
118.79666000000005	42
119.09383400000004	42
119.39100800000004	38
119.39100800000004	42
119.68318200000004	42
119.97535600000005	35
119.97535600000005	42
120.26753000000004	35
120.26753000000004	42
120.55970400000004	38
120.55970400000004	42
120.85187800000004	35
120.85187800000004	42
121.14405200000004	35
121.14405200000004	42
121.43368200000005	42
121.72331200000005	38
121.72331200000005	42
122.01294200000004	42
122.30257200000004	35
122.30257200000004	42
122.59220200000004	35
122.59220200000004	42
122.88183200000005	38
122.88183200000005	42
123.17146200000005	42
123.46109200000005	35
123.46109200000005	42
123.76137950000006	42
124.06166700000006	38
124.06166700000006	42
124.35195450000005	42
124.64224200000005	35
124.64224200000005	42
124.93752950000005	35
124.93752950000005	42
125.23281700000005	38
125.23281700000005	42
125.52810450000005	35
125.52810450000005	42
125.82339200000006	35
125.82339200000006	42
126.11283200000005	42
126.40227200000005	38
126.40227200000005	42
126.69171200000005	35
126.69171200000005	42
126.98115200000005	35
126.98115200000005	42
127.27059200000005	42
127.56003200000005	38
127.56003200000005	42
127.84947200000005	35
127.84947200000005	42
128.13891200000006	35
128.13891200000006	42
128.43127550000005	42
128.72363900000005	38
128.72363900000005	42
129.01600250000007	42
129.30836600000006	35
129.30836600000006	42
129.60072950000006	35
129.60072950000006	42
129.89309300000005	38
129.89309300000005	42
130.18545650000007	35
130.18545650000007	42
130.47782000000007	35
130.47782000000007	42
130.76401400000003	42
131.05020800000005	38
131.05020800000005	42
131.34140200000004	35
131.34140200000004	42
131.63259600000004	35
131.63259600000004	42
131.92879000000008	42
132.22498400000006	38
132.22498400000006	42
132.51617800000005	35
132.51617800000005	42
132.80737200000007	35
132.80737200000007	42
133.10032100000006	42
133.39327000000006	38
133.39327000000006	42
133.68121900000006	42
133.96916800000005	35
133.96916800000005	42
134.25711700000005	38
134.25711700000005	42
134.54506600000005	35
134.54506600000005	42
134.84301500000007	42
135.14096400000005	35
135.14096400000005	49
135.43040400000007	42
135.71984400000005	38
135.71984400000005	42
136.00928400000006	42
136.29872400000005	35
136.29872400000005	42
136.58316400000007	35
136.58316400000007	42
136.86760400000006	38
136.86760400000006	42
137.1670440000001	42
137.46648400000007	35
137.46648400000007	42
137.75650950000008	42
138.04653500000006	38
138.04653500000006	42
138.33656050000008	42
138.62658600000006	35
138.62658600000006	42
138.91661150000007	35
138.91661150000007	42
139.20663700000006	38
139.20663700000006	42
139.49666250000007	35
139.49666250000007	42
139.78668800000005	35
139.78668800000005	42
140.07729700000004	42
140.36790600000006	38
140.36790600000006	42
140.66351500000005	42
140.95912400000006	35
140.95912400000006	42
141.24973300000005	35
141.24973300000005	42
141.54034200000004	38
141.54034200000004	42
141.82595100000006	42
142.11156000000005	35
142.11156000000005	42
142.40626300000005	42
142.70096600000005	38
142.70096600000005	42
142.99066900000003	42
143.28037200000003	35
143.28037200000003	42
143.57007500000003	35
143.57007500000003	42
143.85977800000003	38
143.85977800000003	42
144.15948100000003	35
144.15948100000003	42
144.45918400000002	35
144.45918400000002	49
144.75056150000003	42
145.041939	38
145.041939	42
145.33331650000002	35
145.33331650000002	42
145.62469400000003	35
145.62469400000003	42
145.91607150000002	42
146.20744900000003	38
146.20744900000003	42
146.49882650000004	35
146.49882650000004	42
146.79020400000002	35
146.79020400000002	42
147.0744615	42
147.35871900000004	38
147.35871900000004	42
147.65297650000002	42
147.947234	35
147.947234	42
148.23649150000003	35
148.23649150000003	42
148.52574900000002	38
148.52574900000002	42
148.82500650000003	35
148.82500650000003	42
149.12426400000004	35
149.12426400000004	42
149.41221300000004	42
149.70016200000003	38
149.70016200000003	42
149.99311100000006	35
149.99311100000006	42
150.28606000000005	35
150.28606000000005	42
150.57400900000002	42
150.86195800000002	38
150.86195800000002	42
151.15990700000006	35
151.15990700000006	42
151.45785600000005	35
151.45785600000005	42
151.74963550000004	42
152.04141500000006	38
152.04141500000006	42
152.32819450000002	35
152.32819450000002	42
152.61497400000002	47
152.75586375000003	38
152.89675350000005	38
153.03764325000003	38
153.17853300000004	38
153.48031250000005	35
153.78209200000003	35
153.78209200000003	49
154.36097200000003	38
154.36097200000003	49
154.65041200000005	35
154.65041200000005	49
154.93985200000003	35
154.93985200000003	49
155.22929200000004	49
155.51873200000003	38
155.51873200000003	49
155.80817200000004	35
155.80817200000004	49
156.09761200000003	35
156.09761200000003	49
156.39322100000004	49
156.68883000000005	38
156.68883000000005	49
156.97943900000004	49
157.27004800000006	35
157.27004800000006	49
157.55565700000002	35
157.55565700000002	49
157.84126600000002	38
157.84126600000002	49
158.13687500000006	35
158.13687500000006	49
158.43248400000004	35
158.43248400000004	49
158.71984750000001	49
159.007211	38
159.007211	49
159.29957450000003	35
159.29957450000003	49
159.59193800000003	35
159.59193800000003	49
159.87930150000003	49
160.16666500000002	38
160.16666500000002	49
160.46402850000004	35
160.46402850000004	49
160.76139200000003	35
160.76139200000003	49
161.05258600000002	49
161.34378000000004	38
161.34378000000004	49
161.63497400000003	49
161.92616800000002	35
161.92616800000002	49
162.21236200000004	35
162.21236200000004	49
162.49855600000004	38
162.49855600000004	49
162.79475000000002	35
162.79475000000002	49
163.09094400000004	35
163.09094400000004	49
163.38330750000003	49
163.67567100000002	38
163.67567100000002	49
163.97303450000007	35
163.97303450000007	49
164.27039800000006	35
164.27039800000006	49
164.55776150000003	49
164.84512500000002	38
164.84512500000002	49
165.13248850000005	35
165.13248850000005	49
165.41985200000005	35
165.41985200000005	49
165.71870750000008	49
166.01756300000005	38
166.01756300000005	49
166.30641850000006	49
166.59527400000005	35
166.59527400000005	49
166.88412950000006	35
166.88412950000006	49
167.17298500000007	38
167.17298500000007	49
167.46684050000005	35
167.46684050000005	49
167.76069600000005	35
167.76069600000005	49
168.05247550000004	49
168.34425500000006	38
168.34425500000006	49
168.63603450000005	35
168.63603450000005	49
168.92781400000004	35
168.92781400000004	49
169.21459350000006	49
169.50137300000006	38
169.50137300000006	49
169.79315250000008	35
169.79315250000008	49
170.08493200000007	35
170.08493200000007	49
170.37671150000006	49
170.66849100000007	38
170.66849100000007	49
170.96027050000006	35
170.96027050000006	49
171.25205000000005	35
171.25205000000005	49
171.53882950000005	38
171.53882950000005	49
171.82560900000004	35
172.41916800000007	38
172.41916800000007	49
172.71419350000008	35
172.71419350000008	38
172.71419350000008	38
173.00921900000006	35
173.00921900000006	38
173.00921900000006	38
173.29924450000007	35
173.29924450000007	38
173.29924450000007	38
173.58927000000006	35
173.58927000000006	38
173.58927000000006	38
173.87929550000007	35
173.87929550000007	38
173.87929550000007	38
174.16932100000005	35
174.16932100000005	38
174.16932100000005	38
174.45934650000007	35
174.45934650000007	38
174.45934650000007	38
174.74937200000005	35
174.74937200000005	38
174.74937200000005	38
175.04173550000004	35
175.04173550000004	38
175.04173550000004	38
175.33409900000004	35
175.33409900000004	38
175.33409900000004	38
175.62646250000006	35
175.62646250000006	38
175.62646250000006	38
175.91882600000005	35
175.91882600000005	38
175.91882600000005	38
176.21118950000005	35
176.21118950000005	38
176.21118950000005	38
176.50355300000004	35
176.50355300000004	38
176.50355300000004	38
176.79591650000006	35
176.79591650000006	38
176.79591650000006	38
177.08828000000005	35
177.08828000000005	38
177.08828000000005	38
177.38064350000005	35
177.38064350000005	38
177.38064350000005	38
177.67300700000004	35
177.67300700000004	38
177.67300700000004	38
177.96037050000007	35
177.96037050000007	38
177.96037050000007	38
178.24773400000007	35
178.24773400000007	38
178.24773400000007	38
178.54009750000006	35
178.54009750000006	38
178.54009750000006	38
178.83246100000005	35
178.83246100000005	38
178.83246100000005	38
179.11982450000005	35
179.11982450000005	38
179.11982450000005	38
179.40718800000005	35
179.40718800000005	38
179.40718800000005	38
179.70455150000006	35
179.70455150000006	38
179.70455150000006	38
180.00191500000005	35
180.00191500000005	38
180.00191500000005	38
180.28927850000002	35
180.28927850000002	38
180.28927850000002	38
180.57664200000005	35
180.57664200000005	38
180.57664200000005	38
180.86900550000004	35
180.86900550000004	38
180.86900550000004	38
181.16136900000004	35
181.16136900000004	38
181.16136900000004	38
181.44873250000003	35
181.44873250000003	38
181.44873250000003	38
181.73609600000006	35
181.73609600000006	38
181.73609600000006	49
182.03112150000007	35
182.03112150000007	38
182.03112150000007	38
182.32614700000005	35
182.32614700000005	38
182.32614700000005	38
182.61617250000006	35
182.61617250000006	38
182.61617250000006	38
182.90619800000005	35
182.90619800000005	38
182.90619800000005	38
183.19622350000006	35
183.19622350000006	38
183.19622350000006	38
183.48624900000004	35
183.48624900000004	38
183.48624900000004	38
183.77627450000006	35
183.77627450000006	38
183.77627450000006	38
184.06630000000004	35
184.06630000000004	38
184.06630000000004	38
184.35957050000007	35
184.35957050000007	38
184.35957050000007	38
184.65284100000005	35
184.65284100000005	38
184.65284100000005	38
184.94611150000006	35
184.94611150000006	38
184.94611150000006	38
185.23938200000006	35
185.23938200000006	38
185.23938200000006	38
185.52765250000004	35
185.52765250000004	38
185.52765250000004	38
185.81592300000005	35
185.81592300000005	38
185.81592300000005	38
186.10419350000006	35
186.10419350000006	38
186.10419350000006	38
186.39246400000005	35
186.39246400000005	38
186.39246400000005	49
186.68658200000004	35
186.68658200000004	38
186.68658200000004	38
186.98070000000004	35
186.98070000000004	38
186.98070000000004	38
187.26981800000004	35
187.26981800000004	38
187.26981800000004	38
187.55893600000005	35
187.55893600000005	38
187.55893600000005	38
187.84805400000002	35
187.84805400000002	38
187.84805400000002	38
188.13717200000005	35
188.13717200000005	38
188.13717200000005	38
188.43129000000005	35
188.43129000000005	38
188.43129000000005	38
188.72540800000007	35
188.72540800000007	38
188.72540800000007	38
189.02426350000007	35
189.02426350000007	38
189.02426350000007	38
189.32311900000005	35
189.61197450000006	35
189.90083	47
190.04025775000002	38
190.17968550000003	38
190.31911325000004	38
190.45854100000008	38
190.75739650000006	35
191.05625200000006	35
191.05625200000006	49
191.35186100000004	42
191.64747000000006	38
191.64747000000006	42
191.93807900000004	42
192.22868800000006	35
192.22868800000006	42
192.51429700000006	35
192.51429700000006	42
192.79990600000005	38
192.79990600000005	42
193.09051500000007	42
193.38112400000006	35
193.38112400000006	42
193.67407300000005	42
193.96702200000004	38
193.96702200000004	42
194.25997100000006	42
194.55292000000006	35
194.55292000000006	42
194.84086900000005	35
194.84086900000005	42
195.12881800000005	38
195.12881800000005	42
195.42176700000007	35
195.42176700000007	42
195.71471600000007	35
195.71471600000007	42
196.00032500000003	42
196.28593400000005	38
196.28593400000005	42
196.57654300000004	42
196.86715200000006	35
196.86715200000006	42
197.16276100000007	35
197.16276100000007	42
197.45837000000006	38
197.45837000000006	42
197.74897900000008	42
198.03958800000007	35
198.03958800000007	42
198.33519700000005	42
198.63080600000006	38
198.63080600000006	42
198.92141500000005	42
199.21202400000007	35
199.21202400000007	42
199.50263300000006	35
199.50263300000006	42
199.79324200000005	38
199.79324200000005	42
200.08385100000007	35
200.08385100000007	42
200.37446000000006	35
200.37446000000006	42
200.66623950000005	42
200.95801900000006	38
200.95801900000006	42
201.24979850000005	35
201.24979850000005	42
201.54157800000004	35
201.54157800000004	42
201.83335750000006	42
202.12513700000005	38
202.12513700000005	42
202.41191650000007	35
202.41191650000007	42
202.69869600000007	35
202.69869600000007	42
202.99047550000006	42
203.28225500000008	38
203.28225500000008	42
203.57403450000007	42
203.86581400000006	35
203.86581400000006	42
204.15759350000008	35
204.15759350000008	42
204.44937300000007	38
204.44937300000007	42
204.74115250000006	35
204.74115250000006	42
205.03293200000007	35
205.03293200000007	42
205.32705000000007	42
205.62116800000007	38
205.62116800000007	42
205.91028600000004	35
205.91028600000004	42
206.19940400000004	35
206.19940400000004	42
206.49352200000004	42
206.78764000000007	38
206.78764000000007	42
207.08175800000006	35
207.08175800000006	42
207.37587600000006	35
207.37587600000006	42
207.6697315000001	42
207.96358700000008	38
207.96358700000008	42
208.2524425000001	35
208.2524425000001	42
208.54129800000007	35
208.54129800000007	42
208.83015350000008	38
208.83015350000008	42
209.1190090000001	35
209.1190090000001	42
209.40286450000005	42
209.68672000000007	35
209.68672000000007	49
209.97732900000005	42
210.26793800000007	38
210.26793800000007	42
210.55354700000007	42
210.8391560000001	35
210.8391560000001	42
211.13476500000007	35
211.13476500000007	42
211.43037400000006	38
211.43037400000006	42
211.7259830000001	42
212.02159200000008	35
212.02159200000008	42
212.31337150000007	42
212.6051510000001	38
212.6051510000001	42
212.89693050000008	42
213.18871000000007	35
213.18871000000007	42
213.4804895000001	35
213.4804895000001	42
213.77226900000008	38
213.77226900000008	42
214.06404850000007	35
214.06404850000007	42
214.3558280000001	35
214.3558280000001	42
214.64877700000008	42
214.94172600000007	38
214.94172600000007	42
215.2346750000001	42
215.5276240000001	35
215.5276240000001	42
215.82057300000008	35
215.82057300000008	42
216.11352200000007	38
216.11352200000007	42
216.40147100000007	42
216.68942000000007	35
216.68942000000007	42
216.98002900000006	42
217.27063800000008	38
217.27063800000008	42
217.56124700000007	42
217.85185600000008	35
217.85185600000008	42
218.1474650000001	35
218.1474650000001	42
218.44307400000008	38
218.44307400000008	42
218.7336830000001	35
218.7336830000001	42
219.0242920000001	35
219.0242920000001	42
219.31048600000005	42
219.59668000000008	38
219.59668000000008	42
219.88787400000007	35
219.88787400000007	42
220.17906800000006	35
220.17906800000006	42
220.4752620000001	42
220.7714560000001	38
220.7714560000001	42
221.06265000000008	35
221.06265000000008	42
221.3538440000001	35
221.3538440000001	42
221.64120750000006	42
221.92857100000006	38
221.92857100000006	42
222.22093450000008	42
222.51329800000008	35
222.51329800000008	42
222.80566150000007	35
222.80566150000007	42
223.09802500000006	38
223.09802500000006	42
223.39038850000009	35
223.39038850000009	42
223.68275200000008	35
223.68275200000008	42
223.9727775000001	42
224.26280300000008	38
224.26280300000008	42
224.5528285000001	35
224.5528285000001	42
224.84285400000007	35
224.84285400000007	42
225.1378795000001	42
225.4329050000001	38
225.4329050000001	42
225.7229305000001	35
225.7229305000001	42
226.0129560000001	35
226.0129560000001	42
226.3029815000001	42
226.59300700000009	38
226.59300700000009	42
226.8880325000001	35
226.8880325000001	42
227.1830580000001	35
227.1830580000001	42
227.4730835000001	38
227.4730835000001	42
227.7631090000001	42
227.7631090000001	47
228.05313450000008	42
228.05313450000008	47
228.3431600000001	35
228.3431600000001	49
228.63318550000008	42
228.9232110000001	38
228.9232110000001	42
229.20823650000008	42
229.4932620000001	35
229.4932620000001	42
229.78328750000009	35
229.78328750000009	42
230.0733130000001	38
230.0733130000001	42
230.3633385000001	42
230.6533640000001	35
230.6533640000001	42
230.9468975000001	42
231.2404310000001	38
231.2404310000001	42
231.5339645000001	42
231.8274980000001	35
231.8274980000001	42
232.1210315000001	35
232.1210315000001	42
232.4145650000001	38
232.4145650000001	42
232.7080985000001	35
232.7080985000001	42
233.0016320000001	35
233.0016320000001	42
233.2904875000001	42
233.57934300000008	38
233.57934300000008	42
233.8681985000001	42
234.15705400000007	35
234.15705400000007	42
234.44590950000008	35
234.44590950000008	42
234.7347650000001	38
234.7347650000001	42
235.02362050000008	42
235.3124760000001	35
235.3124760000001	42
235.60483950000008	42
235.89720300000008	38
235.89720300000008	42
236.1945665000001	42
236.49193000000008	35
236.49193000000008	42
236.77929350000008	35
236.77929350000008	42
237.06665700000008	38
237.06665700000008	42
237.3590205000001	35
237.3590205000001	42
237.6513840000001	35
237.6513840000001	42
237.9437475000001	42
238.23611100000008	38
238.23611100000008	42
238.5284745000001	42
238.8208380000001	35
238.8208380000001	42
239.10820150000006	35
239.10820150000006	42
239.39556500000006	38
239.39556500000006	42
239.68792850000008	42
239.98029200000008	35
239.98029200000008	42
240.27265550000007	42
240.56501900000006	38
240.56501900000006	42
240.85238250000006	42
241.1397460000001	35
241.1397460000001	42
241.43210950000008	35
241.43210950000008	42
241.72447300000007	38
241.72447300000007	42
242.01683650000007	35
242.01683650000007	42
242.3092000000001	35
242.3092000000001	42
242.60656350000008	42
242.90392700000007	38
242.90392700000007	42
243.19129050000006	42
243.4786540000001	35
243.4786540000001	42
243.77601750000008	35
243.77601750000008	42
244.07338100000007	38
244.07338100000007	42
244.36574450000006	42
244.65810800000008	35
244.65810800000008	42
244.9469635000001	42
245.23581900000008	38
245.23581900000008	42
245.5246745000001	35
245.5246745000001	42
245.81353000000007	35
245.81353000000007	42
246.10238550000008	38
246.10238550000008	42
246.3912410000001	35
246.3912410000001	42
246.67509650000008	35
246.67509650000008	42
246.9589520000001	35
246.9589520000001	49
247.55485000000007	38
247.55485000000007	47
247.8477990000001	35
247.8477990000001	47
248.1407480000001	35
248.1407480000001	47
248.43369700000008	47
248.72664600000007	38
248.72664600000007	47
249.0195950000001	35
249.0195950000001	47
249.3125440000001	35
249.3125440000001	47
249.6013995000001	47
249.89025500000008	38
249.89025500000008	47
250.1741105000001	35
250.1741105000001	47
250.4579660000001	35
250.4579660000001	47
250.75682150000011	38
250.75682150000011	47
251.05567700000012	35
251.05567700000012	47
251.3445325000001	47
251.6333880000001	35
251.6333880000001	47
251.92192150000008	47
252.21045500000008	38
252.21045500000008	47
252.5039885000001	35
252.5039885000001	47
252.7975220000001	35
252.7975220000001	47
253.0860555000001	47
253.3745890000001	38
253.3745890000001	47
253.6731225000001	35
253.6731225000001	47
253.97165600000008	35
253.97165600000008	47
254.2587575000001	47
254.54585900000012	38
254.54585900000012	47
254.8379605000001	35
254.8379605000001	47
255.13006200000012	35
255.13006200000012	47
255.42716350000012	38
255.42716350000012	47
255.72426500000006	35
255.72426500000006	47
256.0013665000001	47
256.2784680000001	35
256.2784680000001	47
256.5675860000001	47
256.8567040000001	38
256.8567040000001	47
257.1558220000001	35
257.1558220000001	47
257.4549400000001	35
257.4549400000001	47
257.7540580000001	47
258.05317600000006	38
258.05317600000006	47
258.3422940000001	35
258.3422940000001	47
258.63141200000007	35
258.63141200000007	47
258.9183760000001	47
259.2053400000001	38
259.2053400000001	47
259.4923040000001	35
259.4923040000001	47
259.77926800000006	35
259.77926800000006	47
260.08123200000006	38
260.08123200000006	47
260.38319600000005	35
260.38319600000005	47
260.67016000000007	47
260.9571240000001	35
260.9571240000001	47
261.2490880000001	47
261.5410520000001	38
261.5410520000001	47
261.8330160000001	35
261.8330160000001	47
262.12498000000005	35
262.12498000000005	47
262.41194400000006	47
262.6989080000001	38
262.6989080000001	47
262.9908720000001	35
262.9908720000001	47
263.2828360000001	35
263.2828360000001	47
263.57132100000007	38
263.57132100000007	47
263.8598060000001	47
264.1532910000001	35
264.1532910000001	47
264.44677600000006	38
264.59601850000007	38
264.7452610000001	38
264.89450350000004	38
265.04374600000006	38
265.33223100000004	35
265.33223100000004	47
265.6207160000001	35
265.6207160000001	49
265.9074955000001	49
266.19427500000006	38
266.19427500000006	49
266.4860545000001	49
266.7778340000001	35
266.7778340000001	49
267.06961350000006	49
267.3613930000001	38
267.3613930000001	49
267.6531725000001	49
267.94495200000006	35
267.94495200000006	49
268.2367315000001	49
268.5285110000001	38
268.5285110000001	49
268.82029050000006	49
269.1120700000001	35
269.1120700000001	49
269.3938495000001	35
269.3938495000001	49
269.6756290000001	38
269.6756290000001	49
269.9724085000001	35
269.9724085000001	49
270.2691880000001	35
270.2691880000001	49
270.5671370000001	49
270.8650860000001	38
270.8650860000001	49
271.1580350000001	49
271.45098400000006	35
271.45098400000006	49
271.7389330000001	49
272.0268820000001	38
272.0268820000001	49
272.3198310000001	49
272.6127800000001	35
272.6127800000001	49
272.9072200000001	49
273.2016600000001	38
273.2016600000001	49
273.4911000000001	49
273.7805400000001	35
273.7805400000001	49
274.0699800000001	35
274.0699800000001	49
274.3594200000001	38
274.3594200000001	49
274.64886000000007	35
274.64886000000007	49
274.9383000000001	35
274.9383000000001	49
275.2277400000001	49
275.5171800000001	38
275.5171800000001	49
275.80662000000007	49
276.0960600000001	35
276.0960600000001	49
276.3955000000001	49
276.6949400000001	38
276.6949400000001	49
276.9793800000001	49
277.26382000000007	35
277.26382000000007	49
277.5623535000001	49
277.86088700000005	38
277.86088700000005	49
278.1444205000001	49
278.42795400000006	35
278.42795400000006	49
278.7214875000001	35
278.7214875000001	49
279.0150210000001	38
279.0150210000001	49
279.30855450000007	35
279.30855450000007	49
279.6020880000001	35
279.6020880000001	49
279.89562150000006	49
280.1891550000001	38
280.1891550000001	49
280.47768850000006	49
280.7662220000001	35
280.7662220000001	49
281.0597555000001	49
281.3532890000001	38
281.3532890000001	49
281.6418225000001	49
281.9303560000001	35
281.9303560000001	49
282.2242115000001	49
282.5180670000001	38
282.5180670000001	49
282.80692250000004	35
282.80692250000004	49
283.09577800000005	35
283.09577800000005	49
283.38963350000006	38
283.38963350000006	49
283.68348900000007	35
283.68348900000007	49
283.9723445000001	49
284.26120000000003	35
284.26120000000003	49
284.56297950000004	49
284.864759	38
284.864759	49
285.1465385	49
285.42831800000005	35
285.42831800000005	49
285.7200975	49
286.011877	38
286.011877	49
286.29865650000005	49
286.585436	35
286.585436	49
286.88221550000003	49
287.17899500000004	38
287.17899500000004	49
287.4707745	49
287.762554	35
287.762554	49
288.04933350000005	35
288.04933350000005	49
288.33611300000007	38
288.33611300000007	49
288.62789250000003	35
288.62789250000003	49
288.91967200000005	35
288.91967200000005	49
289.20911200000006	49
289.4985520000001	38
289.4985520000001	49
289.78799200000003	49
290.07743200000004	35
290.07743200000004	49
290.37187200000005	49
290.66631200000006	38
290.66631200000006	49
290.955752	49
291.24519200000003	35
291.24519200000003	49
291.54138600000005	49
291.83758	38
291.83758	49
292.128774	49
292.41996800000004	35
292.41996800000004	49
292.711162	35
292.711162	49
293.002356	38
293.002356	49
293.29355000000004	35
293.29355000000004	49
293.584744	35
293.584744	49
293.875938	49
294.16713200000004	38
294.16713200000004	49
294.458326	49
294.74952	35
294.74952	49
295.04071400000004	49
295.331908	38
295.331908	49
295.618102	49
295.90429600000004	35
295.90429600000004	49
296.19549	49
296.486684	38
296.486684	49
296.77787800000004	49
297.069072	35
297.069072	49
297.360266	35
297.360266	49
297.65146000000004	38
297.65146000000004	49
297.942654	35
297.942654	49
298.233848	35
298.233848	49
298.52472	49
298.81559200000004	38
298.81559200000004	49
299.111464	49
299.40733600000004	35
299.40733600000004	49
299.703208	49
299.99908000000005	38
299.99908000000005	49
300.294952	35
300.294952	49
300.59082400000005	35
300.59082400000005	49
300.88961950000004	49
301.1884150000001	38
301.1884150000001	49
301.48721050000006	35
301.48721050000006	49
301.78600600000004	35
301.78600600000004	49
302.0848015000001	38
302.0848015000001	49
302.38359700000007	35
302.68739250000004	35
302.991188	35
302.991188	49