5.625	35
5.859375	42
6.09375	35
6.09375	38
6.328125	38
6.328125	42
6.5625	35
6.796875	42
7.03125	35
7.03125	38
7.265625	42
7.5	35
7.734375	42
7.96875	35
7.96875	38
8.203125	38
8.203125	42
8.4375	35
8.671875	42
8.90625	35
8.90625	38
9.140625	42
9.375	35
9.609375	42
9.84375	35
9.84375	38
10.078125	38
10.078125	42
10.3125	35
10.546875	42
10.78125	35
10.78125	38
11.015625	42
11.25	35
11.484375	42
11.71875	35
11.71875	38
11.953125	38
11.953125	42
12.1875	35
12.421875	42
12.65625	35
12.65625	38
12.890625	42
13.125	35
13.359375	42
13.59375	35
13.59375	38
13.828125	38
13.828125	42
14.0625	35
14.296875	42
14.53125	35
14.53125	38
14.765625	42
15.0	35
15.234375	42
15.46875	35
15.46875	38
15.703125	38
15.703125	42
15.9375	35
16.171875	42
16.40625	35
16.40625	38
16.640625	42
16.875	35
17.109375	42
17.34375	35
17.34375	38
17.578125	38
17.578125	42
17.8125	35
18.046875	42
18.28125	35
18.28125	38
18.515625	42
18.75	35
18.984375	38
18.984375	42
19.21875	35
19.453125	35
19.453125	42
19.6875	35
19.6875	38
19.921875	35
19.921875	42
20.15625	35
20.625	35
20.625	49
20.859375	42
21.09375	35
21.09375	38
21.328125	38
21.328125	42
21.5625	35
21.796875	42
22.03125	35
22.03125	38
22.265625	42
22.5	35
22.734375	42
22.96875	35
22.96875	38
23.203125	38
23.203125	42
23.4375	35
23.671875	42
23.90625	35
23.90625	38
24.140625	42
24.375	35
24.609375	42
24.84375	35
24.84375	38
25.078125	38
25.078125	42
25.3125	35
25.546875	42
25.78125	35
25.78125	38
26.015625	42
26.25	35
26.484375	42
26.71875	35
26.71875	38
26.953125	38
26.953125	42
27.1875	35
27.421875	42
27.65625	35
27.65625	38
27.890625	42
28.125	35
28.359375	42
28.59375	35
28.59375	38
28.828125	38
28.828125	42
29.0625	35
29.296875	42
29.53125	35
29.53125	38
29.765625	42
30.0	35
30.234375	42
30.46875	35
30.46875	38
30.703125	38
30.703125	42
30.9375	35
31.171875	42
31.40625	35
31.40625	38
31.640625	42
31.875	35
32.109375	42
32.34375	35
32.34375	38
32.578125	38
32.578125	42
32.8125	35
33.046875	42
33.28125	35
33.28125	38
33.515625	42
33.75	35
33.984375	38
33.984375	42
34.21875	35
34.453125	35
34.453125	42
34.6875	38
34.8046875	38
34.921875	35
34.921875	42
35.15625	38
35.15625	38
35.395624999999995	35
35.395624999999995	42
35.635	35
35.635	49
35.869375	42
36.10375	35
36.10375	38
36.338125	38
36.338125	42
36.5725	35
36.801874999999995	42
37.03125	35
37.03125	38
37.265625	42
37.5	35
37.734375	42
37.96875	35
37.96875	38
38.203125	38
38.203125	42
38.4375	35
38.671875	42
38.90625	35
38.90625	38
39.140625	42
39.375	35
39.609375	42
39.84375	35
39.84375	38
40.078125	38
40.078125	42
40.3125	35
40.546875	42
40.78125	35
40.78125	38
41.015625	42
41.25	35
41.484375	42
41.71875	35
41.71875	38
41.953125	38
41.953125	42
42.1875	35
42.421875	42
42.65625	35
42.65625	38
42.895624999999995	42
43.135	35
43.369375	42
43.60375	35
43.60375	38
43.838125	38
43.838125	42
44.0725	35
44.301874999999995	42
44.53125	35
44.53125	38
44.765625	42
45.0	35
45.234375	42
45.46875	35
45.46875	38
45.703125	38
45.703125	42
45.9375	35
46.171875	42
46.40625	35
46.40625	38
46.640625	42
46.875	35
47.109375	42
47.34375	35
47.34375	38
47.578125	38
47.578125	42
47.8125	35
48.046875	42
48.28125	35
48.28125	38
48.515625	42
48.75	35
48.984375	42
49.21875	35
49.21875	38
49.453125	38
49.453125	42
49.6875	35
49.921875	42
50.15625	35
50.15625	38
50.390625	42
50.625	35
50.625	49
50.859375	42
51.09375	35
51.09375	38
51.328125	38
51.328125	42
51.5625	35
51.796875	42
52.03125	35
52.03125	38
52.265625	42
52.5	35
52.734375	42
52.96875	35
52.96875	38
53.203125	38
53.203125	42
53.4375	35
53.671875	42
53.90625	35
53.90625	38
54.140625	42
54.375	35
54.609375	42
54.84375	35
54.84375	38
55.078125	38
55.078125	42
55.3125	35
55.546875	42
55.78125	35
55.78125	38
56.015625	42
56.25	35
56.484375	42
56.71875	35
56.71875	38
56.953125	38
56.953125	42
57.1875	35
57.421875	42
57.65625	35
57.65625	38
57.890625	42
58.125	35
58.359375	42
58.59375	35
58.59375	38
58.828125	38
58.828125	42
59.0625	35
59.296875	42
59.53125	35
59.53125	38
59.765625	42
60.0	35
60.234375	42
60.46875	35
60.46875	38
60.703125	38
60.703125	42
60.9375	35
61.171875	42
61.40625	35
61.40625	38
61.635625000000005	42
61.865	35
62.104375000000005	42
62.34375	35
62.34375	38
62.578125	38
62.578125	42
62.8125	35
63.046875	42
63.28125	35
63.28125	38
63.515625	42
63.75	35
63.984375	42
64.21875	35
64.21875	38
64.453125	38
64.453125	42
64.6875	35
64.921875	42
65.0390625	38
65.15625	35
65.15625	38
65.395625	35
65.395625	42
65.635	35
65.635	49
65.869375	42
66.10375	35
66.10375	38
66.333125	38
66.333125	42
66.5625	35
66.796875	42
67.03125	35
67.03125	38
67.265625	42
67.5	35
67.734375	42
67.96875	35
67.96875	38
68.203125	38
68.203125	42
68.4375	35
68.671875	42
68.90625	35
68.90625	38
69.140625	42
69.375	35
69.609375	42
69.84375	35
69.84375	38
70.078125	38
70.078125	42
70.3125	35
70.546875	42
70.78125	35
70.78125	38
71.015625	42
71.25	35
71.484375	38
71.484375	42
71.71875	35
71.953125	35
71.953125	42
72.1875	35
72.1875	38
72.3046875	38
72.421875	35
72.421875	42
72.65625	35
72.65625	38
72.7734375	38
72.890625	35
72.890625	42
73.125	35
73.125	49
73.359375	42
73.59375	35
73.59375	38
73.828125	38
73.828125	42
74.0625	35
74.296875	42
74.53125	35
74.53125	38
74.765625	42
75.0	35
75.234375	42
75.46875	35
75.46875	38
75.703125	38
75.703125	42
75.9375	35
76.171875	42
76.40625	35
76.40625	38
76.640625	42
76.875	35
77.109375	42
77.34375	35
77.34375	38
77.578125	38
77.578125	42
77.8125	35
78.046875	42
78.28125	35
78.28125	38
78.515625	42
78.75	35
78.984375	42
79.21875	35
79.21875	38
79.453125	38
79.453125	42
79.6875	35
79.921875	42
80.15625	35
80.15625	38
80.15625	49
80.390625	42
80.625	35
80.625	49
80.859375	42
81.09375	35
81.09375	38
81.328125	38
81.328125	42
81.5625	35
81.796875	42
82.03125	35
82.03125	38
82.265625	42
82.5	35
82.734375	42
82.96875	35
82.96875	38
83.203125	38
83.203125	42
83.4375	35
83.671875	42
83.90625	35
83.90625	38
84.140625	42
84.375	35
84.609375	42
84.84375	35
84.84375	38
85.078125	38
85.078125	42
85.3125	35
85.546875	42
85.78125	35
85.78125	38
86.015625	42
86.25	35
86.484375	38
86.484375	42
86.71875	35
86.953125	35
86.953125	42
87.1875	38
87.3046875	38
87.421875	35
87.421875	42
87.65625	35
87.895625	38
87.895625	42
88.135	35
88.135	42
90.234375	38
90.3125	47
90.390625	47
90.46875	35
90.703125	35
90.9375	35
91.171875	38
91.171875	42
91.40625	35
91.40625	49
91.640625	38
91.640625	42
91.875	35
91.875	49
92.114375	42
92.35375	35
92.35375	38
92.588125	38
92.588125	42
92.8225	35
93.051875	42
93.28125	35
93.28125	38
93.515625	42
93.75	35
93.984375	42
94.21875	35
94.21875	38
94.453125	38
94.453125	42
94.6875	35
94.921875	42
95.15625	35
95.15625	38
95.390625	42
95.625	35
95.859375	42
96.09375	35
96.09375	38
96.328125	38
96.328125	42
96.5625	35
96.796875	42
97.03125	35
97.03125	38
97.265625	42
97.5	35
97.734375	42
97.96875	35
97.96875	38
98.203125	38
98.203125	42
98.4375	35
98.671875	42
98.90625	35
98.90625	38
99.140625	42
99.375	35
99.609375	42
99.84375	35
99.84375	38
100.078125	38
100.078125	42
100.3125	35
100.546875	42
100.78125	35
100.78125	38
101.015625	42
101.25	35
101.484375	42
101.71875	35
101.71875	38
101.953125	38
101.953125	42
102.1875	35
102.421875	42
102.65625	35
102.65625	38
102.895625	42
103.135	35
103.369375	42
103.60375	35
103.60375	38
103.838125	38
103.838125	42
104.0725	35
104.301875	42
104.53125	35
104.53125	38
104.765625	42
105.0	35
105.234375	42
105.46875	35
105.46875	38
105.703125	38
105.703125	42
105.9375	35
106.171875	42
106.2890625	38
106.40625	35
106.640625	35
106.640625	42
106.875	35
106.875	49
107.109375	42
107.34375	35
107.578125	38
107.578125	42
107.8125	35
108.046875	42
108.1640625	47
108.28125	35
108.28125	38
108.515625	35
108.515625	42
108.75	35
108.984375	42
109.21875	35
109.21875	38
109.453125	38
109.453125	42
109.6875	35
109.921875	42
110.0390625	38
110.15625	35
110.390625	35
110.390625	42
110.625	35
110.859375	42
111.09375	35
111.09375	38
111.328125	38
111.328125	42
111.5625	35
111.796875	42
111.9140625	47
112.03125	35
112.03125	38
112.265625	35
112.265625	42
112.5	35
112.734375	42
112.96875	35
112.96875	38
113.203125	38
113.203125	42
113.4375	35
113.671875	42
113.7890625	38
113.90625	35
114.140625	35
114.140625	42
114.375	35
114.614375	42
114.85375	35
114.85375	38
115.088125	38
115.088125	42
115.3225	35
115.556875	42
115.6740625	47
115.79125	35
115.79125	38
116.020625	35
116.020625	42
116.25	35
116.484375	42
116.71875	35
116.71875	38
116.953125	38
116.953125	42
117.1875	35
117.421875	42
117.5390625	38
117.65625	35
117.890625	35
117.890625	42
118.125	35
118.364375	42
118.60375	35
118.60375	38
118.838125	38
118.838125	42
119.0725	35
119.306875	42
119.4240625	47
119.54125	35
119.54125	38
119.770625	35
119.770625	42
120.0	35
120.234375	42
120.46875	35
120.46875	38
120.703125	38
120.703125	42
120.9375	35
121.171875	42
121.2890625	38
121.40625	35
121.640625	35
121.640625	42
121.875	35
121.875	49
122.114375	42
122.35375	35
122.35375	38
122.588125	38
122.588125	42
122.8225	35
123.051875	42
123.28125	35
123.28125	38
123.515625	42
123.75	35
123.984375	42
124.21875	35
124.21875	38
124.453125	38
124.453125	42
124.6875	35
124.921875	42
125.15625	35
125.15625	38
125.395625	42
125.635	35
125.869375	42
126.10375	35
126.10375	38
126.338125	38
126.338125	42
126.5725	35
126.801875	42
127.03125	35
127.03125	38
127.265625	42
127.5	35
127.734375	35
127.734375	38
127.734375	42
127.96875	35
128.203125	35
128.203125	42
128.4375	35
128.671875	35
128.671875	42
128.90625	35
128.90625	38
128.90625	49
129.375	35
129.375	49
129.609375	42
129.84375	35
129.84375	38
130.078125	38
130.078125	42
130.3125	35
130.546875	42
130.78125	35
130.78125	38
131.015625	42
131.25	35
131.484375	42
131.71875	35
131.71875	38
131.953125	38
131.953125	42
132.1875	35
132.421875	42
132.65625	35
132.65625	38
132.890625	42
133.125	35
133.359375	42
133.59375	35
133.59375	38
133.828125	38
133.828125	42
134.0625	35
134.296875	42
134.53125	35
134.53125	38
134.765625	42
135.0	35
135.234375	42
135.46875	35
135.46875	38
135.703125	38
135.703125	42
135.9375	35
136.171875	42
136.40625	35
136.40625	49
136.640625	42
136.875	35
136.875	49
137.109375	42
137.34375	35
137.34375	38
137.578125	38
137.578125	42
137.8125	35
138.046875	42
138.28125	35
138.28125	38
138.515625	42
138.75	35
138.984375	42
139.21875	35
139.21875	38
139.453125	38
139.453125	42
139.6875	35
139.921875	42
140.15625	35
140.15625	38
140.395625	42
140.635	35
140.869375	42
141.10375	35
141.10375	38
141.333125	38
141.333125	42
141.5625	35
141.796875	42
142.03125	35
142.03125	38
142.265625	42
142.5	35
142.734375	42
142.96875	35
142.96875	38
143.203125	38
143.203125	42
143.4375	35
143.671875	42
143.7890625	38
143.90625	35
144.140625	35
144.140625	42
144.375	35
144.375	49
144.614375	42
144.85375	35
144.85375	38
145.088125	38
145.088125	42
145.3225	35
145.556875	42
145.79125	35
145.79125	38
146.020625	42
146.25	35
146.484375	42
146.71875	35
146.71875	38
146.953125	38
146.953125	42
147.1875	35
147.421875	42
147.65625	35
147.65625	38
147.890625	42
148.125	35
148.359375	42
148.59375	35
148.59375	38
148.828125	38
148.828125	42
149.0625	35
149.296875	42
149.53125	35
149.53125	38
149.765625	42
150.0	35
150.234375	42
150.46875	35
150.46875	38
150.703125	35
150.703125	42
150.9375	35
150.9375	38
150.9375	49
151.171875	35
151.171875	42
151.40625	35
151.40625	38
151.40625	49
151.640625	35
151.640625	42
151.875	35
151.875	49
152.114375	42
152.35375	35
152.35375	38
152.588125	38
152.588125	42
152.8225	35
153.056875	42
153.29125	35
153.29125	38
153.520625	42
153.75	35
153.984375	42
154.21875	35
154.21875	38
154.453125	38
154.453125	42
154.6875	35
154.921875	42
155.15625	35
155.15625	38
155.390625	42
155.625	35
155.859375	42
156.09375	35
156.09375	38
156.328125	38
156.328125	42
156.5625	35
156.796875	42
157.03125	35
157.03125	38
157.265625	42
157.5	35
157.734375	42
157.96875	35
157.96875	38
158.203125	35
158.203125	42
158.4375	35
158.4375	38
158.4375	49
158.671875	35
158.671875	42
158.90625	35
158.90625	38
158.90625	49
159.140625	35
159.140625	42
159.375	35
159.375	49
159.609375	42
159.84375	35
159.84375	38
160.078125	38
160.078125	42
160.3125	35
160.546875	42
160.78125	35
160.78125	38
161.015625	42
161.25	35
161.484375	42
161.71875	35
161.71875	38
161.953125	38
161.953125	42
162.1875	35
162.421875	42
162.65625	35
162.65625	38
162.895625	42
163.135	35
163.369375	42
163.60375	35
163.60375	38
163.838125	38
163.838125	42
164.0725	35
164.306875	42
164.54125	35
164.54125	38
164.770625	42
165.0	35
165.234375	42
165.46875	35
165.46875	38
165.703125	38
165.703125	42
165.9375	35
166.171875	42
166.40625	35
166.40625	38
166.40625	49
166.640625	42
166.875	35
166.875	49
167.109375	42
167.34375	35
167.34375	38
167.578125	38
167.578125	42
167.8125	35
168.046875	42
168.28125	35
168.28125	38
168.515625	42
168.75	35
168.984375	42
169.21875	35
169.21875	38
169.453125	38
169.453125	42
169.6875	35
169.921875	42
170.15625	35
170.15625	38
170.395625	42
170.635	35
170.869375	42
171.10375	35
171.10375	38
171.338125	38
171.338125	42
171.5725	35
171.806875	42
172.04125	35
172.04125	38
172.270625	42
172.5	35
172.734375	38
172.734375	42
172.96875	35
173.203125	35
173.203125	42
173.4375	38
173.5546875	38
173.671875	35
173.671875	42
173.90625	35
174.140625	38
174.140625	42
174.375	35
174.375	42
175.078125	35
175.3125	35
176.015625	35
176.25	35
176.953125	35
177.1875	35
177.890625	35
178.125	35
178.828125	35
179.0625	35
179.765625	35
180.0	35
180.703125	35
180.9375	35
181.640625	35
181.875	35
182.583125	35
182.8125	35
183.515625	35
183.75	35
184.453125	35
184.6875	35
185.15625	35
185.15625	38
185.15625	38
185.390625	42
185.625	35
186.09375	35
186.5625	35
187.03125	35
187.5	35
187.734375	35
187.96875	35
188.203125	38
188.203125	38
188.4375	35
188.671875	35
188.671875	42
188.90625	35
188.90625	38
189.0234375	38
189.140625	35
189.140625	38
189.2578125	38
189.375	35
189.375	49
189.614375	42
189.85375	35
189.85375	38
190.083125	38
190.083125	42
190.3125	35
190.546875	42
190.78125	35
190.78125	38
191.015625	42
191.25	35
191.484375	42
191.71875	35
191.71875	38
191.953125	38
191.953125	42
192.1875	35
192.421875	42
192.65625	35
192.65625	38
192.895625	42
193.135	35
193.369375	42
193.60375	35
193.60375	38
193.833125	38
193.833125	42
194.0625	35
194.296875	42
194.53125	35
194.53125	38
194.765625	42
195.0	35
195.234375	42
195.46875	35
195.46875	38
195.703125	42
195.9375	35
195.9375	38
195.9375	49
196.171875	35
196.171875	42
196.40625	35
196.40625	38
196.40625	49
196.640625	35
196.640625	42
196.875	35
196.875	38
196.875	49
197.109375	42
197.34375	35
197.34375	38
197.578125	38
197.578125	42
197.8125	35
198.046875	42
198.28125	35
198.28125	38
198.515625	42
198.75	35
198.984375	42
199.21875	35
199.21875	38
199.453125	38
199.453125	42
199.6875	35
199.921875	42
200.15625	35
200.15625	38
200.395625	42
200.635	35
200.869375	42
201.10375	35
201.10375	38
201.333125	38
201.333125	42
201.5625	35
201.796875	42
202.03125	35
202.03125	38
202.265625	42
202.5	35
202.734375	38
202.734375	42
202.96875	35
203.203125	35
203.203125	42
203.4375	35
203.4375	38
203.5546875	38
203.671875	35
203.671875	42
203.90625	35
203.90625	38
204.0234375	38
204.140625	35
204.140625	42
204.375	35
204.375	49
204.614375	42
204.85375	35
204.85375	38
205.088125	38
205.088125	42
205.3225	35
205.551875	42
205.78125	35
205.78125	38
206.015625	42
206.25	35
206.484375	42
206.71875	35
206.71875	38
206.953125	38
206.953125	42
207.1875	35
207.421875	42
207.65625	35
207.65625	38
207.895625	42
208.135	35
208.369375	42
208.60375	35
208.60375	38
208.838125	38
208.838125	42
209.0725	35
209.306875	42
209.54125	35
209.54125	38
209.770625	42
210.0	35
210.234375	42
210.46875	35
210.46875	38
210.703125	42
210.9375	35
210.9375	38
210.9375	49
211.171875	35
211.171875	42
211.40625	35
211.40625	38
211.40625	49
211.640625	35
211.640625	42
211.875	35
211.875	49
212.114375	42
212.35375	35
212.35375	38
212.588125	38
212.588125	42
212.8225	35
213.056875	42
213.29125	35
213.29125	38
213.520625	42
213.75	35
213.984375	42
214.21875	35
214.21875	38
214.453125	38
214.453125	42
214.6875	35
214.921875	42
215.15625	35
215.15625	38
215.390625	42
215.625	35
215.859375	42
216.09375	35
216.09375	38
216.328125	38
216.328125	42
216.5625	35
216.796875	42
217.03125	35
217.03125	38
217.265625	42
217.5	35
217.734375	38
217.734375	42
217.96875	35
218.203125	35
218.203125	42
218.4375	38
218.671875	35
218.671875	42
218.90625	35
219.140625	38
219.140625	38