53.295164312499985	35
53.295164312499985	49
53.673164312499985	42
54.051164312499985	38
54.051164312499985	49
54.41916431249999	42
54.78716431249999	35
54.78716431249999	49
55.16016431249999	42
55.53316431249999	38
55.53316431249999	49
55.90116431249999	42
56.26916431249999	35
56.26916431249999	49
56.65216431249999	42
57.03516431249999	38
57.03516431249999	49
57.40316431249999	42
57.77116431249999	35
57.77116431249999	42
58.14416431249999	42
58.517164312499986	38
58.517164312499986	49
58.89016431249999	42
59.26300952083332	35
59.26300952083332	49
59.63229452083333	42
60.001579520833324	38
60.001579520833324	49
60.37086452083332	42
60.74014952083333	35
60.74014952083333	49
61.109434520833325	42
61.47871952083332	38
61.47871952083332	49
61.84800452083333	42
62.217289520833326	35
62.217289520833326	49
62.586574520833324	42
62.95585952083332	38
62.95585952083332	49
63.32514452083333	42
63.694429520833324	35
63.694429520833324	42
64.05871387620513	42
64.4229043125	35
64.4229043125	49
64.60640431249999	35
64.60640431249999	49
65.15698764583333	35
65.15698764583333	49
65.53298764583333	42
65.90898764583334	38
65.90898764583334	49
66.27998764583333	42
66.65098764583334	35
66.65098764583334	49
67.01698764583334	42
67.38298764583332	38
67.38298764583332	49
67.75398764583333	42
68.12498764583333	35
68.12498764583333	49
68.50098764583332	42
68.87698764583334	38
68.87698764583334	49
69.24798764583333	42
69.61898764583333	35
69.61898764583333	49
69.98998764583334	42
70.36098764583333	38
70.36098764583333	49
70.72698848800951	42
71.09311264583333	35
71.09311264583333	49
71.46711264583332	42
71.84111264583332	38
71.84111264583332	49
72.21011264583333	42
72.57911264583333	35
72.57911264583333	49
72.95811264583332	42
73.33711264583333	38
73.33711264583333	49
73.71611543259066	42
74.09469597916667	35
74.09469597916667	49
74.83269597916667	42
75.55069597916666	42
76.26869597916667	42
76.99683572916666	35
76.99683572916666	42
77.37254372916667	42
77.74825172916667	38
77.74825172916667	49
78.12395972916667	42
78.49966772916667	35
78.49966772916667	42
78.87037572916667	42
79.24108372916668	38
79.24108372916668	49
79.61179172916667	42
79.98249972916668	35
79.98249972916668	42
80.35320772916667	42
80.72391572916668	38
80.72391572916668	49
81.09462372916667	42
81.46533172916668	35
81.46533172916668	42
81.83603972916667	42
82.20674772916668	38
82.20674772916668	49
82.58245572916667	42
82.95816372916667	35
82.95816372916667	42
83.32887172916666	42
83.69957972916667	38
83.69957972916667	49
84.07028772916667	42
84.44099572916666	35
84.44099572916666	42
84.80170372916668	42
85.16241172916666	38
85.16241172916666	49
85.53311972916667	42
85.9035690625	35
85.9035690625	42
86.2680690625	42
86.6325690625	38
86.6325690625	49
86.9970690625	42
87.36168477083334	35
87.36168477083334	42
87.73396177083333	42
88.10623877083334	38
88.10623877083334	49
88.47351577083334	42
88.84079277083333	35
88.84079277083333	42
89.20806977083333	42
89.57534677083333	38
89.57534677083333	49
89.94262377083334	42
90.30990077083334	35
90.30990077083334	42
90.66717777083333	42
91.02445477083333	38
91.02445477083333	49
91.39173177083333	42
91.75900877083333	35
91.75900877083333	42
92.13128577083333	42
92.50356277083333	38
92.50356277083333	49
92.86583977083333	42
93.22811677083332	35
93.22811677083332	42
93.59039430667364	42
93.9527495	38
93.9527495	49
94.326916	42
94.7010825	35
94.7010825	42
95.07024899999999	42
95.4394155	38
95.4394155	49
95.80358085929065	42
96.16758009375	35
96.16758009375	42
96.52866309375	35
96.52866309375	42
96.88974609375	38
96.88974609375	49
97.26082909374999	35
97.26082909374999	49
97.63191209375	42
97.99299509375	35
97.99299509375	42
98.35407809375	38
98.35407809375	49
98.71516109375	42
99.07624409375	35
99.07624409375	42
99.43732709375	42
99.61786859375	38
99.79841009375	38
99.97895159375	47
100.15949309375	47
100.52068634375	35
100.52068634375	49
100.88706134374999	42
101.25343634375	38
101.25343634375	49
101.61981134375	42
101.98618634374999	35
101.98618634374999	42
102.34756134375	42
102.70893634374998	38
102.70893634374998	49
103.08531134374999	42
103.46168634375	35
103.46168634375	49
103.83306134374999	42
104.20443634374999	38
104.20443634374999	49
104.57081134375	42
104.93718634374999	35
104.93718634374999	42
105.29856134375	42
105.65993634375	38
105.65993634375	49
106.03131120173765	42
106.40270715624999	35
106.40270715624999	42
106.76458165625	42
107.12645615625	38
107.12645615625	49
107.49333065625001	42
107.86020515625	35
107.86020515625	42
108.22707965625	42
108.59395415625	38
108.59395415625	49
108.96082865625	42
109.32770315625	35
109.32770315625	42
109.68957765625001	42
110.05145215625	38
110.05145215625	49
110.41832665625	42
110.78520115625	35
110.78520115625	42
111.15207565624999	42
111.51895015625	38
111.51895015625	49
111.89082456397446	42
112.26271269791667	35
112.26271269791667	49
112.63491219791666	42
113.00711169791666	38
113.00711169791666	49
113.37431119791665	42
113.74151069791665	35
113.74151069791665	49
114.10371019791666	42
114.46590969791667	38
114.46590969791667	49
114.83810919791667	42
115.21030869791666	35
115.21030869791666	42
115.57750819791666	42
115.94470769791666	38
115.94470769791666	49
116.31190719791665	42
116.67910669791665	35
116.67910669791665	42
117.04630619791665	42
117.41350569791666	38
117.41350569791666	49
117.77070519791667	35
117.77070519791667	49
118.12790469791666	42
118.49510419791666	35
118.49510419791666	42
118.86230369791666	38
118.86230369791666	49
119.22450223556433	42
119.58656137499999	42
119.94697737499999	35
119.94697737499999	49
120.30739337499999	35
120.30739337499999	49
120.677809375	35
120.677809375	49
121.413641375	35
121.413641375	42
121.779057375	38
121.779057375	49
122.14447337499999	35
122.14447337499999	49
122.509889375	47
122.509889375	47
122.687597375	47
122.687597375	47
122.865305375	47
122.865305375	47
123.04301337499999	47
123.04301337499999	47
123.220721375	47
123.220721375	47
123.39843110797739	47
123.39843110797739	47
123.57614084095476	47
123.57614084095476	47
123.93205339583332	35
123.93205339583332	49
124.30446989583332	42
124.67688639583332	38
124.67688639583332	49
125.04930289583332	42
125.42171939583332	35
125.42171939583332	49
125.79413589583332	42
126.16655239583332	38
126.16655239583332	49
126.53896889583332	42
126.91138539583332	35
126.91138539583332	49
127.28380189583332	42
127.65621839583332	38
127.65621839583332	49
128.0286348958333	42
128.40098193749998	35
128.40098193749998	49
128.7650644375	42
129.1291469375	38
129.1291469375	49
129.4982294375	42
129.8673119375	35
129.8673119375	49
130.2363944375	42
130.6054769375	38
130.6054769375	49
130.9745594375	42
131.3436419375	35
131.3436419375	49
131.72272443749998	42
132.10180693750002	38
132.10180693750002	49
132.4708894375	42
132.83985303125002	35
132.83985303125002	49
133.20322803125	42
133.56660303125	38
133.56660303125	49
133.93997803125	42
134.31335303125	35
134.31335303125	49
134.65672803125	35
134.65672803125	49
135.00010303125	35
135.00010303125	49
135.18179053125	35
135.18179053125	49
135.72694678125	35
135.72694678125	49
136.10982178125	42
136.49269678125	38
136.49269678125	49
136.85057178125	42
137.20844678125	35
137.20844678125	49
137.58132178124998	42
137.95419678125	38
137.95419678125	49
138.32207178125003	42
138.68994678125003	35
138.68994678125003	49
139.05782178125003	42
139.42569678125002	38
139.42569678125002	49
139.78857178125003	35
139.78857178125003	49
140.15144678125	35
140.15144678125	49
140.52432178125	42
140.89719678125002	38
140.89719678125002	49
141.26507178125001	42
141.63317594791667	35
141.63317594791667	49
142.00655094791668	42
142.3799259479167	38
142.3799259479167	49
142.75330094791667	42
143.12667594791668	35
143.12667594791668	49
143.87342594791667	38
143.87342594791667	49
144.62013428125002	35
144.62013428125002	49
144.99150928125002	49
145.36288428125002	38
145.36288428125002	49
145.72925928125002	49
146.09563428124997	35
146.09563428124997	49
146.46700928124997	35
146.46700928124997	49
146.83838428124997	38
146.83838428124997	49
147.20475759774828	35
147.20475759774828	49
147.57088428125	47
147.57088428125	47
147.92025928125	47
147.92025928125	47
148.26963428124998	47
148.26963428124998	47
148.63400928124997	47
148.63400928124997	47
148.99838428125	47
148.99838428125	47
149.36275928125	47
149.36275928125	47
149.72713428125	47
149.72713428125	47
150.09150535317895	47
150.09150535317895	47
150.45644938541665	35
150.45644938541665	49
150.84294938541666	49
151.22919938541665	38
151.22919938541665	49
151.60369938541666	49
151.97819938541664	35
151.97819938541664	49
152.35269938541666	49
152.72711395833332	38
152.72711395833332	49
153.0975134583333	49
153.4679129583333	35
153.4679129583333	49
153.8483124583333	49
154.22871195833332	38
154.22871195833332	49
154.58911145833332	49
154.94951095833332	35
154.94951095833332	49
155.3249104583333	49
155.70030995833332	38
155.70030995833332	49
156.07070945833334	49
156.44115271874998	35
156.44115271874998	49
156.81365271874998	49
157.18615271874998	38
157.18615271874998	49
157.55865271874998	49
157.93115271874998	35
157.93115271874998	49
158.2986515765708	49
158.66598257291665	38
158.66598257291665	49
159.03031557291663	49
159.39464857291665	35
159.39464857291665	49
159.76898157291663	49
160.14331457291667	38
160.14331457291667	49
160.50264640512805	49
160.86181042708336	35
160.86181042708336	49
161.21705992708334	49
161.57230942708333	38
161.57230942708333	49
161.93255892708333	35
161.93255892708333	49
162.29318490625	35
162.29318490625	49
162.66246990625	49
163.03175490625	38
163.03175490625	49
163.39603990625	49
163.76032490625002	35
163.76032490625002	49
164.12960990625	49
164.49889490625	38
164.49889490625	49
164.86817990625002	49
165.23746490625	35
165.23746490625	49
165.60674990625	49
165.97603490625002	38
165.97603490625002	49
166.34531990625	49
166.71460490625	35
166.71460490625	49
167.0788876740278	49
167.4428453229167	38
167.4428453229167	49
167.8092203229167	35
167.8092203229167	49
168.17559532291668	42
168.5369703229167	35
168.5369703229167	42
168.8983453229167	38
168.8983453229167	49
169.26472032291667	42
169.63109532291668	35
169.63109532291668	42
169.9924703229167	42
170.35395469791666	38
170.35395469791666	49
170.71795469791667	35
170.71795469791667	49
171.08195469791667	42
171.44595469791668	35
171.44595469791668	42
171.80995469791668	38
171.80995469791668	49
172.17395469791668	42
172.53795469791666	35
172.53795469791666	42
172.90195469791666	42
173.08395469791668	38
173.26595469791667	38
173.44795469791666	47
173.62995469791667	47
173.99416534374998	35
173.99416534374998	49
174.36322084374999	42
174.73227634375	38
174.73227634375	49
175.10133184375	42
175.47038734375	35
175.47038734375	42
175.83444284375	42
176.19849834375	38
176.19849834375	49
176.56755384375	42
176.93660934375	35
176.93660934375	49
177.31066484375	42
177.68472034375	38
177.68472034375	49
178.05377584375	42
178.42283134374998	35
178.42283134374998	42
178.78188684375	42
179.14094234375	38
179.14094234375	49
179.50999784375	35
179.50999784375	49
179.87905334375	42
180.24310565855427	35
180.24310565855427	42
180.60669443749998	38
180.60669443749998	49
180.95819163326254	42
181.31008332291668	35
181.31008332291668	42
181.6852498229167	42
182.06041632291667	38
182.06041632291667	49
182.42558282291668	35
182.42558282291668	49
182.79074932291667	42
183.1459127791434	35
183.1459127791434	42
183.50086009375002	38
183.50086009375002	49
183.86069309375003	42
184.04060959375002	38
184.22052609375004	38
184.57535909375002	47
184.93019209375	47
185.11510663440743	47
185.3000211750649	47
185.67014021875002	35
185.67014021875002	49
186.05351521875002	42
186.43689021875005	38
186.43689021875005	49
186.81026521875003	42
187.18364021875004	35
187.18364021875004	49
187.55701521875002	42
187.93039021875003	38
187.93039021875003	49
188.2987645909511	42
188.66704646875002	35
188.66704646875002	49
189.04092146875	42
189.41479646875004	38
189.41479646875004	49
189.77367146875005	42
190.13254646875004	35
190.13254646875004	49
190.50142146875	42
190.87029646875	38
190.87029646875	49
191.23917146875002	42
191.60804646875002	35
191.60804646875002	49
191.97692146875002	42
192.34579646875002	38
192.34579646875002	49
192.71467146875003	42
193.08354646875003	35
193.08354646875003	49
193.45242146875003	42
193.82129646875003	38
193.82129646875003	49
194.1801707627248	42
194.53899438541666	35
194.53899438541666	49
194.92036938541665	42
195.30174438541667	38
195.30174438541667	49
195.66811938541667	42
196.03449438541668	35
196.03449438541668	42
196.39586938541666	42
196.75724438541667	35
196.75724438541667	49
197.50028865625	35
197.50028865625	49
197.88578865625	42
198.27128865625002	38
198.27128865625002	49
198.641781670153	42
199.01175738541667	35
199.01175738541667	49
199.37950688541667	42
199.74725638541668	38
199.74725638541668	49
200.11500588541668	42
200.48275538541668	35
200.48275538541668	49
200.85050488541668	42
201.21825438541669	38
201.21825438541669	49
201.59100388541668	35
201.59100388541668	42
201.96375338541668	35
201.96375338541668	49
202.3265028854167	42
202.6892523854167	38
202.6892523854167	49
203.0570018854167	42
203.42477742708334	35
203.42477742708334	49
203.79315192708336	42
204.16152642708334	38
204.16152642708334	49
204.52490092708337	42
204.88827542708336	35
204.88827542708336	49
205.25664992708334	42
205.62502442708336	38
205.62502442708336	49
205.99839832626117	42
206.37186196875004	35
206.37186196875004	49
206.74736902430104	42
207.12174292708335	38
207.12174292708335	49
207.46540942708333	47
207.46540942708333	47
207.63724267708335	47
207.63724267708335	47
207.97590917708334	47
207.97590917708334	47
208.30957567708336	47
208.30957567708336	47
208.65573005602803	47
208.65573005602803	47
208.83505118497274	47
208.83505118497274	47
209.01437231391742	47
209.01437231391742	47
209.19485455208334	35
209.19485455208334	49
209.55522405208336	42
209.91559355208332	38
209.91559355208332	49
210.28096305208334	42
210.64633255208335	35
210.64633255208335	49
211.02170205208333	42
211.39707155208333	38
211.39707155208333	49
211.75243941945652	35
211.75243941945652	42
212.10772993749998	35
212.10772993749998	49
212.48922993749997	42
212.8707299375	38
212.8707299375	49
213.23223050587558	42
213.59381327083332	35
213.59381327083332	49
213.96731327083333	42
214.3408132708333	38
214.3408132708333	49
214.70931327083332	42
215.07835493749997	35
215.07835493749997	49
216.63706326041662	35
216.63706326041662	49
218.40592380208332	35
218.40592380208332	49