6.48691398125	35
6.48691398125	42
7.02756198125	42
7.56820998125	42
8.10885798125	38
8.10885798125	42
8.64950598125	42
9.190153981249999	42
9.73080198125	35
9.73080198125	42
10.27144998125	42
10.812097981250002	42
11.352745981250001	38
11.352745981250001	42
11.89339398125	42
12.434041981250001	42
12.974689981250002	35
12.974689981250002	42
13.51533798125	42
14.05598598125	42
14.596633981250001	38
14.596633981250001	42
15.137281981250002	42
15.677929981250003	42
16.21857798125	35
16.21857798125	42
16.75922598125	42
17.299873981250002	42
17.840521981250003	38
17.840521981250003	42
18.38116998125	42
18.92181798125	42
19.32730398125	42
19.462465981250002	35
20.003113981250003	42
20.543761981250004	42
21.08440998125	38
21.08440998125	42
21.625057981250002	42
22.165705981250003	42
22.706353981250004	35
22.706353981250004	42
23.24700198125	42
23.787649981250002	42
24.328297981250003	38
24.328297981250003	42
24.868945981250004	42
25.409593981250005	42
25.950241981250002	35
25.950241981250002	42
26.490889981250003	42
27.031537981250004	42
27.572185981250005	38
27.572185981250005	42
28.112833981250002	42
28.653481981250003	42
29.194129981250004	35
29.194129981250004	42
29.734777981250005	42
30.275425981250002	42
30.816073981250003	38
30.816073981250003	42
31.356721981250004	42
31.897369981250005	42
32.43801798125	35
32.43801798125	42
32.97866598125	42
33.51931398125	42
34.059961981250005	38
34.059961981250005	42
34.60060998125	42
35.14125798125	42
35.41158198125	35
35.681905981250004	35
35.681905981250004	42
36.22255398125	42
36.76320198125	42
37.30384998125	38
37.30384998125	42
37.84449798125	42
38.38514598125	42
38.92579398125	35
38.92579398125	42
39.46644198125	42
40.007089981250004	42
40.54773798125	38
40.54773798125	42
41.08838598125	42
41.629033981250004	42
42.16968198125	35
42.16968198125	42
42.71032998125	42
43.25097798125	42
43.79162598125	38
43.79162598125	42
44.332273981250005	42
44.87292198125	42
45.41356998125	35
45.41356998125	42
45.95088464791667	42
46.48819931458333	42
47.02551398125001	38
47.02551398125001	42
47.566161981250005	42
48.10680998125	42
48.64745798125001	35
48.64745798125001	42
49.188105981250004	42
49.72875398125	42
50.269401981250006	38
50.269401981250006	42
50.81004998125	42
51.35069798125001	42
51.891345981250005	35
51.891345981250005	42
52.43199398125	42
52.97264198125001	42
53.513289981250004	38
53.513289981250004	42
54.05393798125	42
54.594585981250006	42
55.13523398125	35
55.13523398125	42
55.67588198125001	42
56.216529981250005	42
56.75717798125	38
56.75717798125	49
57.29782598125001	42
57.838473981250004	42
58.24395998125001	42
58.37912198125001	35
58.919769981250006	42
59.46041798125	42
60.00106598125001	38
60.00106598125001	42
60.541713981250005	42
61.08236198125	42
61.62300998125001	35
61.62300998125001	42
62.163657981250005	42
62.70430598125001	42
63.244953981250006	38
63.244953981250006	42
63.785601981250004	42
64.32624998125	42
64.86689798125	35
64.86689798125	42
65.40754598125001	42
65.94819398125	42
66.48884198125	38
66.48884198125	42
67.02948998125001	42
67.57013798125	42
68.11078598125	35
68.11078598125	42
68.65143398125	42
69.19208198125	42
69.73272998125	38
69.73272998125	42
70.27671131458332	42
70.82069264791667	42
71.22867864791667	42
71.36467398125001	35
71.90198864791668	42
72.43930331458333	42
72.97661798125	38
72.97661798125	42
73.51726598125	42
74.05791398125	42
74.59856198125	35
74.59856198125	42
75.13920998125	42
75.67985798125	42
76.22050598125	38
76.22050598125	42
76.76115398125	42
77.30180198125	42
77.84244998125	35
77.84244998125	42
78.38309798125	42
78.92374598125001	42
79.46439398125	38
79.46439398125	42
80.00504198125	42
80.54568998125	42
81.08633798125	35
81.08633798125	42
81.62698598125	42
82.16763398125	42
82.70828198125	38
82.70828198125	42
83.24892998125	42
83.78957798125	42
84.19506398125	42
84.33022598125	35
84.87087398125	42
85.41152198125	42
85.95216998125001	38
85.95216998125001	42
86.49615131458333	42
87.04013264791668	42
87.58411398125001	35
87.58411398125001	42
88.12142864791667	42
88.65874331458333	42
89.19605798125001	38
89.19605798125001	42
89.73670598125	42
90.27735398125	42
90.81800198125	35
90.81800198125	42
91.35864998125	42
91.89929798125	42
92.43994598125	38
92.43994598125	42
92.98059398125	42
93.52124198125	42
94.06188998125	35
94.06188998125	42
94.60253798125001	42
95.14318598125	42
95.68383398125	38
95.68383398125	42
96.22448198125001	42
96.76512998125	42
97.17061598125001	42
97.30577798125	35
97.84642598125001	42
98.38707398125	42
98.92772198125	38
98.92772198125	42
99.46836998125	42
100.00901798125	42
100.54966598125	35
100.54966598125	42
101.09031398125	42
101.63096198125001	42
102.17160998125	38
102.17160998125	42
102.71225798125	42
103.25290598125001	42
103.79355398125	35
103.79355398125	42
104.33420198125	42
104.87484998125001	42
105.41549798125	38
105.41549798125	42
105.95614598125	42
106.49679398125001	42
107.03744198125	35
107.03744198125	42
107.57808998125	42
108.11873798125	42
108.65938598125001	38
108.65938598125001	49
109.20003398125	42
109.74068198125	42
110.14616798125	42
110.28132998125001	35
110.82197798125	42
111.36262598125	42
111.90327398125001	38
111.90327398125001	42
112.44392198125	42
112.98456998125	42
113.52521798125001	35
113.52521798125001	42
114.06586598125	42
114.60651398125	42
115.14716198125001	38
115.14716198125001	42
115.68780998125001	42
116.22845798125	42
116.76910598125001	35
116.76910598125001	42
117.30975398125001	42
117.85040198125	42
118.39104998125	38
118.39104998125	42
118.93169798125001	42
119.47234598125	42
120.01299398125	35
120.01299398125	42
120.55364198125001	42
121.09428998125	42
121.63493798125	38
121.63493798125	42
122.17558598125001	42
122.71623398125	42
123.12171998125001	42
123.25688198125	35
123.79752998125001	42
124.33817798125001	42
124.87882598125	38
124.87882598125	42
125.41947398125001	42
125.96012198125001	42
126.50076998125	35
126.50076998125	42
127.04141798125	42
127.58206598125003	42
128.12271398125003	38
128.12271398125003	42
128.66336198125003	42
129.20400998125004	42
129.74465798125001	35
129.74465798125001	42
130.28530598125002	42
130.82595398125002	42
131.36660198125003	38
131.36660198125003	42
131.90724998125003	42
132.44789798125	42
132.98854598125	35
132.98854598125	42
133.52919398125002	42
134.06984198125002	42
134.61048998125003	38
134.61048998125003	42
135.15113798125003	42
135.69178598125004	42
136.09727198125003	42
136.23243398125	35
136.77308198125002	42
137.31372998125002	42
137.85437798125002	38
137.85437798125002	42
138.39502598125003	42
138.93567398125003	42
139.47632198125	35
139.47632198125	42
140.01696998125	42
140.55761798125002	42
141.09826598125002	38
141.09826598125002	42
141.63891398125003	42
142.17956198125003	42
142.72020998125004	35
142.72020998125004	42
143.26085798125	42
143.80150598125002	42
144.34215398125002	38
144.34215398125002	42
144.88280198125003	42
145.42344998125003	42
145.96409798125003	35
145.96409798125003	42
146.50474598125	42
147.04539398125002	42
147.58604198125002	38
147.58604198125002	42
148.12668998125002	42
148.66733798125003	42
149.07282398125002	42
149.20798598125003	35
149.74863398125004	42
150.28928198125	42
150.82992998125002	38
150.82992998125002	42
151.37057798125002	42
151.91122598125003	42
152.45187398125003	35
152.45187398125003	42
152.99252198125004	42
153.53316998125	42
154.07381798125002	38
154.07381798125002	49
154.61446598125002	42
155.15511398125003	42
155.69576198125003	35
155.69576198125003	42
156.23640998125003	42
156.77705798125004	42
157.31770598125001	38
157.31770598125001	42
157.85835398125002	42
158.39900198125002	42
158.93964998125003	35
158.93964998125003	42
159.48029798125003	42
160.02094598125004	42
160.56159398125	38
160.56159398125	49
161.10557531458335	42
161.64955664791668	42
162.19353798125002	35
162.19353798125002	42
162.7308526479167	42
163.26816731458337	42
163.80548198125004	38
163.80548198125004	42
164.34612998125002	42
164.88677798125002	42
165.42742598125002	35
165.42742598125002	42
165.96807398125003	42
166.50872198125003	42
166.88717558125003	42
167.04937595	38
167.59393028333335	42
168.1384846166667	42
168.68303895	35
168.68303895	42
169.22092661666667	42
169.75881428333335	42
170.29670195000003	38
170.29670195000003	42
170.83792295	42
171.37914395	42
171.92036495000002	35
171.92036495000002	42
172.46158595000003	42
173.00280695	42
173.38166165	42
173.54402795000001	38
174.08524895000002	42
174.62646995000003	42
175.16769095	35
175.16769095	42
175.70891195000002	42
176.25013295000002	42
176.79135395000003	38
176.79135395000003	42
177.33257495	42
177.87379595000002	42
178.41501695000002	35
178.41501695000002	42
178.95623795000003	42
179.49745895	42
179.87631365000001	42
180.03867995000002	38
180.57990095000002	42
181.12112195000003	42
181.66234295	35
181.66234295	42
182.2002306166667	42
182.73811828333334	42
183.27600594999998	38
183.27600594999998	42
183.81722695	42
184.35844795	42
184.89966895	35
184.89966895	42
185.44088995	42
185.98211095	42
186.36096565	42
186.5233177416667	38
187.06385674166668	42
187.60439574166668	42
188.14493474166667	35
188.14493474166667	42
188.68547374166667	42
189.22601274166666	42
189.7665517416667	38
189.7665517416667	42
190.31042407500001	42
190.85429640833337	42
191.3981687416667	35
191.3981687416667	42
191.9387077416667	42
192.47924674166669	42
192.8576240416667	42
193.0197857416667	38
193.5603247416667	42
194.1008637416667	42
194.6414027416667	35
194.6414027416667	42
195.1819417416667	42
195.7224807416667	42
196.2630197416667	38
196.2630197416667	42
196.8035587416667	42
197.3440977416667	42
197.8846367416667	35
197.8846367416667	42
198.4251757416667	42
198.9657147416667	42
199.3440920416667	42
199.50625374166668	38
200.0467927416667	42
200.5873317416667	42
201.1278707416667	35
201.1278707416667	42
201.6684097416667	42
202.2089487416667	42
202.74948774166668	38
202.74948774166668	49
203.2900267416667	42
203.8305657416667	42
204.3711047416667	35
204.3711047416667	42
204.9116437416667	42
205.4521827416667	42
205.8305600416667	42
205.99272174166668	38
206.5332607416667	42
207.0737997416667	42
207.4521770416667	42
207.6143387416667	35
208.1548777416667	42
208.6954167416667	42
209.2359557416667	38
209.2359557416667	42
209.77649474166668	42
210.3170337416667	42
210.8575727416667	35
210.8575727416667	42
211.3981117416667	42
211.9386507416667	42
212.3170280416667	42
212.4791897416667	38
213.02306207500004	42
213.56693440833337	42
214.1108067416667	35
214.1108067416667	42
214.6413457416667	42
215.17188474166667	42
215.70242374166668	38
215.70242374166668	42
216.24296274166667	42
216.7835017416667	42
217.3240407416667	35
217.3240407416667	42
217.86124639634255	42
218.39845205101838	42
218.77449600929148	42
218.93565190833337	38
218.93565190833337	49
219.47896424166672	42
220.02227657500003	42
220.2939327416667	35
220.56558890833338	35
220.56558890833338	42
221.10556790833337	42
221.64554690833336	42
222.18552590833337	38
222.18552590833337	42
222.72550490833336	42
223.26548390833338	42
223.80546290833337	35
223.80546290833337	42
224.3487752416667	42
224.89208757500003	42
225.27240620833336	42
225.43539990833335	38
225.97537890833337	42
226.51535790833336	42
226.89334320833336	42
227.05533690833337	35
227.59531590833336	42
228.13529490833335	42
228.67527390833337	38
228.67527390833337	42
229.21525290833335	42
229.75523190833337	42
230.29521090833336	35
230.29521090833336	42
230.83518990833335	42
231.37516890833336	42
231.75315420833337	42
231.91514790833335	38
232.45512690833337	42
232.99510590833336	42
233.53508490833335	35
233.53508490833335	42
234.07506390833336	42
234.61504290833335	42
235.15502190833337	38
235.15502190833337	42
235.69500090833336	42
236.23497990833337	42
236.77495890833336	35
236.77495890833336	42
237.31493790833335	42
237.85491690833337	42
238.23290220833334	42
238.39489590833335	38
238.93487490833337	42
239.47485390833336	42
240.01483290833335	35
240.01483290833335	42
240.55481190833336	42
241.09479090833335	42
241.63476990833337	38
241.63476990833337	42
242.17474890833336	42
242.71472790833334	42
243.25470690833336	35
243.25470690833336	42
243.79468590833335	42
244.33466490833337	42
244.71265020833337	42
244.8746330541667	38
245.41075772083337	42
245.94688238750004	42
246.32216965416671	42
246.4830070541667	35
247.02913172083336	42
247.57525638750008	42
248.12138105416673	38
248.12138105416673	42
248.66083905416673	42
249.20029705416673	42
249.73975505416672	35
249.73975505416672	42
250.27921305416672	42
250.8186710541667	42
251.1962916541667	42
251.3581290541667	38
251.89758705416673	42
252.43704505416673	42
252.97650305416673	35
252.97650305416673	42
253.5059610541667	42
254.0354190541667	42
254.56487705416671	38
254.56487705416671	42
255.1043350541667	42
255.64379305416668	42
256.1832510541667	35
256.1832510541667	42
256.72270905416667	42
257.2621670541667	42
257.6397876541667	42
257.80162505416666	38
258.3410830541667	42
258.8805410541667	42
259.2581616541667	42
259.4199990541667	35
259.5548635541667	49
259.68972805416666	49