12.698000000000002	35
12.698000000000002	49
12.698000000000002	49
13.492250000000004	38
13.492250000000004	42
14.080437500000002	38
14.276500000000004	42
14.673625000000003	35
15.070750000000004	38
15.070750000000004	42
15.482875000000003	35
15.895000000000003	42
16.689250000000005	38
16.689250000000005	42
17.284937500000005	38
17.483500000000006	42
17.875625000000003	35
18.267750000000003	38
18.267750000000003	42
19.062000000000005	35
19.062000000000005	42
19.856250000000003	38
19.856250000000003	42
20.451937500000003	38
20.650500000000005	42
21.047625000000004	35
21.444750000000006	38
21.444750000000006	42
21.846875000000004	35
22.249000000000006	42
23.040250000000007	38
23.040250000000007	42
23.633687500000004	38
23.831500000000005	42
24.217125000000003	35
24.602750000000004	38
24.602750000000004	42
25.003375000000002	35
25.404000000000003	35
25.404000000000003	42
26.175250000000005	38
26.175250000000005	42
26.768687500000006	38
26.966500000000003	42
27.362125000000002	35
27.757750000000005	38
27.757750000000005	42
28.168375000000005	35
28.579000000000004	35
28.579000000000004	42
29.347250000000003	38
29.347250000000003	42
29.938437500000003	38
30.1355	42
30.524625	35
30.913750000000004	38
30.913750000000004	42
31.322875000000003	35
31.732000000000003	35
31.732000000000003	42
32.519249	38
32.519249	42
33.109685750000004	38
33.306498000000005	42
33.7051225	35
34.103747000000006	38
34.103747000000006	42
34.5123715	35
34.920996	42
35.676746	38
35.676746	42
36.2735585	38
36.47249600000001	42
37.268246000000005	38
37.268246000000005	42
38.083996000000006	35
38.083996000000006	42
38.88049600000001	38
38.88049600000001	42
39.47037100000001	38
39.666996000000005	42
40.075246	35
40.483496	38
40.483496	42
40.88174600000001	35
41.279996000000004	42
42.06649600000001	38
42.06649600000001	42
42.66387100000001	38
42.862996	42
43.26124600000001	35
43.659496000000004	38
43.659496000000004	42
44.455996000000006	35
44.455996000000006	42
45.230496	38
45.230496	42
45.818871	38
46.014996000000004	42
46.417246	35
46.819496	38
46.819496	42
47.221746	35
47.623996000000005	42
48.389996000000004	38
48.389996000000004	42
48.986996000000005	38
49.185996	42
49.578996	35
49.971996	38
49.971996	42
50.757996	35
50.757996	42
51.553996000000005	38
51.553996000000005	42
52.143496000000006	38
52.339996000000006	42
52.71799600000001	35
53.09599600000001	38
53.09599600000001	42
53.50399600000001	35
53.911996	35
53.911996	42
54.675496	38
54.675496	42
55.270621	38
55.468996000000004	42
55.860746	35
56.252495999999994	38
56.252495999999994	42
56.659245999999996	35
57.065996	35
57.065996	42
57.841246	38
57.841246	42
58.4301835	38
58.626496	42
59.019121	35
59.411746	38
59.411746	42
59.819371000000004	35
60.226996	35
60.226996	42
61.013495999999996	38
61.013495999999996	42
61.610870999999996	38
61.80999599999999	42
62.198246	35
62.586496	38
62.586496	42
63.402995999999995	42
64.17349599999999	38
64.17349599999999	42
64.773871	38
64.973996	42
65.359246	35
65.744496	38
65.744496	42
66.139746	47
66.139746	47
66.534996	35
66.534996	38
66.534996	49
67.312496	38
67.312496	42
67.918121	38
68.119996	42
68.513746	35
68.907496	38
68.907496	42
69.311246	35
69.71499600000001	35
69.71499600000001	42
70.487746	38
70.487746	42
71.0823085	38
71.280496	42
71.681871	35
72.083246	38
72.083246	42
72.47962100000001	35
72.87599600000001	35
72.87599600000001	42
73.67399600000002	38
73.67399600000002	42
74.27249600000002	38
74.47199600000002	42
74.87099600000002	35
75.26999600000002	38
75.26999600000002	42
76.06799600000002	35
76.06799600000002	42
76.86824600000003	38
76.86824600000003	42
77.46093350000001	38
77.65849600000001	42
78.06362100000001	35
78.46874600000002	38
78.46874600000002	42
78.88387100000003	35
79.29899600000002	35
79.29899600000002	42
80.10824600000002	38
80.10824600000002	42
80.70018350000002	38
80.89749600000002	42
81.29712100000002	35
81.69674600000002	38
81.69674600000002	42
82.10137100000001	35
82.50599600000001	35
82.50599600000001	42
83.30699600000001	38
83.30699600000001	42
83.907746	38
84.10799600000001	42
84.50849600000001	35
84.90899600000002	38
84.90899600000002	42
85.30949600000001	35
85.709996	35
85.709996	42
86.503996	38
86.503996	42
87.091996	38
87.287996	42
87.699996	35
88.111996	38
88.111996	42
88.51899599999999	35
88.925996	35
88.925996	42
89.731746	38
89.731746	42
90.3285585	38
90.527496	42
91.323246	38
91.323246	42
92.118996	35
92.118996	49
92.926745	38
92.926745	42
93.53255675	38
93.734494	42
94.1383685	35
94.542243	38
94.542243	42
94.9511175	35
95.35999199999999	35
95.35999199999999	42
96.154742	38
96.154742	42
96.7583045	38
96.959492	35
96.959492	42
97.361867	35
97.764242	38
97.764242	42
98.568992	35
98.568992	42
99.38049199999999	38
99.38049199999999	42
99.98161699999999	38
100.181992	42
100.59774199999998	35
101.01349199999999	38
101.01349199999999	42
101.42424199999998	35
101.83499199999999	35
101.83499199999999	42
102.64399199999998	38
102.64399199999998	42
103.24324199999998	38
103.44299199999999	35
103.44299199999999	42
103.85249199999998	35
104.26199199999998	38
104.26199199999998	42
105.09099199999999	35
105.09099199999999	38
105.09099199999999	49
105.91474099999998	38
105.91474099999998	42
106.51005274999997	38
106.70848999999998	42
107.11036449999999	35
107.51223899999998	38
107.51223899999998	42
108.33598799999999	35
108.33598799999999	42
109.13698799999999	38
109.13698799999999	42
109.73773799999998	38
109.93798799999999	42
110.73898799999999	38
110.73898799999999	42
111.53998799999998	35
111.53998799999998	42
112.34948799999998	38
112.34948799999998	42
112.94911299999998	38
113.14898799999999	42
113.54373799999999	35
113.93848799999998	38
113.93848799999998	42
114.73798799999997	35
114.73798799999997	42
115.55373799999997	38
115.55373799999997	42
116.15055049999997	38
116.34948799999997	42
117.13523799999997	38
117.13523799999997	42
117.92098799999997	35
117.92098799999997	49
118.71873699999996	38
118.71873699999996	49
119.11761149999997	49
119.31704874999997	38
119.51648599999997	49
119.93536049999997	35
119.93536049999997	49
120.35423499999997	38
120.35423499999997	49
120.75810949999997	35
120.75810949999997	49
121.16198399999998	35
121.16198399999998	49
121.55860899999998	49
121.95523399999998	38
121.95523399999998	49
122.35185899999998	49
122.55017149999996	38
122.74848399999996	49
123.15510899999997	35
123.15510899999997	49
123.56173399999997	38
123.56173399999997	49
123.96335899999997	35
123.96335899999997	49
124.36498399999996	35
124.36498399999996	49
124.76360849999996	49
125.16223299999996	38
125.16223299999996	49
125.56085749999997	49
125.76016974999996	38
125.95948199999997	49
126.35810649999996	35
126.35810649999996	49
126.75673099999996	38
126.75673099999996	49
127.16035549999997	35
127.16035549999997	49
127.56397999999997	35
127.56397999999997	49
127.95497999999998	49
128.34597999999997	38
128.34597999999997	49
128.74697999999995	49
128.94747999999996	38
129.14797999999996	49
129.53897999999995	35
129.53897999999995	49
129.92997999999997	38
129.92997999999997	49
130.32597999999996	35
130.32597999999996	49
130.72197999999997	35
130.72197999999997	49
131.10060499999997	49
131.47922999999997	38
131.47922999999997	49
131.862855	49
132.0546675	38
132.24648	49
132.63510499999998	35
132.63510499999998	49
133.02372999999997	38
133.02372999999997	49
133.41235499999996	35
133.41235499999996	49
133.80097999999995	35
133.80097999999995	49
134.18985499999997	49
134.57872999999995	38
134.57872999999995	49
134.96760499999996	49
135.16204249999996	38
135.35647999999995	49
135.75035499999996	35
135.75035499999996	49
136.14422999999996	38
136.14422999999996	49
136.52810499999998	35
136.52810499999998	49
136.91197999999994	35
136.91197999999994	49
137.29435499999994	49
137.67672999999996	38
137.67672999999996	49
138.06410499999996	49
138.25779249999997	38
138.45147999999995	49
138.83885499999994	35
138.83885499999994	49
139.22622999999996	38
139.22622999999996	49
139.61860499999995	35
139.61860499999995	49
140.01097999999993	35
140.01097999999993	49
140.39522999999994	49
140.77947999999995	38
140.77947999999995	49
141.16372999999996	49
141.35585499999993	38
141.54797999999994	49
141.93722999999994	35
141.93722999999994	49
142.32647999999995	38
142.32647999999995	49
142.71572999999995	49
143.10497999999995	35
143.10497999999995	49
143.50410499999995	35
143.50410499999995	49
143.90322999999995	38
143.90322999999995	49
144.28235499999997	49
144.47191749999993	38
144.66147999999995	49
145.06060499999995	35
145.06060499999995	49
145.45972999999992	38
145.45972999999992	49
146.22797999999995	35
146.22797999999995	49
147.01447899999994	38
147.01447899999994	49
147.39772849999991	49
147.58935324999993	38
147.78097799999992	49
148.16422749999992	35
148.16422749999992	49
148.54747699999993	38
148.54747699999993	49
148.94572649999992	35
148.94572649999992	49
149.34397599999994	35
149.34397599999994	49
149.72947599999995	49
150.11497599999993	38
150.11497599999993	49
150.49047599999994	49
150.67822599999997	38
150.86597599999996	49
151.25647599999996	35
151.25647599999996	49
151.64697599999994	38
151.64697599999994	49
152.03747599999994	35
152.03747599999994	49
152.42797599999994	35
152.42797599999994	49
152.80810099999994	49
153.18822599999996	38
153.18822599999996	49
153.57335099999995	49
153.76591349999995	38
153.95847599999996	49
154.34360099999995	35
154.34360099999995	49
154.72872599999997	38
154.72872599999997	49
155.11385099999995	35
155.11385099999995	49
155.49897599999994	35
155.49897599999994	49
155.88372599999994	49
156.26847599999994	38
156.26847599999994	49
156.64822599999994	49
156.83810099999994	38
157.02797599999994	49
157.41272599999996	35
157.41272599999996	49
157.79747599999996	38
157.79747599999996	49
158.18722599999995	35
158.18722599999995	49
158.57697599999995	35
158.57697599999995	49
158.96360099999995	49
159.35022599999994	38
159.35022599999994	49
159.73185099999995	49
159.92266349999994	38
160.11347599999996	49
160.50010099999994	35
160.50010099999994	49
160.88672599999995	38
160.88672599999995	49
161.27835099999996	35
161.27835099999996	49
161.66997599999993	35
161.66997599999993	49
162.05135099999993	49
162.43272599999995	38
162.43272599999995	49
162.80910099999994	49
162.99728849999994	38
163.18547599999994	49
163.57685099999995	35
163.57685099999995	49
163.96822599999993	38
163.96822599999993	49
164.34960099999992	35
164.34960099999992	49
164.7309759999999	35
164.7309759999999	49
165.11647599999992	49
165.5019759999999	38
165.5019759999999	49
165.8874759999999	49
166.08022599999993	38
166.27297599999991	49
166.66347599999992	35
166.66347599999992	49
167.05397599999992	38
167.05397599999992	49
167.43947599999993	35
167.43947599999993	49
167.82497599999994	35
167.82497599999994	49
168.19860099999994	49
168.57222599999992	38
168.57222599999992	49
168.95085099999994	49
169.14016349999994	38
169.32947599999994	49
169.71310099999994	35
169.71310099999994	49
170.09672599999993	38
170.09672599999993	49
170.47035099999994	38
170.47035099999994	49
170.8439759999999	35
170.8439759999999	49
171.2238509999999	49
171.6037259999999	38
171.6037259999999	49
171.97360099999992	49
172.1585384999999	38
172.3434759999999	35
172.3434759999999	49
172.73835099999988	35
172.73835099999988	49
173.1332259999999	38
173.1332259999999	49
173.52810099999988	49
173.9229759999999	35
173.9229759999999	49
174.3053509999999	49
174.6877259999999	38
174.6877259999999	49
175.0701009999999	49
175.26128849999992	38
175.4524759999999	35
175.4524759999999	49
175.85485099999988	35
175.85485099999988	49
176.25722599999992	38
176.25722599999992	49
176.6446009999999	49
177.0319759999999	35
177.0319759999999	49
177.4214759999999	49
177.81097599999987	38
177.81097599999987	49
178.2004759999999	49
178.3952259999999	38
178.5899759999999	35
178.5899759999999	49
178.9844759999999	35
178.9844759999999	49
179.37897599999988	38
179.37897599999988	49
179.7734759999999	49
180.1679759999999	35
180.1679759999999	49
180.5583509999999	49
180.9487259999999	38
180.9487259999999	49
181.3341009999999	49
181.5267884999999	38
181.7194759999999	35
181.7194759999999	49
182.1148509999999	35
182.1148509999999	49
182.5102259999999	38
182.5102259999999	49
182.9006009999999	49
183.2909759999999	35
183.2909759999999	49
183.68122599999987	49
184.0714759999999	38
184.0714759999999	49
184.4517259999999	49
184.6418509999999	38
184.83197599999988	35
184.83197599999988	49
185.2122259999999	35
185.2122259999999	49
185.5924759999999	38
185.5924759999999	49
185.9677259999999	49
186.34297599999988	35
186.34297599999988	49
186.72060049999988	35
186.72060049999988	49
187.09822499999987	38
187.09822499999987	49
187.47584949999987	49
187.66466174999988	38
187.8534739999999	35
187.8534739999999	49
188.2160984999999	47
188.39741074999986	47
188.57872299999988	38
188.77003524999986	38
188.96134749999987	47
189.3439719999999	35
189.3439719999999	49
189.72309699999988	49
190.1022219999999	38
190.1022219999999	49
190.4813469999999	49
190.6709094999999	38
190.8604719999999	35
190.8604719999999	49
191.24959699999988	35
191.24959699999988	49
191.6387219999999	38
191.6387219999999	49
192.01784699999988	49
192.39697199999986	35
192.39697199999986	49
192.77347199999986	35
192.77347199999986	49
193.14997199999985	38
193.14997199999985	49
193.53147199999987	35
193.53147199999987	49
193.72222199999987	35
193.91297199999988	35
193.91297199999988	49
194.28947199999988	38
194.28947199999988	49
194.66597199999987	38
194.85172199999988	38
195.0374719999999	38
195.22322199999985	38
195.40897199999986	35
195.40897199999986	49
195.78734699999987	49
196.16572199999987	38
196.16572199999987	49
196.54409699999985	49
196.73328449999985	38
196.92247199999986	35
196.92247199999986	49
197.11415949999986	49
197.30584699999986	35
197.30584699999986	49
197.6892219999999	38
197.6892219999999	49
198.0675969999999	35
198.0675969999999	49
198.44597199999987	35
198.44597199999987	49
198.81272199999987	38
198.81272199999987	49
199.17947199999986	38
199.17947199999986	49
199.36284699999987	38
199.54622199999986	38
199.72959699999987	47
199.91297199999988	38
200.09384699999987	38
200.27472199999988	47
200.45559699999984	38
200.63647199999986	38
200.81984699999984	47
201.00322199999985	47
201.18659699999986	38
201.36997199999985	35
201.36997199999985	49
201.75747199999984	35
201.75747199999984	49
202.14497199999985	38
202.14497199999985	49
202.52747199999988	49
202.71872199999987	38
202.90997199999987	35
202.90997199999987	49
203.29247199999986	35
203.29247199999986	49
203.67497199999985	38
203.67497199999985	49
204.05247199999988	49
204.24122199999985	38
204.42997199999985	35
204.42997199999985	49
204.61503424999984	35
204.80009649999985	38
204.80009649999985	49
205.17022099999986	38
205.35278324999985	38
205.53534549999986	47
205.71790774999985	38
205.90046999999987	35
205.90046999999987	49
206.27059449999987	38
206.27059449999987	49
206.64071899999985	47
206.82578124999986	47
207.01084349999985	47
207.19590574999987	47
207.38096799999985	35
207.38096799999985	49
207.76509299999984	49
208.14921799999985	38
208.14921799999985	49
208.52834299999984	49
208.71790549999986	38
208.90746799999985	35
208.90746799999985	49
209.28659299999984	35
209.28659299999984	49
209.66571799999986	38
209.66571799999986	49
210.04484299999984	49
210.42396799999983	35
210.42396799999983	49
210.80059299999982	35
210.80059299999982	49
211.17721799999984	38
211.17721799999984	49
211.54884299999986	35
211.54884299999986	49
211.73465549999986	38
211.92046799999986	35
211.92046799999986	49
212.29209299999985	38
212.29209299999985	49
212.66371799999985	38
212.84953049999984	38
213.03534299999984	38
213.22115549999984	38
213.40696799999986	35
213.40696799999986	49
213.78684299999986	49
214.16671799999986	38
214.16671799999986	49
214.54159299999986	49
214.72903049999985	38
214.91646799999984	35
214.91646799999984	49
215.29634299999984	35
215.29634299999984	49
215.67621799999984	38
215.67621799999984	49
216.05109299999984	49
216.42596799999984	35
216.42596799999984	49
216.81259299999985	35
216.81259299999985	49
217.19921799999983	38
217.19921799999983	49
217.58584299999984	49
217.97246799999985	49
218.16328049999984	38
218.35409299999984	35
218.35409299999984	49
218.54490549999986	35
218.54490549999986	49
218.73571799999985	38
218.73571799999985	49
219.11734299999986	47
219.30815549999983	47
219.49896799999982	35
219.49896799999982	49
219.87621799999982	49
220.25346799999983	38
220.25346799999983	49
220.62571799999984	49
220.81184299999984	38
220.99796799999982	35
220.99796799999982	49
221.38021799999981	35
221.38021799999981	49
221.7624679999998	38
221.7624679999998	49
222.13971799999982	49
222.51696799999982	35
222.51696799999982	49
222.9010929999998	35
222.9010929999998	49
223.28521799999984	38
223.28521799999984	49
223.66434299999983	49
223.85390549999985	38
224.04346799999985	35
224.04346799999985	49
224.42759299999983	49
224.81171799999984	38
224.81171799999984	49
225.19084299999983	47
225.56996799999982	35
225.56996799999982	49
225.96034299999982	49
226.35071799999983	38
226.35071799999983	49
226.7410929999998	49
226.9362804999998	35
227.1314679999998	49
227.52684299999981	35
227.52684299999981	49
227.92221799999982	38
227.92221799999982	49
228.31259299999982	49
228.7029679999998	35
228.7029679999998	49
229.0918429999998	49
229.4807179999998	38
229.4807179999998	49
229.8695929999998	49
230.0640304999998	35
230.2584679999998	49
230.6473429999998	35
230.6473429999998	49
231.0362179999998	38
231.0362179999998	49
231.4250929999998	47
231.8139679999998	35
231.8139679999998	49
232.1994679999998	49
232.58496799999978	38
232.58496799999978	49
232.9654679999998	49
233.1557179999998	35
233.3459679999998	49
233.7314679999998	35
233.7314679999998	49
233.9242179999998	49
234.1169679999998	38
234.1169679999998	49
234.5024679999998	49
234.8879679999998	35
234.8879679999998	49
235.2800924999998	49
235.67221699999982	38
235.67221699999982	49
236.04934149999983	49
236.2379037499998	38
236.4264659999998	49
236.80859049999978	38
236.80859049999978	49
237.19071499999978	49
237.3817772499998	38
237.5728394999998	49
237.9549639999998	35
237.9549639999998	49
238.7214629999998	38
238.7214629999998	49
239.10471249999978	49
239.2963372499998	38
239.48796199999978	49
239.87621149999978	35
239.87621149999978	49
240.2644609999998	38
240.2644609999998	49
240.64271049999982	49
241.0209599999998	35
241.0209599999998	49
241.39295999999982	49
241.7649599999998	38
241.7649599999998	49
242.13695999999982	49
242.5089599999998	38
242.6949599999998	38
242.88095999999982	38
243.2529599999998	38
243.60995999999983	38
243.9669599999998	35
243.9669599999998	49
244.7334589999998	38
244.7334589999998	49
245.3083332499998	38
245.4999579999998	49
245.8832074999998	35
246.2664569999998	38
246.2664569999998	49
247.06295599999982	35
247.06295599999982	49