3.99	35
3.99	49
3.99	49
6.068664	35
6.068664	49
8.127984	35
8.127984	49
10.201027999999999	35
10.201027999999999	49
11.242479999999999	35
11.242479999999999	49
11.6367745	35
11.6367745	49
12.051069	35
12.051069	49
12.333931999999999	35
12.333931999999999	49
12.5782315	38
12.949680749999999	47
13.331129999999998	47
13.5754295	47
13.819728999999999	38
13.941878749999999	38
14.064028500000001	38
14.18617825	38
14.308328	35
14.308328	49
14.558461999999999	38
14.808596	38
14.933663	47
15.308864	47
15.558997999999999	47
15.809131999999998	47
16.054266	38
16.176833	38
16.2994	35
16.2994	49
16.548434999999998	38
16.797469999999997	38
16.9244875	38
17.1785225	47
17.4300575	47
17.554575	38
17.6790925	38
17.9281275	47
18.052645	47
18.30168	35
18.30168	49
18.561874000000003	38
18.822068	38
18.942165000000003	38
19.062262	38
19.182359	38
19.302456000000003	35
19.302456000000003	49
19.557650000000002	35
19.685247	35
19.685247	49
19.942941000000005	35
20.073038	35
20.073038	49
20.333232	35
20.333232	49
20.575902499999998	38
20.575902499999998	42
20.818572999999997	42
21.0712435	38
21.0712435	42
21.323914000000002	35
21.323914000000002	42
21.5615845	38
21.5615845	42
21.680419750000002	35
21.799255000000002	42
21.92059025	35
22.0419255	38
22.0419255	42
22.284596	35
22.284596	42
22.525961499999998	38
22.525961499999998	42
22.767326999999998	42
22.89050975	35
23.013692499999998	38
23.013692499999998	42
23.260058	35
23.260058	42
23.5064235	38
23.5064235	42
23.62960625	35
23.752789	42
23.875971749999998	35
23.9991545	38
23.9991545	42
24.24552	35
24.24552	42
24.496270000000003	38
24.496270000000003	42
24.74702	35
24.74702	42
24.99277	38
24.99277	42
25.23852	35
25.23852	42
25.47927	38
25.47927	42
25.599645	35
25.720019999999998	42
25.845395	35
25.97077	38
25.97077	42
26.22152	35
26.22152	42
26.474528000000003	38
26.474528000000003	42
26.727536000000004	35
26.727536000000004	42
26.980544000000002	38
26.980544000000002	42
27.233552	35
27.352556000000003	35
27.352556000000003	42
27.590564	35
27.590564	42
27.831072	35
27.831072	42
28.074080000000002	35
28.074080000000002	49
28.195584	35
28.195584	49
28.439281	38
28.439281	42
28.682978	35
28.682978	42
28.931675000000002	38
28.931675000000002	42
29.180372000000002	35
29.180372000000002	42
29.409069000000002	38
29.409069000000002	42
29.5234175	35
29.637766	42
29.7596145	35
29.881463	38
29.881463	42
30.12516	35
30.12516	42
30.375499000000005	38
30.375499000000005	42
30.625838	35
30.625838	42
30.748507500000002	35
30.871177000000003	38
30.871177000000003	42
31.116516000000004	35
31.116516000000004	42
31.361855000000002	38
31.361855000000002	42
31.484524500000003	35
31.607194000000003	42
31.732363500000005	35
31.857533000000004	38
31.857533000000004	42
32.10787200000001	35
32.10787200000001	49
32.36067450000001	38
32.36067450000001	42
32.613477	35
32.613477	42
32.86127950000001	38
32.86127950000001	42
33.10908200000001	35
33.10908200000001	42
33.35688450000001	38
33.35688450000001	42
33.48078575	35
33.604687000000006	42
33.72608825000001	35
33.8474895	38
33.8474895	42
34.090292000000005	35
34.090292000000005	42
34.34042600000001	38
34.34042600000001	42
34.59056	42
34.710627	35
34.830694	38
34.830694	42
35.070828000000006	35
35.070828000000006	42
35.315962000000006	38
35.315962000000006	42
35.438529	35
35.561096000000006	42
35.683663	35
35.806230000000006	38
35.806230000000006	42
36.05136400000001	35
36.05136400000001	49
36.30224650000001	38
36.30224650000001	49
36.553129000000006	35
36.553129000000006	49
36.67857025000001	35
36.80401150000001	38
36.80401150000001	49
37.054894000000004	35
37.054894000000004	49
37.30577650000001	38
37.30577650000001	49
37.556659	35
37.556659	49
37.682100250000005	35
37.807541500000006	38
37.807541500000006	49
38.05842400000001	35
38.05842400000001	49
38.31122650000001	38
38.31122650000001	49
38.564029000000005	35
38.564029000000005	49
38.68543025000001	35
38.80683150000001	38
38.80683150000001	49
39.04963400000001	35
39.04963400000001	49
39.29743650000001	38
39.421337750000006	35
39.421337750000006	49
39.66914025000001	35
39.66914025000001	49
39.79304150000001	38
40.04084400000001	35
40.04084400000001	49
40.293163500000006	38
40.293163500000006	49
40.545483000000004	35
40.545483000000004	49
40.671642750000004	35
40.79780250000001	38
40.79780250000001	49
41.05012200000001	35
41.05012200000001	49
41.30244150000001	38
41.30244150000001	49
41.554761000000006	35
41.554761000000006	49
41.680920750000006	35
41.807080500000005	38
41.807080500000005	49
42.059400000000004	35
42.059400000000004	49
42.308023500000004	38
42.308023500000004	49
42.556647000000005	35
42.556647000000005	49
42.68095875	35
42.805270500000006	38
42.805270500000006	49
43.05389400000001	35
43.05389400000001	49
43.3025175	38
43.426829250000004	35
43.426829250000004	49
43.675452750000005	35
43.675452750000005	49
43.7997645	38
44.048388	35
44.048388	49
44.30755500000001	38
44.30755500000001	49
44.566722	35
44.566722	49
44.691305500000006	35
44.815889	38
44.815889	49
45.065056000000006	35
45.065056000000006	49
45.319223	38
45.319223	49
45.446306500000006	35
45.57339	35
45.57339	49
45.697973499999996	35
45.822557	38
45.822557	49
46.071723999999996	35
46.071723999999996	49
46.3324015	38
46.3324015	49
46.593078999999996	35
46.593078999999996	49
46.8437565	38
46.8437565	49
47.094434	35
47.094434	49
47.21727275	35
47.3401115	38
47.3401115	49
47.585789	35
47.585789	49
47.70862775	35
47.8314665	38
47.8314665	49
47.95430525	35
47.95430525	49
48.20022425	35
48.3233045	38
48.3233045	49
48.569464999999994	35
48.569464999999994	49
48.692545249999995	35
48.692545249999995	49
48.815625499999996	38
48.815625499999996	49
48.93870575	35
48.93870575	49
49.187366250000004	35
49.187366250000004	49
49.3129465	38
49.3129465	49
49.564107	35
49.564107	49
49.684687249999996	35
49.684687249999996	49
49.8052675	38
49.8052675	49
49.925847749999996	35
49.925847749999996	49
50.175908750000005	35
50.305389500000004	38
50.305389500000004	49
50.564351	35
50.564351	49
50.69383175	35
50.82331250000001	38
50.82331250000001	49
51.082274000000005	35
51.082274000000005	49
51.3362355	38
51.3362355	49
51.590197	35
51.590197	49
51.717177750000005	35
51.8441585	38
51.8441585	49
52.09812	35
52.09812	49
52.36639300000001	38
52.36639300000001	49
52.634666	35
52.634666	49
52.763802500000004	35
52.892939000000005	38
52.892939000000005	49
53.151212	35
53.151212	49
53.272848499999995	35
53.394484999999996	38
53.394484999999996	49
53.5161215	35
53.637758000000005	35
53.637758000000005	49
53.7643945	35
53.891031	38
53.891031	49
54.144304000000005	35
54.144304000000005	49
54.40874900000001	38
54.40874900000001	49
54.673194	35
54.673194	49
54.7979165	35
54.7979165	49
54.922639	38
54.922639	49
55.0473615	35
55.0473615	49
55.29930650000001	35
55.29930650000001	49
55.426529	38
55.426529	49
55.680974000000006	35
55.680974000000006	49
55.8031965	35
55.8031965	49
55.925419000000005	38
55.925419000000005	49
56.0476415	35
56.0476415	49
56.295921	35
56.421977999999996	38
56.421977999999996	49
56.674091999999995	35
56.674091999999995	49
56.795148999999995	35
56.795148999999995	49
56.916205999999995	38
56.916205999999995	49
57.037262999999996	35
57.037262999999996	49
57.294377000000004	35
57.294377000000004	49
57.430434000000005	38
57.430434000000005	49
57.702548	35
57.702548	49
57.828605	35
57.828605	49
57.954662	38
57.954662	49
58.080719	35
58.080719	49
58.32855125	35
58.450326499999996	38
58.450326499999996	49
58.69387699999999	35
58.69387699999999	49
58.81565224999999	35
58.81565224999999	49
58.9374275	38
58.9374275	49
59.05920275	35
59.05920275	49
59.30775325	35
59.30775325	49
59.4345285	38
59.4345285	49
59.688079	35
59.688079	49
59.817354249999994	35
59.9466295	38
59.9466295	49
60.20518	35
60.20518	49
60.4560625	38
60.4560625	49
60.706945	35
60.706945	49
60.83238625	35
60.9578275	38
60.9578275	49
61.08326875	35
61.208709999999996	38
61.272680625	38
61.336651249999996	38
61.4645925	38
61.59253375	38
61.72047499999999	38
61.84341625	38
61.966357499999994	38
62.08929875	38
62.21224	38
62.4600425	38
62.58394375	38
62.83174625	38
62.955647500000005	38
63.203450000000004	35
63.203450000000004	49
63.4512525	38
63.4512525	42
63.699055	35
63.699055	42
63.9468575	38
63.9468575	42
64.19466	35
64.19466	42
64.429999	38
64.429999	42
64.5476685	35
64.665338	42
64.7880075	35
64.910677	38
64.910677	42
65.15601600000001	35
65.15601600000001	42
65.41135500000001	38
65.41135500000001	42
65.66669399999999	42
65.7893635	35
65.912033	38
65.912033	42
66.157372	35
66.157372	42
66.40887049999999	38
66.40887049999999	42
66.53461974999999	35
66.66036899999999	42
66.78611825	35
66.9118675	38
66.9118675	42
67.163366	35
67.163366	42
67.4198645	38
67.4198645	42
67.676363	35
67.676363	42
67.79711224999998	35
67.9178615	38
67.9178615	42
68.15935999999999	35
68.15935999999999	42
68.40777899999999	38
68.40777899999999	42
68.5319885	35
68.65619799999999	42
68.7804075	35
68.90461699999999	38
68.90461699999999	42
69.15303599999999	35
69.15303599999999	42
69.401455	38
69.401455	42
69.649874	35
69.649874	42
69.898293	38
69.898293	42
70.146712	35
70.26814974999999	35
70.26814974999999	42
70.51102524999999	35
70.51102524999999	42
70.75140075	35
70.75140075	42
70.98927625	35
70.98927625	49
71.108214	35
71.108214	49
71.3610895	38
71.3610895	42
71.613965	35
71.613965	42
71.8568405	38
71.8568405	42
72.099716	35
72.099716	42
72.333823	38
72.333823	42
72.4508765	35
72.56793	42
72.68998350000001	35
72.812037	38
72.812037	42
73.056144	35
73.056144	42
73.305251	38
73.305251	42
73.554358	42
73.6789115	35
73.803465	38
73.803465	42
74.052572	35
74.052572	42
74.299686	38
74.299686	42
74.42324299999999	35
74.54679999999999	42
74.672857	35
74.798914	38
74.798914	42
75.05102799999999	35
75.05102799999999	49
75.298142	38
75.298142	42
75.545256	35
75.545256	42
75.79737	38
75.79737	42
76.049484	35
76.049484	42
76.2883855	38
76.2883855	42
76.40783625	35
76.527287	42
76.65173775	35
76.77618850000002	38
76.77618850000002	42
77.02509	35
77.02509	42
77.27399150000001	38
77.27399150000001	42
77.522893	42
77.64734374999999	35
77.77179450000001	38
77.77179450000001	42
78.020696	35
78.020696	42
78.258704	38
78.377708	38
78.496712	38
78.618216	47
78.73971999999999	47
78.86122399999999	47
78.982728	35
78.982728	49
79.230736	38
79.230736	49
79.478744	35
79.478744	49
79.605248	35
79.73175200000001	38
79.73175200000001	49
79.98476000000001	35
79.98476000000001	49
80.2394105	38
80.2394105	49
80.494061	35
80.494061	49
80.61888625	35
80.7437115	38
80.7437115	49
80.993362	35
80.993362	49
81.2430125	38
81.2430125	49
81.492663	35
81.492663	49
81.61748825	35
81.7423135	38
81.7423135	49
81.991964	35
81.991964	49
82.2401775	38
82.36428425	35
82.36428425	49
82.61249775	35
82.61249775	49
82.7366045	38
82.98481799999999	35
82.98481799999999	49
83.2380315	38
83.2380315	49
83.491245	35
83.491245	49
83.61285175	35
83.73445849999999	38
83.73445849999999	49
83.977672	35
83.977672	49
84.222733	38
84.222733	49
84.46779400000001	35
84.46779400000001	49
84.5953245	35
84.72285500000001	38
84.72285500000001	49
84.977916	35
84.977916	49
85.227977	38
85.227977	49
85.478038	35
85.478038	49
85.60306849999999	35
85.728099	38
85.728099	49
85.97816	35
85.97816	49
86.23417500000001	38
86.3621825	35
86.3621825	49
86.61569750000001	35
86.61569750000001	49
86.74120500000001	38
86.99222000000002	35
86.99222000000002	49
87.253235	38
87.253235	49
87.51425	35
87.51425	49
87.63725749999999	35
87.760265	38
87.760265	49
88.00628	35
88.00628	49
88.26421500000001	38
88.26421500000001	49
88.39318250000001	35
88.52215000000001	35
88.52215000000001	49
88.64611750000002	35
88.770085	38
88.770085	49
89.01802000000002	35
89.01802000000002	49
89.28595500000002	38
89.28595500000002	49
89.55389000000001	35
89.55389000000001	49
89.806825	38
89.806825	49
90.05976000000001	35
90.05976000000001	49
90.18468800000001	35
90.309616	38
90.309616	49
90.55947200000001	35
90.55947200000001	49
90.68440000000001	35
90.80932800000001	38
90.80932800000001	49
90.934256	35
90.934256	49
91.18661200000001	35
91.31404000000002	38
91.31404000000002	49
91.56889600000001	35
91.56889600000001	49
91.68882400000001	35
91.68882400000001	49
91.80875200000001	38
91.80875200000001	49
91.92868	35
91.92868	49
92.17374075000001	35
92.17374075000001	49
92.2988735	38
92.2988735	49
92.549139	35
92.549139	49
92.67177175	35
92.67177175	49
92.79440450000001	38
92.79440450000001	49
92.91703725	35
92.91703725	49
93.16480275	35
93.28993550000001	38
93.28993550000001	49
93.54020100000001	35
93.54020100000001	49
93.67033375000003	35
93.80046650000001	38
93.80046650000001	49
94.060732	35
94.060732	49
94.31359499999999	38
94.31359499999999	49
94.566458	35
94.566458	49
94.69288949999999	35
94.819321	38
94.819321	49
95.07218400000001	35
95.07218400000001	49
95.34004700000001	38
95.34004700000001	49
95.60791	35
95.60791	49
95.7368415	35
95.865773	38
95.865773	49
96.123636	35
96.123636	49
96.25051450000001	35
96.377393	38
96.377393	49
96.5042715	35
96.63115	35
96.63115	49
96.75552850000001	35
96.87990699999999	38
96.87990699999999	49
97.128664	35
97.128664	49
97.392421	38
97.392421	49
97.65617800000001	35
97.65617800000001	49
97.78305650000001	35
97.78305650000001	49
97.909935	38
97.909935	49
98.03681350000001	35
98.03681350000001	49
98.28433825	35
98.28433825	49
98.40498450000001	38
98.40498450000001	49
98.646277	35
98.646277	49
98.76942325	35
98.76942325	49
98.89256950000001	38
98.89256950000001	49
99.01571575000001	35
99.01571575000001	49
99.26950825000002	35
99.40015450000001	38
99.40015450000001	49
99.66144700000001	35
99.66144700000001	49
99.78459325000001	35
99.78459325000001	49
99.90773949999999	38
99.90773949999999	49
100.03088575	35
100.03088575	49
100.27543325	35
100.27543325	49
100.39683450000001	38
100.39683450000001	49
100.63963700000001	35
100.63963700000001	49
100.76103825000001	35
100.76103825000001	49
100.8824395	38
100.8824395	49
101.00384075000001	35
101.00384075000001	49
101.25664325000001	35
101.38804450000002	38
101.38804450000002	49
101.65084700000001	35
101.65084700000001	49
101.77224825	35
101.77224825	49
101.8936495	38
101.8936495	49
102.01505075	35
102.01505075	49
102.26757550000002	35
102.26757550000002	49
102.39869900000002	38
102.39869900000002	49
102.66094600000001	35
102.66094600000001	49
102.78956950000001	35
102.91819300000002	38
102.91819300000002	49
103.17544000000001	35
103.17544000000001	49
103.43268700000002	38
103.43268700000002	49
103.68993400000001	35
103.68993400000001	49
103.81855750000001	35
103.94718100000001	38
103.94718100000001	49
104.20442800000001	35
104.20442800000001	49
104.46421050000002	38
104.46421050000002	49
104.72399300000001	35
104.72399300000001	49
104.85138425000001	35
104.97877550000001	38
104.97877550000001	49
105.233558	35
105.233558	49
105.47834049999999	38
105.60073175	38
105.85051425	38
105.9779055	38
106.232688	35
106.232688	49
106.232688	49
108.285732	35
108.285732	49
110.35684400000001	35
110.35684400000001	49
112.38704	35
112.38704	49
113.404096	35
113.404096	49
113.811742	35
113.811742	49
114.214388	35
114.214388	49
114.481152	35
114.481152	49
114.72751749999999	38
115.09706575	47
115.46661399999999	47
115.7179795	47
115.969345	38
116.09002775	38
116.21071049999999	38
116.33139324999999	38
116.45207599999999	35
116.45207599999999	49
116.7056995	38
116.959323	38
117.08613475	47
117.21294649999999	47
117.46656999999999	47
117.71019349999999	47
117.83200525	38
118.07562874999999	38
118.19744049999998	47
118.441064	35
118.441064	49
118.69050899999999	38
118.939954	38
119.0696765	47
119.199399	47
119.458844	47
119.703289	47
119.947734	47
120.0699565	38
120.192179	47
120.436624	35
120.436624	49
120.699559	38
120.96249399999998	38
121.08146149999999	38
121.20042899999997	38
121.31939649999998	38
121.43836399999999	35
121.43836399999999	49
121.696299	35
121.8252665	35
121.8252665	49
122.08070149999999	35
122.207169	35
122.207169	49
122.460104	35
122.460104	49
122.70913900000001	38
122.70913900000001	42
122.958174	35
122.958174	42
123.0826915	35
123.207209	38
123.207209	42
123.456244	35
123.456244	42
123.705279	38
123.705279	42
123.954314	35
123.954314	42
124.0788315	35
124.203349	38
124.203349	42
124.452384	35
124.452384	42
124.71134550000001	38
124.71134550000001	42
124.970307	35
124.970307	42
125.09728775	35
125.2242685	38
125.2242685	42
125.47823	35
125.47823	42
125.7321915	38
125.7321915	42
125.986153	35
125.986153	42
126.11063375	35
126.2351145	38
126.2351145	42
126.484076	35
126.484076	42
126.74488550000001	38
126.74488550000001	42
127.005695	35
127.005695	42
127.13359975	35
127.2615045	38
127.2615045	42
127.51731400000001	35
127.51731400000001	42
127.7731235	38
127.7731235	42
128.028933	35
128.028933	42
128.15683775	35
128.2847425	38
128.2847425	42
128.540552	35
128.540552	42
128.7945135	38
128.7945135	42
129.048475	35
129.048475	42
129.17295575	35
129.2974365	38
129.2974365	42
129.546398	35
129.546398	42
129.67337875	38
129.8003595	38
129.92734025	38
130.054321	38
130.17880175	38
130.3032825	38
130.42776325	38
130.552244	35
130.552244	49
130.681417	35
130.81059	35
130.81059	38
130.81059	49
130.939763	35
131.06893599999998	35
131.06893599999998	49
131.193109	35
131.317282	35
131.317282	38
131.317282	49
131.441455	35
131.565628	35
131.565628	49
131.69230100000001	35
131.818974	35
131.818974	38
131.818974	49
131.945647	35
132.07232	35
132.07232	49
132.198993	35
132.325666	35
132.325666	38
132.325666	49
132.452339	35
132.579012	35
132.579012	49
132.70465825	35
132.8303045	35
132.8303045	38
132.8303045	49
132.95595075	35
133.08159700000002	35
133.08159700000002	49
133.20724325	35
133.3328895	35
133.3328895	38
133.3328895	49
133.45853575	35
133.584182	35
133.584182	38
133.584182	49
133.70732825000002	35
133.83047449999998	35
133.95362074999997	35
133.95362074999997	38
133.95362074999997	49
134.076767	35
134.20491324999998	35
134.33305950000002	35
134.33305950000002	38
134.33305950000002	49
134.46120575	35
134.58935200000002	35
134.58935200000002	49
134.715717	35
134.84208200000003	35
134.84208200000003	38
134.84208200000003	49
134.96844700000003	35
135.09481200000002	35
135.09481200000002	49
135.223677	35
135.35254200000003	35
135.35254200000003	38
135.35254200000003	49
135.48140700000002	35
135.610272	35
135.610272	49
135.736637	35
135.86300200000002	35
135.86300200000002	38
135.86300200000002	49
135.98936700000002	35
136.115732	35
136.115732	49
136.242097	35
136.36846200000002	35
136.36846200000002	38
136.36846200000002	49
136.49482700000002	35
136.621192	35
136.621192	49
136.74714600000001	35
136.8731	35
136.8731	38
136.8731	49
136.999054	35
137.125008	35
137.125008	49
137.25096200000002	35
137.376916	35
137.376916	38
137.376916	49
137.50287	35
137.628824	35
137.628824	38
137.628824	49
137.75477800000002	35
137.880732	35
138.006686	35
138.006686	38
138.006686	49
138.13264	35
138.25859400000002	35
138.384548	35
138.384548	38
138.384548	49
138.510502	35
138.636456	35
138.636456	49
138.76210225	35
138.88774850000001	35
138.88774850000001	38
138.88774850000001	49
139.01339475	35
139.13904100000002	35
139.13904100000002	49
139.26468725	35
139.3903335	35
139.3903335	38
139.3903335	49
139.51597975	35
139.641626	35
139.641626	49
139.76727225000002	35
139.8929185	35
139.8929185	38
139.8929185	49
140.01856475	35
140.144211	35
140.144211	49
140.26985725	35
140.39550350000002	35
140.39550350000002	38
140.39550350000002	49
140.52114975	35
140.64679600000002	35
140.64679600000002	49
140.77377675000002	35
140.90075750000003	35
140.90075750000003	38
140.90075750000003	49
141.02773825000003	35
141.15471900000003	35
141.15471900000003	49
141.27919975000003	35
141.40368050000004	35
141.40368050000004	38
141.40368050000004	49
141.52816125000004	35
141.65264200000004	35
141.65264200000004	38
141.65264200000004	49
141.77962275000004	35
141.90660350000005	35
142.03358425000002	35
142.03358425000002	38
142.03358425000002	49
142.16056500000002	35
142.28754575000002	35
142.41452650000002	35
142.41452650000002	38
142.41452650000002	49
142.54150725000002	35
142.66848800000002	35
142.66848800000002	49
142.79642925000002	35
142.9243705	35
142.9243705	38
142.9243705	49
143.05231175000003	35
143.18025300000002	35
143.18025300000002	49
143.30819425	35
143.4361355	35
143.4361355	38
143.4361355	49
143.56407675	35
143.69201800000002	35
143.69201800000002	49
143.81745925	35
143.9429005	35
143.9429005	38
143.9429005	49
144.06834175	35
144.193783	35
144.193783	49
144.31672425000002	35
144.43966550000002	35
144.43966550000002	38
144.43966550000002	49
144.56260675000001	35
144.685548	35
144.81174425	35
144.81174425	38
144.9379405	35
145.06413675000002	35
145.190333	35
145.190333	49
145.30902925	35
145.4277255	35
145.54642175	35
145.665118	35
145.79131425000003	35
145.79131425000003	38
145.91751050000002	35
146.04370675	35
146.169903	35
146.169903	49
146.29359925	35
146.41729550000002	35
146.54099175000002	35
146.664688	35
146.7867055	35
146.7867055	38
146.908723	35
147.0307405	35
147.15275800000003	35
147.15275800000003	49
147.27727550000003	35
147.40179300000003	35
147.52631050000002	35
147.65082800000002	35
147.77534550000001	35
147.77534550000001	38
147.899863	35
148.02438050000003	35
148.14889800000003	35
148.14889800000003	47
148.14889800000003	47
148.27091550000003	35
148.39293300000003	35
148.39293300000003	47
148.39293300000003	47
148.5149505	35
148.636968	35
148.636968	49
148.76460075	35
148.8922335	35
148.8922335	38
148.8922335	49
149.01986625	35
149.147499	35
149.147499	49
149.27263175000002	35
149.39776450000002	35
149.39776450000002	38
149.39776450000002	49
149.52289725000003	35
149.64803	35
149.64803	49
149.77316275	35
149.89829550000002	35
149.89829550000002	38
149.89829550000002	49
150.02342825000002	35
150.14856100000003	35
150.14856100000003	49
150.27369375	35
150.3988265	35
150.3988265	38
150.3988265	49
150.52395925000002	35
150.64909200000002	35
150.64909200000002	49
150.77672475	35
150.9043575	35
150.9043575	38
150.9043575	49
151.03199025	35
151.159623	35
151.159623	49
151.28475575000002	35
151.4098885	35
151.4098885	38
151.4098885	49
151.53502125	35
151.660154	35
151.660154	49
151.78278675	35
151.90541950000002	35
152.02805225	35
152.02805225	38
152.02805225	49
152.150685	35
152.27581775000002	35
152.40095050000002	35
152.40095050000002	49
152.52608325000003	35
152.651216	35
152.651216	49
152.780081	35
152.90894600000001	35
152.90894600000001	38
152.90894600000001	49
153.037811	35
153.166676	35
153.166676	49
153.293041	35
153.419406	35
153.419406	38
153.419406	49
153.545771	35
153.672136	35
153.672136	49
153.798501	35
153.924866	35
153.924866	38
153.924866	49
154.051231	35
154.177596	35
154.177596	49
154.301461	35
154.425326	35
154.425326	38
154.425326	49
154.549191	35
154.673056	35
154.673056	49
154.7977785	35
154.922501	35
154.922501	38
154.922501	49
155.0472235	35
155.171946	35
155.171946	49
155.2966685	35
155.421391	35
155.421391	38
155.421391	49
155.5461135	35
155.670836	35
155.670836	38
155.670836	49
155.7955585	35
155.920281	35
156.0450035	35
156.0450035	38
156.0450035	49
156.169726	35
156.29444850000002	35
156.419171	35
156.419171	49
156.5438935	35
156.66861600000001	35
156.66861600000001	49
156.79861000000002	35
156.928604	35
156.928604	38
156.928604	49
157.05859800000002	35
157.188592	35
157.188592	49
157.316086	35
157.44358	35
157.44358	38
157.44358	49
157.571074	35
157.698568	35
157.698568	49
157.823562	35
157.948556	35
157.948556	38
157.948556	49
158.07355	35
158.19854400000003	35
158.19854400000003	49
158.323538	35
158.448532	35
158.448532	38
158.448532	49
158.573526	35
158.69852	35
158.69852	49
158.82314	35
158.94776	35
158.94776	38
158.94776	49
159.07238	35
159.197	35
159.197	49
159.32162	35
159.44624	35
159.44624	38
159.44624	49
159.57086	35
159.69548	35
159.69548	38
159.69548	49
159.8226	35
159.94972	35
160.07684000000003	35
160.07684000000003	38
160.07684000000003	49
160.20396000000002	35
160.33108000000001	35
160.4582	35
160.4582	38
160.4582	49
160.58532000000002	35
160.71244000000002	35
160.71244000000002	49
160.83972875	35
160.96701750000003	35
160.96701750000003	38
160.96701750000003	49
161.09430625000002	35
161.221595	35
161.221595	49
161.34638375000003	35
161.47117250000002	35
161.47117250000002	38
161.47117250000002	49
161.59596125000002	35
161.72075000000004	35
161.72075000000004	49
161.84803875000003	35
161.97532750000002	35
161.97532750000002	38
161.97532750000002	49
162.10261625	35
162.22990500000003	35
162.22990500000003	49
162.35469375000002	35
162.4794825	35
162.4794825	38
162.4794825	49
162.60427125	35
162.72906	35
162.851627	35
162.851627	38
162.974194	35
163.09676100000001	35
163.219328	35
163.219328	49
163.341895	35
163.464462	35
163.587029	35
163.709596	35
163.837163	35
163.837163	38
163.96473000000003	35
164.09229700000003	35
164.219864	35
164.219864	49
164.342431	35
164.464998	35
164.587565	35
164.71013200000002	35
164.83341725000002	35
164.83341725000002	38
164.9567025	35
165.07998775000002	35
165.20327300000002	35
165.20327300000002	49
165.32655825	35
165.44984350000001	35
165.57312875000002	35
165.696414	35
165.81969925	35
165.81969925	38
165.94298450000002	35
166.06626975	35
166.189555	35
166.189555	47
166.189555	47
166.31284025000002	35
166.4361255	35
166.4361255	47
166.4361255	47
166.55941075	35
166.68269600000002	35
166.68269600000002	49
166.9402205	38
166.9402205	49
167.19774500000003	35
167.19774500000003	49
167.31900725000003	35
167.44026950000003	38
167.44026950000003	49
167.68279400000003	35
167.68279400000003	49
167.80655625000003	35
167.9303185	38
167.9303185	49
168.05408075	35
168.17784300000002	35
168.17784300000002	49
168.30660525000002	35
168.43536750000004	38
168.43536750000004	49
168.69289200000003	35
168.69289200000003	49
168.94007850000003	38
168.94007850000003	49
169.18726500000002	35
169.18726500000002	49
169.31085825000002	35
169.43445150000002	38
169.43445150000002	49
169.68163800000002	35
169.68163800000002	49
169.80523125000002	35
169.92882450000002	38
169.92882450000002	49
170.05241775000002	35
170.17601100000002	35
170.17601100000002	49
170.30210425	35
170.4281975	38
170.4281975	49
170.68038400000003	35
170.68038400000003	49
170.93290850000002	38
170.93290850000002	49
171.18543300000005	35
171.18543300000005	49
171.31169525000004	35
171.43795750000004	38
171.43795750000004	49
171.69048200000003	35
171.69048200000003	49
171.81174425000003	35
171.9330065	38
171.9330065	49
172.05426875	35
172.17553100000003	35
172.17553100000003	49
172.30179325000003	35
172.42805550000003	38
172.42805550000003	49
172.68058000000002	35
172.68058000000002	49
172.93084550000003	38
172.93084550000003	49
173.18111100000002	35
173.18111100000002	49
173.30874375000002	35
173.43637650000005	38
173.43637650000005	49
173.69164200000003	35
173.69164200000003	49
173.81927475000003	35
173.94690750000004	38
173.94690750000004	49
174.07454025000004	35
174.20217300000004	35
174.20217300000004	49
174.32730575000002	35
174.45243850000003	38
174.45243850000003	49
174.70270400000004	35
174.70270400000004	49
174.95776500000002	38
174.95776500000002	49
175.21282600000004	35
175.21282600000004	49
175.33785650000004	35
175.46288700000002	38
175.46288700000002	49
175.71294800000004	35
175.71294800000004	49
175.83547850000002	35
175.95800900000003	38
175.95800900000003	49
176.08053950000004	35
176.20307000000005	35
176.20307000000005	49
176.32810050000003	35
176.45313100000004	38
176.45313100000004	49
176.70319200000003	35
176.70319200000003	49
176.95051150000003	38
176.95051150000003	49
177.19783100000004	35
177.19783100000004	49
177.32399075000004	35
177.45015050000003	38
177.45015050000003	49
177.70247000000003	35
177.70247000000003	49
177.82612975000004	35
177.9497895	38
177.9497895	49
178.07344925	35
178.197109	35
178.197109	49
178.32576875	35
178.45442850000003	38
178.45442850000003	49
178.71174800000003	35
178.71174800000003	49
178.96324650000003	38
178.96324650000003	49
179.21474500000002	35
179.21474500000002	49
179.34049425000003	35
179.46624350000002	38
179.46624350000002	49
179.71774200000002	35
179.71774200000002	49
179.84349125000003	35
179.96924050000004	38
179.96924050000004	49
180.09498975000002	35
180.22073900000004	35
180.22073900000004	49
180.34898825000002	35
180.47723750000003	38
180.47723750000003	49
180.73373600000002	35
180.73373600000002	49
180.98002850000003	38
180.98002850000003	49
181.22632100000004	35
181.22632100000004	49
181.35196725000003	35
181.47761350000002	38
181.47761350000002	49
181.72890600000002	35
181.72890600000002	49
181.85455225000004	35
181.98019850000003	38
181.98019850000003	49
182.10584475000002	35
182.23149100000003	35
182.23149100000003	49
182.35963725000002	35
182.48778350000003	38
182.48778350000003	49
182.74407600000004	35
182.74407600000004	49
183.00385850000004	38
183.00385850000004	49
183.26364100000004	35
183.26364100000004	49
183.39103225000002	35
183.51842350000004	38
183.51842350000004	49
183.77320600000002	35
183.77320600000002	49
183.90059725000003	35
184.02798850000002	38
184.02798850000002	49
184.15537975000004	35
184.28277100000003	35
184.28277100000003	49
184.40766225000002	35
184.53255350000003	38
184.53255350000003	49
184.78233600000004	35
184.78233600000004	49
185.04006600000005	38
185.04006600000005	49
185.29779600000003	35
185.29779600000003	49
185.42416100000003	35
185.55052600000005	38
185.55052600000005	49
185.80325600000003	35
185.80325600000003	49
185.92712100000003	35
186.05098600000005	38
186.05098600000005	49
186.17485100000005	35
186.29871600000004	35
186.29871600000004	49
186.42508100000003	35
186.55144600000006	38
186.55144600000006	49
186.80417600000004	35
186.80417600000004	49
187.06683300000003	38
187.06683300000003	49
187.32949000000002	35
187.32949000000002	49
187.46081850000002	35
187.59214700000007	38
187.59214700000007	49
187.85480400000006	35
187.85480400000006	49
188.10246100000003	38
188.10246100000003	49
188.35011800000004	35
188.35011800000004	49
188.47894650000003	35
188.60777500000003	38
188.60777500000003	49
188.86543200000006	35
188.86543200000006	49
189.12665200000006	38
189.12665200000006	49
189.38787200000004	35
189.38787200000004	49
189.63409200000007	38
189.75720200000006	38
189.88031200000006	38
190.00842200000005	38
190.13653200000007	38
190.26464200000007	38
190.39275200000006	38
190.52086200000005	38
190.64897200000007	38
190.77708200000006	38
190.90519200000006	35
190.90519200000006	49
191.16812700000006	38
191.16812700000006	42
191.43106200000003	35
191.43106200000003	42
191.55752950000004	35
191.68399700000003	38
191.68399700000003	42
191.93693200000004	35
191.93693200000004	42
192.18986700000005	38
192.18986700000005	42
192.44280200000003	35
192.44280200000003	42
192.56676950000005	35
192.69073700000004	38
192.69073700000004	42
192.93867200000005	35
192.93867200000005	42
193.18701800000005	38
193.18701800000005	42
193.43536400000005	35
193.43536400000005	42
193.56203700000006	35
193.68871000000007	38
193.68871000000007	42
193.94205600000006	35
193.94205600000006	49
194.20040200000005	38
194.32957500000006	35
194.32957500000006	49
194.58042100000003	35
194.58042100000003	49
194.70209400000005	38
194.94544000000005	35
194.94544000000005	49
195.20022250000005	38
195.20022250000005	42
195.45500500000006	35
195.45500500000006	42
195.71478750000009	38
195.71478750000009	42
195.97457000000006	35
195.97457000000006	42
196.10196125000007	35
196.22935250000006	38
196.22935250000006	42
196.35674375000008	35
196.48413500000007	35
196.48413500000007	42
196.73891750000007	38
196.73891750000007	42
196.99370000000008	35
196.99370000000008	42
197.24389400000004	38
197.24389400000004	42
197.49408800000006	35
197.49408800000006	42
197.62418500000004	35
197.75428200000007	38
197.75428200000007	42
198.0144760000001	35
198.0144760000001	49
198.26967000000008	38
198.39726700000008	35
198.39726700000008	49
198.65246100000007	35
198.65246100000007	49
198.78005800000008	38
199.03525200000007	35
199.03525200000007	49
199.28982950000008	38
199.28982950000008	49
199.54440700000006	35
199.54440700000006	49
199.67669575000008	35
199.80898450000007	38
199.80898450000007	49
200.07356200000007	35
200.07356200000007	49
200.19835075000006	35
200.32313950000005	38
200.32313950000005	49
200.44792825000005	35
200.57271700000007	35
200.57271700000007	49
200.69750575000006	35
200.82229450000005	38
200.82229450000005	49
201.07187200000007	35
201.07187200000007	49
201.33809200000007	38
201.33809200000007	49
201.60431200000005	35
201.60431200000005	49
201.73242200000004	35
201.86053200000006	38
201.86053200000006	49
202.11675200000005	35
202.11675200000005	49
202.37297200000006	38
202.37297200000006	49
202.62919200000005	35
202.62919200000005	49
202.75230200000004	35
202.87541200000007	38
202.87541200000007	49
202.99852200000007	35
202.99852200000007	49
203.37210400000006	38
203.37210400000006	49
203.62257600000007	35
203.62257600000007	49
203.74531200000007	35
203.74531200000007	49
203.86804800000004	38
203.86804800000004	49
203.99078400000005	35
203.99078400000005	49
204.36899200000008	38
204.36899200000008	49
204.62446400000007	35
204.62446400000007	49
204.74970000000008	35
204.74970000000008	49
204.87493600000005	38
204.87493600000005	49
205.00017200000005	35
205.00017200000005	49
205.38498550000006	38
205.38498550000006	49
205.64456300000003	35
205.64456300000003	49
205.77435175000005	35
205.90414050000004	38
205.90414050000004	49
206.16371800000005	35
206.16371800000005	49
206.29100675000004	35
206.41829550000003	38
206.41829550000003	49
206.54558425000002	35
206.67287300000004	35
206.67287300000004	49
206.79766175000003	35
206.92245050000002	38
206.92245050000002	49
207.17202800000004	35
207.17202800000004	49
207.43632750000003	38
207.43632750000003	49
207.70062700000003	35
207.70062700000003	49
207.83027675000002	35
207.95992650000002	38
207.95992650000002	49
208.21922600000002	35
208.21922600000002	49
208.34887575000002	35
208.47852550000002	38
208.47852550000002	49
208.73782500000004	35
208.73782500000004	49
208.98712450000005	38
208.98712450000005	49
209.23642400000006	35
209.23642400000006	49
209.50182350000006	38
209.50182350000006	49
209.76722300000003	35
209.76722300000003	49
209.89242275000004	35
209.89242275000004	49
210.01762250000004	38
210.01762250000004	49
210.14282225000005	35
210.14282225000005	49
210.52342150000004	38
210.52342150000004	49
210.77882100000005	35
210.77882100000005	49
210.90152075000003	35
210.90152075000003	49
211.02422050000004	38
211.02422050000004	49
211.14692025000002	35
211.14692025000002	49
211.51762800000003	38
211.51762800000003	49
211.76563600000003	35
211.76563600000003	49
211.88964000000004	35
211.88964000000004	49
212.01364400000003	38
212.01364400000003	49
212.13764800000004	35
212.13764800000004	49
212.51466000000005	38
212.51466000000005	49
212.76766800000004	35
212.76766800000004	49
212.89167200000006	35
212.89167200000006	49
213.01567600000004	38
213.01567600000004	49
213.13968000000006	35
213.13968000000006	49
213.52387800000002	38
213.52387800000002	49
213.78407200000004	35
213.78407200000004	49
213.90916900000002	35
213.90916900000002	49
214.03426600000003	38
214.03426600000003	49
214.15936300000004	35
214.15936300000004	49
214.53965400000004	38
214.53965400000004	49
214.79484800000003	35
214.79484800000003	49
214.92244500000004	35
215.05004200000005	38
215.05004200000005	49
215.30523600000004	35
215.30523600000004	49
215.56776050000002	38
215.56776050000002	49
215.83028500000003	35
215.83028500000003	49
215.95654725000003	35
216.08280950000002	38
216.08280950000002	49
216.33533400000002	38
216.58285850000001	38
216.70662075	38
216.95664525000004	38
217.08290750000003	38
217.33543200000003	47
217.584672	38
217.70929200000003	38
217.95603200000002	38
218.07815200000002	38
218.32239200000004	35
218.32239200000004	49
218.581632	38
218.581632	42
218.84087200000002	35
218.84087200000002	42
219.085112	38
219.085112	42
219.32935200000003	35
219.32935200000003	42
219.57215450000004	38
219.57215450000004	42
219.69355575000003	35
219.81495700000005	42
219.93635825000004	35
220.0577595	38
220.0577595	42
220.300562	35
220.300562	42
220.54836450000002	38
220.54836450000002	42
220.67226575	35
220.79616700000003	42
220.92256825	35
221.04896950000006	38
221.04896950000006	42
221.30177200000003	35
221.30177200000003	42
221.55080700000002	38
221.55080700000002	42
221.67532450000002	35
221.79984200000004	42
221.92185950000004	35
222.043877	38
222.043877	42
222.287912	35
222.287912	49
222.536947	38
222.536947	42
222.78598200000002	35
222.78598200000002	42
222.9154995	35
223.04501700000003	38
223.04501700000003	42
223.304052	35
223.304052	42
223.5464445	38
223.5464445	42
223.66764075000003	35
223.78883700000003	42
223.91253325000002	35
224.03622950000002	38
224.03622950000002	42
224.283622	35
224.283622	42
224.53601450000002	38
224.53601450000002	42
224.788407	35
224.788407	42
225.03579950000002	38
225.03579950000002	42
225.283192	35
225.402812	35
225.402812	42
225.642052	35
225.642052	42
225.886292	35
225.886292	42
226.135532	35
226.135532	49
226.260152	35
226.260152	49
226.509392	38
226.509392	42
226.758632	35
226.758632	42
227.01287200000002	38
227.01287200000002	42
227.26711200000003	35
227.26711200000003	42
227.51512000000002	38
227.51512000000002	42
227.63912400000004	35
227.76312800000002	42
227.88713200000004	35
228.01113600000002	38
228.01113600000002	42
228.25914400000002	35
228.25914400000002	42
228.497152	38
228.497152	42
228.73516	42
228.86666400000001	35
228.99816800000002	38
228.99816800000002	42
229.261176	35
229.261176	42
229.5078795	38
229.5078795	42
229.63123125	35
229.75458300000003	42
229.87793475	35
230.0012865	38
230.0012865	42
230.24799	35
230.24799	49
230.50469350000003	38
230.50469350000003	42
230.76139700000002	35
230.76139700000002	42
231.0131005	38
231.0131005	42
231.13895225000002	35
231.26480400000003	42
231.38692400000002	35
231.50904400000002	38
231.50904400000002	42
231.631164	35
231.753284	42
231.867904	35
231.982524	38
231.982524	42
232.21176400000002	35
232.21176400000002	49
232.60812400000003	35
232.60812400000003	49
232.999484	38
233.25872400000003	35
233.25872400000003	49
233.64859650000002	35
233.64859650000002	49
234.04346900000002	38
234.30838400000002	35
234.30838400000002	49
234.6982565	35
234.6982565	49
235.088129	38
235.34804400000002	35
235.34804400000002	49
235.73217525	35
235.73217525	49
235.98576275000002	38
236.1113065	38
236.362394	35
236.362394	49
236.6184815	38
236.6184815	42
236.87456900000004	35
236.87456900000004	42
237.11065650000003	38
237.11065650000003	42
237.34674400000003	35
237.34674400000003	42
237.59208300000003	38
237.59208300000003	42
237.71475250000003	35
237.83742200000003	42
237.95759150000004	35
238.077761	38
238.077761	42
238.31810000000002	35
238.31810000000002	42
238.56343900000002	38
238.56343900000002	42
238.80877800000002	42
238.93144750000002	35
239.05411700000002	38
239.05411700000002	42
239.29945600000002	35
239.29945600000002	42
239.54397350000002	38
239.54397350000002	42
239.66623225	35
239.78849100000002	42
239.91324975	35
240.03800850000005	38
240.03800850000005	42
240.28752600000004	35
240.28752600000004	49
240.53704350000004	38
240.53704350000004	42
240.78656100000003	35
240.78656100000003	42
241.03107850000004	38
241.03107850000004	42
241.15333725000002	35
241.27559600000004	42
241.39617625000002	35
241.51675650000004	38
241.51675650000004	42
241.63733675000003	35
241.75791700000005	42
241.88349725000003	35
242.00907750000005	38
242.00907750000005	42
242.26023800000004	35
242.26023800000004	42
242.50639850000005	38
242.50639850000005	42
242.75255900000005	35
242.75255900000005	42
242.99871950000005	38
242.99871950000005	42
243.24488000000002	35
243.36457225000004	35
243.36457225000004	42
243.60395675000004	35
243.60395675000004	42
243.84334125000004	35
243.84334125000004	42
244.08272575000004	35
244.08272575000004	49
244.20241800000002	35
244.20241800000002	49
244.44180250000002	38
244.44180250000002	42
244.68118700000002	35
244.68118700000002	42
244.92057150000002	38
244.92057150000002	42
245.15995600000002	35
245.15995600000002	42
245.39303600000002	38
245.39303600000002	42
245.509576	35
245.62611600000002	42
245.750156	35
245.874196	38
245.874196	42
246.12227600000003	35
246.12227600000003	42
246.36535600000002	38
246.36535600000002	42
246.60843600000004	42
246.73247600000002	35
246.85651600000003	38
246.85651600000003	42
247.10459600000002	35
247.10459600000002	42
247.34575650000002	38
247.34575650000002	42
247.46633675	35
247.58691700000003	42
247.70999725000001	35
247.83307750000003	38
247.83307750000003	42
248.07923800000003	35
248.07923800000003	49
248.32539850000003	38
248.32539850000003	42
248.57155900000004	35
248.57155900000004	42
248.82271950000003	38
248.82271950000003	42
248.94829975000002	35
249.07388	42
249.1964105	35
249.318941	38
249.318941	42
249.4414715	35
249.56400200000002	42
249.68153250000003	35
249.79906300000002	38
249.79906300000002	42
250.03412400000002	35
250.03412400000002	49
250.4167155	35
250.4167155	49
250.809307	38
251.074368	35
251.074368	49
251.4720495	35
251.4720495	49
251.854731	38
252.104852	35
252.104852	49
252.4950335	35
252.4950335	49
252.885215	38
253.14533600000001	35
253.14533600000001	49
253.405457	35
253.5355175	35
253.5355175	49
253.935699	38
254.20582	35
254.20582	49
254.59600149999997	35
254.59600149999997	49
254.98618299999998	38
255.24630399999998	35
255.24630399999998	49
255.51830024999998	35
255.62709875	35
255.62709875	49
255.959095	38
256.36799049999996	35
256.36799049999996	49
256.761886	35
256.761886	49
257.20708	38
257.470015	35
257.470015	49
257.980885	35
257.980885	49
257.980885	49
259.21056000000004	47
259.27543612500006	47
259.34031225000007	47
259.405188375	47
259.47006450000003	47
259.53494062500005	47
259.59981675000006	47
259.66469287500007	47
259.729569	47
259.79444512500004	47
259.85932125000005	47
259.92419737500006	47
259.9890735	47
260.05394962500003	47
260.11882575000004	47
260.18370187500005	47
260.24857800000007	47
260.317204125	47
260.38583025	47
260.454456375	47
260.52308250000004	47
260.591708625	47
260.66033475	47
260.797587	35
260.86246312500003	35
261.574253	38
262.03640275	38
262.37722399999996	35
262.37722399999996	49
262.50605249999995	38
262.63488099999995	38
262.7637095	38
262.892538	38
263.0138665	38
263.135195	38
263.2565235	38
263.377852	38
263.50411425000004	38
263.6303765	38
263.75663875000004	38
263.882901	35
263.882901	49
264.00916325000003	38
264.1354255	38
264.26168775	38
264.38795000000005	38
264.51421225	38
264.64047450000004	38
264.76673675	38
264.89299900000003	38
265.01676125	38
265.14052350000003	38
265.26428575	38
265.388048	35
265.388048	49
265.51153875	38
265.63502950000003	38
265.75852025	38
265.88201100000003	38
266.00300175	38
266.12399250000004	38
266.24498325	38
266.36597400000005	38
266.49196475	38
266.61795550000005	38
266.74394625	38
266.86993700000005	35
266.86993700000005	49
266.99842775	38
267.12691850000004	38
267.25540925	38
267.3839	38
267.50622525	38
267.62855049999996	38
267.75087575	38
267.873201	38
267.99802625	38
268.12285149999997	38
268.24767675	38
268.372502	35
268.372502	49
268.74697775	35
268.74697775	49
268.74697775	49