2.998784	35
2.998784	42
3.1905750000000004	42
3.382366	38
3.382366	42
3.564157	42
3.7459480000000003	35
3.7459480000000003	42
3.932739	35
3.932739	42
4.11953	38
4.11953	42
4.3063210000000005	42
4.493112	35
4.493112	42
4.679903	42
4.866694	38
4.866694	42
5.053485	42
5.240276	35
5.240276	42
5.427067	35
5.427067	42
5.6138580000000005	38
5.6138580000000005	42
5.800649	42
5.98744	35
5.98744	42
6.174231000000001	42
6.361022	38
6.361022	42
6.547813	42
6.734604	35
6.734604	42
6.921395	35
6.921395	42
7.108186	38
7.108186	42
7.294976999999999	42
7.481768000000001	35
7.481768000000001	42
7.668559	42
7.85535	38
7.85535	42
8.042141	42
8.228932	35
8.228932	42
8.415723	35
8.415723	42
8.602514000000001	38
8.602514000000001	42
8.789305	42
8.976096	35
8.976096	42
9.162887	42
9.349678	38
9.349678	42
9.536469	42
9.72326	35
9.72326	42
9.905051000000002	35
9.905051000000002	42
10.086842	38
10.086842	42
10.273633	42
10.460424	35
10.460424	42
10.652215	42
10.844006	38
10.844006	42
11.025797000000003	42
11.207588000000001	35
11.207588000000001	42
11.394379	35
11.394379	42
11.58117	38
11.58117	42
11.767961000000001	42
11.954752000000001	35
11.954752000000001	42
12.146543	42
12.338334000000001	38
12.338334000000001	42
12.525125000000001	42
12.711916	35
12.711916	42
12.898707000000002	35
12.898707000000002	42
13.085498000000001	38
13.085498000000001	42
13.272289	42
13.45908	35
13.45908	42
13.645871000000001	42
13.832662000000001	38
13.832662000000001	42
14.014453000000001	42
14.196244000000002	35
14.196244000000002	42
14.388035	35
14.388035	42
14.579826	38
14.579826	42
14.766617	42
14.953408000000001	35
14.953408000000001	42
15.135199000000002	42
15.31699	38
15.31699	42
15.503781000000002	42
15.690572000000001	35
15.690572000000001	42
15.877363	35
15.877363	42
16.064154000000002	38
16.064154000000002	42
16.250945	42
16.437736	35
16.437736	42
16.624527	42
16.811318	38
16.811318	42
16.998109	42
17.1849	35
17.1849	42
17.371691000000002	35
17.371691000000002	42
17.558482	38
17.558482	42
17.745273	42
17.932064	35
17.932064	42
18.120468	42
18.308872	38
18.308872	42
18.492276	42
18.67568	35
18.67568	42
18.864084	35
18.864084	42
19.052488	38
19.052488	42
19.240892	42
19.429295999999997	35
19.429295999999997	42
19.615630999999997	42
19.801965999999997	38
19.801965999999997	42
19.988300999999996	42
20.174635999999996	35
20.174635999999996	42
20.360970999999996	35
20.360970999999996	42
20.547305999999995	38
20.547305999999995	42
20.733641	42
20.919976	35
20.919976	42
21.106310999999998	42
21.292645999999998	38
21.292645999999998	42
21.473981	42
21.655316	35
21.655316	42
21.841651	35
21.841651	42
22.027986	38
22.027986	42
22.214320999999998	42
22.400655999999998	35
22.400655999999998	42
22.591990999999997	42
22.783326	38
22.783326	42
22.964661	42
23.145996	35
23.145996	42
23.337331	35
23.337331	42
23.528665999999998	38
23.528665999999998	42
23.715000999999997	42
23.901335999999997	35
23.901335999999997	42
24.087670999999997	42
24.274005999999996	38
24.274005999999996	42
24.455340999999997	42
24.636675999999998	35
24.636675999999998	42
24.828010999999996	35
24.828010999999996	42
25.019345999999995	38
25.019345999999995	42
25.205680999999995	42
25.392015999999995	35
25.392015999999995	42
25.578350999999998	42
25.764685999999998	38
25.764685999999998	42
25.946021	42
26.127356	35
26.127356	42
26.318690999999998	35
26.318690999999998	42
26.510025999999996	38
26.510025999999996	42
26.696360999999996	42
26.882695999999996	35
26.882695999999996	42
27.069030999999995	42
27.255366	38
27.255366	42
27.441701	42
27.628035999999998	35
27.628035999999998	42
27.814370999999998	35
27.814370999999998	42
28.000705999999997	38
28.000705999999997	42
28.187040999999997	42
28.373375999999997	35
28.373375999999997	42
28.559710999999997	42
28.746045999999996	38
28.746045999999996	42
28.932380999999996	42
29.118715999999996	35
29.118715999999996	42
29.310050999999998	35
29.310050999999998	42
29.501385999999997	38
29.501385999999997	42
29.687720999999996	42
29.874055999999996	35
29.874055999999996	42
30.060390999999996	42
30.246725999999995	38
30.246725999999995	42
30.433061	42
30.619396	35
30.619396	42
30.805730999999998	35
30.805730999999998	42
30.992065999999998	38
30.992065999999998	42
31.178400999999997	42
31.364735999999997	35
31.364735999999997	42
31.551070999999997	42
31.737406	38
31.737406	42
31.923741	42
32.110076	35
32.110076	42
32.296411	35
32.296411	42
32.482746	38
32.482746	42
32.669081	42
32.855416	35
32.855416	42
33.041751	42
33.228086	38
33.228086	42
33.414421	42
33.600756	35
33.600756	42
33.792091	35
33.792091	42
33.983425999999994	38
33.983425999999994	42
34.16476099999999	42
34.346095999999996	35
34.346095999999996	42
34.532430999999995	42
34.718765999999995	38
34.718765999999995	42
34.905100999999995	42
35.091436	35
35.091436	42
35.282771000000004	35
35.282771000000004	42
35.474106	38
35.474106	42
35.660441	42
35.846776	35
35.846776	42
36.033111	42
36.219446	38
36.219446	42
36.405781	42
36.592116	35
36.592116	42
36.783451	35
36.783451	42
36.974786	38
36.974786	42
37.156121	42
37.337455999999996	35
37.337455999999996	42
37.523790999999996	42
37.710125999999995	38
37.710125999999995	42
37.901461	42
38.092796	35
38.092796	42
38.279131	35
38.279131	42
38.465466	38
38.465466	42
38.651801	42
38.838136	35
38.838136	42
39.024471	42
39.210806	38
39.210806	42
39.397141	42
39.583476	35
39.583476	42
39.769811	35
39.769811	42
39.956146	38
39.956146	42
40.142481	42
40.328815999999996	35
40.328815999999996	42
40.515150999999996	42
40.701485999999996	38
40.701485999999996	42
40.887820999999995	42
41.074155999999995	35
41.074155999999995	42
41.260490999999995	35
41.260490999999995	42
41.446826	38
41.446826	42
41.633161	42
41.819496	35
41.819496	42
42.011396	42
42.203296	38
42.203296	42
42.390195999999996	42
42.577096	35
42.577096	42
42.768995999999994	35
42.768995999999994	42
42.960896	38
42.960896	42
43.14779599999999	42
43.334696	35
43.334696	42
43.521031	42
43.707366	38
43.707366	42
43.893701	42
44.080036	35
44.080036	42
44.266371	35
44.266371	42
44.452706	38
44.452706	42
44.634040999999996	42
44.815376	35
44.815376	42
45.006711	42
45.198046	38
45.198046	42
45.384381	42
45.570716000000004	35
45.570716000000004	42
45.757051000000004	35
45.757051000000004	42
45.943386000000004	38
45.943386000000004	42
46.124721	42
46.306056000000005	35
46.306056000000005	42
46.49739100000001	42
46.688726	38
46.688726	42
46.875061	42
47.061396	35
47.061396	42
47.247731	35
47.247731	42
47.434066	38
47.434066	42
47.620401	42
47.806736	35
47.806736	42
47.993071	42
48.179406	38
48.179406	42
48.365741	42
48.552076	35
48.552076	42
48.738411	35
48.738411	42
48.924746	38
48.924746	42
49.111081	42
49.297416	35
49.297416	42
49.483751	42
49.670086	38
49.670086	42
49.856421	42
50.042756	35
50.042756	42
50.229091	35
50.229091	42
50.415426	38
50.415426	42
50.601761	42
50.788096	35
50.788096	42
50.974431	42
51.160766	38
51.160766	42
51.347101	42
51.533436	35
51.533436	42
51.719771	35
51.719771	42
51.906106	38
51.906106	42
52.092441	42
52.278776	35
52.278776	42
52.465111	42
52.651446	38
52.651446	42
52.837781	42
53.024116	35
53.024116	42
53.210451	35
53.210451	42
53.396786	38
53.396786	42
53.583121	42
53.769456	35
53.769456	42
53.955791	42
54.142126	38
54.142126	42
54.328461000000004	42
54.514796000000004	35
54.514796000000004	42
54.701131000000004	35
54.701131000000004	42
54.887466	38
54.887466	42
55.073801	42
55.260136	35
55.260136	42
55.446471	42
55.632806	38
55.632806	42
55.819141	42
56.005476	35
56.005476	42
56.191811	35
56.191811	42
56.378146	38
56.378146	42
56.564481	42
56.750816	35
56.750816	42
56.942151	42
57.133486	38
57.133486	42
57.314820999999995	42
57.496156	35
57.496156	42
57.682491	35
57.682491	42
57.868826	38
57.868826	42
58.055161	42
58.241496	35
58.241496	42
58.432831	42
58.624165999999995	38
58.624165999999995	42
58.80550099999999	42
58.986836	35
58.986836	42
59.178171	35
59.178171	42
59.369505999999994	38
59.369505999999994	42
59.555840999999994	42
59.74217599999999	35
59.74217599999999	42
59.92851099999999	42
60.11484599999999	38
60.11484599999999	42
60.29618099999999	42
60.477515999999994	35
60.477515999999994	42
60.663850999999994	35
60.663850999999994	42
60.850186	38
60.850186	42
61.036521	42
61.222856	35
61.222856	42
61.409191	42
61.595526	38
61.595526	42
61.786861	42
61.978196	35
61.978196	42
62.164531	35
62.164531	42
62.350865999999996	38
62.350865999999996	42
62.537200999999996	42
62.723535999999996	35
62.723535999999996	42
62.909870999999995	42
63.096206	38
63.096206	42
63.282541	42
63.468876	35
63.468876	42
63.655211	35
63.655211	42
63.841546	38
63.841546	42
64.02788100000001	42
64.21421600000001	35
64.21421600000001	42
64.40055100000001	42
64.586886	38
64.586886	42
64.773221	42
64.959556	35
64.959556	42
65.150891	35
65.150891	42
65.342226	38
65.342226	42
65.528561	42
65.714896	35
65.714896	42
65.897806	42
66.08071600000001	38
66.08071600000001	42
66.263626	42
66.446536	35
66.446536	42
66.634446	35
66.634446	42
66.822356	38
66.822356	42
67.010266	42
67.198176	35
67.198176	42
67.38951100000001	42
67.48517850000002	42
67.58084600000001	38
67.76718100000001	42
67.95351600000001	35
67.95351600000001	42
68.13985100000001	35
68.13985100000001	42
68.23301850000001	42
68.326186	38
68.512521	42
68.698856	35
68.698856	49
68.885191	42
69.071526	38
69.071526	42
69.257861	42
69.444196	35
69.444196	42
69.630531	35
69.630531	42
69.816866	38
69.816866	42
70.003201	42
70.189536	35
70.189536	42
70.380871	42
70.572206	38
70.572206	42
70.758541	42
70.944876	35
70.944876	42
71.131211	35
71.131211	42
71.317546	38
71.317546	42
71.50388099999999	42
71.690216	35
71.690216	49
71.87655099999999	42
72.062886	38
72.062886	42
72.24422100000001	42
72.42555600000001	35
72.42555600000001	42
72.61189100000001	35
72.61189100000001	42
72.79822600000001	38
72.79822600000001	42
72.98456100000001	42
73.17089600000001	35
73.17089600000001	42
73.36223100000001	42
73.553566	38
73.553566	42
73.73490100000001	42
73.91623600000001	35
73.91623600000001	42
74.10257100000001	35
74.10257100000001	42
74.28890600000001	38
74.28890600000001	42
74.480241	42
74.671576	35
74.671576	49
74.857911	42
75.044246	38
75.044246	42
75.225581	42
75.40691600000001	35
75.40691600000001	42
75.598251	35
75.598251	42
75.789586	38
75.789586	42
75.975921	42
76.162256	35
76.162256	49
76.348591	42
76.534926	38
76.534926	42
76.721261	42
76.907596	35
76.907596	42
77.093931	35
77.093931	42
77.280266	38
77.280266	42
77.466601	42
77.652936	35
77.652936	49
77.834271	42
78.015606	38
78.015606	42
78.201941	42
78.388276	35
78.388276	42
78.579611	35
78.579611	42
78.770946	38
78.770946	42
78.957281	42
79.143616	35
79.143616	42
79.326576	42
79.509536	38
79.509536	42
79.697496	42
79.885456	35
79.885456	42
80.078416	35
80.078416	42
80.27137599999999	38
80.27137599999999	42
80.454336	42
80.637296	35
80.637296	42
80.823631	42
81.009966	38
81.009966	42
81.196301	42
81.382636	35
81.382636	42
81.568971	35
81.568971	42
81.755306	38
81.755306	42
81.941641	42
82.127976	35
82.127976	42
82.314311	42
82.500646	38
82.500646	42
82.686981	42
82.873316	35
82.873316	42
83.059651	35
83.059651	42
83.245986	38
83.245986	42
83.432321	42
83.618656	35
83.618656	42
83.809991	42
84.00132599999999	38
84.00132599999999	42
84.18766099999999	42
84.37399599999999	35
84.37399599999999	42
84.555331	35
84.555331	42
84.736666	38
84.736666	42
84.923001	42
85.109336	35
85.109336	42
85.30067100000001	42
85.49200599999999	38
85.49200599999999	42
85.67334100000001	42
85.85467600000001	35
85.85467600000001	42
86.04101100000001	35
86.04101100000001	42
86.22734600000001	38
86.22734600000001	42
86.41368100000001	42
86.60001600000001	35
86.60001600000001	42
86.791351	42
86.982686	38
86.982686	42
87.164021	42
87.34535600000001	35
87.34535600000001	42
87.536691	35
87.536691	42
87.728026	38
87.728026	42
87.914361	42
88.100696	35
88.100696	42
88.287031	42
88.473366	38
88.473366	42
88.654701	42
88.83603600000001	35
88.83603600000001	42
89.027371	35
89.027371	42
89.218706	38
89.218706	42
89.400041	42
89.581376	35
89.581376	42
89.772711	42
89.964046	38
89.964046	42
90.150381	42
90.336716	35
90.336716	42
90.523051	35
90.523051	42
90.709386	38
90.709386	42
90.895721	42
91.082056	35
91.082056	42
91.27114949999999	42
91.46024299999999	38
91.46024299999999	42
91.6443365	42
91.82843	35
91.82843	42
92.01752350000001	35
92.01752350000001	42
92.20661700000001	38
92.20661700000001	42
92.3957105	42
92.584804	35
92.584804	42
92.771139	42
92.957474	38
92.957474	42
93.143809	42
93.330144	35
93.330144	42
93.516479	35
93.516479	42
93.702814	38
93.702814	42
93.884149	42
94.065484	35
94.065484	42
94.25681900000001	42
94.448154	38
94.448154	42
94.634489	42
94.820824	35
94.820824	42
95.007159	35
95.007159	42
95.193494	38
95.193494	42
95.37482899999999	42
95.556164	35
95.556164	42
95.747499	42
95.938834	38
95.938834	42
96.125169	42
96.311504	35
96.311504	42
96.497839	35
96.497839	42
96.684174	38
96.684174	42
96.870509	42
97.056844	35
97.056844	42
97.24317900000001	42
97.429514	38
97.429514	42
97.61584900000001	42
97.80218400000001	35
97.80218400000001	42
97.98851900000001	35
97.98851900000001	42
98.17485400000001	38
98.17485400000001	42
98.36118900000001	42
98.54752400000001	35
98.54752400000001	42
98.73385900000001	42
98.92019400000001	38
98.92019400000001	42
99.10652900000001	42
99.29286400000001	35
99.29286400000001	42
99.47919900000001	35
99.47919900000001	42
99.66553400000001	38
99.66553400000001	42
99.85186900000001	42
100.03820400000001	35
100.03820400000001	42
100.22453900000001	42
100.410874	38
100.410874	42
100.597209	42
100.783544	35
100.783544	42
100.969879	35
100.969879	42
101.156214	38
101.156214	42
101.342549	42
101.528884	35
101.528884	42
101.715219	42
101.901554	38
101.901554	42
102.087889	42
102.274224	35
102.274224	42
102.460559	35
102.460559	42
102.646894	38
102.646894	42
102.833229	42
103.019564	35
103.019564	42
103.205899	42
103.392234	38
103.392234	42
103.578569	42
103.764904	35
103.764904	42
103.951239	35
103.951239	42
104.137574	38
104.137574	42
104.323909	42
104.510244	35
104.510244	42
104.701579	42
104.89291399999999	38
104.89291399999999	42
105.074249	42
105.255584	35
105.255584	42
105.441919	35
105.441919	42
105.628254	38
105.628254	42
105.814589	42
106.00092400000001	35
106.00092400000001	42
106.19225899999999	42
106.383594	38
106.383594	42
106.56492899999999	42
106.74626400000001	35
106.74626400000001	42
106.93759899999999	35
106.93759899999999	42
107.128934	38
107.128934	42
107.315269	42
107.4084365	42
107.501604	35
107.501604	42
107.687939	42
107.874274	38
107.874274	42
108.055609	42
108.23694400000001	35
108.23694400000001	42
108.42327900000001	35
108.42327900000001	42
108.60961400000001	38
108.60961400000001	42
108.800949	42
108.992284	35
108.992284	42
109.178619	42
109.364954	38
109.364954	42
109.546289	42
109.727624	35
109.727624	42
109.913959	35
109.913959	42
110.100294	38
110.100294	42
110.286629	42
110.472964	35
110.472964	42
110.659299	42
110.845634	38
110.845634	42
111.031969	42
111.218304	35
111.218304	42
111.404639	35
111.404639	42
111.590974	38
111.590974	42
111.777309	42
111.963644	35
111.963644	42
112.149979	42
112.336314	38
112.336314	42
112.522649	42
112.708984	35
112.708984	42
112.900319	35
112.900319	42
113.09165399999999	38
113.09165399999999	42
113.27798899999999	42
113.46432399999999	35
113.46432399999999	42
113.65065899999999	42
113.83699399999999	38
113.83699399999999	42
114.02332899999999	42
114.20966399999999	35
114.20966399999999	42
114.39599899999999	35
114.39599899999999	42
114.58233399999999	38
114.58233399999999	42
114.76366900000001	42
114.945004	35
114.945004	42
115.13133900000001	42
115.317674	38
115.317674	42
115.50400900000001	42
115.690344	35
115.690344	42
115.881679	35
115.881679	42
116.07301399999999	38
116.07301399999999	42
116.254349	42
116.435684	35
116.435684	42
116.627019	42
116.81835399999999	38
116.81835399999999	42
117.004689	42
117.191024	35
117.191024	42
117.377359	35
117.377359	42
117.563694	38
117.563694	42
117.750029	42
117.936364	35
117.936364	42
118.122699	42
118.21586649999999	42
118.309034	38
118.495369	42
118.681704	35
118.681704	42
118.868039	35
118.868039	42
118.96120649999999	42
119.054374	38
119.240709	42
119.427044	35
119.427044	49
119.614183	42
119.801322	38
119.801322	42
119.983461	42
120.1656	35
120.1656	42
120.357739	35
120.357739	42
120.54987799999999	38
120.54987799999999	42
120.737017	42
120.924156	35
120.924156	49
121.105491	42
121.286826	38
121.286826	42
121.473161	42
121.659496	35
121.659496	42
121.850831	35
121.850831	42
122.042166	38
122.042166	42
122.228501	42
122.414836	35
122.414836	49
122.596171	42
122.777506	38
122.777506	42
122.963841	42
123.150176	35
123.150176	42
123.336511	35
123.336511	42
123.522846	38
123.522846	42
123.709181	42
123.895516	35
123.895516	42
124.081851	42
124.268186	38
124.268186	42
124.454521	42
124.640856	35
124.640856	42
124.832191	35
124.832191	42
125.02352599999999	38
125.02352599999999	42
125.20986099999999	42
125.39619599999999	35
125.39619599999999	49
125.582531	42
125.76886599999999	38
125.76886599999999	42
125.955201	42
126.141536	35
126.141536	42
126.327871	35
126.327871	42
126.514206	38
126.514206	42
126.700541	42
126.886876	35
126.886876	49
127.073211	42
127.259546	38
127.259546	42
127.445881	42
127.632216	35
127.632216	42
127.81855100000001	35
127.81855100000001	42
128.004886	38
128.004886	42
128.191221	42
128.377556	35
128.377556	49
128.563891	42
128.750226	38
128.750226	42
128.936561	42
129.122896	35
129.122896	42
129.304231	35
129.304231	42
129.48556599999998	38
129.48556599999998	42
129.671901	42
129.85823599999998	35
129.85823599999998	42
130.0508355	42
130.243435	38
130.243435	42
130.4260345	42
130.60863399999997	35
130.60863399999997	42
130.79623349999997	35
130.79623349999997	42
130.98383299999998	38
130.98383299999998	42
131.16643249999998	42
131.349032	35
131.349032	42
131.540367	42
131.73170199999998	38
131.73170199999998	42
131.918037	42
132.10437199999998	35
132.10437199999998	42
132.290707	35
132.290707	42
132.47704199999998	38
132.47704199999998	42
132.663377	42
132.84971199999998	35
132.84971199999998	42
133.036047	42
133.22238199999998	38
133.22238199999998	42
133.403717	42
133.585052	35
133.585052	42
133.771387	35
133.771387	42
133.957722	38
133.957722	42
134.144057	42
134.330392	35
134.330392	42
134.521727	42
134.71306199999998	38
134.71306199999998	42
134.899397	42
135.08573199999998	35
135.08573199999998	42
135.272067	35
135.272067	42
135.45840199999998	38
135.45840199999998	42
135.644737	42
135.83107199999998	35
135.83107199999998	42
136.017407	42
136.20374199999998	38
136.20374199999998	42
136.385077	42
136.56641199999999	35
136.56641199999999	42
136.757747	35
136.757747	42
136.94908199999998	38
136.94908199999998	42
137.135417	42
137.32175199999998	35
137.32175199999998	42
137.508087	42
137.69442199999997	38
137.69442199999997	42
137.880757	42
138.06709199999997	35
138.06709199999997	42
138.253427	35
138.253427	42
138.43976199999997	38
138.43976199999997	42
138.626097	42
138.81243199999997	35
138.81243199999997	42
138.998767	42
139.18510199999997	38
139.18510199999997	42
139.371437	42
139.55777199999997	35
139.55777199999997	42
139.74410699999999	35
139.74410699999999	42
139.93044199999997	38
139.93044199999997	42
140.11677699999998	42
140.303112	35
140.303112	42
140.494447	42
140.685782	38
140.685782	42
140.872117	42
141.05845200000002	35
141.05845200000002	42
141.244787	35
141.244787	42
141.43112200000002	38
141.43112200000002	42
141.617457	42
141.80379200000002	35
141.80379200000002	42
141.990127	42
142.17646200000001	38
142.17646200000001	42
142.362797	42
142.54913200000001	35
142.54913200000001	42
142.735467	35
142.735467	42
142.921802	38
142.921802	42
143.108137	42
143.294472	35
143.294472	42
143.48874600000002	42
143.68302	38
143.68302	42
143.86729400000002	42
144.051568	35
144.051568	42
144.24084200000001	35
144.24084200000001	42
144.43011600000003	38
144.43011600000003	42
144.61439	42
144.798664	35
144.798664	42
144.98499900000002	42
145.171334	38
145.171334	42
145.35766900000002	42
145.544004	35
145.544004	42
145.73033900000001	35
145.73033900000001	42
145.916674	38
145.916674	42
146.10300900000001	42
146.289344	35
146.289344	42
146.48067900000004	42
146.67201400000002	38
146.67201400000002	42
146.85834900000003	42
147.04468400000002	35
147.04468400000002	42
147.23101900000003	35
147.23101900000003	42
147.41735400000002	38
147.41735400000002	42
147.60368900000003	42
147.79002400000002	35
147.79002400000002	42
147.97635900000003	42
148.16269400000002	38
148.16269400000002	42
148.344029	42
148.525364	35
148.525364	42
148.711699	35
148.711699	42
148.898034	38
148.898034	42
149.084369	42
149.270704	35
149.270704	42
149.46203900000003	42
149.653374	38
149.653374	42
149.834709	42
150.016044	35
150.016044	42
150.202379	35
150.202379	42
150.388714	38
150.388714	42
150.575049	42
150.761384	35
150.761384	42
150.95271900000003	42
151.144054	38
151.144054	42
151.33038900000003	42
151.516724	35
151.516724	42
151.70305900000002	35
151.70305900000002	42
151.889394	38
151.889394	42
152.07572900000002	42
152.16889650000002	42
152.262064	35
152.262064	42
152.44839900000002	42
152.634734	38
152.634734	42
152.816069	42
152.997404	35
152.997404	42
153.183739	35
153.183739	42
153.370074	38
153.370074	42
153.556409	42
153.74274400000002	35
153.74274400000002	42
153.929079	42
154.115414	38
154.115414	42
154.301749	42
154.48808400000001	35
154.48808400000001	42
154.67941900000002	35
154.67941900000002	42
154.87075400000003	38
154.87075400000003	42
155.05708900000002	42
155.24342400000003	35
155.24342400000003	42
155.42975900000002	42
155.61609400000003	38
155.61609400000003	42
155.80242900000002	42
155.98876400000003	35
155.98876400000003	42
156.17509900000002	35
156.17509900000002	42
156.36143400000003	38
156.36143400000003	42
156.54776900000002	42
156.73410400000003	35
156.73410400000003	42
156.92043900000002	42
157.10677400000003	38
157.10677400000003	42
157.29310900000002	42
157.47944400000003	35
157.47944400000003	42
157.66577900000001	35
157.66577900000001	42
157.85211400000003	38
157.85211400000003	42
158.038449	42
158.22478400000003	35
158.22478400000003	42
158.41292450000003	42
158.60106500000003	38
158.60106500000003	42
158.7842055	42
158.96734600000002	35
158.96734600000002	42
159.1554865	35
159.1554865	42
159.343627	38
159.343627	42
159.5317675	42
159.719908	35
159.719908	42
159.90624300000002	42
160.092578	38
160.092578	42
160.27391300000002	42
160.455248	35
160.455248	42
160.64158300000003	35
160.64158300000003	42
160.827918	38
160.827918	42
161.01425300000002	42
161.200588	35
161.200588	42
161.39192300000002	42
161.583258	38
161.583258	42
161.76959300000001	42
161.955928	35
161.955928	42
162.142263	35
162.142263	42
162.328598	38
162.328598	42
162.514933	42
162.701268	35
162.701268	42
162.887603	42
163.073938	38
163.073938	42
163.260273	42
163.446608	35
163.446608	42
163.632943	35
163.632943	42
163.819278	38
163.819278	42
164.005613	42
164.191948	35
164.191948	42
164.378283	42
164.564618	38
164.564618	42
164.750953	42
164.937288	35
164.937288	42
165.123623	35
165.123623	42
165.309958	38
165.309958	42
165.496293	42
165.682628	35
165.682628	42
165.868963	42
166.055298	38
166.055298	42
166.241633	42
166.427968	35
166.427968	42
166.614303	35
166.614303	42
166.800638	38
166.800638	42
166.986973	42
167.173308	35
167.173308	42
167.359643	42
167.545978	38
167.545978	42
167.732313	42
167.918648	35
167.918648	42
168.10998300000003	35
168.10998300000003	42
168.301318	38
168.301318	42
168.48765300000002	42
168.67398800000004	35
168.67398800000004	42
168.855323	42
169.036658	38
169.036658	42
169.222993	42
169.40932800000002	35
169.40932800000002	42
169.60066300000003	35
169.60066300000003	42
169.79199800000004	38
169.79199800000004	42
169.97833300000002	42
170.16466800000003	35
170.16466800000003	42
170.35100300000002	42
170.53733800000003	38
170.53733800000003	42
170.72367300000002	42
170.91000800000003	35
170.91000800000003	42
171.09634300000002	35
171.09634300000002	42
171.28267800000003	38
171.28267800000003	42
171.46901300000002	42
171.65534800000003	35
171.65534800000003	42
171.84168300000002	42
172.02801800000003	38
172.02801800000003	42
172.21435300000002	42
172.40068800000003	35
172.40068800000003	42
172.58702300000002	35
172.58702300000002	42
172.77335800000003	38
172.77335800000003	42
172.95969300000002	42
173.14602800000003	35
173.14602800000003	42
173.33236300000002	42
173.51869800000003	38
173.51869800000003	42
173.700033	42
173.881368	35
173.881368	42
174.07270300000002	35
174.07270300000002	42
174.26403800000003	38
174.26403800000003	42
174.450373	42
174.63670800000003	35
174.63670800000003	42
174.82503000000003	42
175.01335200000003	38
175.01335200000003	42
175.196674	42
175.379996	35
175.379996	42
175.568318	35
175.568318	42
175.66247900000002	42
175.75664	38
175.944962	42
176.133284	35
176.133284	49
176.31961900000002	42
176.505954	38
176.505954	42
176.69228900000002	42
176.878624	35
176.878624	42
177.06495900000002	35
177.06495900000002	42
177.251294	38
177.251294	42
177.43762900000002	42
177.623964	35
177.623964	49
177.81029900000001	42
177.996634	38
177.996634	42
178.182969	42
178.369304	35
178.369304	42
178.555639	35
178.555639	42
178.741974	38
178.741974	42
178.928309	42
179.114644	35
179.114644	49
179.300979	42
179.487314	38
179.487314	42
179.673649	42
179.859984	35
179.859984	42
180.05131900000003	35
180.05131900000003	42
180.24265400000002	38
180.24265400000002	42
180.423989	42
180.605324	35
180.605324	42
180.792381	42
180.979438	38
180.979438	42
181.17149500000002	42
181.36355200000003	35
181.36355200000003	42
181.550609	35
181.550609	42
181.73766600000002	38
181.73766600000002	42
181.92472300000003	42
182.11178	35
182.11178	49
182.29883700000002	42
182.485894	38
182.485894	42
182.677951	42
182.870008	35
182.870008	42
183.057065	35
183.057065	42
183.244122	38
183.244122	42
183.42617900000002	42
183.608236	35
183.608236	49
183.79529300000002	42
183.98235000000003	38
183.98235000000003	42
184.169407	42
184.35646400000002	35
184.35646400000002	42
184.54352100000003	35
184.54352100000003	42
184.730578	38
184.730578	42
184.91763500000002	42
185.10469200000003	35
185.10469200000003	49
185.291749	42
185.47880600000002	38
185.47880600000002	42
185.66586300000003	42
185.85292	35
185.85292	42
186.034977	35
186.034977	42
186.21703399999998	38
186.21703399999998	42
186.404091	42
186.591148	35
186.591148	42
186.78255616849782	42
186.97389020000003	38
186.97389020000003	42
187.1552252	42
187.3365602	35
187.3365602	42
187.5228952	35
187.5228952	42
187.7092302	38
187.7092302	42
187.8955652	42
188.0819002	35
188.0819002	42
188.27323520000002	42
188.46457020000003	38
188.46457020000003	42
188.6459052	42
188.8272402	35
188.8272402	42
189.0135752	35
189.0135752	42
189.1999102	38
189.1999102	42
189.3862452	42
189.5725802	35
189.5725802	42
189.7589152	42
189.9452502	38
189.9452502	42
190.1315852	42
190.3179202	35
190.3179202	42
190.5092552	35
190.5092552	42
190.70059020000002	38
190.70059020000002	42
190.8869252	42
191.07326020000002	35
191.07326020000002	42
191.25459519999998	42
191.4359302	38
191.4359302	42
191.62226520000002	42
191.8086002	35
191.8086002	42
191.99993520000004	35
191.99993520000004	42
192.19127020000002	38
192.19127020000002	42
192.37760520000003	42
192.56394020000002	35
192.56394020000002	42
192.75027520000003	42
192.93661020000002	38
192.93661020000002	42
193.12294520000003	42
193.30928020000002	35
193.30928020000002	42
193.49561520000003	35
193.49561520000003	42
193.68195020000002	38
193.68195020000002	42
193.86828520000003	42
194.05462020000002	35
194.05462020000002	42
194.24095520000003	42
194.42729020000002	38
194.42729020000002	42
194.61362520000003	42
194.79996020000002	35
194.79996020000002	42
194.98629520000003	35
194.98629520000003	42
195.17263020000001	38
195.17263020000001	42
195.35896520000003	42
195.5453002	35
195.5453002	42
195.73163520000003	42
195.9179702	38
195.9179702	42
196.10430520000003	42
196.2906402	35
196.2906402	42
196.47697520000003	35
196.47697520000003	42
196.6633102	38
196.6633102	42
196.84964520000003	35
196.84964520000003	42
197.0359802	35
197.0359802	42
197.22231520000003	42
197.4086502	38
197.4086502	42
197.59498520000002	42
197.7813202	35
197.7813202	42
197.96765520000002	35
197.96765520000002	42
198.1539902	38
198.1539902	42
198.34032520000002	42
198.5266602	35
198.5266602	42
198.7142997	42
198.90193920000002	38
198.90193920000002	42
199.08457869999998	42
199.2672182	35
199.2672182	42
199.45985770000001	35
199.45985770000001	42
199.6524972	38
199.6524972	42
199.8351367	42
200.0177762	35
200.0177762	42
200.2041112	42
200.39044619999999	38
200.39044619999999	42
200.5767812	42
200.76311619999998	35
200.76311619999998	42
200.9494512	35
200.9494512	42
201.13578619999998	38
201.13578619999998	42
201.3221212	42
201.50845619999998	35
201.50845619999998	42
201.6947912	42
201.88112619999998	38
201.88112619999998	42
202.0674612	42
202.25379619999998	35
202.25379619999998	42
202.4401312	35
202.4401312	42
202.62646619999998	38
202.62646619999998	42
202.8128012	42
202.99913619999998	35
202.99913619999998	42
203.1854712	42
203.37180619999998	38
203.37180619999998	42
203.5581412	42
203.74447619999998	35
203.74447619999998	42
203.9308112	35
203.9308112	42
204.11714619999998	38
204.11714619999998	42
204.3034812	42
204.48981619999998	35
204.48981619999998	42
204.68115120000002	42
204.8724862	38
204.8724862	42
205.0538212	42
205.23515619999998	35
205.23515619999998	42
205.4214912	35
205.4214912	42
205.60782619999998	38
205.60782619999998	42
205.7941612	35
205.7941612	42
205.98049619999998	35
205.98049619999998	42
206.1718312	42
206.3631662	38
206.3631662	42
206.54450119999998	42
206.72583619999997	35
206.72583619999997	42
206.9121712	35
206.9121712	42
207.09850619999997	38
207.09850619999997	42
207.2848412	42
207.47117619999997	35
207.47117619999997	42
207.6625112	42
207.8538462	38
207.8538462	42
208.03518119999998	42
208.21651619999997	35
208.21651619999997	42
208.4078512	35
208.4078512	42
208.5991862	38
208.5991862	42
208.7855212	42
208.97185620000002	35
208.97185620000002	42
209.1581912	42
209.3445262	38
209.3445262	42
209.52586119999998	42
209.7071962	35
209.7071962	42
209.8985312	35
209.8985312	42
210.08986620000002	38
210.08986620000002	42
210.2762012	42
210.46253620000002	35
210.46253620000002	42
210.65031520000002	42
210.7442047	42
210.83809420000003	38
211.02087319999998	42
211.2036522	35
211.2036522	42
211.3914312	35
211.3914312	42
211.4853207	42
211.5792102	38
211.76698919999998	42
211.9547682	35
211.9547682	49
212.1411032	42
212.3274382	38
212.3274382	42
212.5137732	42
212.7001082	35
212.7001082	42
212.8864432	35
212.8864432	42
213.0727782	38
213.0727782	42
213.2591132	42
213.4454482	35
213.4454482	49
213.6317832	42
213.8181182	38
213.8181182	42
214.0044532	42
214.1907882	35
214.1907882	42
214.3771232	35
214.3771232	42
214.56345819999999	38
214.56345819999999	42
214.7497932	42
214.93612819999998	35
214.93612819999998	49
215.1224632	42
215.30879819999998	38
215.30879819999998	42
215.4951332	42
215.68146819999998	35
215.68146819999998	42
215.8678032	35
215.8678032	42
216.05413819999998	38
216.05413819999998	42
216.2404732	42
216.42680819999998	35
216.42680819999998	42
216.6131432	42
216.79947819999998	38
216.79947819999998	42
216.9858132	42
217.17214819999998	35
217.17214819999998	42
217.36348320000002	35
217.36348320000002	42
217.5548182	38
217.5548182	42
217.7361532	42
217.91748819999998	35
217.91748819999998	49
218.10882320000002	42
218.3001582	38
218.3001582	42
218.4864932	42
218.6728282	35
218.6728282	42
218.8591632	35
218.8591632	42
219.0454982	38
219.0454982	42
219.2318332	42
219.4181682	35
219.4181682	49
219.6045032	42
219.7908382	38
219.7908382	42
219.9771732	42
220.1635082	35
220.1635082	42
220.3498432	35
220.3498432	42
220.5361782	38
220.5361782	42
220.7225132	42
220.9088482	35
220.9088482	49
221.0951832	42
221.28151820000002	38
221.28151820000002	42
221.4678532	42
221.6541882	35
221.6541882	42
221.8405232	35
221.8405232	42
222.02685820000002	38
222.02685820000002	42
222.20819319999998	42
222.3895282	35
222.3895282	42
222.5786217	42
222.67316845	42
222.7677152	38
222.95180870000002	42
223.1359022	35
223.1359022	42
223.3299957	35
223.3299957	42
223.42704245000002	42
223.5240892	38
223.7081827	42
223.8922762	35
223.8922762	49
224.0836112	42
224.2749462	38
224.2749462	42
224.4612812	42
224.6476162	35
224.6476162	42
224.8339512	35
224.8339512	42
225.0202862	38
225.0202862	42
225.2066212	42
225.3929562	35
225.3929562	49
225.5792912	42
225.76562619999999	38
225.76562619999999	42
225.9519612	42
226.13829619999998	35
226.13829619999998	42
226.32963120000002	35
226.32963120000002	42
226.5209662	38
226.5209662	42
226.70730120000002	42
226.8936362	35
226.8936362	49
227.0749712	42
227.25630619999998	38
227.25630619999998	42
227.4426412	42
227.62897619999998	35
227.62897619999998	42
227.82031120000002	35
227.82031120000002	42
228.0116462	38
228.0116462	42
228.19798120000002	42
228.3843162	35
228.3843162	42
228.5663732	42
228.65740169999998	42
228.74843019999997	38
228.93548719999998	42
229.1225442	35
229.1225442	42
229.30960119999997	35
229.30960119999997	42
229.4031297	42
229.49665819999998	38
229.6837152	42
229.87077219999998	35
229.87077219999998	49
230.0621072	42
230.2534422	38
230.2534422	42
230.43477719999998	42
230.61611219999998	35
230.61611219999998	42
230.8024472	35
230.8024472	42
230.98878219999997	38
230.98878219999997	42
231.1751172	42
231.36145219999997	35
231.36145219999997	49
231.55077519999998	42
231.74009819999998	38
231.74009819999998	42
231.92942119999998	42
232.11874419999998	35
232.11874419999998	42
232.3030672	35
232.3030672	42
232.4873902	38
232.4873902	42
232.6767132	42
232.8660362	35
232.8660362	49
233.0523712	42
233.2387062	38
233.2387062	42
233.4250412	42
233.6113762	35
233.6113762	42
233.7977112	35
233.7977112	42
233.9840462	38
233.9840462	42
234.1703812	42
234.3567162	35
234.3567162	42
234.5430512	42
234.7293862	38
234.7293862	42
234.9157212	42
235.1020562	35
235.1020562	42
235.2883912	35
235.2883912	49
235.3815587	49
235.4747262	38
235.6610612	49
235.7542287	49
235.8473962	35
235.8473962	49
236.0337312	42
236.2200662	38
236.2200662	42
236.4064012	42
236.5927362	35
236.5927362	42
236.7790712	35
236.7790712	42
236.9654062	38
236.9654062	42
237.1517412	42
237.3380762	35
237.3380762	49
237.5244112	42
237.7107462	38
237.7107462	42
237.8970812	42
238.0834162	35
238.0834162	42
238.2697512	35
238.2697512	42
238.4560862	38
238.4560862	42
238.6424212	42
238.8287562	35
238.8287562	49
239.0150912	42
239.2014262	38
239.2014262	42
239.3877612	42
239.57409619999999	35
239.57409619999999	42
239.7604312	35
239.7604312	42
239.94676619999998	38
239.94676619999998	42
240.1331012	42
240.31943619999998	35
240.31943619999998	42
240.5057712	49
240.69210619999998	38
240.69210619999998	42
240.8784412	42
241.06477619999998	35
241.06477619999998	42
241.2561112	35
241.2561112	49
241.44744619999997	38
241.44744619999997	42
241.6337812	42
241.82011619999997	35
241.82011619999997	49
242.0064512	42
242.1927862	38
242.1927862	42
242.3791212	42
242.56545619999997	35
242.56545619999997	42
242.75179119999999	35
242.75179119999999	42
242.9381262	38
242.9381262	42
243.12446119999998	42
243.3107962	35
243.3107962	49
243.49713119999998	42
243.6834662	38
243.6834662	42
243.86980119999998	42
244.0561362	35
244.0561362	42
244.24247119999998	35
244.24247119999998	42
244.4288062	38
244.4288062	42
244.61514119999998	42
244.8014762	35
244.8014762	49
244.98781119999998	42
245.1741462	38
245.1741462	42
245.36048119999998	42
245.5468162	35
245.5468162	42
245.73315119999998	35
245.73315119999998	42
245.9194862	38
245.9194862	42
246.10582119999998	42
246.2921562	35
246.2921562	42
246.4802967	42
246.57436694999998	42
246.6684372	38
246.8515777	42
247.03471820000001	35
247.03471820000001	42
247.2228587	35
247.2228587	42
247.31692895	42
247.4109992	38
247.5991397	42
247.7872802	35
247.7872802	49
247.9786152	42
248.1699502	38
248.1699502	42
248.3562852	42
248.5426202	35
248.5426202	42
248.7289552	35
248.7289552	42
248.9152902	38
248.9152902	42
249.1016252	42
249.2879602	35
249.2879602	49
249.4742952	42
249.66063019999999	38
249.66063019999999	42
249.8469652	42
250.03330019999999	35
250.03330019999999	42
250.2196352	35
250.2196352	42
250.40597019999998	38
250.40597019999998	42
250.5923052	42
250.77864019999998	35
250.77864019999998	49
250.9649752	42
251.15131019999998	38
251.15131019999998	42
251.3376452	42
251.52398019999998	35
251.52398019999998	42
251.7103152	35
251.7103152	42
251.89665019999998	38
251.89665019999998	42
252.0829852	42
252.26932019999998	35
252.26932019999998	42
252.46065520000002	42
252.5563227	42
252.6519902	38
252.8383252	42
253.0246602	35
253.0246602	42
253.2109952	35
253.2109952	42
253.3041627	42
253.3973302	38
253.5836652	42
253.7700002	35
253.7700002	49
253.9572377	42
254.1444752	38
254.1444752	42
254.32671269999997	42
254.5089502	35
254.5089502	42
254.69618769999997	35
254.69618769999997	42
254.88342519999998	38
254.88342519999998	42
255.07066269999999	42
255.25790019999997	35
255.25790019999997	49
255.4492352	42
255.64057019999998	38
255.64057019999998	42
255.8269052	42
256.0132402	35
256.0132402	42
256.19957519999997	35
256.19957519999997	42
256.38591019999996	38
256.38591019999996	42
256.57224519999994	42
256.7585802	35
256.7585802	49
256.94491519999997	42
257.13125019999995	38
257.13125019999995	42
257.31758519999994	42
257.5039202	35
257.5039202	42
257.6852552	35
257.6852552	42
257.86659019999996	38
257.86659019999996	42
258.05292519999995	42
258.2392602	35
258.2392602	42
258.43059519999997	42
258.62193019999995	38
258.62193019999995	42
258.80826519999994	42
258.9946002	35
258.9946002	42
259.17593519999997	35
259.17593519999997	42
259.35727019999996	38
259.35727019999996	42
259.54360519999994	42
259.7299402	35
259.7299402	49
259.9183112	42
260.10668219999997	38
260.10668219999997	42
260.2950532	42
260.4834242	35
260.4834242	42
260.67179519999996	35
260.67179519999996	42
260.8601662	38
260.8601662	42
261.0435372	42
261.22690819999997	35
261.22690819999997	49
261.41824319999995	42
261.6095782	38
261.6095782	42
261.7959132	42
261.98224819999996	35
261.98224819999996	42
262.16858319999994	35
262.16858319999994	42
262.3549182	38
262.3549182	42
262.54125319999997	42
262.72758819999996	35
262.72758819999996	49
262.91392319999994	42
263.1002582	38
263.1002582	42
263.28659319999997	42
263.47292819999996	35
263.47292819999996	42
263.65426319999995	35
263.65426319999995	42
263.8355982	38
263.8355982	42
264.0219332	42
264.20826819999996	35
264.20826819999996	42
264.39960319999994	42
264.5909382	38
264.5909382	42
264.77727319999997	42
264.96360819999995	35
264.96360819999995	42
265.14994319999994	35
265.14994319999994	42
265.3362782	38
265.3362782	42
265.51761319999997	42
265.69894819999996	35
265.69894819999996	49