15.99994	35
15.99994	49
15.99994	49
16.363575	35
16.363575	38
16.363575	49
16.72721	35
16.72721	49
17.090845	35
17.090845	38
17.090845	49
17.45448	35
17.45448	49
17.818115000000002	35
17.818115000000002	38
17.818115000000002	49
18.18175	35
18.18175	49
18.545385	35
18.545385	38
18.545385	49
18.90902	35
18.90902	49
19.272655	35
19.272655	38
19.272655	49
19.636290000000002	35
19.636290000000002	49
19.999925	35
19.999925	38
19.999925	49
20.36356	35
20.36356	49
20.727195000000002	35
20.727195000000002	38
20.727195000000002	49
21.09083	35
21.09083	49
21.464465000000004	35
21.464465000000004	38
21.464465000000004	49
21.828100000000003	35
21.828100000000003	49
21.828100000000003	49
22.191735	35
22.191735	38
22.191735	49
22.545370000000002	35
22.545370000000002	49
22.909005	35
22.909005	38
22.909005	49
23.272640000000003	35
23.272640000000003	49
23.636275	35
23.636275	38
23.636275	49
24.00991	35
24.00991	49
24.373545000000004	35
24.373545000000004	38
24.373545000000004	49
24.737180000000002	35
24.737180000000002	49
25.100815000000004	35
25.100815000000004	38
25.100815000000004	49
25.464450000000003	35
25.464450000000003	49
25.828085	35
25.828085	38
25.828085	49
26.191720000000004	35
26.191720000000004	49
26.545355	35
26.545355	38
26.545355	49
26.908990000000003	35
26.908990000000003	49
27.282625000000003	35
27.282625000000003	38
27.282625000000003	49
27.63626	35
27.63626	49
27.63626	49
27.999895000000002	35
27.999895000000002	38
27.999895000000002	49
28.36353	35
28.36353	49
28.727165000000003	35
28.727165000000003	38
28.727165000000003	49
29.0908	35
29.0908	49
29.464435	35
29.464435	38
29.464435	49
29.818070000000002	35
29.818070000000002	49
30.181705	35
30.181705	38
30.181705	49
30.545340000000003	35
30.545340000000003	49
30.908975	35
30.908975	38
30.908975	49
31.27261	35
31.27261	49
31.636245000000002	35
31.636245000000002	38
31.636245000000002	49
31.99988	35
31.99988	49
32.363515	35
32.363515	38
32.363515	49
32.72715	35
32.72715	49
33.100785	35
33.100785	38
33.100785	49
33.46442	35
33.46442	49
33.46442	49
33.828055	35
33.828055	38
33.828055	49
34.19169	35
34.19169	49
34.545325	35
34.545325	38
34.545325	49
34.90896	35
34.90896	49
35.282595	35
35.282595	38
35.282595	49
35.64623	35
35.64623	49
36.009865	35
36.009865	38
36.009865	49
36.3735	35
36.3735	49
36.737135	35
36.737135	38
36.737135	49
37.10077	35
37.10077	49
37.464405	35
37.464405	38
37.464405	49
37.82804	35
37.82804	49
38.191675	35
38.191675	38
38.191675	49
38.55531	35
38.55531	49
38.7371275	35
38.7371275	38
38.7371275	47
38.918945	35
38.918945	38
38.918945	47
39.1007625	35
39.1007625	38
39.1007625	47
39.28258	35
39.28258	49
39.4643975	35
39.4643975	42
39.646215	38
39.646215	42
39.8280325	42
40.00985	35
40.00985	42
40.1916675	35
40.1916675	42
40.373485	38
40.373485	42
40.5553025	42
40.73712	35
40.73712	42
40.9189375	35
40.9189375	42
41.100755	38
41.100755	42
41.2825725	35
41.2825725	42
41.46439	42
41.6462075	35
41.6462075	42
41.828025	38
41.828025	42
42.0098425	42
42.19166	35
42.19166	42
42.368477500000004	35
42.368477500000004	42
42.545295	38
42.545295	42
42.727112500000004	42
42.908930000000005	35
42.908930000000005	42
43.095747499999995	35
43.095747499999995	42
43.282565	38
43.282565	42
43.459382500000004	42
43.6362	35
43.6362	42
43.8230175	35
43.8230175	42
44.009835	38
44.009835	42
44.191652500000004	35
44.191652500000004	42
44.37347	42
44.5552875	35
44.5552875	42
44.737105	38
44.737105	42
44.9189225	42
45.10074	35
45.10074	42
45.2825575	35
45.2825575	42
45.464375	38
45.464375	42
45.6411925	42
45.81801	35
45.81801	42
46.0048275	35
46.0048275	42
46.191645	38
46.191645	42
46.36846250000001	42
46.545280000000005	35
46.545280000000005	42
46.732097499999995	35
46.732097499999995	42
46.918915	38
46.918915	42
47.1007325	35
47.1007325	42
47.28255	42
47.4643675	35
47.4643675	42
47.646185	38
47.646185	42
47.828002500000004	42
48.00982	35
48.00982	42
48.1916375	35
48.1916375	42
48.373455	38
48.373455	42
48.550272500000005	42
48.727090000000004	35
48.727090000000004	42
48.908907500000005	35
48.908907500000005	42
49.090725	38
49.090725	42
49.277542499999996	42
49.46436	35
49.46436	42
49.6461775	35
49.6461775	42
49.827995	38
49.827995	42
50.0098125	35
50.0098125	42
50.19163	42
50.3684475	35
50.3684475	42
50.545265	38
50.545265	42
50.7270825	42
50.9089	35
50.9089	49
51.0957175	35
51.0957175	42
51.282535	38
51.282535	42
51.45935250000001	42
51.54776125	38
51.63617	35
51.63617	42
51.822987499999996	35
51.822987499999996	42
52.009805	38
52.009805	42
52.1916225	42
52.28253125	38
52.37344	35
52.37344	42
52.5552575	35
52.5552575	42
52.737075	38
52.737075	42
52.9188925	35
52.9188925	42
53.00980125	38
53.10071	42
53.277527500000005	35
53.277527500000005	42
53.454345	38
53.454345	42
53.636162500000005	42
53.817980000000006	35
53.817980000000006	42
53.9997975	35
53.9997975	42
54.181615	38
54.181615	42
54.3634325	42
54.454341250000006	38
54.54525	35
54.54525	42
54.727067500000004	35
54.727067500000004	42
54.908885000000005	38
54.908885000000005	42
55.0957025	42
55.189111249999996	38
55.28252	35
55.28252	42
55.4643375	35
55.4643375	42
55.646155	38
55.646155	42
55.8279725	35
55.8279725	42
55.91888125	38
56.00979	42
56.1916075	35
56.1916075	42
56.373425	38
56.373425	42
56.5552425	42
56.73706	35
56.73706	42
56.9188775	35
56.9188775	42
57.100695	38
57.100695	42
57.2825125	42
57.37342125	38
57.464330000000004	35
57.464330000000004	42
57.6461475	35
57.6461475	42
57.827965	38
57.827965	42
58.0097825	42
58.100691250000004	38
58.1916	35
58.1916	42
58.3734175	35
58.3734175	42
58.555235	38
58.555235	42
58.737052500000004	35
58.737052500000004	42
58.82796125	38
58.91887	42
59.1006875	35
59.1006875	42
59.282505	38
59.282505	42
59.4643225	42
59.64614	35
59.64614	42
59.827957500000004	35
59.827957500000004	42
60.009775	38
60.009775	42
60.1915925	42
60.28250125	38
60.37341	35
60.37341	42
60.5552275	35
60.5552275	42
60.737045	38
60.737045	42
60.9188625	42
61.00977125	38
61.100680000000004	35
61.100680000000004	42
61.2824975	35
61.2824975	42
61.464315	38
61.464315	42
61.63113250000001	35
61.63113250000001	42
61.71454125000001	38
61.79795000000001	42
61.994767499999995	35
61.994767499999995	42
62.191584999999996	38
62.191584999999996	42
62.3684025	42
62.54522	35
62.54522	49
62.7270375	35
62.7270375	47
62.908855	47
62.908855	47
63.090672500000004	35
63.090672500000004	47
63.18158125	47
63.272490000000005	35
63.272490000000005	47
63.454307500000006	47
63.636125	35
63.636125	47
63.636125	47
63.822942499999996	47
63.822942499999996	47
64.00976	35
64.19157750000001	47
64.19157750000001	47
64.373395	35
64.55021250000001	47
64.55021250000001	47
64.72703	35
64.72703	38
64.72703	49
65.090665	35
65.090665	38
65.090665	49
65.2774825	38
65.37089125	38
65.46430000000001	35
65.46430000000001	47
65.64111750000001	35
65.64111750000001	47
65.817935	47
65.817935	47
65.9997525	35
65.9997525	47
66.09066125	47
66.18157000000001	35
66.18157000000001	47
66.3633875	47
66.54520500000001	35
66.54520500000001	47
66.54520500000001	47
66.7320225	47
66.7320225	47
66.91884	35
66.91884	47
66.91884	47
67.8279275	35
68.00974500000001	38
68.00974500000001	38
68.36338	35
68.36338	49
68.45428875	42
68.5451975	35
68.5451975	42
68.63610625	42
68.72701500000001	38
68.81792375	42
68.9088325	42
68.99974125	42
69.09065	35
69.09065	42
69.18405875	42
69.2774675	35
69.2774675	42
69.37087625	42
69.464285	38
69.55269375000002	42
69.64110250000002	42
69.72951125000002	42
69.81792	35
69.81792	42
69.90882875	42
69.99973750000001	35
69.99973750000001	42
70.09064625	42
70.181555	38
70.27246375	42
70.3633725	35
70.3633725	42
70.45428125000001	42
70.54519	35
70.54519	42
70.63609875	42
70.7270075	35
70.7270075	42
70.81791625000001	42
70.90882500000001	38
71.00223375	42
71.0956425	42
71.18905124999999	42
71.28246000000001	35
71.28246000000001	42
71.37336875000001	42
71.46427750000001	35
71.46427750000001	42
71.55518625	42
71.646095	38
71.73700375000001	42
71.82791250000001	42
71.91882125000001	42
72.00973	35
72.00973	42
72.10063875	42
72.19154750000001	35
72.19154750000001	42
72.28245625000001	42
72.373365	38
72.46427375	42
72.55518250000002	42
72.64609125000001	42
72.73700000000001	35
72.73700000000001	42
72.82790875	42
72.9188175	35
72.9188175	42
73.00972625000001	42
73.10063500000001	38
73.19154375000001	42
73.2824525	35
73.2824525	42
73.37336125	42
73.46427000000001	35
73.46427000000001	42
73.55267875000001	42
73.64108750000001	35
73.64108750000001	42
73.72949625000001	42
73.81790500000001	38
73.90881375000001	42
73.9997225	42
74.09063125	42
74.18154	35
74.18154	49
74.27244875000001	42
74.3633575	35
74.3633575	42
74.45426625	42
74.545175	38
74.63608375	42
74.72699250000001	42
74.81790125	42
74.90881	35
74.90881	42
75.00221875	42
75.09562749999999	35
75.09562749999999	42
75.18903625	42
75.28244500000001	38
75.37335375	42
75.4642625	42
75.55517125000001	42
75.64608000000001	35
75.64608000000001	42
75.73698875000001	42
75.8278975	35
75.8278975	42
75.91880625	42
76.00971500000001	38
76.10062375000001	42
76.19153250000001	35
76.19153250000001	42
76.28244125	42
76.37335	35
76.37335	42
76.46425875000001	42
76.55516750000001	35
76.55516750000001	42
76.64607625000001	42
76.736985	38
76.82789375000002	42
76.91880250000001	42
77.00971125000001	42
77.10062	35
77.10062	42
77.19152875	42
77.28243750000001	35
77.28243750000001	42
77.37334625000001	42
77.46425500000001	38
77.55266375000001	42
77.6410725	42
77.72948125000002	42
77.81789	35
77.81789	42
77.90879875	42
77.9997075	35
77.9997075	42
78.09061625000001	42
78.18152500000001	38
78.27243375	42
78.3633425	42
78.45425125	42
78.54516000000001	35
78.54516000000001	42
78.63856875	42
78.7319775	35
78.7319775	42
78.82538625	42
78.918795	38
79.00970375000001	42
79.10061250000001	35
79.10061250000001	42
79.19152125000001	42
79.28243	35
79.28243	42
79.37333875	42
79.46424750000001	35
79.46424750000001	38
79.55515625000001	38
79.64606500000001	38
79.73697375	38
79.82788250000002	38
79.91879125000001	38
80.00970000000001	35
80.00970000000001	49
80.10060875	42
80.1915175	35
80.1915175	42
80.28242625000001	42
80.37333500000001	38
80.46174375000001	42
80.55015250000001	42
80.63856125000001	42
80.72697000000001	35
80.72697000000001	42
80.82037875	42
80.9137875	35
80.9137875	42
81.00719624999999	42
81.10060500000002	38
81.19151375000001	42
81.28242250000001	42
81.37333125	42
81.46424	35
81.46424	42
81.55264875000002	42
81.64105750000002	35
81.64105750000002	42
81.72946625000002	42
81.817875	38
81.90878375	42
81.99969250000001	35
81.99969250000001	42
82.09060125	42
82.18151	35
82.18151	42
82.27241875	42
82.3633275	35
82.3633275	42
82.45423625000001	42
82.545145	38
82.63605375	42
82.7269625	42
82.81787125000001	42
82.90878000000001	35
82.90878000000001	42
83.00218875	42
83.0955975	35
83.0955975	42
83.18900624999999	42
83.28241500000001	38
83.37082375000001	42
83.45923250000001	42
83.54764125000001	42
83.63605	35
83.63605	42
83.72695875000001	42
83.8178675	35
83.8178675	42
83.90877625	42
83.999685	38
84.09059375000001	42
84.18150250000001	42
84.27241125	42
84.36332	35
84.36332	42
84.45422875	42
84.54513750000001	35
84.54513750000001	42
84.63604625	42
84.726955	38
84.82036375	42
84.9137725	35
84.9137725	42
85.00718125	42
85.10059000000001	35
85.10059000000001	42
85.19149875000001	42
85.2824075	35
85.2824075	42
85.37331625000002	42
85.46422500000001	38
85.55263375000001	42
85.64104250000001	42
85.72945125000001	42
85.81786000000001	35
85.81786000000001	49
85.90876875000001	42
85.9996775	35
85.9996775	42
86.09058625	42
86.181495	38
86.27240375000001	42
86.3633125	42
86.45422125	42
86.54513	35
86.54513	42
86.63853875	42
86.7319475	35
86.7319475	42
86.82535625	42
86.918765	38
87.00967375	42
87.10058250000002	42
87.19149125000001	42
87.28240000000001	35
87.28240000000001	42
87.37080875000001	42
87.45921750000001	35
87.45921750000001	42
87.54762625000002	42
87.63603500000002	38
87.72694375	42
87.8178525	35
87.8178525	42
87.90876125	42
87.99967000000001	35
87.99967000000001	42
88.09307875	42
88.1864875	35
88.1864875	42
88.27989625	42
88.373305	38
88.46171375000002	42
88.55012250000001	42
88.63853125000001	42
88.72694000000001	35
88.72694000000001	42
88.82034875000001	42
88.9137575	35
88.9137575	42
89.00716625	42
89.10057499999999	38
89.19148375	42
89.28239250000001	42
89.37330125000001	42
89.46421000000001	35
89.46421000000001	42
89.55261875000001	42
89.6410275	35
89.6410275	42
89.72943625000002	42
89.81784500000002	38
89.90875375	42
89.9996625	42
90.09057125000001	42
90.18148000000001	35
90.18148000000001	42
90.27238875	42
90.3632975	35
90.3632975	42
90.45420625	42
90.54511500000001	38
90.63852375	42
90.7319325	35
90.7319325	42
90.82534125	42
90.91874999999999	35
90.91874999999999	38
91.00965875000001	38
91.10056750000001	38
91.19147625000001	38
91.282385	35
91.282385	38
91.37079375000002	38
91.45920250000002	38
91.54761125000002	38
91.63602000000002	35
91.63602000000002	49
91.999655	35
91.999655	38
91.999655	49
92.36329	35
92.36329	49
92.72692500000001	35
92.72692500000001	38
92.72692500000001	49
93.09056000000001	35
93.09056000000001	49
93.46419499999999	35
93.46419499999999	38
93.46419499999999	49
93.82783	35
93.82783	49
94.19146500000001	35
94.19146500000001	38
94.19146500000001	49
94.54510000000002	35
94.54510000000002	49
94.90873500000001	35
94.90873500000001	38
94.90873500000001	49
95.27237000000001	35
95.27237000000001	49
95.63600500000001	35
95.63600500000001	38
95.63600500000001	49
95.99964	35
95.99964	49
96.37327499999999	35
96.37327499999999	38
96.37327499999999	49
96.72691000000002	35
96.72691000000002	49
96.9137275	35
96.9137275	38
96.9137275	47
97.100545	35
97.100545	38
97.100545	47
97.2823625	35
97.2823625	38
97.2823625	47
97.46418000000001	35
97.46418000000001	49
97.64599750000001	35
97.64599750000001	42
97.82781500000002	38
97.82781500000002	42
98.00963250000001	42
98.19145	35
98.19145	42
98.37326750000001	35
98.37326750000001	42
98.555085	38
98.555085	42
98.73690250000001	42
98.91872000000001	35
98.91872000000001	42
99.10053750000002	35
99.10053750000002	42
99.28235500000001	38
99.28235500000001	42
99.4641725	35
99.4641725	42
99.64599000000001	42
99.8278075	35
99.8278075	42
100.00962500000001	38
100.00962500000001	42
100.18644250000001	42
100.36326000000003	35
100.36326000000003	42
100.5450775	35
100.5450775	42
100.726895	38
100.726895	42
100.90871250000001	42
101.09053	35
101.09053	42
101.2773475	35
101.2773475	42
101.464165	38
101.464165	42
101.64598250000002	42
101.82780000000001	35
101.82780000000001	42
102.0096175	35
102.0096175	42
102.19143500000001	38
102.19143500000001	42
102.36825250000001	35
102.36825250000001	42
102.54507000000002	42
102.7318875	35
102.7318875	42
102.918705	38
102.918705	42
103.10052250000001	42
103.28234	35
103.28234	42
103.46415750000001	35
103.46415750000001	42
103.645975	38
103.645975	42
103.82779250000002	42
104.00961000000001	35
104.00961000000001	42
104.1914275	35
104.1914275	42
104.37324500000001	38
104.37324500000001	42
104.5550625	42
104.73688000000001	35
104.73688000000001	42
104.91869750000001	35
104.91869750000001	42
105.10051500000002	38
105.10051500000002	42
105.28233250000001	35
105.28233250000001	42
105.46415	42
105.64596750000001	35
105.64596750000001	42
105.827785	38
105.827785	42
106.00460250000002	42
106.18142000000002	35
106.18142000000002	42
106.36323750000001	35
106.36323750000001	42
106.545055	38
106.545055	42
106.7318725	42
106.91869	35
106.91869	42
107.1005075	35
107.1005075	42
107.28232500000001	38
107.28232500000001	42
107.45914250000001	42
107.63596000000003	35
107.63596000000003	42
107.8227775	35
107.8227775	42
108.00959499999999	38
108.00959499999999	42
108.19141250000001	35
108.19141250000001	42
108.37323	42
108.55504750000001	35
108.55504750000001	42
108.73686500000001	38
108.73686500000001	42
108.91368250000002	42
109.09050000000002	35
109.09050000000002	49
109.2773175	35
109.2773175	42
109.464135	38
109.464135	42
109.6459525	42
109.73686125	38
109.82777000000002	35
109.82777000000002	42
110.00958750000001	35
110.00958750000001	42
110.19140500000002	38
110.19140500000002	42
110.36822250000002	42
110.45663125000002	38
110.54504000000001	35
110.54504000000001	42
110.7318575	35
110.7318575	42
110.918675	38
110.918675	42
111.10049250000002	35
111.10049250000002	42
111.19140125000001	38
111.28231000000001	42
111.4641275	35
111.4641275	42
111.64594500000001	38
111.64594500000001	42
111.8277625	42
112.00958000000001	35
112.00958000000001	42
112.19139750000001	35
112.19139750000001	42
112.37321500000002	38
112.37321500000002	42
112.55003250000001	42
112.63844125000001	38
112.72685000000001	35
112.72685000000001	42
112.9136675	35
112.9136675	42
113.10048499999999	38
113.10048499999999	42
113.28230250000001	42
113.37321125000001	38
113.46412000000001	35
113.46412000000001	42
113.64593750000002	35
113.64593750000002	42
113.82775500000001	38
113.82775500000001	42
114.0095725	35
114.0095725	42
114.10048125000002	38
114.19139000000001	42
114.3732075	35
114.3732075	42
114.55502500000001	38
114.55502500000001	42
114.73684250000001	42
114.91866000000002	35
114.91866000000002	42
115.09547750000002	35
115.09547750000002	42
115.27229500000001	38
115.27229500000001	42
115.44911250000001	42
115.53752125000001	38
115.62593000000001	35
115.62593000000001	42
115.81774749999998	35
115.81774749999998	42
116.00956499999998	38
116.00956499999998	42
116.19138250000002	42
116.28229125000001	38
116.37320000000001	35
116.37320000000001	42
116.5550175	35
116.5550175	42
116.73683500000001	38
116.73683500000001	42
116.91865250000001	35
116.91865250000001	42
117.00956125	38
117.10047000000002	42
117.27728750000001	35
117.27728750000001	42
117.45410500000003	38
117.45410500000003	42
117.6359225	42
117.81774	35
117.81774	42
118.0045575	35
118.0045575	42
118.191375	38
118.191375	42
118.36819250000002	42
118.45660125000002	38
118.54501000000002	35
118.54501000000002	42
118.7318275	35
118.7318275	42
118.918645	38
118.918645	42
119.1004625	42
119.19137125000002	38
119.28228000000001	35
119.28228000000001	42
119.45909750000001	35
119.45909750000001	42
119.63591500000003	38
119.63591500000003	42
119.80273250000005	35
119.80273250000005	42
119.88614125000004	38
119.96955000000004	42
120.17136749999996	35
120.17136749999996	42
120.37318499999995	38
120.37318499999995	42
120.55000250000002	42
120.72682000000002	35
120.72682000000002	49
120.91363750000001	35
120.91363750000001	47
121.100455	47
121.100455	47
121.2822725	35
121.2822725	47
121.37318125000002	47
121.46409000000001	35
121.46409000000001	47
121.6459075	47
121.82772500000002	35
121.82772500000002	47
121.82772500000002	47
122.00954250000001	47
122.00954250000001	47
122.19136000000002	35
122.37317750000001	47
122.37317750000001	47
122.554995	35
122.73681250000001	47
122.73681250000001	47
122.91863000000001	35
122.91863000000001	38
122.91863000000001	49
123.28226500000001	35
123.28226500000001	38
123.28226500000001	49
123.46408250000002	38
123.55499125000001	38
123.64590000000001	35
123.64590000000001	47
123.8277175	35
123.8277175	47
124.00953500000001	47
124.00953500000001	47
124.19135250000001	35
124.19135250000001	47
124.28226125	47
124.37317000000002	35
124.37317000000002	47
124.54998750000001	47
124.72680500000001	35
124.72680500000001	47
124.72680500000001	47
124.9136225	47
124.9136225	47
125.10043999999999	35
125.10043999999999	47
125.10043999999999	47
126.0095275	35
126.19134500000001	38
126.19134500000001	38
126.54498000000002	35
126.54498000000002	49
126.63588875	42
126.7267975	35
126.7267975	42
126.81770625	42
126.90861500000001	38
126.99952375000001	42
127.0904325	42
127.18134125	42
127.27225	35
127.27225	42
127.36315875000001	42
127.45406750000001	35
127.45406750000001	42
127.54497625	42
127.635885	38
127.72679375000001	42
127.81770250000001	42
127.90861125	42
127.99952	35
127.99952	42
128.09292875	42
128.1863375	35
128.1863375	42
128.27974624999996	42
128.373155	38
128.46156375	42
128.5499725	35
128.5499725	42
128.63838125	42
128.72679	35
128.72679	42
128.82019875	42
128.9136075	35
128.9136075	42
129.00701625	42
129.100425	38
129.19133374999998	42
129.2822425	42
129.37315125	42
129.46406	35
129.46406	42
129.55496875	42
129.64587749999998	35
129.64587749999998	42
129.73678625	42
129.827695	38
129.91860375	42
130.0095125	42
130.10042125	42
130.19133	35
130.19133	42
130.28223875	42
130.3731475	35
130.3731475	42
130.46405625	42
130.554965	38
130.64337375	42
130.7317825	42
130.82019125	42
130.9086	35
130.9086	42
131.00200875000002	42
131.0954175	35
131.0954175	42
131.18882625	42
131.282235	38
131.37064375	42
131.4590525	35
131.4590525	42
131.54746125	42
131.63587	35
131.63587	42
131.72677875	42
131.8176875	35
131.8176875	42
131.90859625000002	42
131.999505	38
132.09041375	42
132.1813225	42
132.27223125	42
132.36314000000002	35
132.36314000000002	49
132.45404875	42
132.5449575	35
132.5449575	42
132.63586625	42
132.726775	38
132.82018375	42
132.9135925	42
133.00700125	42
133.10041	35
133.10041	42
133.19131875	42
133.2822275	35
133.2822275	42
133.37313625	42
133.464045	38
133.55495375	42
133.6458625	42
133.73677125	42
133.82768	35
133.82768	42
133.91858875	42
134.0094975	35
134.0094975	42
134.10040625	42
134.191315	38
134.28222374999999	42
134.3731325	35
134.3731325	42
134.46404125	42
134.55495	35
134.55495	42
134.64585875	42
134.73676749999998	35
134.73676749999998	42
134.82767625	42
134.918585	38
135.00949375	42
135.1004025	42
135.19131124999998	42
135.28222	35
135.28222	42
135.37062875	42
135.4590375	35
135.4590375	42
135.54744625	42
135.635855	38
135.72676375	42
135.81767250000001	42
135.90858125	42
135.99949	35
135.99949	42
136.09289875000002	42
136.1863075	35
136.1863075	42
136.27971625	42
136.373125	38
136.46403375	42
136.5549425	42
136.64585125	42
136.73676	35
136.73676	42
136.82766875	42
136.9185775	35
136.9185775	42
137.00948625	42
137.100395	38
137.19130375	42
137.28221249999999	35
137.28221249999999	42
137.37312125	42
137.46403	35
137.46403	42
137.55493875	42
137.6458475	35
137.6458475	38
137.73675624999998	38
137.827665	38
137.91857375	38
138.0094825	38
138.10039125	38
138.19129999999998	35
138.19129999999998	49
138.28220875	42
138.3731175	35
138.3731175	42
138.46402625	42
138.554935	38
138.64584375	42
138.7367525	42
138.82766125	42
138.91857	35
138.91857	42
139.00947875	42
139.1003875	35
139.1003875	42
139.19129625	42
139.282205	38
139.37061375	42
139.4590225	42
139.54743125000002	42
139.63584	35
139.63584	42
139.72674875	42
139.8176575	35
139.8176575	42
139.90856625	42
139.99947500000002	38
140.09038375	42
140.1812925	35
140.1812925	42
140.27220125	42
140.36311	35
140.36311	42
140.45401875000002	42
140.5449275	35
140.5449275	42
140.63583625	42
140.726745	38
140.81765375	42
140.90856250000002	42
140.99947125	42
141.09038	35
141.09038	42
141.18378875	42
141.2771975	35
141.2771975	42
141.37060625	42
141.464015	38
141.55492375	42
141.6458325	42
141.73674125	42
141.82765	35
141.82765	42
141.91855875	42
142.0094675	35
142.0094675	42
142.10037625	42
142.191285	38
142.28219375	42
142.3731025	42
142.46401125	42
142.55492	35
142.55492	42
142.64582875	42
142.7367375	35
142.7367375	42
142.82764625	42
142.918555	38
143.00946375	42
143.1003725	35
143.1003725	42
143.19128125	42
143.28218999999999	35
143.28218999999999	42
143.37309875	42
143.4640075	35
143.4640075	42
143.55491625	42
143.645825	38
143.73673374999998	42
143.8276425	42
143.91855125	42
144.00946	35
144.00946	49
144.10036875	42
144.19127749999998	35
144.19127749999998	42
144.28218625	42
144.373095	38
144.46150375	42
144.5499125	42
144.63832125000002	42
144.72673	35
144.72673	42
144.82013875	42
144.9135475	35
144.9135475	42
145.00695625	42
145.100365	38
145.19127375	42
145.2821825	42
145.37309125	42
145.464	35
145.464	42
145.55240875	42
145.6408175	35
145.6408175	42
145.72922625	42
145.817635	38
145.90854375	42
145.99945250000002	35
145.99945250000002	42
146.09036125	42
146.18127	35
146.18127	42
146.27467875	42
146.3680875	35
146.3680875	42
146.46149625	42
146.554905	38
146.64581375	42
146.73672249999998	42
146.82763125	42
146.91854	35
146.91854	42
147.00944875	42
147.1003575	35
147.1003575	42
147.19126624999998	42
147.282175	38
147.37058375	42
147.4589925	42
147.54740125	42
147.63581000000002	35
147.63581000000002	42
147.72671875	42
147.81762750000001	35
147.81762750000001	42
147.90853625	42
147.999445	38
148.09035375000002	42
148.1812625	42
148.27217125	42
148.36308	35
148.36308	42
148.45398875	42
148.54489750000002	35
148.54489750000002	42
148.63580625	42
148.726715	38
148.81762375	42
148.9085325	35
148.9085325	42
148.99944125000002	42
149.09035	35
149.09035	38
149.18125875	38
149.2721675	38
149.36307625	38
149.45398500000002	35
149.45398500000002	38
149.54739375	38
149.6408025	38
149.73421125	38
149.82762	35
149.82762	49
149.91852875	47
150.0094375	47
150.10034625	47
150.19125499999998	47
150.28216375	47
150.3730725	47
150.46398125	47
150.55489	47
150.64579875	47
150.7367075	47
150.82761625	47
150.918525	47
151.00943375	47
151.1003425	47
151.19125125	47
151.28216	35
151.28216	47
151.37306875	47
151.4639775	47
151.55488625	47
151.645795	47
151.73670375	47
151.8276125	47
151.91852125	47
152.00943	47
152.10033875	47
152.1912475	47
152.28215624999999	47
152.373065	47
152.46397375	47
152.5548825	47
152.64579125	47
152.73669999999998	35
152.73669999999998	47
152.82760875	47
152.9185175	47
153.00942625	47
153.100335	47
153.19124375	47
153.2821525	47
153.37306125	47
153.46397	47
153.55487875	47
153.6457875	47
153.73669625	47
153.827605	47
153.91851375	47
154.0094225	47
154.10033125	47
154.19124	35
154.19124	47
154.28214875	47
154.3730575	47
154.46396625	47
154.554875	47
154.64578375	47
154.7366925	47
154.82760125	47
154.91851	47
155.00941875	47
155.1003275	47
155.19123625	47
155.28214499999999	47
155.37305375	47
155.4639625	47
155.55487125	47
155.64578	35
155.64578	47
155.73668874999998	47
155.8275975	47
155.91850625	47
156.009415	47
156.10032375	47
156.1912325	47
156.28214125	47
156.37305	47
156.46145875	47
156.5498675	47
156.63827625000002	47
156.726685	47
156.82009375	47
156.9135025	47
157.00691125	47
157.10032	35
157.10032	47
157.19122875	47
157.2821375	47
157.37304625	47
157.463955	47
157.55486375	47
157.6457725	47
157.73668125	47
157.82759	47
157.91849875	47
158.0094075	47
158.10031625	47
158.191225	47
158.28213374999999	47
158.3730425	47
158.46395125	47
158.55486	35
158.55486	47
158.64576875	47
158.73667749999998	47
158.82758625	47
158.918495	47
159.00940375	47
159.1003125	47
159.19122125	47
159.28213	47
159.37053874999998	47
159.4589475	47
159.54735624999998	47
159.63576500000005	47
159.72917375000003	47
159.82258250000004	47
159.91599125000002	47
160.0094	35
160.0094	47
160.10030875	47
160.1912175	47
160.28212625	47
160.373035	47
160.46394375	47
160.5548525	47
160.64576125	47
160.73667	47
160.82757875	47
160.9184875	47
161.00939625	47
161.100305	47
161.19121375	47
161.28212249999999	47
161.37303125	47
161.46394	35
161.46394	49
161.55484875	47
161.6457575	47
161.73666624999998	47
161.827575	47
161.91848375	47
162.0093925	47
162.10030125	47
162.19121	35
162.19121	47
162.28211875	47
162.3730275	47
162.46393625	47
162.554845	47
162.64575375	47
162.7366625	47
162.82757125	47
162.91848	35
162.91848	47
163.00938875	47
163.1002975	47
163.19120625	47
163.282115	47
163.37302375	47
163.4639325	47
163.55484125	47
163.64575	35
163.64575	47
163.73665875	47
163.8275675	47
163.91847625	47
164.009385	47
164.10029375	47
164.1912025	47
164.28211124999999	47
164.37302	35
164.37302	47
164.46392875	47
164.5548375	47
164.64574625	47
164.73665499999998	47
164.82756375	47
164.9184725	47
165.00938125	47
165.10029	35
165.10029	47
165.19119875	47
165.2821075	47
165.37301625	47
165.463925	47
165.55483375	47
165.6457425	47
165.73665125	47
165.82756	35
165.82756	47
165.91846875	47
166.0093775	47
166.10028625	47
166.191195	47
166.28210375	47
166.3730125	47
166.46392125	47
166.55483	35
166.55483	47
166.64573875	47
166.7366475	47
166.82755625	47
166.918465	47
167.00937375	47
167.1002825	47
167.19119125	47
167.28209999999999	35
167.28209999999999	47
167.37300875	47
167.4639175	47
167.55482625	47
167.64573499999997	47
167.73414374999996	47
167.82255249999997	47
167.91096124999999	47
167.99937	35
167.99937	47
168.09027875	47
168.18118750000002	47
168.27209625	47
168.36300500000004	47
168.45641375000002	47
168.54982250000003	47
168.64323125000004	47
168.73664	35
168.73664	47
168.82754875	47
168.9184575	47
169.00936625	47
169.100275	47
169.19118375	47
169.2820925	47
169.37300125	47
169.46391	35
169.46391	47
169.55481875	47
169.6457275	47
169.73663625	47
169.827545	47
169.91845375	47
170.0093625	47
170.10027125	47
170.19118	35
170.19118	47
170.28208874999999	47
170.3729975	47
170.46390625	47
170.554815	47
170.64572375	47
170.7366325	47
170.82754125	47
170.91845000000004	35
170.91845000000004	47
171.01185875000002	47
171.10526750000002	47
171.19867625000006	47
171.292085	47
171.38049375	47
171.46890249999998	47
171.55731124999997	47
171.64572	35
171.64572	47
171.73662875	47
171.8275375	47
171.91844625	47
172.009355	47
172.10026375	47
172.1911725	47
172.28208125	47
172.37299	35
172.37299	47
172.46389875	47
172.5548075	47
172.64571625	47
172.736625	47
172.82753375	47
172.9184425	47
173.00935125	47
173.10025999999996	35
173.10025999999996	49
173.18866874999998	47
173.27707749999996	47
173.36548624999998	47
173.45389500000002	47
173.54480375	47
173.6357125	47
173.72662125000002	47
173.81753	35
173.81753	47
173.90843875000002	47
173.9993475	47
174.09025625	47
174.18116500000005	47
174.27457375000003	47
174.36798250000004	47
174.46139125000002	47
174.5548	35
174.5548	47
174.64570875	47
174.7366175	47
174.82752625	47
174.918435	47
175.00934375	47
175.1002525	47
175.19116125	47
175.28207	35
175.28207	47
175.37297875	47
175.4638875	47
175.55479625	47
175.645705	47
175.73661375	47
175.8275225	47
175.91843125	47
176.00934	35
176.00934	47
176.10024875	47
176.1911575	47
176.28206624999999	47
176.37297499999997	47
176.46138374999998	47
176.54979249999997	47
176.63820124999998	47
176.72661000000002	35
176.72661000000002	47
176.81751875	47
176.90842750000002	47
176.99933625	47
177.09024500000004	47
177.18365375000005	47
177.27706250000003	47
177.37047125000004	47
177.46388	35
177.46388	47
177.55478875	47
177.6456975	47
177.73660625	47
177.827515	47
177.91842375	47
178.0093325	47
178.10024125	47
178.19115	35
178.19115	47
178.28205875	47
178.3729675	47
178.46387625	47
178.554785	47
178.64569375	47
178.7366025	47
178.82751125	47
178.91842	35
178.91842	47
179.00932875	47
179.1002375	47
179.19114625	47
179.28205499999996	47
179.37046374999997	47
179.45887249999998	47
179.54728124999997	47
179.63569	35
179.63569	47
179.72659875000002	47
179.8175075	47
179.90841625000002	47
179.99932500000003	47
180.09273375000004	47
180.18614250000005	47
180.27955125000003	47
180.37295999999998	35
180.37295999999998	47
180.46136874999996	47
180.54977749999998	47
180.63818625	47
180.726595	47
180.81750375000001	47
180.9084125	47
180.99932125	47
181.09023000000002	35
181.09023000000002	47
181.18113875	47
181.2720475	47
181.36295625	47
181.453865	47
181.54477375000002	47
181.6356825	47
181.72659125	47
181.8175	35
181.8175	47
181.90840875	47
181.99931750000002	47
182.09022625	47
182.181135	47
182.27204375	47
182.3629525	47
182.45386125000002	47
182.54477	35
182.54477	47
182.63567875	47
182.72658750000002	47
182.81749625	47
182.90840500000004	47
183.00181375000003	47
183.09522250000003	47
183.18863125000004	47
183.28204	35
183.28204	47
183.37294875	47
183.4638575	47
183.55476625	47
183.645675	47
183.73658375	47
183.8274925	47
183.91840125	47
184.00931	35
184.00931	47
184.10021875	47
184.1911275	47
184.28203625	47
184.372945	47
184.46385375	47
184.5547625	47
184.64567125	47
184.73658	35
184.73658	49
184.82748875	47
184.9183975	47
185.00930625	47
185.100215	35
185.100215	47
185.19112375	47
185.2820325	47
185.37294125	47
185.46385	35
185.46385	47
185.55475875	47
185.6456675	47
185.73657625	47
185.827485	35
185.827485	47
185.91839375	47
186.0093025	47
186.10021125	47
186.19112	35
186.19112	47
186.28202875	47
186.3729375	47
186.46384625	47
186.554755	35
186.554755	47
186.64566375	47
186.7365725	47
186.82748125	47
186.91839	35
186.91839	47
187.00929875	47
187.1002075	47
187.19111625	47
187.28202499999998	35
187.28202499999998	47
187.37043374999996	47
187.45884249999997	47
187.54725125	47
187.63566	35
187.63566	49
187.72656875	47
187.8174775	47
187.90838625	47
187.99929500000002	35
187.99929500000002	47
188.09020375	47
188.1811125	47
188.27202125000002	47
188.36293	35
188.36293	47
188.45383875000002	47
188.5447475	47
188.63565625	47
188.72656500000002	35
188.72656500000002	47
188.81747375	47
188.90838250000002	47
188.99929125	47
189.09020000000004	35
189.09020000000004	47
189.18360875000005	47
189.27701750000003	47
189.37042625000004	47
189.463835	35
189.463835	47
189.55474375	47
189.6456525	47
189.73656125	47
189.82747	35
189.82747	47
189.91837875	47
190.0092875	47
190.10019625	47
190.191105	35
190.191105	47
190.28201375	47
190.3729225	47
190.46383125	47
190.55474	35
190.55474	49
190.64564875	47
190.7365575	47
190.82746625	47
190.918375	35
190.918375	47
191.00928375	47
191.1001925	47
191.19110125	47
191.28200999999996	35
191.28200999999996	47
191.37041874999994	47
191.45882749999996	47
191.54723624999994	47
191.635645	35
191.635645	47
191.72655375000002	47
191.8174625	47
191.90837125000002	47
191.99928000000006	35
191.99928000000006	47
192.09268875000006	47
192.18609750000007	47
192.27950625000005	47
192.37291499999995	35
192.37291499999995	47
192.46132374999993	47
192.54973249999995	47
192.63814124999996	47
192.72655000000006	35
192.72655000000006	47
192.81995875000007	47
192.91336750000005	47
193.00677625000006	47
193.100185	35
193.100185	47
193.19109375	47
193.2820025	47
193.37291125	47
193.46382	35
193.46382	47
195.82244750000007	35
196.009265	38
196.009265	38
196.37289999999993	35
196.37289999999993	49
196.46130874999994	42
196.54971749999996	35
196.54971749999996	42
196.63812624999994	42
196.72653499999996	38
196.81494374999994	42
196.90335249999995	42
196.99176124999997	42
197.0801700000001	35
197.0801700000001	42
197.1760787500001	42
197.2719875000001	35
197.2719875000001	42
197.3678962500001	42
197.463805	38
197.55471375	42
197.6456225	42
197.73653125	42
197.82744	35
197.82744	42
197.91834875	42
198.0092575	35
198.0092575	42
198.10016625	42
198.191075	38
198.28198375	42
198.3728925	35
198.3728925	42
198.46380125	42
198.55470999999994	35
198.55470999999994	42
198.64311874999996	42
198.73152749999994	35
198.73152749999994	42
198.81993624999996	42
198.90834500000005	38
199.00175375000006	42
199.09516250000007	42
199.18857125000005	42
199.28198	35
199.28198	42
199.37288875	42
199.4637975	35
199.4637975	42
199.55470625	42
199.645615	38
199.73652375	42
199.8274325	42
199.91834125	42
200.00925	35
200.00925	42
200.10015875	42
200.1910675	35
200.1910675	42
200.28197625	42
200.37288499999994	38
200.46129374999995	42
200.54970249999994	42
200.63811124999995	42
200.72652000000002	35
200.72652000000002	42
200.81742875	42
200.90833750000002	35
200.90833750000002	42
200.99924625	42
201.090155	38
201.18106375000002	42
201.2719725	35
201.2719725	42
201.36288125000002	42
201.45379	35
201.45379	42
201.54469875	42
201.63560750000002	35
201.63560750000002	42
201.72651625	42
201.81742500000001	38
201.90833375	42
201.9992425	42
202.09015125000002	42
202.18106000000006	35
202.18106000000006	49
202.27446875000007	42
202.36787750000005	35
202.36787750000005	42
202.46128625000006	42
202.554695	38
202.64560375	42
202.7365125	42
202.82742125000001	42
202.91833	35
202.91833	42
203.00923875	42
203.1001475	35
203.1001475	42
203.19105625	42
203.281965	38
203.37287375	42
203.4637825	42
203.55469125	42
203.6456	35
203.6456	42
203.73650875	42
203.8274175	35
203.8274175	42
203.91832625	42
204.009235	38
204.10014375	42
204.1910525	35
204.1910525	42
204.28196125	42
204.37287	35
204.37287	42
204.46377875	42
204.5546875	35
204.5546875	42
204.64559625	42
204.736505	38
204.82741375	42
204.9183225	42
205.00923125	42
205.10014	35
205.10014	42
205.19104875	42
205.2819575	35
205.2819575	42
205.37286625	42
205.463775	38
205.55468375	42
205.6455925	42
205.73650125	42
205.82741000000001	35
205.82741000000001	42
205.91831875	42
206.0092275	35
206.0092275	42
206.10013625	42
206.191045	38
206.28195375	42
206.3728625	42
206.46377125	42
206.55468	35
206.55468	42
206.64558875	42
206.7364975	35
206.7364975	42
206.82740625	42
206.918315	38
207.00922375	42
207.1001325	35
207.1001325	42
207.19104125	42
207.28194999999994	35
207.28194999999994	42
207.37035874999995	42
207.45876749999994	35
207.45876749999994	38
207.54717624999995	38
207.63558500000002	38
207.72649375	38
207.81740250000001	38
207.90831125	38
207.99922000000007	35
207.99922000000007	49
208.09262875000007	42
208.18603750000005	35
208.18603750000005	42
208.27944625000006	42
208.372855	38
208.46376375	42
208.5546725	42
208.64558125	42
208.73649	35
208.73649	42
208.82739875000001	42
208.9183075	35
208.9183075	42
209.00921625	42
209.100125	38
209.19103375	42
209.2819425	42
209.37285125	42
209.46376	35
209.46376	42
209.55466875	42
209.6455775	35
209.6455775	42
209.73648625	42
209.827395	38
209.91830375	42
210.0092125	35
210.0092125	42
210.10012125	42
210.19103	35
210.19103	42
210.28193875	42
210.3728475	35
210.3728475	42
210.46375625	42
210.55466499999994	38
210.64307374999996	42
210.73148249999994	42
210.81989124999996	42
210.90830000000005	35
210.90830000000005	42
211.00170875000006	42
211.09511750000007	35
211.09511750000007	42
211.18852625000005	42
211.28193499999995	38
211.37034374999993	42
211.45875249999995	42
211.54716124999996	42
211.63557000000006	35
211.63557000000006	42
211.72897875000007	42
211.82238750000008	35
211.82238750000008	42
211.91579625000006	42
212.009205	38
212.10011375	42
212.1910225	42
212.28193125	42
212.37284	35
212.37284	42
212.46374875	42
212.5546575	35
212.5546575	42
212.64556625	42
212.736475	38
212.82738375	42
212.9182925	35
212.9182925	42
213.00920125	42
213.10011	35
213.10011	42
213.19101875	42
213.2819275	35
213.2819275	42
213.37283625	42
213.463745	38
213.55465375	42
213.6455625	42
213.73647125	42
213.82738	35
213.82738	49
213.91828875	42
214.0091975	35
214.0091975	42
214.10010625	42
214.191015	38
214.28192375	42
214.3728325	42
214.46374125	42
214.55465	35
214.55465	42
214.64555875	42
214.7364675	35
214.7364675	42
214.82737625000001	42
214.918285	38
215.00919375	42
215.1001025	42
215.19101125	42
215.28191999999996	35
215.28191999999996	42
215.37032874999994	42
215.45873749999996	35
215.45873749999996	42
215.54714624999994	42
215.635555	38
215.72646375000002	42
215.8173725	35
215.8173725	42
215.90828125000002	42
215.99919000000006	35
215.99919000000006	42
216.09259875000006	42
216.18600750000007	35
216.18600750000007	42
216.27941625000005	42
216.37282499999995	38
216.46123374999993	42
216.54964249999995	42
216.63805124999996	42
216.72646000000006	35
216.72646000000006	42
216.81986875000007	42
216.91327750000005	35
216.91327750000005	42
217.00668625000006	42
217.100095	38
217.19100375	42
217.2819125	42
217.37282125	42
217.46373	35
217.46373	42
217.55463875	42
217.6455475	35
217.6455475	42
217.73645625	42
217.82736500000001	38
217.91827375	42
218.0091825	42
218.10009125	42
218.191	35
218.191	38
218.28190875	38
218.3728175	38
218.46372625	38
218.554635	35
218.554635	38
218.64554375	38
218.7364525	38
218.82736125	38
218.91826999999995	35
218.91826999999995	47
219.00667874999994	47
219.09508749999995	38
219.18349624999996	38
219.271905	35
219.271905	47
219.36281375000002	47
219.4537225	38
219.54463125	38
219.63554000000002	35
219.63554000000002	49
219.72644875	42
219.8173575	35
219.8173575	42
219.90826625	42
219.999175	38
220.09008375000002	42
220.1809925	42
220.27190125	42
220.36281000000002	35
220.36281000000002	42
220.45371875	42
220.54462750000002	35
220.54462750000002	42
220.63553625	42
220.726445	38
220.81735375000002	42
220.9082625	42
220.99917125000002	42
221.09008000000006	35
221.09008000000006	42
221.18348875000007	42
221.2768975000001	35
221.2768975000001	42
221.37030625000006	42
221.46371499999992	38
221.55212374999994	42
221.64053249999992	35
221.64053249999992	42
221.72894124999993	42
221.81735	35
221.81735	42
221.90825875000002	42
221.9991675	35
221.9991675	42
222.09007625	42
222.1809850000001	38
222.2743937500001	42
222.3678025000001	42
222.46121125000008	42
222.55462	35
222.55462	42
222.64552875	42
222.7364375	35
222.7364375	42
222.82734625	42
222.918255	38
223.00916375	42
223.1000725	42
223.19098125	42
223.28188999999992	35
223.28188999999992	42
223.37029874999993	42
223.45870749999992	35
223.45870749999992	42
223.54711624999993	42
223.635525	38
223.72643375	42
223.81734250000002	42
223.90825125	42
223.9991600000001	35
223.9991600000001	42
224.09256875000008	42
224.1859775000001	35
224.1859775000001	42
224.2793862500001	42
224.3727949999999	38
224.46120374999992	42
224.5496124999999	35
224.5496124999999	42
224.63802124999992	42
224.7264300000001	35
224.7264300000001	42
224.8198387500001	42
224.9132475000001	35
224.9132475000001	42
225.00665625000008	42
225.100065	38
225.19097375	42
225.2818825	42
225.37279125	42
225.4637	35
225.4637	49
225.55460875	42
225.6455175	35
225.6455175	42
225.73642625	42
225.827335	38
225.91824375	42
226.0091525	42
226.10006125	42
226.19097	35
226.19097	42
226.28187875	42
226.37278750000002	35
226.37278750000002	42
226.46369625	42
226.554605	38
226.64551375	42
226.7364225	42
226.82733125000001	42
226.91824	35
226.91824	42
227.00914875	42
227.1000575	35
227.1000575	42
227.19096625	42
227.28187499999993	38
227.3702837499999	42
227.45869249999993	35
227.45869249999993	42
227.5471012499999	42
227.6355100000001	35
227.6355100000001	42
227.7289187500001	42
227.82232750000009	35
227.82232750000009	42
227.9157362500001	42
228.009145	38
228.10005375	42
228.1909625	42
228.28187125	42
228.37277999999992	35
228.37277999999992	42
228.4611887499999	42
228.54959749999992	35
228.54959749999992	42
228.63800624999993	42
228.7264150000001	38
228.8198237500001	42
228.91323250000008	42
229.0066412500001	42
229.10005	35
229.10005	42
229.19095875	42
229.2818675	35
229.2818675	42
229.37277625000002	42
229.4636849999999	38
229.55209374999993	42
229.6405024999999	42
229.72891124999992	42
229.8173200000001	35
229.8173200000001	42
229.9107287500001	42
230.0041375000001	35
230.0041375000001	42
230.09754625000008	42
230.190955	38
230.28186375	42
230.3727725	35
230.3727725	42
230.46368125	42
230.55459	35
230.55459	42
230.64549875	42
230.7364075	35
230.7364075	38
230.82731625	38
230.918225	38
231.00913375	38
231.1000425	38
231.19095125	38
231.28186	35
231.28186	49
231.37276875	42
231.4636775	35
231.4636775	42
231.55458625	42
231.645495	38
231.73640375	42
231.8273125	42
231.91822125	42
232.00913	35
232.00913	42
232.10003875	42
232.1909475	35
232.1909475	42
232.28185625	42
232.37276499999993	38
232.46117374999992	42
232.54958249999993	42
232.6379912499999	42
232.7264000000001	35
232.7264000000001	42
232.8198087500001	42
232.9132175000001	35
232.9132175000001	42
233.0066262500001	42
233.100035	38
233.19094375	42
233.2818525	35
233.2818525	42
233.37276125	42
233.46367	35
233.46367	42
233.55457875	42
233.6454875	35
233.6454875	42
233.73639625	42
233.827305	38
233.91821375	42
234.0091225	42
234.10003125	42
234.19094	35
234.19094	42
234.28184875	42
234.3727575	35
234.3727575	42
234.46366625	42
234.554575	38
234.64548375	42
234.7363925	42
234.82730125	42
234.91821000000002	35
234.91821000000002	42
235.00911875	42
235.1000275	35
235.1000275	42
235.19093625	42
235.281845	38
235.37275375000002	42
235.4636625	42
235.55457125	42
235.64548	35
235.64548	42
235.73638875	42
235.82729750000001	35
235.82729750000001	42
235.91820625	42
236.009115	38
236.10002375	42
236.1909325	35
236.1909325	42
236.28184125	42
236.37275	35
236.37275	42
236.46365875	42
236.5545675	35
236.5545675	42
236.64547625	42
236.736385	38
236.82729375	42
236.9182025	42
237.00911125	42
237.10002	35
237.10002	49
237.19092875	42
237.2818375	35
237.2818375	42
237.37274625	42
237.4636549999999	38
237.55206374999992	42
237.64047249999993	42
237.72888124999992	42
237.8172900000001	35
237.8172900000001	42
237.9106987500001	42
238.0041075000001	35
238.0041075000001	42
238.0975162500001	42
238.190925	38
238.28183375	42
238.37274250000002	42
238.46365125	42
238.55456	35
238.55456	42
238.64546875	42
238.7363775	35
238.7363775	42
238.82728625000001	42
238.918195	38
239.00910375	42
239.1000125	35
239.1000125	42
239.19092125	42
239.28183	35
239.28183	42
239.37273875	42
239.4636475	35
239.4636475	42
239.55455625	42
239.645465	38
239.73637375	42
239.8272825	42
239.91819125	42
240.0091	35
240.0091	42
240.10000875	42
240.1909175	35
240.1909175	42
240.28182625	42
240.37273499999992	38
240.4611437499999	42
240.54955249999992	42
240.63796124999993	42
240.72637	35
240.72637	42
240.81727875	42
240.90818750000003	35
240.90818750000003	42
240.99909625	42
241.09000500000002	38
241.18091375	42
241.2718225	42
241.36273125000002	42
241.45364	35
241.45364	42
241.54454875000002	42
241.6354575	35
241.6354575	42
241.72636625	42
241.8172750000001	38
241.9106837500001	42
242.0040925000001	35
242.0040925000001	42
242.09750125000008	42
242.19090999999992	35
242.19090999999992	38
242.27931874999993	38
242.36772749999992	38
242.45613624999993	38
242.544545	35
242.544545	38
242.63545375	38
242.72636250000002	38
242.81727125	38
242.90818000000002	35
242.90818000000002	49
243.271815	35
243.271815	38
243.271815	49
243.63545000000002	35
243.63545000000002	49
243.999085	35
243.999085	38
243.999085	49
244.36272000000002	35
244.36272000000002	49
244.726355	35
244.726355	38
244.726355	49
245.08999000000009	35
245.08999000000009	49
245.46362499999992	35
245.46362499999992	38
245.46362499999992	49
245.81726	35
245.81726	49
246.18089500000002	35
246.18089500000002	38
246.18089500000002	49
246.54453	35
246.54453	49
246.90816500000003	35
246.90816500000003	38
246.90816500000003	49
247.2718	35
247.2718	49
247.635435	35
247.635435	38
247.635435	49
247.9990700000001	35
247.9990700000001	49
248.3727049999999	35
248.3727049999999	38
248.3727049999999	49
248.7263400000001	35
248.7263400000001	49
248.7263400000001	49
249.099975	35
249.099975	38
249.099975	49
249.46361	35
249.46361	49
249.827245	35
249.827245	38
249.827245	49
250.19088	35
250.19088	49
250.554515	35
250.554515	38
250.554515	49
250.91815	35
250.91815	49
251.281785	35
251.281785	38
251.281785	49
251.64542	35
251.64542	49
252.009055	35
252.009055	38
252.009055	49
252.37269	35
252.37269	49
252.736325	35
252.736325	38
252.736325	49
253.09996	35
253.09996	49
253.463595	35
253.463595	38
253.463595	49
253.82723000000001	35
253.82723000000001	49
254.0090475	38
254.09995625	38
254.190865	35
254.190865	38
254.3726825	38
254.46359125	38
254.5545	35
254.5545	49
254.7363175	49
254.9181349999999	35
254.9181349999999	38
254.9181349999999	49
255.0949524999999	49
255.27177	35
255.27177	49
255.45358750000003	49
255.63540500000013	35
255.63540500000013	38
255.63540500000013	49
255.82222250000012	49
256.00904	35
256.00904	49
256.1908575	49
256.3726749999999	35
256.3726749999999	38
256.3726749999999	49
256.5494924999999	49
256.7263100000001	35
256.7263100000001	49
256.91312750000014	49
257.0999449999999	35
257.0999449999999	38
257.0999449999999	49
257.2767624999999	49
257.45358	35
257.45358	49
257.6353975	49
257.81721500000003	35
257.81721500000003	38
257.81721500000003	49
257.9990325	49
258.18085000000013	35
258.18085000000013	49
258.3676675000001	49
258.554485	35
258.554485	38
258.554485	49
258.7363025	49
258.91812	35
258.91812	49
259.0999375	49
259.28175499999986	35
259.28175499999986	38
259.28175499999986	49
259.4585724999999	49
259.63539000000014	35
259.63539000000014	49
259.8222075000001	49
260.009025	35
260.009025	38
260.009025	49
260.19084250000003	49
260.37266	35
260.37266	49
260.37266	49
260.5544775	49
260.736295	35
260.736295	38
260.736295	49
260.9181125	49
261.09993000000003	35
261.09993000000003	49
261.2817475	49
261.463565	35
261.463565	38
261.463565	49
261.6453825	49
261.8272	35
261.8272	49
262.0090175	49
262.190835	35
262.190835	38
262.190835	49
262.3726525	49
262.55447	35
262.55447	49
262.7362875	49
262.918105	35
262.918105	38
262.918105	49
263.0999225	49
263.28174	35
263.28174	49
263.4635575	49
263.645375	35
263.645375	38
263.645375	49
263.8271925	49
264.00901	35
264.00901	49
264.1908275	49
264.372645	35
264.372645	38
264.372645	49
264.5544625	49
264.73628	35
264.73628	49
264.9180975	49
265.099915	35
265.099915	38
265.099915	49
265.2817325	49
265.46355	35
265.46355	49
265.6453675	35
265.6453675	38
265.6453675	47
265.827185	35
265.827185	38
265.827185	47
266.0090025	35
266.0090025	38
266.0090025	47