3.6922960000000002	35
3.6922960000000002	49
3.9230645	42
4.153833	35
4.3846015000000005	42
4.61537	35
4.8461385	42
5.076907	35
5.3076755	42
5.42305975	38
5.538444	35
5.7692125	42
5.999981	35
6.2307495	42
6.461518	35
6.6922865	42
6.923055	35
7.1538235	42
7.2692077500000005	38
7.3845920000000005	35
7.6153605	42
7.846129	35
8.0768975	42
8.307666	35
8.5384345	42
8.769203000000001	35
8.999971500000001	42
9.11535575	38
9.23074	35
9.4615085	42
9.692277	35
9.692277	38
9.9230455	42
10.153814	35
10.3845825	42
10.615351	35
10.8461195	42
10.96150375	38
11.076888	35
11.3076565	42
11.42304075	38
11.538425	35
11.7691935	38
11.7691935	42
11.999962	35
12.11534625	38
12.2307305	38
12.2307305	42
12.461499	35
12.461499	38
12.6922675	42
12.80765175	38
12.923036	35
13.1538045	42
13.26918875	38
13.384573	35
13.6153415	38
13.6153415	42
13.84611	35
13.96149425	38
14.0768785	38
14.0768785	42
14.307647	35
14.307647	38
14.538415500000001	42
14.653799750000001	38
14.769184000000001	35
14.999952500000001	42
15.11533675	38
15.230721	35
15.4614895	38
15.4614895	42
15.692258	35
15.80764225	38
15.9230265	38
15.9230265	42
16.153795	35
16.153795	38
16.3845635	42
16.49994775	38
16.615332	35
16.8361005	42
16.94648475	38
17.056869	35
17.297637500000004	38
17.297637500000004	42
17.538406000000002	35
17.65379025	38
17.769174500000002	38
17.769174500000002	42
17.999943000000002	35
17.999943000000002	38
18.2307115	42
18.34609575	38
18.46148	35
18.46148	49
33.230664	49
47.999848	38
47.999848	49
48.461385	38
48.932922	38
49.394459	38
49.845996	38
50.307533	38
50.76907	38
51.230607	38
51.702144	38
52.163681	38
52.615218	38
53.076755	38
53.538292	38
54.009828999999996	38
54.471365999999996	38
54.932902999999996	38
55.394439999999996	38
55.845977	38
56.307514	38
56.769051	38
57.230588	38
57.702125	38
58.163662	38
58.615199000000004	38
59.076736000000004	38
59.538273000000004	38
59.999810000000004	38
60.461347	38
62.769032	35
62.769032	49
62.9998005	42
63.230569	35
63.230569	38
63.4613375	42
63.692106	35
63.9228745	42
64.153643	35
64.153643	38
64.3844115	42
64.61518	35
64.8459485	42
65.076717	35
65.076717	38
65.3074855	42
65.538254	35
65.7690225	42
65.999791	35
65.999791	38
66.2305595	42
66.461328	35
66.6920965	42
66.922865	35
66.922865	38
67.1536335	42
67.384402	35
67.6151705	42
67.845939	35
67.845939	38
68.0767075	42
68.307476	35
68.5382445	42
68.769013	35
68.769013	38
68.9997815	42
69.23055000000001	35
69.4613185	42
69.692087	38
70.15362400000001	35
70.3843925	42
70.615161	35
70.615161	38
70.8459295	42
71.07669800000001	35
71.3074665	42
71.538235	35
71.538235	38
71.7690035	42
71.99977200000001	35
72.2305405	42
72.461309	35
72.461309	38
72.6920775	42
72.922846	35
73.1536145	42
73.384383	35
73.384383	38
73.6151515	42
73.84592	35
74.0766885	42
74.307457	35
74.307457	38
74.5382255	42
74.768994	35
74.9997625	42
75.230531	35
75.230531	38
75.4612995	42
77.538216	35
77.538216	49
77.7689845	42
77.999753	35
78.2305215	42
78.46129	35
78.6920585	42
78.922827	35
79.1535955	42
79.26897975	38
79.384364	35
79.6151325	42
79.845901	35
79.845901	38
80.0766695	42
80.307438	35
80.5382065	42
80.768975	35
80.99974350000001	42
81.11512775	38
81.230512	35
81.4612805	42
81.692049	35
81.92281750000001	42
82.153586	35
82.3843545	42
82.615123	35
82.84589150000001	42
82.96127575	38
83.07666	35
83.3024285	42
83.52819699999999	35
83.52819699999999	38
83.7639655	42
83.999734	35
84.2305025	42
84.461271	35
84.6920395	42
84.80742375	38
84.922808	35
84.922808	49
85.1585765	42
85.394345	35
85.62011350000002	42
85.845882	35
86.0766505	42
86.307419	35
86.5381875	42
86.65357175	38
86.768956	35
86.9997245	42
87.230493	35
87.230493	38
87.4612615	42
87.69203	35
87.9227985	42
88.153567	35
88.3843355	42
88.49971975	38
88.615104	35
88.615104	49
88.8458725	42
89.076641	35
89.3074095	42
89.538178	35
89.7689465	42
89.999715	35
90.2304835	42
90.34586775	38
90.461252	35
92.19201575	38
92.3074	35
92.3074	49
92.5381685	42
92.65355275	42
92.76893700000001	35
92.76893700000001	42
92.9997055	42
93.11508975	42
93.230474	35
93.230474	42
93.4612425	42
93.57662675	42
93.69201100000001	35
93.69201100000001	42
93.9277795	42
94.04566374999999	38
94.16354799999999	35
94.16354799999999	42
94.3893165	42
94.50220075000001	42
94.61508500000002	35
94.61508500000002	38
94.8458535	42
94.96123775	42
95.076622	35
95.076622	42
95.3073905	42
95.42277475	42
95.53815900000001	35
95.53815900000001	42
95.7689275	42
95.88431175	38
95.999696	35
95.999696	49
96.2304645	42
96.34584875	38
96.46123300000001	35
96.46123300000001	42
96.6920015	38
96.80738575	42
96.92277	35
96.92277	42
97.15853849999999	42
97.27642275	38
97.394307	35
97.394307	42
97.62007550000001	38
97.73295975	42
97.84584400000001	35
97.84584400000001	42
98.0766125	42
98.19199675	38
98.307381	35
98.307381	38
98.5381495	38
98.65353375000001	42
98.768918	35
98.768918	42
98.9996865	42
99.11507075	42
99.230455	35
99.230455	42
99.4612235	42
99.57660775000001	38
99.691992	35
99.691992	49
99.92776049999999	42
100.04564475	42
100.163529	35
100.163529	42
100.38929750000001	42
100.50218175000002	42
100.61506600000001	35
100.61506600000001	42
100.8458345	42
100.96121875	42
101.076603	35
101.076603	42
101.3073715	42
101.42275575000001	38
101.53814	35
101.53814	42
101.77390849999999	42
101.89179275	42
102.009677	35
102.009677	38
102.23544550000001	42
102.34832975000002	42
102.46121400000001	35
102.46121400000001	42
102.6919825	42
102.80736675	42
102.922751	35
102.922751	42
103.1535195	42
103.26890375	38
103.384288	42
103.6150565	42
103.73044075	42
103.845825	42
104.0765935	42
104.19197775	42
104.307362	42
104.53813050000001	42
104.65351475	42
104.768899	42
104.9996675	42
105.11505175	42
105.230436	42
106.22350999999996	49
106.29043283333341	42
106.35735566666675	49
106.42427850000009	42
106.49120133333342	49
106.55812416666674	42
106.6250470000001	49
106.70030316666669	42
106.77555933333336	49
106.85081550000001	42
106.92607166666667	49
107.00132783333335	42
107.07658400000001	38
107.07658400000001	49
107.538121	38
107.999658	38
108.461195	38
108.922732	38
109.384269	38
109.845806	38
110.307343	38
110.76888	38
111.230417	38
111.70195399999999	38
112.16349100000001	38
112.61502800000001	38
113.076565	38
113.54810199999999	38
114.009639	38
114.46117600000001	38
114.922713	38
115.36425000000004	38
115.84578699999997	38
116.30732400000001	38
116.768861	38
117.23039800000001	38
117.70193499999999	38
118.15347200000002	38
118.60500900000001	38
119.066546	38
119.53808299999999	38
119.99962000000001	38
120.47115699999999	38
120.93269400000001	38
121.394231	38
121.73288375000003	38
121.84576800000002	35
121.84576800000002	49
122.0765365	42
122.19192075000001	42
122.307305	35
122.307305	42
122.5380735	42
122.65345775	42
122.768842	35
122.768842	42
122.9996105	42
123.11499475000001	42
123.230379	35
123.230379	42
123.46614749999998	42
123.58403174999998	42
123.701916	35
123.701916	42
123.93268450000001	42
124.04806875000001	42
124.163453	35
124.163453	42
124.3942215	42
124.50960575	42
124.62499000000001	35
124.62499000000001	42
124.85075850000003	42
124.96364275000003	42
125.07652700000001	35
125.07652700000001	42
125.3072955	42
125.42267975	42
125.538064	35
125.538064	49
125.7688325	42
125.88421675000001	42
125.999601	35
125.999601	42
126.2303695	42
126.34575375	42
126.461138	35
126.461138	42
126.6919065	42
126.80729075	42
126.922675	35
126.922675	42
127.15344350000001	42
127.26882775	42
127.384212	35
127.384212	42
127.6149805	42
127.73036475	42
127.845749	35
127.845749	42
128.0765175	42
128.19190175	42
128.307286	35
128.307286	42
128.53805450000002	42
128.65343875	42
128.768823	35
128.768823	42
128.9995915	42
129.11497575	42
129.23036	35
129.23036	49
129.4611285	42
129.57651275	42
129.691897	35
129.691897	42
129.9226655	38
130.03804975	42
130.153434	35
130.153434	42
130.27131824999998	38
130.38920249999998	38
130.50708674999996	42
130.62497099999996	35
130.62497099999996	38
130.85073950000003	42
130.96362375000004	38
131.07650800000002	35
131.07650800000002	42
131.3072765	42
131.42266075	42
131.538045	35
131.538045	42
131.7688135	38
131.88419775	42
131.999582	35
131.999582	42
132.11496625	38
132.23035050000001	38
132.34573475	42
132.461119	35
132.461119	38
132.69688749999997	42
132.81477174999998	38
132.93265599999995	35
132.93265599999995	49
133.1634245	42
133.27880875	42
133.394193	35
133.394193	42
133.61996150000002	38
133.73284575000002	42
133.84573000000003	35
133.84573000000003	42
133.96111425	38
134.0764985	38
134.19188275	42
134.307267	35
134.307267	38
134.5380355	42
134.65341975	38
140.30724800000002	35
140.30724800000002	49
140.5380165	42
140.768785	35
140.768785	38
140.9995535	42
141.230322	35
141.4610905	42
141.691859	35
141.691859	38
141.9226275	42
142.15339600000001	35
142.3841645	42
142.614933	35
142.614933	38
142.8457015	42
143.07647	35
143.3072385	42
143.538007	35
143.538007	38
143.7687755	42
143.99954400000001	35
144.2303125	42
144.461081	35
144.461081	38
144.6918495	42
144.922618	35
145.1533865	42
145.384155	35
145.384155	38
145.6149235	42
145.845692	35
146.0764605	42
146.307229	35
146.307229	38
146.5379975	42
146.768766	35
146.9995345	42
147.230303	38
147.69184	35
147.69184	49
147.9226085	42
148.153377	35
148.153377	38
148.3841455	42
148.614914	35
148.8456825	42
149.076451	35
149.076451	38
149.3072195	42
149.537988	35
149.7687565	42
149.999525	35
149.999525	38
150.23029350000002	42
150.461062	35
150.6918305	42
150.922599	35
150.922599	38
151.1533675	42
151.384136	35
151.6149045	42
151.845673	35
151.845673	38
152.07644150000002	42
152.30721	35
152.5379785	42
152.768747	35
152.768747	38
152.9995155	42
153.230284	35
153.4610525	42
153.691821	35
153.691821	38
153.92258950000002	42
154.153358	35
154.3841265	42
154.614895	38
162.46102400000004	35
162.46102400000004	49
162.80717675	35
162.922561	35
163.1533295	35
163.6148665	35
163.84563500000002	35
164.307172	35
164.65332475	35
164.768709	35
164.9994775	35
165.4610145	35
165.69178300000002	35
166.15332	35
166.49947275	35
166.614857	35
166.84062550000002	35
167.2971625	35
167.52793100000002	35
169.84561599999998	38
169.84561599999998	49
170.307153	38
170.76869	38
171.230227	38
171.691764	38
172.163301	38
172.62483799999998	38
173.076375	38
173.537912	38
173.999449	38
174.47098599999998	38
174.932523	38
175.39406	38
175.845597	38
176.307134	38
176.768671	38
177.230208	35
177.230208	38
177.230208	49
177.691745	38
178.16328199999998	38
178.614819	38
179.076356	38
179.537893	38
179.99943	38
180.460967	38
180.922504	35
180.922504	38
180.922504	49
181.384041	38
181.845578	38
182.307115	38
182.768652	38
183.240189	38
183.70172599999998	38
184.163263	38
184.6248	38
184.6248	49
185.076337	38
185.53787400000002	38
185.999411	38
186.460948	38
186.922485	38
187.38402200000002	38
187.845559	38
188.307096	38
188.768633	38
189.23017000000002	38
189.691707	38
190.153244	38
190.49939675000002	38
190.614781	38
190.8455495	38
191.19170225	38
191.537855	38
191.999392	38
192.2351605	38
192.47092899999998	38
192.7016975	38
192.932466	38
193.1632345	38
193.394003	38
193.61977149999998	38
193.84554	38
194.0763085	38
194.307077	38
194.5378455	38
194.768614	38
194.9993825	38
195.230151	38
195.4609195	38
195.691688	38
195.80707225	38
195.9224565	38
196.03784075000002	38
196.153225	38
196.26860925	38
196.3839935	38
196.49937775	38
196.614762	38
196.73014625	38
196.8455305	38
196.96091475	38
197.076299	38
197.18668325000002	38
197.2970675	38
197.40745174999998	38
197.517836	38
197.63572025	38
197.75360450000002	38
197.87148875000003	38
197.989373	38
198.10475725	38
198.2201415	38
198.33552575000002	38
198.45091000000002	38
198.56879425	38
198.6866785	38
198.80456275	38
198.922447	38
199.03783125	38
199.15321550000002	38
199.26859975	38
199.383984	35
199.845521	35
199.845521	49
200.0762895	38
200.19167375	42
200.307058	35
200.307058	42
200.5378265	42
200.65321075	38
200.768595	35
200.768595	42
200.99936350000002	38
201.11474775	42
201.230132	35
201.230132	42
201.4609005	42
201.57628475	38
201.691669	35
201.691669	42
201.9224375	38
202.03782175	42
202.153206	35
202.153206	42
202.3839745	42
202.49935875	38
202.614743	35
202.614743	42
202.84551150000001	38
202.96089575	42
203.07628	35
203.07628	49
203.3070485	42
203.42243275	38
203.537817	35
203.537817	42
203.7685855	38
203.88396975	42
203.999354	35
203.999354	42
204.2301225	42
204.34550675	38
204.460891	35
204.460891	42
204.69165950000001	38
204.80704375	42
204.922428	35
204.922428	42
205.1531965	42
205.26858075	38
205.383965	35
205.383965	42
205.6147335	38
205.73011775	42
205.845502	35
205.845502	42
206.0762705	42
206.19165475	38
206.307039	35
206.307039	42
206.5378075	38
206.65319175	42
206.768576	35
206.768576	49
206.9993445	42
207.11472875	38
207.230113	35
207.230113	42
207.4658815	38
207.58376575	42
207.70165	35
207.70165	42
207.93241849999998	42
208.04780275	38
208.163187	35
208.163187	42
208.3939555	38
208.50933974999998	42
208.624724	35
208.624724	42
208.8504925	42
208.96337675	38
209.07626100000002	35
209.07626100000002	42
209.3070295	38
209.42241375	42
209.537798	35
209.537798	42
209.7685665	42
209.88395075	38
209.999335	35
209.999335	42
210.2301035	38
210.34548775	42
210.460872	35
210.460872	49
210.6916405	42
210.80702475	38
210.92240900000002	35
210.92240900000002	42
211.1531775	38
211.26856175	42
211.383946	35
211.383946	42
211.6147145	42
211.73009875	38
211.845483	35
211.845483	42
212.0762515	38
212.19163575	42
212.30702	35
212.30702	38
212.42240425	38
212.5377885	38
212.65317275	38
212.76855700000002	35
212.76855700000002	38
212.88394125	38
212.9993255	38
213.11470975	38
213.230094	35
213.230094	38
213.4608625	42
213.57624675	38
213.691631	35
213.691631	42
213.9223995	38
214.03778375000002	42
214.153168	35
214.153168	49
214.3839365	42
214.49932075	38
214.61470500000001	35
214.61470500000001	42
214.8454735	38
214.96085775	42
215.076242	35
215.076242	42
215.3070105	42
215.42239475	38
215.537779	35
215.537779	42
215.7685475	38
215.88393175000002	42
215.999316	35
215.999316	42
216.2300845	42
216.34546875	38
216.46085300000001	35
216.46085300000001	42
216.6916215	38
216.80700575	42
216.92239	35
216.92239	42
217.1531585	42
217.26854275	38
217.383927	35
217.383927	42
217.6146955	38
217.73007975000002	42
217.845464	35
217.845464	49
218.0762325	42
218.19161675	38
218.307001	35
218.307001	42
218.5377695	38
218.65315375	42
218.768538	35
218.768538	42
218.9993065	42
219.11469075	38
219.230075	35
219.230075	42
219.4608435	38
219.57622775000002	42
219.691612	35
219.691612	42
219.9223805	42
220.03776475	38
220.153149	35
220.153149	42
220.3839175	38
220.49930175	42
220.614686	35
220.614686	42
220.84545450000002	42
220.96083875	38
221.076223	35
221.076223	42
221.3069915	38
221.42237575000001	42
221.53776	35
221.53776	49
221.7685285	42
221.88391275	38
221.999297	35
221.999297	42
222.2300655	38
222.34544975	42
222.460834	35
222.460834	42
222.69160250000002	42
222.80698675	38
222.922371	35
222.922371	42
223.1531395	38
223.26852375	42
223.383908	35
223.383908	42
223.6146765	42
223.73006075	38
223.845445	35
223.845445	42
224.0762135	38
224.19159775	42
224.306982	35
224.306982	42
224.53775050000002	42
224.65313475	38
224.768519	35
224.768519	42
224.9992875	38
225.11467175	42
225.230056	35
225.230056	49
225.4658245	42
225.58370875	38
225.701593	35
225.701593	42
225.93236149999998	38
226.04774575	42
226.16313	35
226.16313	42
226.3938985	42
226.50928274999998	38
226.62466699999996	35
226.62466699999996	42
226.84543549999998	38
226.95581975	42
227.066204	35
227.066204	42
227.3019725	42
227.41985675	38
227.537741	35
227.537741	42
227.7685095	38
227.88389375	42
227.999278	35
227.999278	42
228.23004650000001	42
228.34543075	38
228.460815	35
228.460815	42
228.6915835	38
228.80696775	42
228.922352	35
229.1581205	42
229.27600475	38
229.393889	35
229.6196575	38
229.6196575	42
229.845426	35
229.96081025	38
230.0761945	38
230.306963	35
230.306963	38
230.5377315	42
230.65311575	38
232.61464800000002	35
232.61464800000002	49
232.8454165	42
232.96080075	42
233.076185	35
233.076185	42
233.3069535	42
233.42233775	42
233.537722	35
233.537722	42
233.7684905	42
233.88387475	42
233.999259	35
233.999259	42
234.2300275	42
234.34541175	38
234.46079600000002	35
234.46079600000002	42
234.6915645	42
234.80694875	42
234.922333	35
234.922333	38
235.1531015	42
235.26848575	42
235.38387	35
235.38387	42
235.6146385	42
235.73002275	42
235.845407	35
235.845407	42
236.0761755	42
236.19155975	38
236.30694400000002	35
236.30694400000002	42
236.5377125	42
236.65309675	42
236.768481	35
236.768481	42
236.9992495	42
237.11463375	42
237.230018	35
237.230018	42
237.4607865	42
237.57617075000002	42
237.691555	35
237.691555	42
237.9223235	42
238.03770775	38
238.15309200000002	35
238.15309200000002	42
238.3838605	42
238.49924475	42
238.614629	35
238.614629	38
238.8453975	42
238.96078175	42
239.076166	35
239.076166	42
239.3069345	42
239.42231875000002	42
239.537703	35
239.537703	42
239.7684715	42
239.88385575	38
239.99924000000001	35
239.99924000000001	49
240.2300085	42
240.34539275	42
240.460777	35
240.460777	42
240.6915455	42
240.80692975	42
240.922314	35
240.922314	42
241.1530825	42
241.26846675000002	42
241.383851	35
241.383851	42
241.6146195	42
241.73000375	38
241.845388	35
241.845388	42
242.0761565	42
242.19154075	42
242.306925	35
242.306925	38
242.53769350000002	42
242.65307775	42
242.768462	35
242.768462	42
242.9992305	42
243.11461475000002	42
243.229999	35
243.229999	42
243.4607675	42
243.57615175	38
243.691536	35
243.691536	42
243.9223045	42
244.03768875	42
244.153073	35
244.153073	42
244.38384150000002	42
244.49922575	42
244.61461	35
244.61461	42
244.8453785	42
244.96076275000001	42
245.076147	35
245.076147	42
245.3069155	42
245.42229975	38
245.537684	35
245.537684	42
245.7684525	42
245.88383675	42
245.999221	35
245.999221	38
246.22998950000002	42
246.34537375	42
246.460758	35
246.460758	42
246.6915265	42
246.80691075000001	42
246.922295	35
246.922295	42
247.1530635	42
247.26844775	38
247.383832	35
247.383832	49
247.6146005	42
247.72998475	42
247.845369	35
247.845369	42
248.07613750000002	42
248.19152175	42
248.306906	35
248.306906	42
248.5376745	42
248.65305875	42
248.768443	35
248.768443	42
248.9992115	42
249.11459575	38
249.22998	35
249.22998	42
249.4607485	42
249.57613275	42
249.691517	35
249.691517	38
249.92228550000002	42
250.03766975	42
250.153054	35
250.153054	42
250.3838225	42
250.49920675	42
250.614591	35
250.614591	42
250.8453595	42
250.96074375	38
251.076128	35
251.076128	42
251.3068965	42
251.42228075	42
251.537665	35
251.537665	42
251.76843350000001	42
251.88381775	42
251.999202	35
251.999202	42
252.2299705	42
252.34535475	42
252.460739	35
252.460739	42
252.6915075	42
252.80689175	38
252.922276	35
252.922276	42
253.1530445	42
253.26842875	42
253.383813	35
253.383813	38
253.6145815	42
253.72996575	42
253.84535	35
253.84535	42
254.0761185	42
254.19150275	42
254.30688700000002	35
254.30688700000002	42
254.5376555	42
254.65303975	38
254.768424	35
254.768424	49
254.9991925	42
255.11457675	42
255.229961	35
255.229961	42
255.4607295	42
255.57611375	42
255.691498	35
255.691498	42
255.9222665	42
256.03765075	42
256.153035	35
256.153035	42
256.3838035	42
256.49918775	38
256.614572	35
256.614572	42
256.8403405	42
256.95322475	42
257.06610900000004	35
257.06610900000004	38
257.3018775	42
257.41976175	42
257.537646	35
257.537646	42
257.7684145	42
257.88379875	42
257.999183	35
257.999183	42
258.2299515	42
258.34533575	38
258.46072	35
258.46072	42
258.6914885	42
258.80687275	42
258.922257	35
258.922257	42
259.1530255	42
259.26840975	42
259.383794	35
259.383794	42
259.6145625	42
259.72994675	42
259.845331	35
259.845331	42
260.0760995	42
260.19148375000003	38
260.306868	35
260.306868	42
260.5326365	42
260.64552075	42
260.75840500000004	35
260.75840500000004	38
260.9941735	42
261.11205775	42
261.229942	35
261.229942	42
261.4607105	42
261.57609475	42
261.691479	35
261.691479	42
261.9222475	42
262.03763175	38