18.72	42
18.96	42
19.2	35
19.2	42
19.44	35
19.68	38
19.68	42
19.92	35
20.16	35
20.16	42
20.400000000000002	35
20.64	38
20.64	42
20.88	35
21.12	35
21.12	42
21.36	35
21.6	38
21.6	42
21.84	35
22.080000000000002	35
22.080000000000002	42
22.32	35
22.56	38
22.56	42
22.8	35
23.04	35
23.04	42
23.28	35
23.52	38
23.52	42
23.76	35
24.0	35
24.0	42
24.240000000000002	35
24.48	38
24.48	42
24.72	35
24.96	35
24.96	42
25.2	35
25.44	38
25.44	42
25.68	35
25.92	35
25.92	42
26.16	35
26.400000000000002	38
26.400000000000002	42
26.64	35
26.64	42
26.88	35
27.12	35
27.36	38
27.36	42
27.6	35
27.84	35
27.84	42
28.080000000000002	35
28.32	38
28.32	42
28.560000000000002	35
28.8	35
28.8	42
29.04	35
29.28	38
29.28	42
29.52	35
29.76	35
29.76	42
30.0	35
30.240000000000002	38
30.240000000000002	42
30.48	35
30.72	35
30.72	42
30.96	35
31.2	38
31.2	42
31.44	35
31.68	35
31.68	42
31.92	35
32.160000000000004	38
32.160000000000004	42
32.4	35
32.64	35
32.64	42
32.88	35
33.12	38
33.12	42
33.36	35
33.6	35
33.6	42
33.84	35
34.08	38
34.08	42
34.32	35
34.32	42
34.56	35
34.800000000000004	35
35.04	38
35.04	42
35.28	35
35.52	35
35.52	42
35.76	35
36.0	38
36.0	42
36.24	35
36.480000000000004	35
36.480000000000004	42
36.72	35
36.96	38
36.96	42
37.2	35
37.44	35
37.44	42
37.68	35
37.92	38
37.92	42
38.165000000000006	35
38.41	35
38.41	42
38.644999999999996	35
38.88	38
38.88	42
39.12	35
39.36	35
39.36	42
39.6	35
39.84	38
39.84	42
40.08	35
40.32	35
40.32	42
40.56	35
40.800000000000004	38
40.800000000000004	42
41.04	35
41.28	35
41.28	42
41.52	35
41.76	38
41.76	42
42.0	35
42.0	42
42.24	35
42.480000000000004	35
42.72	38
42.72	42
42.96	35
43.2	35
43.2	42
43.44	35
43.68	38
43.68	42
43.92	35
44.160000000000004	35
44.160000000000004	42
44.4	35
44.64	38
44.64	42
44.88	35
45.12	35
45.12	42
45.36	35
45.6	38
45.6	42
45.84	35
46.08	35
46.08	42
46.32	35
46.56	38
46.56	42
46.800000000000004	35
47.04	35
47.04	42
47.28	35
47.52	38
47.52	42
47.76	35
48.0	35
48.0	42
48.24	35
48.480000000000004	38
48.480000000000004	42
48.72	35
48.96	35
48.96	42
49.2	35
49.44	38
49.44	42
49.68	35
49.68	42
49.92	35
50.160000000000004	35
50.4	38
50.4	42
50.64	35
50.88	35
50.88	42
51.120000000000005	35
51.36	38
51.36	42
51.6	35
51.84	35
51.84	42
52.08	35
52.32	38
52.32	42
52.56	35
52.800000000000004	35
52.800000000000004	42
53.04	35
53.28	38
53.28	42
53.52	35
53.76	35
53.76	42
54.0	35
54.24	38
54.24	42
54.480000000000004	35
54.72	35
54.72	42
54.96	35
55.2	38
55.2	42
55.44	35
55.68	35
55.68	42
55.92	35
56.160000000000004	38
56.160000000000004	42
56.4	35
56.64	35
56.64	42
56.88	35
57.120000000000005	38
57.120000000000005	42
57.36	35
57.36	42
57.6	35
57.84	35
58.08	38
58.08	42
58.32	35
58.56	35
58.56	42
58.80500000000001	35
59.05	38
59.05	42
59.285	35
59.52	35
59.52	42
59.76	35
60.0	38
60.0	42
60.24	35
60.480000000000004	35
60.480000000000004	42
60.72	35
60.96	38
60.96	42
61.2	35
61.44	35
61.44	42
61.68	35
61.92	38
61.92	42
62.160000000000004	35
62.4	35
62.4	42
62.64	35
62.88	38
62.88	42
63.120000000000005	35
63.36	35
63.36	42
63.6	35
63.84	38
63.84	42
64.08	35
64.32000000000001	35
64.32000000000001	42
64.56	35
64.8	38
64.8	42
65.28	35
65.28	49
65.52	35
65.76	38
65.76	49
66.0	35
66.24	35
66.24	49
66.48	35
66.72	38
66.72	49
66.96000000000001	35
67.2	35
67.2	49
67.44	35
67.68	38
67.68	49
67.92	35
68.16	35
68.16	49
68.4	35
68.64	38
68.64	49
68.88	35
69.12	35
69.12	49
69.36	35
69.60000000000001	38
69.60000000000001	49
69.84	35
70.08	35
70.08	49
70.32000000000001	35
70.56	38
70.56	49
70.8	35
71.04	35
71.04	49
71.28	35
71.52	38
71.52	49
71.76	35
72.0	35
72.0	49
72.24	35
72.48	38
72.48	49
72.72	35
72.96000000000001	35
72.96000000000001	49
73.2	35
73.44	38
73.44	49
73.68	35
73.92	35
73.92	49
74.16	35
74.4	38
74.4	49
74.64	35
74.88	35
74.88	49
75.12	35
75.36	38
75.36	49
75.60000000000001	35
75.84	35
75.84	49
76.08	35
76.32000000000001	38
76.32000000000001	49
76.8	35
76.8	49
77.04	38
77.28	35
77.28	49
77.52	35
77.76	35
77.76	49
78.0	35
78.24	38
78.24	49
78.72	35
78.72	49
78.96000000000001	38
79.2	35
79.2	49
79.44	35
79.68	38
79.68	49
79.92500000000001	35
80.17	38
80.17	49
80.41000000000001	42
80.65	35
80.65	42
80.89	35
81.13000000000001	38
81.13000000000001	42
81.37	35
81.61000000000001	35
81.61000000000001	42
81.845	35
82.08	38
82.08	42
82.32000000000001	35
82.56	35
82.56	42
82.8	35
83.04	38
83.04	42
83.28500000000001	35
83.53	35
83.53	42
83.77000000000001	35
84.01	38
84.01	42
84.25	35
84.49000000000001	35
84.49000000000001	42
84.725	35
84.96000000000001	38
84.96000000000001	42
85.2	35
85.44	35
85.44	42
85.68	35
85.92	38
85.92	42
86.16	35
86.4	35
86.4	42
86.64	35
86.88	38
86.88	42
87.12	35
87.36	35
87.36	42
87.60000000000001	35
87.84	38
87.84	42
88.075	35
88.075	42
88.31	35
88.55499999999999	35
88.8	38
88.8	42
89.04	35
89.28	35
89.28	42
89.52	35
89.76	38
89.76	42
90.0	35
90.24	35
90.24	42
90.48	35
90.72	38
90.72	42
90.96000000000001	35
91.2	35
91.2	42
91.44	35
91.68	38
91.68	42
91.92	35
92.16	35
92.16	42
92.4	35
92.64	38
92.64	42
92.88	35
93.12	35
93.12	42
93.36	35
93.60000000000001	38
93.60000000000001	42
93.84	35
94.08	35
94.08	42
94.32000000000001	35
94.56	38
94.56	42
94.80499999999999	35
95.05000000000001	35
95.05000000000001	42
95.29	35
95.53	38
95.53	42
95.77000000000001	35
95.77000000000001	42
96.01	35
96.01	42
96.25000000000001	35
96.49000000000001	38
96.49000000000001	42
96.72500000000001	35
96.96000000000001	35
96.96000000000001	42
97.2	35
97.44	38
97.44	42
97.68	35
97.92	35
97.92	42
98.16	35
98.4	38
98.4	42
98.64	35
98.88	35
98.88	42
99.12	35
99.36	38
99.36	42
99.60000000000001	35
99.60000000000001	42
99.84	35
100.08	35
100.32000000000001	38
100.32000000000001	42
100.56	35
100.8	35
100.8	42
101.04	35
101.28	38
101.28	42
101.52	35
101.76	35
101.76	42
102.0	35
102.24000000000001	38
102.24000000000001	42
102.48	35
102.72	35
102.72	42
102.96000000000001	35
103.2	38
103.2	42
103.44	35
103.44	42
103.68	35
103.68	42
103.92	35
104.16	38
104.16	42
104.4	35
104.64	35
104.64	42
104.88499999999999	35
105.13000000000001	38
105.13000000000001	42
105.37	35
105.61000000000001	35
105.61000000000001	42
105.85000000000001	35
106.09	38
106.09	42
106.33000000000001	35
106.57000000000001	35
106.57000000000001	42
106.81	35
107.05000000000001	38
107.05000000000001	42
107.29	35
107.53	35
107.53	42
107.77000000000001	35
108.01	38
108.01	42
108.24500000000002	35
108.48	35
108.48	42
108.72	35
108.96000000000001	38
108.96000000000001	42
109.2	35
109.44	35
109.44	42
109.68	35
109.92	38
109.92	42
110.16	35
110.4	35
110.4	42
110.64	35
110.88	38
110.88	42
111.12	35
111.12	42
111.36	35
111.36	42
111.60000000000001	35
111.84	38
111.84	42
112.08	35
112.32000000000001	35
112.32000000000001	42
112.56	35
112.8	38
112.8	42
113.04	35
113.28	35
113.28	42
113.52	35
113.76	38
113.76	42
114.0	35
114.24000000000001	35
114.24000000000001	42
114.48	35
114.72	38
114.72	42
114.96000000000001	35
115.2	35
115.2	42
115.44	35
115.68	38
115.68	42
115.92	35
116.16	35
116.16	42
116.4	35
116.64	38
116.64	42
116.88	35
117.12	35
117.12	42
117.36	35
117.60000000000001	38
117.60000000000001	42
117.84	35
118.08	35
118.08	42
118.32000000000001	35
118.56	38
118.56	42
118.8	35
118.8	42
119.04	35
119.28	35
119.52	38
119.52	42
119.76	35
120.0	35
120.0	42
120.24000000000001	35
120.48	38
120.48	42
120.72	35
120.96000000000001	35
120.96000000000001	42
121.2	35
121.44	38
121.44	42
121.68	35
121.92	35
121.92	42
122.16	35
122.4	38
122.4	42
122.64	35
122.88	35
122.88	42
123.12	35
123.36	38
123.36	42
123.60000000000001	35
123.84	35
123.84	42
124.08	35
124.32000000000001	38
124.32000000000001	42
124.56	35
124.8	35
124.8	42
125.04	35
125.28	38
125.28	42
125.52	35
125.76	35
125.76	42
126.0	35
126.24000000000001	38
126.24000000000001	42
126.72	35
126.72	49
126.96000000000001	35
127.2	38
127.2	49
127.44	35
127.68	35
127.68	49
127.92	35
128.16	38
128.16	49
128.4	35
128.64000000000001	35
128.64000000000001	49
128.88	35
129.12	38
129.12	49
129.36	35
129.6	35
129.6	49
129.84	35
130.08	38
130.08	49
130.32	35
130.56	35
130.56	49
130.8	35
131.04	38
131.04	49
131.28	35
131.52	35
131.52	49
131.76	35
132.0	38
132.0	49
132.24	35
132.48	35
132.48	49
132.72	35
132.96	38
132.96	49
133.2	35
133.44	35
133.44	49
133.68	35
133.92000000000002	38
133.92000000000002	49
134.16	35
134.4	35
134.4	49
134.64000000000001	35
134.88	38
134.88	49
135.12	35
135.36	35
135.36	49
135.6	35
135.84	38
135.84	49
136.08	35
136.32	35
136.32	49
136.56	35
136.8	38
136.8	49
137.04	35
137.28	35
137.28	49
137.52	35
137.76	38
137.76	49
138.24	35
138.24	49
138.48	38
138.72	35
138.72	49
138.96	35
139.20000000000002	35
139.20000000000002	49
139.44	35
139.68	38
139.68	49
140.16	35
140.16	49
140.4	38
140.64000000000001	35
140.64000000000001	49
140.88	35
141.12	38
141.12	49
141.36	35
141.6	38
141.6	49
141.84	42
157.44	35
157.68	35
157.92000000000002	38
157.92000000000002	42
158.16	35
158.4	35
158.4	42
158.64000000000001	35
158.88	38
158.88	42
159.12	35
159.36	35
159.36	42
159.6	35
159.84	38
159.84	42
160.08	35
160.32	35
160.32	42
160.56	35
160.8	38
160.8	42
161.04	35
161.28	35
161.28	42
161.52	35
161.76	38
161.76	42
162.0	35
162.24	35
162.24	42
162.48	35
162.72	38
162.72	42
162.96	35
163.20000000000002	35
163.20000000000002	42
163.44	35
163.68	38
163.68	42
163.92000000000002	35
164.16	35
164.16	42
164.4	35
164.64000000000001	38
164.64000000000001	42
164.88	35
164.88	42
165.12	35
165.36	35
165.6	38
165.6	42
165.84	35
166.08	35
166.08	42
166.32	35
166.56	38
166.56	42
166.8	35
167.04	35
167.04	42
167.28	35
167.52	38
167.52	42
167.76	35
168.0	35
168.0	42
168.24	35
168.48	38
168.48	42
168.72	35
168.96	35
168.96	42
169.20000000000002	35
169.44	38
169.44	42
169.68	35
169.92000000000002	35
169.92000000000002	42
170.16	35
170.4	38
170.4	42
170.64000000000001	35
170.88	35
170.88	42
171.12	35
171.36	38
171.36	42
171.6	35
171.84	35
171.84	42
172.08	35
172.32	38
172.32	42
172.56	35
172.56	42
172.8	35
173.04	35
173.28	38
173.28	42
173.52	35
173.76	35
173.76	42
174.0	35
174.24	38
174.24	42
174.48	35
174.72	35
174.72	42
174.96	35
175.20000000000002	38
175.20000000000002	42
175.44	35
175.68	35
175.68	42
175.92000000000002	35
176.16	38
176.16	42
176.4	35
176.64000000000001	35
176.64000000000001	42
176.88	35
177.12	38
177.12	42
177.36	35
177.6	35
177.6	42
177.84	35
178.08	38
178.08	42
178.32	35
178.56	35
178.56	42
178.8	35
179.04	38
179.04	42
179.28	35
179.52	35
179.52	42
179.76	35
180.0	38
180.0	42
180.24	35
180.24	42
180.48	35
180.72	35
180.96	38
180.96	42
181.20000000000002	35
181.44	35
181.44	42
181.68	35
181.92000000000002	38
181.92000000000002	42
182.16	35
182.4	35
182.4	42
182.64000000000001	35
182.88	38
182.88	42
183.12	35
183.36	35
183.36	42
183.6	35
183.84	38
183.84	42
184.08	35
184.32	35
184.32	42
184.56	35
184.8	38
184.8	42
185.04	35
185.28	35
185.28	42
185.52	35
185.76	38
185.76	42
186.0	35
186.24	35
186.24	42
186.48	35
186.72	38
186.72	42
186.96	35
187.20000000000002	35
187.20000000000002	42
187.44	35
187.68000000000004	38
187.68000000000004	42
188.17000000000002	42