3.5385164999999996	38
3.67115175	38
3.803787	35
3.803787	38
4.0640575	35
4.3243279999999995	35
4.3243279999999995	42
4.584814	42
4.8453	38
4.8453	42
5.110786	42
5.243529	35
5.376272	42
5.6367579999999995	35
5.6367579999999995	42
5.897244	38
5.897244	42
6.032487	35
6.16773	42
6.438216	35
6.438216	42
6.6969745	42
6.82635375	35
6.955733	38
6.955733	42
7.2294915	42
7.36637075	35
7.5032499999999995	42
7.7570084999999995	38
8.010767	38
8.14514625	38
8.279525499999998	47
8.548284	35
8.548284	49
8.812042499999999	42
8.94392175	35
9.075801	38
9.075801	42
9.3495595	42
9.486438749999998	35
9.623318	42
9.8770765	35
9.8770765	42
10.130835	38
10.130835	42
10.404593499999999	35
10.404593499999999	42
10.678351999999999	35
10.678351999999999	42
10.9371105	42
11.066489749999999	35
11.195868999999998	38
11.195868999999998	42
11.4646275	42
11.599006750000001	35
11.733386	42
11.982144499999999	35
11.982144499999999	42
12.230903	38
12.230903	42
12.370282249999999	35
12.5096615	42
12.78842	35
12.78842	42
13.0503845	42
13.18136675	35
13.312349000000001	38
13.312349000000001	42
13.584313500000002	42
13.72029575	35
13.856278	42
14.1182425	35
14.1182425	42
14.380207	38
14.380207	42
14.652171500000001	35
14.652171500000001	42
14.924136	35
14.924136	42
15.186388	42
15.317514000000001	35
15.448640000000001	38
15.448640000000001	42
15.710892000000001	42
15.842018000000001	35
15.842018000000001	38
15.973144000000001	42
16.235396	35
16.235396	38
16.497648	38
16.628774000000003	38
16.759900000000002	47
17.022152000000002	35
17.022152000000002	49
17.286304	42
17.418380000000003	35
17.550456	38
17.550456	42
17.809608	42
17.939184	35
18.06876	42
18.337912000000003	35
18.337912000000003	42
18.607064	38
18.607064	42
18.876216	35
18.876216	42
19.145368	35
19.145368	42
19.413321	42
19.547297500000003	35
19.681274000000002	38
19.681274000000002	42
19.944227	42
20.0757035	35
20.207180000000005	42
20.470133	35
20.470133	42
20.733086	38
20.733086	42
21.001039000000002	35
21.001039000000002	42
21.268992	35
21.268992	42
21.530044999999998	42
21.6605715	35
21.791097999999998	38
21.791097999999998	42
22.057150999999998	35
22.057150999999998	42
22.323204	35
22.323204	42
22.589257	35
22.589257	42
22.85531	38
22.85531	42
23.126363	35
23.126363	42
23.397416	35
23.397416	42
23.662767000000002	42
23.928118	35
23.928118	38
23.928118	42
24.3186445	38
24.44882	38
24.709171	38
24.969522	38
25.0996975	38
25.229873	47
25.490224	35
25.490224	49
25.745575	42
26.000926	38
26.000926	42
26.261277	42
26.3914525	35
26.521628	42
26.776978999999997	35
26.776978999999997	42
27.032329999999998	38
27.032329999999998	42
27.297681	35
27.297681	42
27.563032	35
27.563032	42
27.816482999999998	42
28.069934	38
28.069934	42
28.328384999999997	42
28.457610499999998	38
28.586835999999998	35
28.586835999999998	42
28.713561499999997	38
28.840287	35
28.840287	42
29.093738	38
29.093738	42
29.2229635	35
29.352189	35
29.352189	42
29.61064	35
29.61064	42
29.859091	42
29.9833165	35
30.107542000000002	38
30.107542000000002	42
30.375992999999998	42
30.5102185	35
30.644444	42
30.902895	35
30.902895	42
31.161345999999998	38
31.161345999999998	42
31.424796999999998	35
31.424796999999998	42
31.688247999999998	35
31.688247999999998	42
31.946699000000002	42
32.20515	38
32.20515	42
32.473601	42
32.607826499999994	38
32.742051999999994	35
32.742051999999994	38
32.995503	38
33.248954	38
33.3781795	38
33.507405	47
33.765856	35
33.765856	49
34.03310799999999	42
34.30036	38
34.30036	42
34.562611999999994	42
34.693737999999996	35
34.824864	42
35.077116	35
35.077116	42
35.329368	38
35.329368	42
35.462994	35
35.596619999999994	35
35.596619999999994	42
35.863872	35
35.863872	42
36.122323	42
36.2515485	35
36.380774	38
36.380774	42
36.644225	42
36.7759505	38
36.907676	35
36.907676	42
37.166126999999996	38
37.424578	38
37.5538035	38
37.683029	47
37.94148	35
37.94148	49
38.19786250000001	42
38.32605375	35
38.454245	38
38.454245	42
38.715627500000004	42
38.84631875	35
38.97701	42
39.2433925	35
39.2433925	42
39.509775	38
39.509775	42
39.7711575	42
40.03254	35
40.03254	42
40.297891	42
40.563242	38
40.563242	42
40.828593	42
40.9612685	35
41.093944	38
41.2166195	38
41.339295	38
41.4619705	38
41.584646	38
41.839997000000004	38
42.095348	35
42.095348	49
42.350699	42
42.606049999999996	38
42.606049999999996	42
42.871401	42
43.0040765	35
43.136752	42
43.392103	35
43.392103	42
43.647453999999996	38
43.647453999999996	42
43.907804999999996	35
43.907804999999996	42
44.168155999999996	35
44.168155999999996	42
44.428506999999996	42
44.688857999999996	38
44.688857999999996	42
44.949208999999996	42
45.079384499999996	38
45.209559999999996	35
45.209559999999996	42
45.469910999999996	38
45.469910999999996	42
45.730261999999996	38
45.862937499999994	38
45.995613	47
46.260964	35
46.260964	49
46.521315	42
46.781666	38
46.781666	42
47.047017	42
47.1796925	35
47.312368	35
47.312368	42
47.572719	35
47.572719	42
47.83307	38
47.83307	42
48.093421	42
48.353772	35
48.353772	42
48.614123	42
48.874474	38
48.874474	42
49.139824999999995	42
49.2725005	38
49.405176	35
49.405176	42
49.660527	35
49.660527	42
49.915878	38
49.915878	42
50.176229	35
50.176229	42
50.43658	35
50.43658	42
50.702794499999996	42
50.969009	38
50.969009	42
51.2352235	42
51.36833075	35
51.501438	35
51.501438	42
51.777652499999995	35
51.777652499999995	42
52.053867000000004	38
52.053867000000004	42
52.3150815	42
52.576296	35
52.576296	42
52.8475105	42
53.118725000000005	38
53.118725000000005	42
53.3849395	42
53.51804675	38
53.651154000000005	38
53.907368500000004	38
54.163583	38
54.29419025	38
54.424797500000004	47
54.686012	35
54.686012	49
54.9446325	42
55.07394275	35
55.203253	38
55.203253	42
55.45687349999999	42
55.58368375	35
55.71049399999999	42
55.969114499999996	35
55.969114499999996	42
56.227734999999996	38
56.227734999999996	42
56.486355499999995	42
56.744975999999994	35
56.744975999999994	42
57.0000435	42
57.25511099999999	38
57.25511099999999	42
57.5151785	42
57.64521224999999	38
57.775246	42
58.035313499999994	35
58.035313499999994	42
58.295381	38
58.295381	42
58.550448499999995	35
58.550448499999995	42
58.805516	35
58.805516	42
59.065483	42
59.32545	38
59.32545	42
59.580417000000004	42
59.707900499999994	38
59.835384	35
59.835384	42
59.9678675	38
60.100350999999996	35
60.100350999999996	42
60.365317999999995	38
60.365317999999995	42
60.625285	35
60.625285	42
60.885251999999994	35
60.885251999999994	42
61.145219	42
61.405186	35
61.405186	38
61.405186	42
61.675152999999995	42
61.8101365	38
61.94512	35
61.94512	38
62.200086999999996	35
62.200086999999996	38
62.455054	38
62.587537499999996	38
62.720020999999996	47
62.984988	35
62.984988	49
63.2430685	42
63.501149	38
63.501149	42
63.769229499999994	42
63.90326975	35
64.03730999999999	42
64.2953905	35
64.2953905	42
64.553471	38
64.553471	42
64.68501125	35
64.8165515	42
65.079632	35
65.079632	42
65.339599	42
65.59956600000001	38
65.59956600000001	42
65.86953299999999	42
66.00451650000001	38
66.1395	35
66.1395	42
66.384467	38
66.629434	38
66.7619175	38
66.89440099999999	47
67.159368	35
67.159368	49
67.424335	42
67.689302	38
67.689302	42
67.949269	42
68.0792525	35
68.20923599999999	42
68.464203	35
68.464203	42
68.71917	38
68.71917	42
68.97913700000001	35
68.97913700000001	42
69.239104	35
69.239104	42
69.499071	42
69.759038	38
69.759038	42
70.024005	42
70.1564885	35
70.288972	38
70.4164555	38
70.543939	38
70.6714225	38
70.798906	38
71.058873	38
71.31884000000001	35
71.31884000000001	49
71.578807	42
71.838774	38
71.838774	42
72.098741	42
72.2287245	38
72.35870800000001	35
72.35870800000001	42
72.61867500000001	35
72.61867500000001	42
72.878642	38
72.878642	42
73.138609	35
73.138609	42
73.398576	35
73.398576	42
73.65854300000001	42
73.91851000000001	38
73.91851000000001	42
74.178477	42
74.30846050000001	35
74.438444	38
74.69841100000001	38
74.95837800000001	38
75.08586150000001	38
75.213345	38
75.468312	35
75.468312	49
75.72016550000001	42
75.97201899999999	38
75.97201899999999	42
76.2288725	42
76.35729925	35
76.48572599999999	42
76.74257949999999	35
76.74257949999999	42
76.999433	38
76.999433	42
77.26128649999998	35
77.26128649999998	42
77.52314	35
77.52314	42
77.783107	42
78.043074	38
78.043074	42
78.303041	42
78.4330245	38
78.563008	35
78.563008	42
78.6929915	38
78.822975	35
78.822975	42
79.082942	38
79.082942	42
79.34790899999999	35
79.34790899999999	42
79.612876	35
79.612876	42
79.8694005	42
80.125925	38
80.125925	42
80.38744949999999	42
80.51821174999999	35
80.648974	42
80.9054985	35
80.9054985	42
81.16202299999999	38
81.16202299999999	42
81.42354749999998	35
81.42354749999998	42
81.68507199999999	38
81.80788575	38
81.93069949999999	38
82.05351325	38
82.176327	38
82.30414075	38
82.43195449999999	38
82.55976824999999	38
82.68758199999999	47
82.81539575	47
82.94320949999998	47
83.07102325	47
83.198837	47
83.32415075	47
83.44946449999999	47
83.57477825	47
83.700092	35
83.700092	49
83.96161649999999	42
84.223141	38
84.223141	42
84.4796655	42
84.60792774999999	38
84.73619	35
84.73619	42
84.99771449999999	35
84.99771449999999	42
85.259239	38
85.259239	42
85.52576349999998	42
85.792288	35
85.792288	42
86.0488125	42
86.305337	38
86.305337	42
86.57186149999998	42
86.70512375	38
86.838386	35
86.838386	42
86.97164825	38
87.10491049999999	35
87.10491049999999	42
87.371435	38
87.371435	42
87.6329595	42
87.894484	35
87.894484	42
88.1560085	42
88.417533	38
88.417533	42
88.6790575	42
88.80981975	38
88.940582	35
88.940582	42
89.06634425000001	38
89.1921065	35
89.1921065	42
89.443631	38
89.443631	42
89.6951555	42
89.94668	38
90.07527175	38
90.2038635	38
90.33245525000001	38
90.46104700000001	38
90.58963875	38
90.7182305	38
90.84682225	38
90.975414	47
91.10150575	47
91.2275975	47
91.35368925	47
91.479781	47
91.60587275	47
91.7319645	47
91.85805624999999	47
91.98414799999999	35
91.98414799999999	49
92.23944499999999	42
92.49474199999999	38
92.49474199999999	42
92.75003899999999	42
92.8776875	38
93.00533599999999	35
93.00533599999999	42
93.26063299999998	35
93.26063299999998	42
93.51592999999998	38
93.51592999999998	42
93.781227	35
93.781227	42
94.046524	35
94.046524	42
94.30649100000001	42
94.56645800000001	38
94.56645800000001	42
94.831425	42
94.9639085	38
95.096392	35
95.096392	42
95.356359	38
95.616326	38
95.7463095	38
95.87629299999999	47
96.13626	35
96.13626	49
96.3993405	42
96.662421	38
96.662421	42
96.9205015	42
97.04954175	38
97.178582	35
97.178582	42
97.30762225000001	38
97.43666250000001	35
97.43666250000001	42
97.694743	38
97.694743	42
97.95282350000001	42
98.21090399999999	35
98.21090399999999	38
98.34088749999998	38
98.47087099999999	38
98.60085449999998	38
98.73083799999999	38
98.99580499999998	38
99.12828849999998	38
99.26077199999999	35
99.26077199999999	38
99.515739	35
99.515739	38
99.77070599999999	38
99.90068949999998	38
100.03067299999998	47
100.29063999999998	35
100.29063999999998	49
100.54405099999998	42
100.797462	38
100.797462	42
101.06087299999999	42
101.19257849999998	35
101.32428399999998	42
101.58269499999999	35
101.58269499999999	42
101.84110599999998	38
101.84110599999998	42
102.09951699999998	42
102.35792799999999	35
102.35792799999999	42
102.62633899999997	42
102.89474999999997	38
102.89474999999997	42
103.15816099999999	42
103.28986649999999	38
103.42157199999998	35
103.42157199999998	42
103.67498299999998	38
103.928394	38
104.0550995	38
104.181805	47
104.43521599999998	35
104.43521599999998	49
104.69862699999999	42
104.96203799999999	38
104.96203799999999	42
105.22544899999998	42
105.3571545	38
105.48885999999999	35
105.48885999999999	42
105.74227099999999	35
105.74227099999999	42
105.99568199999999	38
105.99568199999999	42
106.26909299999998	35
106.26909299999998	42
106.54250399999998	35
106.54250399999998	42
106.800255	42
107.05800599999999	38
107.05800599999999	42
107.32575699999998	42
107.45963249999998	35
107.59350799999999	38
107.86125899999999	38
108.12900999999998	38
108.25788549999999	38
108.38676099999999	47
108.644512	35
108.644512	49
108.904479	42
109.164446	38
109.164446	42
109.42441299999999	42
109.5543965	38
109.68437999999999	35
109.68437999999999	42
109.94934699999999	35
109.94934699999999	42
110.214314	38
110.214314	42
110.47428099999999	35
110.47428099999999	42
110.734248	35
110.734248	42
110.994215	42
111.254182	38
111.254182	42
111.519149	42
111.65163249999999	38
111.78411599999998	35
111.78411599999998	42
112.04408299999999	38
112.30404999999999	38
112.4290335	38
112.554017	38
112.803984	35
112.803984	42
113.06706449999999	42
113.33014499999999	38
113.33014499999999	42
113.59322549999999	42
113.72476574999999	35
113.85630599999999	42
114.12438649999999	35
114.12438649999999	42
114.392467	38
114.392467	42
114.6555475	35
114.6555475	42
114.91862799999998	35
114.91862799999998	42
115.18170849999998	42
115.44478899999999	38
115.44478899999999	42
115.70286949999999	42
115.83190975	38
115.96094999999998	35
115.96094999999998	42
116.22403049999998	35
116.22403049999998	42
116.48711099999998	38
116.48711099999998	42
116.75019149999999	35
116.75019149999999	42
117.01327199999999	35
117.01327199999999	42
117.27323899999999	42
117.53320599999999	38
117.53320599999999	42
117.80317299999997	42
117.93815649999998	38
118.07313999999997	35
118.07313999999997	42
118.33310699999998	38
118.59307399999999	38
118.7155575	38
118.83804099999999	38
119.08300799999999	35
119.08300799999999	49
119.34453249999997	42
119.60605699999998	38
119.60605699999998	42
119.86758149999997	42
119.99834374999998	35
120.12910599999998	42
120.39063049999997	35
120.39063049999997	42
120.65215499999998	38
120.65215499999998	42
120.91867949999997	35
120.91867949999997	42
121.18520399999998	35
121.18520399999998	42
121.44172849999998	42
121.69825299999998	38
121.69825299999998	42
121.96477749999997	42
122.09803974999997	38
122.23130199999999	35
122.23130199999999	42
122.50282649999997	38
122.77435099999997	38
122.90011325	38
123.02587549999998	47
123.2774	35
123.2774	49
123.55015099999999	42
123.82290199999998	38
123.82290199999998	42
124.09565299999998	42
124.23202849999998	35
124.36840399999998	42
124.63615499999999	35
124.63615499999999	42
124.90390599999998	38
124.90390599999998	42
125.17165699999998	35
125.17165699999998	42
125.43940799999999	35
125.43940799999999	42
125.70715899999998	42
125.97490999999998	38
125.97490999999998	42
126.232661	42
126.3615365	35
126.490412	35
126.490412	42
126.75816299999998	35
126.75816299999998	42
127.02591399999999	38
127.02591399999999	42
127.29366499999999	42
127.56141599999998	35
127.56141599999998	42
127.82416699999999	42
128.086918	38
128.086918	42
128.359669	42
128.63242	35
128.63242	42
128.895171	35
128.895171	42
129.15792199999999	38
129.15792199999999	42
129.425673	35
129.425673	42
129.693424	35
129.693424	42
129.9549485	42
130.21647299999998	38
130.21647299999998	42
130.4779975	42
130.60875975	38
130.739522	35
130.739522	42
131.0060465	38
131.27257099999997	38
131.40083324999998	38
131.52909549999998	47
131.78562	35
131.78562	49
132.05525799999998	42
132.324896	38
132.324896	42
132.589534	42
132.72185299999998	35
132.85417199999998	35
132.85417199999998	42
133.11881	35
133.11881	42
133.383448	38
133.383448	42
133.64808599999998	35
133.64808599999998	42
133.912724	35
133.912724	42
134.177362	42
134.44199999999998	38
134.44199999999998	42
134.706638	42
134.971276	35
134.971276	42
135.23591399999998	35
135.23591399999998	42
135.50055199999997	38
135.50055199999997	42
135.635371	35
135.77018999999999	35
135.77018999999999	42
136.03982799999997	35
136.03982799999997	42
136.30446599999996	42
136.56910399999998	38
136.56910399999998	42
136.83874199999997	42
136.973561	38
137.10837999999998	35
137.10837999999998	42
137.368018	35
137.368018	42
137.62765599999997	38
137.62765599999997	42
137.89229399999996	35
137.89229399999996	42
138.15693199999998	35
138.15693199999998	42
138.42156999999997	42
138.68620799999997	38
138.68620799999997	42
138.95084599999998	42
139.08316499999998	38
139.21548399999998	38
139.48012199999997	38
139.74475999999999	38
139.87457899999998	38
140.00439799999998	47
140.26403599999998	35
140.26403599999998	49
140.5155605	42
140.76708499999998	38
140.76708499999998	42
141.02360949999996	42
141.15187174999997	38
141.28013399999998	35
141.28013399999998	42
141.54165849999998	35
141.54165849999998	42
141.80318299999996	38
141.80318299999996	42
142.05970749999997	35
142.05970749999997	42
142.31623199999999	35
142.31623199999999	42
142.5733325	42
142.83043299999997	38
142.83043299999997	42
143.09253349999997	42
143.22358374999996	38
143.35463399999998	35
143.35463399999998	42
143.48068425	38
143.6067345	35
143.6067345	42
143.858835	38
143.858835	42
144.11593549999998	35
144.11593549999998	42
144.37303599999998	35
144.37303599999998	42
144.63153	42
144.89002399999998	38
144.89002399999998	42
145.153518	42
145.28526499999998	38
145.41701199999997	35
145.41701199999997	42
145.670506	35
145.670506	42
145.92399999999998	38
145.92399999999998	42
146.058247	35
146.19249399999998	35
146.19249399999998	42
146.460988	35
146.460988	42
146.72095499999998	42
146.980922	38
146.980922	42
147.24588899999998	42
147.37837249999998	38
147.510856	35
147.510856	38
147.76582299999998	38
148.02078999999998	38
148.15077349999999	38
148.280757	47
148.54072399999998	35
148.54072399999998	49
148.795691	42
149.05065799999997	38
149.05065799999997	42
149.31062499999996	42
149.44060849999997	38
149.57059199999998	35
149.57059199999998	42
149.83555899999996	35
149.83555899999996	42
150.10052599999997	38
150.10052599999997	42
150.360493	35
150.360493	42
150.62045999999998	35
150.62045999999998	42
150.880427	42
151.140394	38
151.140394	42
151.41536099999996	42
151.55284449999996	38
151.69032799999997	35
151.69032799999997	42
151.940295	38
152.19026200000002	38
152.32024549999997	38
152.45022899999998	47
152.71019599999997	35
152.71019599999997	49
152.96983399999996	42
153.229472	38
153.229472	42
153.48411	42
153.611429	38
153.738748	35
153.738748	42
154.00338599999998	35
154.00338599999998	42
154.26802399999997	38
154.26802399999997	42
154.53266199999996	35
154.53266199999996	42
154.79729999999998	35
154.79729999999998	42
155.06226699999996	35
155.06226699999996	42
155.32723399999998	38
155.32723399999998	42
155.59220099999996	42
155.72468449999997	35
155.857168	38
155.97965150000002	38
156.102135	38
156.22461850000002	38
156.347102	38
156.4770855	38
156.607069	47
156.86703599999998	35
156.86703599999998	49
157.13167399999998	42
157.396312	38
157.396312	42
157.66594999999998	42
157.80076899999997	35
157.93558799999997	35
157.93558799999997	42
158.200226	35
158.200226	42
158.46486399999998	38
158.46486399999998	42
158.72950199999997	35
158.72950199999997	42
158.99414	35
158.99414	42
159.25410699999998	42
159.514074	38
159.514074	42
159.78404099999997	42
160.05400799999998	35
160.05400799999998	42
160.313975	35
160.313975	42
160.573942	38
160.573942	42
160.84390899999997	35
160.84390899999997	42
161.11387599999995	35
161.11387599999995	42
161.37507	42
161.63626399999998	38
161.63626399999998	42
161.912458	42
162.05055499999997	38
162.18865199999996	35
162.18865199999996	42
162.449846	35
162.449846	42
162.71103999999997	38
162.71103999999997	42
162.97723399999998	35
162.97723399999998	42
163.24342799999997	35
163.24342799999997	42
163.50806599999996	42
163.77270399999998	38
163.77270399999998	42
164.03734199999997	42
164.16966099999996	38
164.30197999999996	38
164.55661800000001	38
164.81125600000001	38
164.94107499999998	38
165.07089399999998	47
165.33053199999998	35
165.33053199999998	49
165.59049899999997	42
165.85046599999998	38
165.85046599999998	42
166.10543299999998	42
166.2329165	38
166.3604	35
166.3604	42
166.620367	35
166.620367	42
166.88033399999998	38
166.88033399999998	42
167.140301	35
167.140301	42
167.40026799999998	35
167.40026799999998	42
167.65367899999998	42
167.90708999999998	38
167.90708999999998	42
168.165501	42
168.2947065	38
168.423912	35
168.423912	42
168.55311749999998	38
168.682323	35
168.682323	42
168.940734	38
168.940734	42
169.199145	42
169.45755599999998	35
169.45755599999998	42
169.71940949999998	42
169.98126299999998	38
169.98126299999998	42
170.24311649999996	42
170.37404324999997	38
170.50496999999996	35
170.50496999999996	42
170.75682349999997	35
170.75682349999997	42
171.00867699999998	38
171.00867699999998	42
171.27553049999997	35
171.27553049999997	42
171.54238399999994	35
171.54238399999994	42
171.80390849999998	42
172.06543299999996	38
172.06543299999996	42
172.32695749999996	42
172.45771974999997	38
172.58848199999997	38
172.85000649999998	38
173.11153099999996	38
173.23979324999996	38
173.36805549999997	47
173.62457999999995	35
173.62457999999995	49
173.88110449999996	35
173.88110449999996	42
174.13762899999995	38
174.13762899999995	42
174.39415349999996	42
174.52241574999996	35
174.65067799999997	42
174.92220249999994	35
174.92220249999994	42
175.1937269999999	38
175.1937269999999	42
175.44525149999998	35
175.44525149999998	42
175.696776	35
175.696776	42
175.96330049999997	35
175.96330049999997	42
176.22982499999995	38
176.22982499999995	42
176.49634949999995	42
176.62961174999995	38
176.76287399999995	35
176.76287399999995	42
177.01939849999997	38
177.27592299999995	38
177.40418524999995	38
177.53244749999996	47
177.78897199999997	35
177.78897199999997	49
178.04893899999996	42
178.30890599999998	38
178.30890599999998	42
178.56887299999997	42
178.69885649999998	38
178.82883999999999	35
178.82883999999999	42
179.09380699999997	35
179.09380699999997	42
179.35877399999995	38
179.35877399999995	42
179.62374099999997	42
179.88870799999995	35
179.88870799999995	42
180.14867499999997	42
180.40864199999996	38
180.40864199999996	42
180.67360899999994	42
180.80609249999995	35
180.93857599999998	38
181.06355949999997	38
181.18854299999998	38
181.3135265	38
181.43850999999998	38
181.69847699999997	38
181.95844399999996	35
181.95844399999996	49
182.21841099999997	42
182.47837799999996	38
182.47837799999996	42
182.73834499999995	42
182.86832849999996	38
182.99831199999997	35
182.99831199999997	42
183.25827899999996	35
183.25827899999996	42
183.51824599999998	38
183.51824599999998	42
183.77821299999997	35
183.77821299999997	42
184.03817999999995	35
184.03817999999995	42
184.29814699999997	42
184.55811399999996	38
184.55811399999996	42
184.82308099999997	42
184.95556449999995	38
185.08804799999996	35
185.08804799999996	42
185.34301499999995	38
185.59798199999997	38
185.72296549999996	38
185.84794899999997	38
186.09791599999997	35
186.09791599999997	49
186.35632699999994	42
186.61473799999993	38
186.61473799999993	42
186.87314899999993	42
187.00235449999994	35
187.13155999999995	35
187.13155999999995	42
187.38997099999995	35
187.38997099999995	42
187.64838199999994	38
187.64838199999994	42
187.90679299999994	35
187.90679299999994	42
188.16520399999993	35
188.16520399999993	42
188.42861499999995	42
188.69202599999997	38
188.69202599999997	42
188.96543699999995	42
189.10214249999993	35
189.23884799999993	35
189.23884799999993	42
189.49725899999996	35
189.49725899999996	42
189.75566999999995	38
189.75566999999995	42
190.0240809999999	35
190.0240809999999	42
190.29249199999992	35
190.29249199999992	42
190.55679999999995	42
190.82110799999995	38
190.82110799999995	42
191.08541599999998	42
191.21756999999997	35
191.34972399999998	35
191.34972399999998	42
191.61403199999998	35
191.61403199999998	42
191.87833999999995	38
191.87833999999995	42
192.14264799999995	35
192.14264799999995	42
192.40695599999995	35
192.40695599999995	42
192.67003649999995	42
192.93311699999995	38
192.93311699999995	42
193.19619749999995	42
193.32773774999995	38
193.45927799999996	35
193.45927799999996	42
193.59081824999996	35
193.72235849999996	38
193.98543899999996	38
194.11197924999996	38
194.23851949999997	47
194.49159999999995	35
194.74845349999995	42
195.00530699999996	38
195.00530699999996	42
195.27216049999993	42
195.40558724999994	38
195.53901399999992	35
195.53901399999992	42
195.79086749999996	35
195.79086749999996	42
196.04272099999997	38
196.04272099999997	42
196.30957449999994	42
196.5764279999999	35
196.5764279999999	42
196.83639499999992	42
197.09636199999994	38
197.09636199999994	42
197.35632899999993	42
197.48631249999994	38
197.61629599999995	38
197.87626299999994	38
198.13622999999993	38
198.26371349999994	38
198.39119699999995	47
198.64616399999994	35
198.64616399999994	49
198.90613099999996	42
199.16609799999995	38
199.16609799999995	42
199.42106499999994	42
199.54854849999995	38
199.67603199999996	35
199.67603199999996	42
199.94099899999995	35
199.94099899999995	42
200.20596599999993	38
200.20596599999993	42
200.46593299999995	35
200.46593299999995	42
200.72589999999994	35
200.72589999999994	42
200.99086699999995	42
201.25583399999994	38
201.25583399999994	42
201.52580099999992	42
201.66078449999992	38
201.79576799999992	35
201.79576799999992	42
202.04573499999995	38
202.29570199999998	38
202.42568549999993	38
202.55566899999994	47
202.81563599999993	35
202.81563599999993	49
203.07871649999993	42
203.34179699999993	38
203.34179699999993	42
203.59987749999993	42
203.72891774999994	38
203.85795799999994	35
203.85795799999994	42
203.99199824999994	38
204.12603849999994	35
204.12603849999994	42
204.39411899999993	38
204.39411899999993	42
204.65719949999993	35
204.65719949999993	42
204.92027999999993	35
204.92027999999993	42
205.17836049999994	42
205.43644099999995	38
205.43644099999995	42
205.69952149999995	42
205.83106174999995	35
205.96260199999995	38
206.08914224999995	38
206.21568249999996	38
206.34222274999996	38
206.46876299999997	35
206.46876299999997	38
206.73184349999994	38
206.9949239999999	35
206.9949239999999	49
207.2583349999999	42
207.52174599999992	38
207.52174599999992	42
207.78015699999992	42
207.90936249999993	38
208.03856799999994	35
208.03856799999994	42
208.29197899999994	35
208.29197899999994	42
208.5453899999999	38
208.5453899999999	42
208.8088009999999	42
209.07221199999992	35
209.07221199999992	42
209.33062299999995	42
209.58903399999994	38
209.58903399999994	42
209.85244499999993	42
209.9841504999999	38
210.11585599999992	35
210.11585599999992	42
210.37426699999992	38
210.6326779999999	38
210.75688349999993	38
210.88108899999992	38
211.12949999999995	35
211.12949999999995	49
211.38791099999992	42
211.6463219999999	38
211.6463219999999	42
211.9047329999999	42
212.03393849999992	35
212.1631439999999	35
212.1631439999999	42
212.42655499999992	35
212.42655499999992	42
212.68996599999994	38
212.68996599999994	42
212.94337699999994	42
213.1967879999999	35
213.1967879999999	42
213.4598684999999	42
213.72294899999991	38
213.72294899999991	42
213.9960294999999	42
214.1325697499999	35
214.2691099999999	35
214.2691099999999	42
214.40065024999993	38
214.53219049999993	35
214.53219049999993	42
214.79527099999993	38
214.79527099999993	42
215.05835149999993	35
215.05835149999993	42
215.32143199999993	35
215.32143199999993	42
215.58451249999993	42
215.84759299999993	38
215.84759299999993	42
216.11567349999993	42
216.24971374999993	35
216.38375399999993	35
216.38375399999993	42
216.64683449999993	35
216.64683449999993	42
216.90991499999993	38
216.90991499999993	42
217.16799549999993	42
217.4260759999999	35
217.4260759999999	42
217.6910429999999	42
217.9560099999999	38
217.9560099999999	42
218.2209769999999	42
218.3534604999999	38
218.48594399999993	35
218.48594399999993	42
218.61342749999991	35
218.74091099999993	38
218.9958779999999	38
219.1258614999999	38
219.2558449999999	47
219.5158119999999	35
219.5158119999999	49
219.7773364999999	42
220.03886099999988	38
220.03886099999988	42
220.3003854999999	42
220.4311477499999	35
220.5619099999999	35
220.5619099999999	42
220.8284344999999	35
220.8284344999999	42
221.0949589999999	38
221.0949589999999	42
221.3564834999999	35
221.3564834999999	42
221.61800799999992	35
221.61800799999992	42
221.88108849999992	42
222.14416899999992	38
222.14416899999992	42
222.40724949999992	42
222.53878974999992	38
222.67032999999992	35
222.67032999999992	42
222.80187024999992	38
222.93341049999992	35
222.93341049999992	42
223.19649099999992	38
223.19649099999992	42
223.45957149999992	35
223.45957149999992	42
223.72265199999993	35
223.72265199999993	42
223.98384599999994	42
224.2450399999999	38
224.2450399999999	42
224.5162339999999	42
224.6518309999999	35
224.78742799999992	42
225.05862199999993	35
225.05862199999993	42
225.3298159999999	38
225.3298159999999	42
225.59100999999993	35
225.59100999999993	42
225.85220399999992	35
225.85220399999992	42
226.11028449999992	42
226.3683649999999	38
226.3683649999999	42
226.6364454999999	42
226.7704857499999	35
226.90452599999992	38
227.16760649999992	38
227.43068699999992	38
227.55722724999993	38
227.68376749999993	47
227.93684799999994	35
227.93684799999994	49
228.2052589999999	42
228.47366999999988	38
228.47366999999988	42
228.7270809999999	42
228.85378649999993	35
228.9804919999999	35
228.9804919999999	42
229.2389029999999	35
229.2389029999999	42
229.4973139999999	38
229.4973139999999	42
229.7557249999999	35
229.7557249999999	42
230.0141359999999	35
230.0141359999999	42
230.27254699999992	42
230.5309579999999	38
230.5309579999999	42
230.7893689999999	42
230.9185744999999	35
231.0477799999999	42
231.3061909999999	35
231.3061909999999	42
231.5646019999999	38
231.5646019999999	42
231.8230129999999	35
231.8230129999999	42
232.0814239999999	35
232.0814239999999	42
232.3445044999999	42
232.60758499999991	38
232.60758499999991	42
232.87066549999992	42
233.00220574999992	35
233.13374599999992	42
233.39182649999992	35
233.39182649999992	42
233.64990699999993	38
233.64990699999993	42
233.78144724999993	35
233.91298749999993	35
233.91298749999993	42
234.17606799999993	35
234.17606799999993	42
234.43914849999993	42
234.70222899999993	38
234.70222899999993	42
234.97030949999993	42
235.10434974999993	38
235.23838999999992	38
235.49647049999993	38
235.75455099999994	38
235.88359124999994	38
236.01263149999994	47
236.27071199999992	35
236.27071199999992	49
236.5356789999999	42
236.80064599999992	38
236.80064599999992	42
237.0606129999999	42
237.1905964999999	35
237.32057999999992	35
237.32057999999992	42
237.5805469999999	35
237.5805469999999	42
237.8405139999999	38
237.8405139999999	42
238.10048099999992	35
238.10048099999992	42
238.3604479999999	35
238.3604479999999	42
238.62541499999992	42
238.8903819999999	38
238.8903819999999	42
239.1503489999999	42
239.2803324999999	38
239.4103159999999	35
239.6652829999999	38
239.9202499999999	38
240.0502334999999	38
240.1802169999999	47
240.4401839999999	35
240.4401839999999	49
240.7101509999999	42
240.8451344999999	35
240.9801179999999	38
240.9801179999999	42
241.2400849999999	42
241.37006849999992	35
241.50005199999993	42
241.75501899999992	35
241.75501899999992	42
242.0099859999999	38
242.0099859999999	42
242.25995299999994	35
242.25995299999994	42
242.50991999999994	35
242.50991999999994	42
242.76988699999993	42
243.02985399999992	38
243.02985399999992	42
243.2998209999999	42
243.43480449999987	35
243.56978799999987	38
243.6997714999999	38
243.8297549999999	38
243.9597384999999	38
244.0897219999999	38
244.3446889999999	38
244.5996559999999	35
244.5996559999999	42