31.435496	35
31.6826475	38
31.929799000000003	42
32.176950500000004	35
32.424102	38
32.424102	42
32.54517775	38
32.908405	42
33.1505565	35
33.392708	42
33.629859499999995	35
33.867011000000005	42
34.109162500000004	35
34.351314	38
34.351314	42
34.5884655	38
34.825617	42
35.07276850000001	38
35.15515233333334	38
35.23753616666667	38
35.31992	35
35.31992	42
35.5620715	38
35.804223	42
36.0463745	35
36.288526000000005	38
36.288526000000005	42
36.5306775	38
36.772829	42
37.0099805	35
37.247132	42
37.489283500000006	35
37.731435000000005	42
37.9735865	35
38.215738	38
38.215738	42
38.4578895	38
38.700041000000006	42
38.942192500000004	38
39.02290966666667	38
39.10362683333334	38
39.1782902125	35
39.1782902125	42
39.4264955	38
39.668647	42
39.910798500000006	35
40.152950000000004	38
40.152950000000004	42
40.3951015	38
40.637253	42
40.8794045	35
41.121556000000005	42
41.363707500000004	38
41.605859	42
41.8480105	35
42.090162	35
42.090162	42
42.33731350000001	38
42.584465	42
43.058768	38
43.058768	42
43.3009195	38
43.543071000000005	42
43.7852225	35
44.027374	42
44.2745255	35
44.521677	42
44.7588285	35
44.99598	38
44.99598	42
45.2331315	38
45.470283	42
45.717434499999996	38
45.799818333333334	38
45.88220216666667	38
45.964586000000004	35
45.964586000000004	42
46.2067375	38
46.448889	42
46.933192	38
46.933192	42
47.1698158850576	38
47.406426525	42
47.653037025	35
47.899647525000006	42
48.14625802500001	35
48.392868525000004	42
48.629479025	35
48.86608952500001	38
48.86608952500001	42
49.10770002500001	38
49.34931052500001	42
49.59592102500001	38
49.67812452500001	38
49.76032802500001	38
49.842531525000005	35
49.842531525000005	42
50.084142025000006	38
50.325752525000006	42
50.562363025	35
50.79897352500001	38
50.79897352500001	42
51.04558402500001	38
51.292194525000006	42
51.53380502500001	35
51.77541552500001	42
52.01702602500001	35
52.25863652500001	42
52.495247025000005	35
52.73185752500001	38
52.73185752500001	42
52.97346802500001	38
53.215078525	42
53.45668902500001	38
53.537225858333336	38
53.61776269166668	38
53.698299525	35
53.698299525	42
53.941303525	38
54.184307525	42
54.427311525	35
54.67031552500001	38
54.67031552500001	42
54.913319525000006	38
55.156323525000005	42
55.399327525000004	35
55.642331525	42
55.885335525	38
56.128339525	42
56.371343525	35
56.61434752500001	35
56.61434752500001	42
56.85595802500001	38
57.09756852500001	42
57.58078952500001	38
57.58078952500001	42
57.82240002500001	38
58.06401052500001	42
58.30562102500001	35
58.54723152500001	42
58.793842025000004	38
59.040452525000006	42
59.277063025000004	35
59.51367352500001	38
59.51367352500001	42
59.750284025000006	38
59.986894525000004	42
60.228505025000004	38
60.30904185833334	38
60.38957869166667	38
60.470115525000004	35
60.470115525000004	42
60.71672602500001	38
60.96333652500001	42
61.20494702500001	35
61.44655752500001	38
61.44655752500001	42
61.693168025	38
61.93977852500001	42
62.181389025	35
62.42299952500001	42
62.664610025	35
62.906220525	42
63.14283102500001	35
63.379441525000004	38
63.379441525000004	42
63.621052025000004	38
63.862662525000005	42
64.099273025	38
64.17814319166668	38
64.25701335833334	38
64.33588352500001	35
64.33588352500001	42
64.582494025	38
64.829104525	42
65.070715025	35
65.312325525	38
65.312325525	42
65.553936025	38
65.795546525	42
66.037157025	35
66.27876752499999	42
66.520378025	38
66.761988525	42
67.003599025	35
67.24520952499999	38
67.24520952499999	42
67.486820025	38
67.72843052500001	42
67.970041025	38
68.05057785833334	38
68.13111469166667	38
68.211651525	35
68.211651525	42
68.45492869166667	38
68.69820585833334	42
69.18476019166667	38
69.18476019166667	42
69.42803735833334	38
69.671314525	42
69.91126333767663	35
70.15121215035325	42
70.39223949401493	38
70.63326683767663	42
70.8742941813383	35
71.115321525	35
71.115321525	42
71.357473025	38
71.599624525	42
72.093927525	38
72.093927525	42
72.336079025	38
72.57823052500001	42
72.820382025	35
73.062533525	42
73.29968502499999	38
73.536836525	42
73.778988025	35
74.021139525	38
74.021139525	42
74.258291025	38
74.495442525	42
74.737594025	38
74.81831119166668	38
74.89902835833334	38
74.97974552500001	35
74.97974552500001	42
75.226897025	38
75.474048525	42
75.711200025	42
75.948351525	38
75.948351525	42
76.19550302500001	38
76.442654525	42
76.684806025	35
76.92695752499999	42
77.169109025	47
77.411260525	42
77.648412025	35
77.88556352500001	38
77.88556352500001	42
78.132715025	38
78.379866525	42
78.622018025	38
78.70273519166666	38
78.78345235833334	38
78.864169525	35
78.864169525	49
79.34847252499999	42
79.590624025	35
79.832775525	38
79.832775525	42
80.074927025	38
80.317078525	42
80.55923002499999	35
80.801381525	42
81.043533025	38
81.285684525	42
81.527836025	35
81.76998752499999	38
81.76998752499999	42
82.012139025	38
82.254290525	38
82.254290525	42
82.333341025	38
82.412391525	38
82.491442025	38
82.570492525	38
82.649543025	38
82.72859352500001	35
82.72859352500001	42
82.970745025	38
83.212896525	42
83.460048025	35
83.707199525	38
83.707199525	42
83.949351025	38
84.19150252499999	42
84.428654025	35
84.907416025	47
85.390637025	35
85.63224752500001	47
85.873858025	47
86.11546852500001	47
86.352079025	35
86.588689525	35
86.588689525	49
86.588689525	49
87.08191052500001	42
87.323521025	35
87.56513152500001	38
87.56513152500001	49
87.811742025	38
88.058352525	42
88.304963025	35
88.55157352500001	35
88.55157352500001	49
89.03479452500001	42
89.266405025	35
89.49801552500001	38
89.49801552500001	49
89.74962602500001	38
90.00123652500001	42
90.242847025	35
90.48445752500001	35
90.48445752500001	49
90.96767852500001	42
91.209289025	35
91.45089952500001	38
91.45089952500001	49
91.692510025	38
91.93412052500001	42
92.170731025	35
92.407341525	49
92.648952025	35
92.890562525	42
93.132173025	35
93.37378352500001	38
93.37378352500001	49
93.615394025	38
93.85700452500001	42
94.098615025	35
94.34022552500001	35
94.34022552500001	49
94.824528525	42
95.06668002500001	35
95.308831525	38
95.308831525	49
95.55098302500001	38
95.79313452500001	42
96.035286025	35
96.27743752500001	49
96.519589025	35
96.76174052500001	42
97.00389202500001	35
97.246043525	38
97.246043525	49
97.49319502500002	38
97.740346525	42
97.98249802500001	35
98.22464952500002	35
98.22464952500002	49
98.70895252500002	42
98.946104025	35
99.183255525	38
99.183255525	49
99.42540702500001	38
99.667558525	42
99.90971002500001	35
100.151861525	49
100.394013025	47
100.878316025	35
101.12046752500001	38
101.12046752500001	49
101.604770525	42
101.84192202500002	35
102.07907352500001	35
102.07907352500001	49
102.56337652500001	42
102.81052802500001	35
103.05767952500001	38
103.05767952500001	49
103.299831025	38
103.54198252500001	42
103.784134025	35
104.026285525	49
104.50058852500001	42
104.74274002500002	35
104.98489152500001	38
104.98489152500001	49
105.22704302500001	38
105.46919452500002	42
105.71134602500001	35
105.95349752500002	35
105.95349752500002	49
106.43780052500001	42
106.68495202500002	35
106.932103525	38
106.932103525	49
107.17425502500001	38
107.416406525	42
107.658558025	35
107.90070952500001	49
108.142861025	35
108.38501252500001	42
108.622164025	35
108.85931552500001	38
108.85931552500001	49
109.10646702500001	38
109.353618525	42
109.59077002500001	35
109.82792152500001	35
109.82792152500001	49
110.321142525	42
110.56275302499999	35
110.804363525	38
110.804363525	49
111.04597402499999	38
111.287584525	42
111.524195025	35
111.76080552500001	49
112.007416025	35
112.254026525	42
112.495637025	35
112.737247525	38
112.737247525	49
112.978858025	38
113.220468525	42
113.457079025	35
113.69368952500001	35
113.69368952500001	49
114.186910525	42
114.428521025	35
114.670131525	38
114.670131525	49
114.911742025	38
115.153352525	42
115.394963025	35
115.636573525	49
115.878184025	47
116.361405025	35
116.603015525	38
116.603015525	49
117.09623652500001	42
117.337847025	35
117.57945752500001	35
117.57945752500001	42
118.07376052500001	42
118.305912025	35
118.538063525	38
118.538063525	42
118.79021502500002	38
119.042366525	42
119.27451802499999	35
119.506669525	42
119.75382102500001	38
119.83620485833335	38
119.91858869166668	38
120.00097252500001	42
120.238124025	35
120.475275525	38
120.475275525	42
120.72242702500002	38
120.969578525	42
121.04862902500001	38
121.127679525	38
121.206730025	35
121.206730025	38
121.44388152500001	35
121.44388152500001	42
121.686033025	38
121.928184525	42
122.170336025	35
122.412487525	38
122.412487525	42
122.65963902500002	38
122.906790525	42
123.14894202500001	35
123.39109352499999	42
123.623245025	35
123.85539652500002	42
124.09754802500001	35
124.33969952500001	38
124.33969952500001	42
124.581851025	38
124.82400252500001	42
125.30830552500001	35
125.30830552500001	42
125.55045702500001	38
125.55045702500001	42
125.792608525	42
126.03476002500001	35
126.27691152500002	38
126.27691152500002	42
126.51906302500001	38
126.76121452500001	42
127.003366025	35
127.24551752500001	42
127.487669025	38
127.729820525	42
127.971972025	35
128.214123525	35
128.214123525	49
128.69734452499998	42
128.943955025	35
129.190565525	38
129.190565525	42
129.673786525	42
129.91039702499998	35
130.147007525	42
130.388618025	38
130.46915485833333	38
130.54969169166665	38
130.63022852499998	42
130.876839025	35
131.123449525	38
131.123449525	42
131.36506002500002	38
131.606670525	42
132.089891525	35
132.089891525	42
132.33650202500002	38
132.583112525	42
132.824723025	35
133.066333525	38
133.066333525	42
133.307944025	38
133.549554525	42
133.791165025	35
134.032775525	42
134.26938602500002	35
134.505996525	42
134.74260702499998	35
134.979217525	38
134.979217525	42
135.22582802500003	38
135.472438525	42
135.95565952500002	35
135.95565952500002	42
136.20227002500002	38
136.448880525	42
136.690491025	35
136.932101525	38
136.932101525	42
137.16871202500002	42
137.405322525	42
137.651933025	35
137.898543525	42
138.14015402500002	35
138.381764525	42
138.618375025	35
138.85498552500002	38
138.85498552500002	42
139.096596025	38
139.338206525	42
139.82142752500002	35
139.82142752500002	42
140.0647046916667	38
140.30798185833333	42
140.551259025	35
140.79453619166668	38
140.79453619166668	42
141.03781335833332	38
141.281090525	42
141.52103435833334	38
141.52103435833334	35
141.6010156361111	38
141.6809969138889	38
141.76097819166668	35
141.76097819166668	42
142.000922025	38
142.24086585833334	42
142.48080969166668	35
142.72075352500002	35
142.72075352500002	42
143.216146525	42
143.45884302500002	35
143.70153952500002	38
143.70153952500002	42
143.944236025	38
144.186932525	42
144.424629025	35
144.424629025	42
144.66232552500003	42
144.90502202500002	38
145.14771852500002	47
145.390415025	35
145.63311152500003	38
145.63311152500003	38
145.87580802500003	42
145.95670685833335	42
146.0376056916667	42
146.11850452500002	42
146.613897525	35
146.613897525	42
146.856049025	38
147.098200525	42
147.340352025	35
147.582503525	38
147.582503525	42
147.819655025	38
148.056806525	42
148.29895802500002	35
148.541109525	42
148.77826102499998	38
148.85731152499997	38
148.936362025	38
149.015412525	42
149.257564025	35
149.499715525	38
149.499715525	42
149.74186702499998	38
149.98401852499998	42
150.468321525	35
150.468321525	42
150.710473025	38
150.95262452499998	42
151.189776025	35
151.426927525	38
151.426927525	42
151.669079025	38
151.911230525	42
152.15338202499998	35
152.395533525	42
152.642685025	35
152.889836525	42
153.131988025	35
153.37413952499998	38
153.37413952499998	42
153.61629102499998	38
153.858442525	42
154.342745525	35
154.342745525	42
154.58489702499998	42
154.82704852499998	42
155.069200025	35
155.311351525	38
155.311351525	42
155.553503025	38
155.79565452499997	42
156.03780602499998	35
156.279957525	42
156.522109025	38
156.60282619166665	38
156.6835433583333	38
156.764260525	42
157.00641202499997	35
157.24856352499998	35
157.24856352499998	49
157.490715025	38
157.732866525	42
157.975018025	35
158.21716952499997	38
158.21716952499997	49
158.45932102499998	38
158.70147252499999	42
158.943624025	35
159.185775525	49
159.42792702499997	38
159.67007852499998	42
159.91723002499998	35
160.164381525	38
160.164381525	49
160.40153302500002	38
160.638684525	42
160.759760275	38
160.88083602499998	35
160.88083602499998	38
161.12298752499998	35
161.12298752499998	49
161.365139025	38
161.607290525	42
161.849442025	35
162.09159352499998	38
162.09159352499998	49
162.333204025	38
162.57481452499997	42
162.81142502499998	35
163.048035525	49
163.294646025	38
163.54125652499997	42
163.78286702499997	35
164.02447752499998	38
164.02447752499998	49
164.14528277499997	38
164.50769852499997	42
164.74430902499998	35
164.980919525	35
164.980919525	49
165.227530025	38
165.47414052499997	42
165.71575102499997	35
165.95736152499998	38
165.95736152499998	49
166.203972025	38
166.450582525	42
166.692193025	35
166.933803525	49
167.17041402499999	35
167.40702452499997	42
167.64863502499998	35
167.89024552499998	38
167.89024552499998	49
168.37346652499997	42
168.61007702499998	35
168.846687525	35
168.846687525	49
169.349908525	49
169.591519025	35
169.833129525	38
169.833129525	49
170.316350525	42
170.557961025	47
170.63849785833332	47
170.71903469166668	47
170.799571525	47
171.036182025	47
171.27279252499997	47
171.51440302499998	47
171.756013525	47
171.99762402499996	47
172.23923452499997	47
172.48084502499998	35
172.722455525	35
172.722455525	49
172.722455525	49
173.21675852500002	42
173.701061525	38
173.701061525	49
173.948213025	38
174.195364525	42
174.437516025	35
174.67966752499999	49
175.163970525	42
175.401122025	35
175.63827352500002	38
175.63827352500002	49
175.880425025	38
176.122576525	42
176.354728025	35
176.586879525	35
176.586879525	49
177.091182525	42
177.32833402499998	35
177.56548552499999	38
177.56548552499999	49
177.81263702500002	38
178.05978852500002	42
178.29694002499997	35
178.53409152499998	49
178.77624302499999	35
179.018394525	42
179.260546025	35
179.50269752499997	38
179.50269752499997	49
179.74484902499998	38
179.98700052499998	42
180.229152025	35
180.471303525	35
180.471303525	49
180.95560652499998	42
181.19775802499998	35
181.439909525	38
181.439909525	49
181.687061025	38
181.934212525	42
182.171364025	35
182.40851552499998	49
182.650667025	35
182.892818525	42
183.13497002499997	35
183.37712152499998	38
183.37712152499998	49
183.62427302499998	38
183.871424525	42
184.10857602500002	35
184.34572752499997	35
184.34572752499997	49
184.840030525	42
185.082182025	35
185.32433352500001	38
185.32433352500001	49
185.561485025	38
185.79863652499998	42
186.04078802499998	35
186.282939525	49
186.525091025	47
186.767242525	47
187.00939402499998	35
187.25154552499998	38
187.25154552499998	49
187.735848525	42
187.978000025	35
188.22015152499998	35
188.22015152499998	49
188.712293525	42
188.95336452499998	35
189.194435525	38
189.194435525	49
189.435506525	38
189.676577525	42
189.917648525	35
190.158719525	49
190.394790525	35
190.63086152499997	42
190.87693252499997	35
191.123003525	38
191.123003525	49
191.359074525	38
191.59514552499996	42
191.83621652499997	35
192.07728752499997	35
192.07728752499997	49
192.569429525	42
192.810500525	35
193.05157152499999	38
193.05157152499999	49
193.297642525	38
193.543713525	42
193.779784525	35
194.015855525	49
194.26192652499998	38
194.50799752499998	42
194.74906852499998	35
194.990139525	38
194.990139525	49
195.236210525	38
195.482281525	42
195.71835252499997	35
195.95442352499998	35
195.95442352499998	49
196.438726525	42
196.68087802499997	35
196.92302952499998	38
196.92302952499998	49
197.16518102499998	38
197.407332525	42
197.649484025	35
197.89163552499997	49
198.13378702499998	35
198.37593852499998	42
198.618090025	35
198.860241525	38
198.860241525	49
199.10239302499997	38
199.34454452499998	42
199.58169602499999	35
199.818847525	35
199.818847525	49
200.31315052499997	42
200.55030202499998	35
200.787453525	38
200.787453525	49
201.034605025	38
201.281756525	42
201.52390802499997	35
201.76605952499997	49
202.00821102499998	47
202.25036252499999	49
202.497514025	35
202.74466552499996	38
202.74466552499996	49
203.22896852499997	49
203.47112002499998	35
203.47112002499998	49
203.71327152499998	35
203.71327152499998	49
204.19757452499996	49
204.43472602499997	35
204.43472602499997	49
204.67187752499999	38
204.67187752499999	49
204.909029025	49
205.14618052499998	49
205.38833202499998	35
205.38833202499998	49
205.630483525	49
205.872635025	35
205.872635025	49
206.114786525	49
206.35693802499998	35
206.35693802499998	49
206.59908952499998	38
206.59908952499998	49
206.841241025	49
207.083392525	49
207.325544025	35
207.325544025	49
207.56769552499998	35
207.56769552499998	49
207.81484702499998	49
208.06199852499998	49
208.299150025	35
208.299150025	49
208.536301525	38
208.536301525	49
208.78345302499997	49
209.03060452499997	49
209.27275602499998	35
209.27275602499998	49
209.51490752499998	49
209.747059025	35
209.747059025	49
209.97921052499998	49
210.22636202499996	35
210.22636202499996	49
210.473513525	38
210.473513525	49
210.715665025	49
210.957816525	49
211.19996802499998	35
211.19996802499998	49
211.44211952499998	35
211.44211952499998	49
211.684271025	49
211.926422525	49
212.168574025	35
212.168574025	49
212.41072552499998	38
212.41072552499998	49
212.65287702499998	49
212.895028525	49
213.132180025	35
213.132180025	49
213.369331525	49
213.61148302499996	35
213.61148302499996	49
213.85363452499996	49
214.09578602499997	35
214.09578602499997	49
214.33793752499997	38
214.33793752499997	49
214.58008902499998	49
214.82224052499996	49
215.06439202499996	35
215.06439202499996	49
215.30654352499997	35
215.30654352499997	49
215.54869502499997	49
215.79084652499998	49
216.03299802499996	35
216.03299802499996	49
216.27514952499996	38
216.27514952499996	49
216.52230102499996	35
216.52230102499996	49
216.76945252499996	35
216.76945252499996	49
217.011604025	49
217.25375552499997	49
217.49090702499998	47
217.49090702499998	49
217.728058525	49
217.97021002499997	35
217.97021002499997	49
218.21236152499998	38
218.45451302499995	49
218.69666452499996	49
218.933816025	35
218.933816025	49
219.170967525	35
219.170967525	49
219.66527052499993	49
219.90742202499996	35
219.90742202499996	49
220.14957352499997	38
220.14957352499997	49
220.39172502499997	49
220.63387652499998	49
220.87602802499995	35
220.87602802499995	49
221.11817952499996	49
221.36033102499997	35
221.36033102499997	49
221.60248252499997	49
221.84463402499998	35
221.84463402499998	49
222.08678552499995	38
222.08678552499995	49
222.32893702499996	49
222.57108852499996	49
222.81324002499997	35
222.81324002499997	49
223.05539152499998	35
223.05539152499998	49
223.29754302499995	49
223.53969452499996	49
223.78184602499996	35
223.78184602499996	49
224.02399752499997	38
224.02399752499997	49
224.26614902499998	49
224.50830052499995	49
224.75045202499996	35
224.75045202499996	49
224.99260352499996	49
225.23475502499997	35
225.23475502499997	49
225.47690652499998	49
225.71905802499995	35
225.71905802499995	49
225.96120952499996	38
225.96120952499996	49
226.44551252499997	49
226.68766402499998	35
226.92981552499995	35
226.92981552499995	49
226.92981552499995	49
227.41411852499996	49
227.65627002499997	35
227.65627002499997	49
227.89842152499997	38
227.89842152499997	49
228.14057302499995	49
228.38272452499996	49
228.619876025	35
228.619876025	49
228.857027525	49
229.09917902499998	35
229.09917902499998	49
229.34133052499996	49
229.583482025	35
229.583482025	49
229.82563352499997	38
229.82563352499997	49
230.07278502499994	49
230.31993652499995	49
230.56208802499995	35
230.56208802499995	49
230.80423952499999	35
230.80423952499999	49
231.28854252499997	49
231.53069402499997	35
231.53069402499997	49
231.77284552499995	38
231.77284552499995	49
232.00999702500002	47
232.00999702500002	49
232.247148525	47
232.49430002499994	49
232.74145152499995	49
232.97860302499998	47
233.21575452500002	49
233.45790602499997	35
233.70005752499998	38
233.70005752499998	49
234.19112652499993	42
234.67219552499998	49
236.60507952499998	49
237.58152152499997	49
238.557963525	49
242.17212102500002	49
242.28792627500002	49
242.403731525	49
243.382337525	49
244.35094352499996	49
245.319549525	49
246.27815552500002	49
250.16257952499998	49
251.131185525	49
252.089791525	49
253.05839752499998	42
254.02700352499997	49
257.90142752500003	49
258.89356552499993	49
310.1577904416668	49
310.2763661916668	49
310.3949419416668	49
310.5135176916668	49
310.63209344166677	49
310.7531691916667	49
310.87424494166675	49
310.99532069166673	49
311.1163964416667	49
311.2399721916667	49
311.3635479416667	49
311.48712369166674	49
311.6106994416667	49
312.0750024416668	35
312.0750024416668	49
312.0750024416668	49
312.5671444416667	49
312.8132154416667	35
312.8132154416667	49
313.05928644166676	38
313.05928644166676	49
313.3003574416668	49
313.54142844166677	49
313.7824994416668	35
313.7824994416668	49
314.0235704416668	35
314.0235704416668	49
314.2646414416668	49
314.5057124416668	35
314.5057124416668	49
314.7417834416668	35
314.7417834416668	49
314.9778544416668	38
314.9778544416668	49
315.2239254416667	49
315.46999644166675	49
315.7110674416668	35
315.7110674416668	49
315.9521384416668	35
315.9521384416668	49
316.2032094416667	49
316.45428044166664	49
316.6953514416668	49
316.93642244166676	38
316.93642244166676	49
317.1774934416668	49
317.4185644416668	49
317.65963544166675	35
317.65963544166675	49
317.9007064416668	49
318.14177744166676	35
318.14177744166676	49
318.3828484416668	49
318.62391944166677	35
318.62391944166677	49
318.86499044166675	38
318.86499044166675	49
319.1060614416668	49
319.34713244166676	49
319.5882034416668	35
319.5882034416668	49
319.82927444166677	35
319.82927444166677	49
320.31466744166676	49
320.5573639416668	49
320.80006044166674	38
320.80006044166674	49
321.0377569416668	49
321.27545344166685	49
321.51814994166676	35
321.51814994166676	49
321.7608464416668	35
321.7608464416668	49
322.00354294166675	49
322.2462394416668	49
322.48393594166686	49
322.7216324416668	38
322.7216324416668	49
322.9643289416668	49
323.2070254416668	49
323.4547219416667	35
323.4547219416667	49
323.70241844166674	35
323.70241844166674	49
323.94511494166676	49
324.1878114416668	49
324.4305079416668	49
324.67320444166677	38
324.67320444166677	49
324.91090094166685	49
325.1485974416668	49
325.3912939416668	35
325.3912939416668	49
325.6339904416668	49
325.8766869416668	47
326.1193834416668	47
326.3670799416667	35
326.6147764416667	38
326.6147764416667	47
326.85247294166686	49
327.09016944166683	49
327.3278659416668	35
327.56556244166677	35
327.56556244166677	49
328.0377044416668	49
328.28377544166665	49
328.5298464416667	38
328.5298464416667	49
328.78091744166665	49
329.03198844166667	49
329.27305944166676	35
329.27305944166676	49
329.51413044166674	49
329.75020144166683	35
329.75020144166683	49
329.9862724416668	49
330.2273434416668	35
330.2273434416668	49
330.46841444166677	38
330.46841444166677	49
330.7144854416667	49
330.9605564416667	49
331.20162744166674	35
331.20162744166674	49
331.4426984416668	35
331.4426984416668	49
331.68376944166675	49
331.92484044166673	49
332.16591144166676	49
332.40698244166674	38
332.40698244166674	49
332.6480534416668	49
332.88912444166675	49
333.13019544166673	35
333.13019544166673	49
333.37126644166676	49
333.6073374416668	49
333.84340844166684	35
333.84340844166684	49
334.08447944166676	35
334.32555044166673	38
334.32555044166673	49
334.57662144166665	49
334.8276924416666	49
335.06876344166676	35
335.06876344166676	49
335.30983444166674	35
335.30983444166674	49
335.5575309416667	49
335.80522744166666	49
336.04792394166674	49
336.2906204416667	38
336.2906204416667	49
336.5283169416668	49
336.7660134416668	49
337.0087099416667	35
337.0087099416667	49
337.25140644166675	49
337.4891029416668	35
337.4891029416668	49
337.7267994416668	49
337.9744959416667	35
337.9744959416667	49
338.22219244166666	38
338.22219244166666	49
338.46488894166674	49
338.70758544166677	49
338.95028194166673	35
338.95028194166673	49
339.19297844166675	35
339.19297844166675	49
339.43458894166673	49
339.67619944166677	49
339.91780994166675	49
340.1594204416667	38
340.1594204416667	49
340.3960309416668	49
340.6326414416668	49
340.8742519416668	35
340.8742519416668	49
341.2341676916668	35
341.2341676916668	49
341.58908344166684	35
341.58908344166684	49
342.0823044416667	38
342.0823044416667	49
342.56552544166675	47
342.80213594166685	35
343.03874644166683	35
343.03874644166683	49
343.54196744166666	49
343.7785779416668	49
344.0151884416668	38
344.0151884416668	49
344.2567989416668	49
344.49840944166675	49
344.75001994166666	35
344.75001994166666	49
345.00163044166663	35
345.00163044166663	49
345.2432409416667	49
345.48485144166676	49
345.71646194166686	49
345.94807244166685	38
345.94807244166685	49
346.1946829416667	49
346.4412934416667	49
346.6829039416668	35
346.6829039416668	49
346.92451444166676	35
346.92451444166676	49
347.1611249416668	49
347.39773544166684	49
347.6443459416667	49
347.8909564416667	38
347.8909564416667	49
348.1375669416667	49
348.3841774416667	49
348.6257879416668	35
348.6257879416668	49
348.86739844166675	49
349.10900894166673	35
349.10900894166673	49
349.35061944166677	49
349.59222994166674	35
349.59222994166674	49
349.8338404416667	38
349.8338404416667	49
350.07545094166676	49
350.31706144166674	38
350.31706144166674	49
350.5586719416667	35
350.5586719416667	49
350.80028244166675	35
350.80028244166675	49
351.28458544166676	49
351.5217369416668	49
351.75888844166684	38
351.75888844166684	49
352.0060399416667	49
352.2531914416667	49
352.4903429416668	35
352.4903429416668	49
352.7274944416668	49
352.9746459416667	49
353.2217974416667	35
353.2217974416667	49
353.46394894166673	35
353.46394894166673	49
353.70610044166676	38
353.70610044166676	49
353.94825194166674	49
354.1904034416668	49
354.43255494166675	35
354.43255494166675	49
354.67470644166673	35
354.67470644166673	49
354.91685794166676	49
355.15900944166674	49
355.39616094166684	49
355.6333124416668	38
355.6333124416668	49
355.87546394166674	49
356.11761544166677	49
356.3547669416668	38
356.4733426916668	38
356.59191844166685	38
356.7129941916668	38
356.83406994166677	35
356.95514569166676	35
357.07622144166675	47
357.1972971916668	47
357.3183729416668	35
357.43944869166677	35
357.56052444166676	47
357.6841001916667	47
357.80767594166673	35
357.9312516916667	35
358.0548274416667	47
358.0548274416667	47
358.17590319166675	35
358.29697894166674	47
358.4180546916668	47
358.53913044166677	35
358.53913044166677	49
359.0234334416668	49
359.26558494166676	49
359.50773644166674	38
359.50773644166674	49
359.74488794166683	49
359.9820394416668	49
360.2241909416668	35
360.2241909416668	49
360.46634244166677	49
360.70849394166675	49
360.9506454416668	35
360.9506454416668	49
361.1977969416667	35
361.1977969416667	49
361.4449484416667	38
361.4449484416667	49
361.6820999416668	49
361.9192514416668	49
362.1614029416668	35
362.1614029416668	49
362.40355444166676	35
362.40355444166676	49
362.6457059416668	49
362.88785744166677	49
363.1350089416667	49
363.3821604416667	38
363.3821604416667	49
363.62431194166675	49
363.8664634416668	49
364.1036149416668	35
364.1036149416668	49
364.3407664416668	49
364.57791794166684	49
364.8150694416668	35
364.8150694416668	49
365.0522209416668	35
365.0522209416668	49
365.2893724416668	38
365.2893724416668	49
365.5415239416666	49
365.79367544166666	49
366.0308269416668	35
366.0308269416668	49
366.26797844166686	35
366.26797844166686	49
366.7622814416667	49
367.0044329416668	49
367.24658444166676	38
367.24658444166676	49
367.4887359416668	49
367.73088744166677	49
367.9680389416668	35
367.9680389416668	49
368.20519044166684	49
368.4523419416667	49
368.69949344166673	35
368.69949344166673	49
368.9466449416667	35
368.9466449416667	49
369.1937964416667	38
369.1937964416667	49
369.43594794166677	49
369.67809944166675	49
369.9202509416668	35
369.9202509416668	49
370.16240244166676	49
370.3995539416668	38
370.47860444166685	38
370.55765494166684	38
370.63670544166683	35
370.63670544166683	42
370.87885694166675	35
370.87885694166675	42
371.3531599416669	49
371.5853114416668	38
371.5853114416668	49
371.8324629416667	49
372.0796144416667	49
372.3217659416668	35
372.3217659416668	49
372.5639174416668	35
372.5639174416668	49
372.80606894166675	35
372.80606894166675	49
373.0482204416668	47
373.0482204416668	47
373.2953719416667	47
373.2953719416667	47
373.54252344166673	49
373.78467494166676	35
373.78467494166676	49
374.02682644166674	35
374.02682644166674	49
374.51004744166676	49
374.75165794166674	49
374.9932684416667	38
374.9932684416667	49
375.2398789416667	49
375.48648944166666	49
375.72809994166676	35
375.72809994166676	49
375.96971044166673	35
375.96971044166673	49
376.2113209416667	49
376.45293144166675	49
376.6945419416667	35
376.6945419416667	49
376.9361524416667	38
376.9361524416667	49
377.17776294166674	49
377.4193734416667	49
377.6559839416668	35
377.6559839416668	49
377.8925944416668	35
377.8925944416668	49
378.1342049416667	49
378.37581544166676	49
378.61742594166674	35
378.61742594166674	49
378.8590364416667	38
378.8590364416667	49
379.10064694166675	49
379.34225744166673	49
379.58386794166677	35
379.58386794166677	49
379.82547844166675	49
380.07208894166666	47
380.07208894166666	49
380.3186994416667	49
380.56030994166673	35
380.56030994166673	49
380.8019204416667	38
380.8019204416667	49
381.0385309416668	49
381.2751414416668	49
381.51675194166677	35
381.51675194166677	49
381.75836244166675	35
381.75836244166675	49
382.26158344166663	49
382.4981939416668	49
382.73480444166677	38
382.73480444166677	49
382.97641494166675	49
383.2180254416667	49
383.45963594166676	35
383.45963594166676	49
383.70124644166674	35
383.70124644166674	49
383.94785694166666	49
384.1944674416667	49
384.4360779416667	35
384.4360779416667	49
384.6776884416667	38
384.6776884416667	49
384.91929894166674	49
385.1609094416667	49
385.4025199416667	35
385.4025199416667	49
385.64413044166673	35
385.64413044166673	49
385.8807409416668	49
386.1173514416668	35
386.1173514416668	49
386.35896194166673	35
386.35896194166673	49
386.6005724416667	38
386.6005724416667	49
386.8371829416668	49
387.0737934416668	49
387.22486710833357	38
387.3759407750003	47
387.52701444166695	47
387.6947547749999	38
387.86249510833323	38
388.03023544166666	35
388.03023544166666	49
388.1946424416667	35
388.1946424416667	49
388.3590494416667	35
388.3590494416667	49
388.52345644166667	38
388.68453010833343	35
388.68453010833343	49
388.8456037750001	35
388.8456037750001	49
389.00667744166674	38
389.1677511083334	35
389.1677511083334	49
389.3288247750001	35
389.3288247750001	49
389.48989844166675	35
389.48989844166675	49
390.0031194416665	49
390.2347299416669	49
390.4663404416669	38
390.4663404416669	49
390.70795094166675	49
390.94956144166673	49
391.19617194166665	49
391.4427824416667	35
391.4427824416667	49
391.6793929416668	49
391.9160034416668	35
391.9160034416668	49
392.15761394166674	35
392.15761394166674	49
392.3992244416667	38
392.3992244416667	49
392.6508349416666	49
392.90244544166654	49
393.1440559416667	35
393.1440559416667	49
393.38566644166673	35
393.38566644166673	42
393.86888744166674	49
394.1104979416667	49
394.3521084416667	38
394.3521084416667	49
394.5887189416668	49
394.8253294416668	49
395.0669399416667	49
395.30855044166674	35
395.30855044166674	49
395.55289394166675	35
395.55289394166675	49
395.79723744166677	49
396.0415809416667	49
396.28592444166674	38
396.28592444166674	49
396.53026794166675	49
396.77461144166676	49
397.0139549416668	35
397.0139549416668	49
397.2532984416668	35
397.2532984416668	49
397.74198544166677	49
397.9863289416667	49
398.23067244166674	38
398.23067244166674	49
398.4700159416668	35
398.4700159416668	49
398.70935944166683	42
398.9487029416668	35
398.9487029416668	49
399.1880464416668	42
399.4335809416667	35
399.4335809416667	49
399.6791154416667	42
399.91964994166676	35
399.91964994166676	49
400.16018444166673	38
400.40071894166675	35
400.40071894166675	49
400.6412534416667	42
400.88178794166674	35
400.88178794166674	49
401.12232244166677	42
401.3578569416668	35
401.3578569416668	49
401.5933914416668	38
401.5933914416668	49
401.83392594166673	42
402.07446044166676	38
402.07446044166676	49
402.3149949416668	35
402.55552944166675	35
402.55552944166675	49
402.8060639416666	35
402.9313311916666	35
403.05659844166655	38
403.05659844166655	49
403.1743656916668	38
403.1743656916668	49
403.2921329416668	35
403.4099001916668	35
403.5276674416668	38
403.5276674416668	49
403.64793469166676	35
403.76820194166675	38
403.76820194166675	49
403.88846919166673	35
404.00873644166677	47
404.0889146083334	38
404.1690927750001	38
404.24927094166674	38
404.3294491083334	38
404.4096272750001	38
404.48980544166676	47
404.571650275	47
404.65349510833335	47
404.73533994166667	47
404.81718477500004	47
404.89902960833336	47
404.9808744416667	35
404.9808744416667	49
405.47626744166666	49
405.7089639416669	49
405.9416604416669	38
405.9416604416669	49
406.4370534416667	49
406.6797499416667	35
406.6797499416667	49
406.92244644166675	35
406.92244644166675	49
407.1651429416667	49
407.40783944166674	35
407.40783944166674	49
407.6555359416667	35
407.6555359416667	49
407.90323244166666	38
407.90323244166666	49
408.1409289416668	49
408.37862544166677	49
408.6163219416668	35
408.6163219416668	49
408.8540184416668	35
408.8540184416668	49
408.8540184416668	49
409.33941144166675	49
409.5821079416668	49
409.82480444166674	38
409.82480444166674	49
410.06750094166676	49
410.31019744166673	49
410.55289394166675	49
410.7955904416668	35
410.7955904416668	49
411.0332869416668	38
411.0332869416668	49
411.27098344166683	35
411.27098344166683	49
411.5086799416668	35
411.5086799416668	49
411.74637644166677	38
411.74637644166677	49
411.9940729416667	49
412.2417694416667	49
412.47946594166683	35
412.47946594166683	49
412.71716244166674	35
412.71716244166674	42
413.2125554416667	35
413.2125554416667	49
413.4502519416668	35
413.6879484416668	38
413.6879484416668	49
413.8597461083332	49
414.0315437749999	47
414.2033414416665	38
414.35513910833356	38
414.50693677500027	38
414.6587344416669	35
414.82386544166667	35
414.98899644166664	38
414.98899644166664	42
415.31592510833343	35
415.4777227750001	35
415.6395204416668	38
415.6395204416668	42
415.9564491083335	35
416.1149134416668	35
416.27671110833336	38
416.27671110833336	42
416.6003064416667	35
416.7621041083334	35
416.92390177500005	38
416.92390177500005	42
417.2474971083334	35
417.40929477500003	35
417.57109244166674	38
417.57109244166674	42
417.7295567750001	38
417.7295567750001	42
417.8880211083334	38
417.8880211083334	42
418.0464854416668	35
418.2082831083334	35
418.3700807750001	38
418.3700807750001	42
418.5318784416667	35
418.69700944166664	38
418.69700944166664	42
418.86214044166667	35
419.02727144166664	38
419.02727144166664	42
419.1890691083334	38
419.1890691083334	42
419.35086677500004	38
419.35086677500004	42
419.5126644416667	35
419.6711287750001	38
419.8295931083334	35
419.9880574416668	47
419.9880574416668	47
420.15318844166666	47
420.31831944166663	38
420.48345044166666	35
420.48345044166666	49
420.96667144166673	49
421.19828194166683	49
421.4298924416668	38
421.4298924416668	49
421.92311344166666	49
422.16472394166675	35
422.16472394166675	49
422.40633444166673	35
422.40633444166673	49
422.6479449416667	49
422.88955544166674	35
422.88955544166674	49
423.13616594166666	35
423.13616594166666	49
423.38277644166664	38
423.38277644166664	49
423.6243869416667	49
423.8659974416667	49
424.1026079416668	35
424.1026079416668	49
424.3392184416668	35
424.3392184416668	42
424.3392184416668	49
424.8324394416667	49
425.0690499416668	49
425.30566044166676	38
425.30566044166676	49
425.5522709416667	49
425.79888144166665	49
426.0454919416667	49
426.2921024416667	35
426.2921024416667	49
426.5287129416668	49
426.7653234416668	35
426.7653234416668	49
427.01193394166665	35
427.01193394166665	49
427.2585444416667	38
427.2585444416667	49
427.5001549416668	38
427.5001549416668	49
427.74176544166676	49
427.98837594166673	35
428.2349864416667	35
428.2349864416667	42
428.2349864416667	49
428.7171284416668	35
428.7171284416668	49
429.2092704416667	38
429.2092704416667	49
429.45034144166675	38
429.45034144166675	49
429.6914124416667	49
429.93248344166676	49
430.17355444166674	49
430.40962544166683	35
430.40962544166683	49
430.6456964416668	35
430.6456964416668	49
430.8917674416667	35
430.8917674416667	49
431.3839094416667	35
431.3839094416667	49
431.6299804416667	35
431.6299804416667	49
432.11212244166677	49
432.35319344166675	38
432.5942644416667	49
432.8303354416668	35
432.8303354416668	49
433.0664064416668	35
433.0664064416668	49
433.30247744166684	49
433.5385484416668	35
433.5385484416668	49
433.77961944166674	35
433.77961944166674	49
434.0206904416668	38
434.0206904416668	49
434.26176144166675	49
434.5028324416668	35
434.5028324416668	49
434.74390344166676	35
434.74390344166676	49
434.98497444166674	38
434.98497444166674	35
435.0653314416668	38
435.1456884416668	38
435.22604544166677	38
435.30640244166676	38
435.38675944166675	38
435.46711644166675	38
435.54747344166674	38
435.6278304416668	47
435.7081874416668	47
435.7885444416668	47
435.86890144166676	47
435.94925844166676	35
435.94925844166676	49
436.4612854416666	49
436.70729894166675	42
436.95331244166675	42
437.44533944166676	49
437.6863529416668	35
437.6863529416668	49
437.9273664416668	35
437.9273664416668	49
438.18121344166667	49
438.4350604416667	49
438.67390744166687	35
438.7933309416669	35
438.9127544416669	38
438.9127544416669	38
439.2312171083335	35
439.2312171083335	49
439.5630131083332	35
439.5630131083332	49
439.90814244166654	35
439.90814244166654	49
440.91513444166674	42
441.9221264416667	42
442.6773704416667	49
442.8452024416667	49
442.92911844166673	49
443.593779775	49
443.593779775	35
443.7114559416666	49
443.8237831916667	49
443.93611044166664	35
443.93611044166664	49
444.9870724416666	49
445.2673129416664	42
445.54755344166637	38
445.93962094166676	38
446.0180344416667	38
446.38808266388895	49
446.7812589	49
447.31320321944446	38
447.31320321944446	49
447.76465238611115	49
448.2530580527778	49
448.7618139555556	38
448.7618139555556	49