4.329392	35
4.329392	42
4.599979	42
4.870566	38
4.870566	42
5.141153000000001	35
5.141153000000001	42
5.2764465000000005	38
5.411740000000001	35
5.411740000000001	42
5.682327000000001	42
5.952914000000001	38
5.952914000000001	42
6.223501000000001	42
6.358794500000001	38
6.4940880000000005	35
6.4940880000000005	42
6.7596750000000005	42
7.0252620000000014	38
7.0252620000000014	42
7.295849000000001	35
7.295849000000001	42
7.431142500000001	38
7.566436000000001	35
7.566436000000001	42
7.837023000000001	42
8.107610000000001	38
8.107610000000001	42
8.383197000000003	49
8.520990500000002	49
8.658784	35
8.658784	42
8.929371000000002	42
9.199958	38
9.199958	42
9.470545000000001	35
9.470545000000001	42
9.6058385	38
9.741132	35
9.741132	42
10.011719000000001	42
10.282306000000002	38
10.282306000000002	42
10.552893000000001	42
10.6881865	38
10.823480000000002	35
10.823480000000002	42
11.094067	42
11.364654000000002	38
11.364654000000002	42
11.630241	35
11.630241	42
11.763034500000002	38
11.895828000000002	35
11.895828000000002	42
12.171415000000003	42
12.447002000000001	38
12.447002000000001	42
12.717589000000002	49
12.852882500000002	49
12.988176000000001	35
12.988176000000001	42
13.258763000000002	42
13.52935	38
13.52935	42
13.799937000000002	35
13.799937000000002	42
13.935230500000001	38
14.070524000000002	35
14.070524000000002	42
14.341111000000001	42
14.611698000000002	38
14.611698000000002	42
14.882285000000001	42
15.017578500000003	38
15.152872000000002	35
15.152872000000002	42
15.423459000000001	42
15.694046000000002	38
15.694046000000002	42
15.959633000000002	35
15.959633000000002	42
16.092426500000002	38
16.22522	35
16.22522	42
16.495807	42
16.766394000000002	38
16.766394000000002	42
17.041981000000003	49
17.1797745	49
17.317568	35
17.317568	42
17.588155	42
17.858742000000003	38
17.858742000000003	42
18.129329000000002	35
18.129329000000002	42
18.2646225	38
18.399916	35
18.399916	42
18.670503000000004	42
18.941090000000003	38
18.941090000000003	42
19.211677	42
19.3469705	38
19.482264	35
19.482264	42
19.752851000000003	42
20.023438000000002	38
20.023438000000002	42
20.294025	35
20.294025	42
20.4293185	38
20.564612000000004	35
20.564612000000004	42
20.830199000000004	42
21.095786	38
21.095786	42
21.371373	49
21.509166500000003	49
21.646960000000004	35
21.646960000000004	42
21.917547000000003	42
22.188134	38
22.188134	42
22.458721000000004	35
22.458721000000004	42
22.594014500000004	38
22.729308000000003	35
22.729308000000003	42
22.999895000000002	42
23.270482	38
23.270482	42
23.541069000000004	42
23.676362500000003	38
23.811656000000003	35
23.811656000000003	42
24.082243000000002	42
24.352830000000004	38
24.352830000000004	42
24.623417000000003	35
24.623417000000003	42
24.758710500000003	38
24.894004000000002	35
24.894004000000002	42
25.159591000000002	42
25.425178000000002	38
25.425178000000002	42
25.700765	38
25.700765	42
25.976352000000002	35
25.976352000000002	42
26.246939000000005	42
26.517526000000004	38
26.517526000000004	42
26.788113000000003	35
26.788113000000003	42
26.923406500000002	38
27.0587	35
27.0587	42
27.329287000000004	42
27.599874000000003	38
27.599874000000003	42
27.870461000000002	42
28.005754500000002	38
28.141048000000005	35
28.141048000000005	42
28.411635000000004	42
28.682222000000003	38
28.682222000000003	42
28.952809000000002	35
28.952809000000002	42
29.088102500000005	38
29.223396000000005	35
29.223396000000005	42
29.493983000000004	42
29.764570000000003	38
29.764570000000003	42
30.030157000000006	49
30.162950500000004	49
30.295744000000003	35
30.295744000000003	42
30.566331	42
30.836918	38
30.836918	42
31.112505000000002	35
31.112505000000002	42
31.250298500000003	38
31.388092000000004	35
31.388092000000004	42
31.658679000000003	42
31.929266000000005	38
31.929266000000005	42
32.199853000000004	42
32.3351465	38
32.47044	35
32.47044	42
32.741027	42
33.011614	38
33.011614	42
33.282201	35
33.282201	42
33.417494500000004	38
33.55278800000001	35
33.55278800000001	42
33.823375000000006	42
34.093962000000005	38
34.093962000000005	42
34.364549000000004	49
34.49984250000001	49
34.635136	35
34.635136	42
34.905723	42
35.17631	38
35.17631	42
35.44689700000001	35
35.44689700000001	42
35.5821905	38
35.717484000000006	35
35.717484000000006	42
35.988071000000005	42
36.258658000000004	38
36.258658000000004	42
36.529245	42
36.664538500000006	38
36.799832	35
36.799832	42
37.070419	42
37.34100600000001	38
37.34100600000001	42
37.611593000000006	35
37.611593000000006	42
37.7468865	38
37.882180000000005	35
37.882180000000005	42
38.152767000000004	42
38.423354	38
38.423354	42
38.693941	49
38.829234500000005	49
38.964528	35
38.964528	42
39.23511500000001	42
39.50570200000001	38
39.50570200000001	42
39.776289000000006	35
39.776289000000006	42
39.9115825	38
40.046876000000005	35
40.046876000000005	42
40.317463000000004	42
40.58805	38
40.58805	42
40.858637	42
40.993930500000005	38
41.12922400000001	35
41.12922400000001	42
41.39981100000001	42
41.670398000000006	38
41.670398000000006	42
41.940985000000005	35
41.940985000000005	42
42.07627850000001	38
42.211572000000004	35
42.211572000000004	42
42.482159	38
42.752746	38
43.02333300000001	38
43.158626500000004	38
43.29392000000001	35
43.29392000000001	42
43.564507000000006	42
43.835094000000005	38
43.835094000000005	42
44.105681000000004	35
44.105681000000004	42
44.24097450000001	38
44.376268	35
44.376268	42
44.646855	42
44.91744200000001	38
44.91744200000001	42
45.18802900000001	42
45.3233225	38
45.458616000000006	35
45.458616000000006	42
45.729203000000005	42
45.999790000000004	38
45.999790000000004	42
46.270377	35
46.270377	42
46.40567050000001	38
46.540964	35
46.540964	42
46.81155100000001	42
47.08213800000001	38
47.08213800000001	42
47.35272500000001	49
47.4880185	49
47.623312000000006	35
47.623312000000006	42
47.893899000000005	42
48.164486000000004	38
48.164486000000004	42
48.435073	35
48.435073	42
48.570366500000006	38
48.70566000000001	35
48.70566000000001	42
48.97624700000001	42
49.24683400000001	38
49.24683400000001	42
49.517421000000006	42
49.65271450000001	38
49.788008000000005	35
49.788008000000005	42
50.058595000000004	42
50.329182	38
50.329182	42
50.59976900000001	35
50.59976900000001	42
50.735062500000005	38
50.87035600000001	35
50.87035600000001	42
51.14094300000001	42
51.411530000000006	38
51.411530000000006	42
51.682117000000005	49
51.81741050000001	49
51.952704000000004	35
51.952704000000004	42
52.223291	42
52.49387800000001	38
52.49387800000001	42
52.76446500000001	35
52.76446500000001	42
52.899758500000004	38
53.03505200000001	35
53.03505200000001	42
53.305639000000006	42
53.576226000000005	38
53.576226000000005	42
53.846813000000004	42
53.98210650000001	38
54.1174	35
54.1174	42
54.38798700000001	42
54.65857400000001	38
54.65857400000001	42
54.92916100000001	35
54.92916100000001	42
55.064454500000004	38
55.19974800000001	35
55.19974800000001	42
55.470335000000006	42
55.740922000000005	38
55.740922000000005	42
56.011509000000004	49
56.14680250000001	49
56.28209600000001	35
56.28209600000001	42
56.55268300000001	42
56.82327000000001	38
56.82327000000001	42
57.09385700000001	35
57.09385700000001	42
57.22915050000001	38
57.364444000000006	35
57.364444000000006	42
57.635031000000005	42
57.905618000000004	38
57.905618000000004	42
58.17620500000001	42
58.311498500000006	38
58.44679200000001	35
58.44679200000001	42
58.71737900000001	42
58.98796600000001	38
58.98796600000001	42
59.258553000000006	35
59.258553000000006	42
59.39384650000001	38
59.529140000000005	35
59.529140000000005	42
59.799727000000004	49
60.07031400000001	38
60.07031400000001	42
60.34090100000001	38
60.34090100000001	49
60.61148800000001	35
60.61148800000001	42
60.88207500000001	42
61.15266200000001	38
61.15266200000001	42
61.423249000000006	35
61.423249000000006	42
61.55854250000001	38
61.693836000000005	35
61.693836000000005	42
61.96442300000001	42
62.23501000000001	38
62.23501000000001	42
62.50559700000001	42
62.640890500000005	38
62.77618400000001	35
62.77618400000001	42
63.04677100000001	42
63.317358000000006	38
63.317358000000006	42
63.587945000000005	35
63.587945000000005	42
63.72323850000001	38
63.85853200000001	35
63.85853200000001	42
64.129119	42
64.39970600000001	38
64.39970600000001	42
64.670293	49
64.8055865	49
64.94088	35
64.94088	42
65.21146700000001	42
65.482054	38
65.482054	42
65.75264100000001	35
65.75264100000001	42
65.88793450000001	38
66.023228	35
66.023228	42
66.29381500000001	42
66.564402	38
66.564402	42
66.83498900000001	42
66.97028250000001	38
67.10557600000001	35
67.10557600000001	42
67.376163	42
67.64675000000001	38
67.64675000000001	42
67.917337	35
67.917337	42
68.0526305	38
68.18792400000001	35
68.18792400000001	42
68.458511	42
68.72909800000001	38
68.72909800000001	42
68.99968500000001	49
69.1349785	49
69.270272	35
69.270272	42
69.54085900000001	42
69.811446	38
69.811446	42
70.08203300000001	35
70.08203300000001	42
70.21732650000001	38
70.35262	35
70.35262	42
70.62320700000001	42
70.89379400000001	38
70.89379400000001	42
71.16938100000002	42
71.30717450000002	38
71.44496800000002	35
71.44496800000002	42
71.710555	42
71.97614200000001	38
71.97614200000001	42
72.246729	35
72.246729	42
72.3820225	38
72.51731600000001	35
72.51731600000001	42
72.78790300000001	42
73.05849	38
73.05849	42
73.32907700000001	49
73.46437050000002	49
73.599664	35
73.599664	42
73.87025100000001	42
74.140838	38
74.140838	42
74.41142500000001	35
74.41142500000001	42
74.54671850000001	38
74.68201200000001	35
74.68201200000001	42
74.952599	42
75.22318600000001	38
75.22318600000001	42
75.493773	42
75.76436000000001	35
75.76436000000001	42
76.034947	35
76.034947	42
76.30553400000001	38
76.30553400000001	42
76.57612100000001	35
76.57612100000001	42
76.7114145	38
76.846708	35
76.846708	42
77.11729500000001	42
77.387882	38
77.387882	42
77.65846900000001	38
77.929056	35
77.929056	42
78.19964300000001	42
78.47023000000002	38
78.47023000000002	42
78.740817	35
78.740817	42
78.87611050000001	38
79.01140400000001	35
79.01140400000001	42
79.281991	42
79.55257800000001	38
79.55257800000001	42
79.823165	42
79.9584585	38
80.09375200000001	35
80.09375200000001	42
80.36433900000002	42
80.63492600000001	38
80.63492600000001	42
80.90551300000001	35
80.90551300000001	42
81.04080650000002	38
81.1761	35
81.1761	42
81.44668700000001	42
81.717274	38
81.717274	42
81.98786100000001	49
82.12315450000001	49
82.25844800000002	35
82.25844800000002	42
82.52903500000001	42
82.79962200000001	38
82.79962200000001	42
83.070209	35
83.070209	42
83.20550250000001	38
83.34079600000001	35
83.34079600000001	42
83.611383	42
83.88197000000001	38
83.88197000000001	42
84.15255700000002	42
84.2878505	38
84.42314400000001	35
84.42314400000001	42
84.69373100000001	42
84.964318	38
84.964318	42
85.23490500000001	35
85.23490500000001	42
85.37019850000001	38
85.505492	35
85.505492	42
85.77607900000001	42
86.04666600000002	38
86.04666600000002	42
86.31725300000001	49
86.45254650000001	49
86.58784000000001	35
86.58784000000001	42
86.858427	42
87.12901400000001	38
87.12901400000001	42
87.399601	35
87.399601	42
87.53489450000001	38
87.67018800000001	35
87.67018800000001	42
87.94077500000002	42
88.21136200000001	38
88.21136200000001	42
88.48194900000001	42
88.61724250000002	38
88.752536	35
88.752536	42
89.02312300000001	42
89.29371	38
89.29371	42
89.56429700000001	35
89.56429700000001	42
89.69959050000001	38
89.83488400000002	35
89.83488400000002	42
90.10547100000001	42
90.37605800000001	38
90.37605800000001	42
90.646645	49
90.78193850000001	49
90.91723200000001	35
90.91723200000001	42
91.187819	42
91.45840600000001	38
91.45840600000001	42
91.72899300000002	35
91.72899300000002	42
91.8642865	38
91.99958000000001	35
91.99958000000001	42
92.27016700000001	42
92.540754	38
92.540754	42
92.81134100000001	42
92.94663450000002	38
93.081928	35
93.081928	42
93.35251500000001	42
93.62310200000002	38
93.62310200000002	42
93.89368900000001	35
93.89368900000001	42
94.02898250000001	38
94.16427600000002	35
94.16427600000002	42
94.434863	38
94.70545000000001	38
94.976037	38
95.11133050000001	38
95.24662400000001	35
95.24662400000001	42
95.51721100000002	42
95.78779800000001	38
95.78779800000001	42
96.05838500000002	35
96.05838500000002	42
96.19367850000002	38
96.32897200000001	35
96.32897200000001	42
96.59955900000001	42
96.870146	38
96.870146	42
97.14073300000001	42
97.27602650000001	38
97.41132000000002	35
97.41132000000002	42
97.68190700000001	42
97.95249400000002	38
97.95249400000002	42
98.22308100000001	35
98.22308100000001	42
98.35837450000001	38
98.49366800000001	35
98.49366800000001	42
98.764255	42
99.03484200000001	38
99.03484200000001	42
99.30542900000002	49
99.4407225	49
99.57601600000001	35
99.57601600000001	42
99.84660300000002	42
100.11719000000001	38
100.11719000000001	42
100.38777700000001	35
100.38777700000001	42
100.52307050000002	38
100.658364	35
100.658364	42
100.92895100000001	42
101.19953800000002	38
101.19953800000002	42
101.47012500000001	42
101.60541850000001	38
101.74071200000002	35
101.74071200000002	42
102.01129900000001	42
102.28188600000001	38
102.28188600000001	42
102.552473	35
102.552473	42
102.68776650000001	38
102.82306000000001	35
102.82306000000001	42
103.09364700000002	42
103.36423400000001	38
103.36423400000001	42
103.63482100000002	49
103.7701145	49
103.90540800000001	35
103.90540800000001	42
104.17599500000001	42
104.446582	38
104.446582	42
104.71716900000001	35
104.71716900000001	42
104.85246250000002	38
104.98775600000002	35
104.98775600000002	42
105.25834300000001	42
105.52893000000002	38
105.52893000000002	42
105.79951700000001	42
105.93481050000001	38
106.07010400000001	35
106.07010400000001	42
106.340691	42
106.61127800000001	38
106.61127800000001	42
106.88186500000002	35
106.88186500000002	42
107.01715850000001	38
107.15245200000001	35
107.15245200000001	42
107.42303900000002	42
107.69362600000001	38
107.69362600000001	42
107.96421300000002	49
108.09950650000002	49
108.2348	35
108.2348	42
108.50538700000001	42
108.77597400000002	38
108.77597400000002	42
109.04656100000001	35
109.04656100000001	42
109.18185450000001	38
109.31714800000002	35
109.31714800000002	42
109.58773500000001	42
109.85832200000002	38
109.85832200000002	42
110.12890900000001	42
110.26420250000001	38
110.39949600000001	35
110.39949600000001	42
110.67008300000002	42
110.94067000000001	38
110.94067000000001	42
111.21125700000002	35
111.21125700000002	42
111.3465505	38
111.48184400000001	35
111.48184400000001	42
111.75243100000002	42
112.02301800000001	38
112.02301800000001	42
112.29360500000001	49
112.42889850000002	49
112.56419200000002	35
112.56419200000002	42
112.83477900000001	42
113.10536600000002	38
113.10536600000002	42
113.37595300000001	35
113.37595300000001	42
113.51124650000001	38
113.64654000000002	35
113.64654000000002	42
113.91712700000001	42
114.18771400000001	38
114.18771400000001	42
114.45830100000002	42
114.59359450000001	38
114.72888800000001	35
114.72888800000001	42
114.99947500000002	42
115.27006200000001	38
115.27006200000001	42
115.54064900000002	35
115.54064900000002	42
115.67594250000002	38
115.81123600000001	35
115.81123600000001	42
116.08182300000001	38
116.35241000000002	38
116.62799700000002	38
116.76579050000002	38
116.90358400000002	35
116.90358400000002	42
117.17417100000002	42
117.44475800000002	38
117.44475800000002	42
117.710345	35
117.710345	42
117.84313850000001	38
117.97593200000001	35
117.97593200000001	42
118.24651900000002	42
118.51710600000001	38
118.51710600000001	42
118.78769300000002	42
118.92298650000001	38
119.05828000000001	35
119.05828000000001	42
119.32886700000002	42
119.59945400000001	38
119.59945400000001	42
119.87004100000001	35
119.87004100000001	42
120.00533450000002	38
120.14062800000002	35
120.14062800000002	42
120.41121500000001	42
120.68180200000002	38
120.68180200000002	42
120.95738900000002	49
121.09518250000002	49
121.23297600000002	35
121.23297600000002	42
121.50356300000001	42
121.77415000000002	38
121.77415000000002	42
122.03973700000002	35
122.03973700000002	42
122.17253050000001	38
122.30532400000001	35
122.30532400000001	42
122.57591100000002	42
122.84649800000001	38
122.84649800000001	42
123.11708500000002	42
123.25237850000002	38
123.38767200000001	35
123.38767200000001	42
123.65825900000002	42
123.92884600000002	38
123.92884600000002	42
124.19943300000001	35
124.19943300000001	42
124.33472650000002	38
124.47002000000002	35
124.47002000000002	42
124.74060700000001	42
125.01119400000002	38
125.01119400000002	42
125.28678100000002	49
125.42457450000002	49
125.56236800000002	35
125.56236800000002	42
125.83295500000003	42
126.10354200000002	38
126.10354200000002	42
126.37412900000002	35
126.37412900000002	42
126.50942250000001	38
126.64471600000002	35
126.64471600000002	42
126.91030300000001	42
127.17589000000001	38
127.17589000000001	42
127.44647700000002	42
127.58177050000002	38
127.71706400000002	35
127.71706400000002	42
127.98765100000001	42
128.258238	38
128.258238	42
128.528825	35
128.528825	42
128.66411850000003	38
128.79941200000002	35
128.79941200000002	42
129.06999900000002	42
129.340586	38
129.340586	42
129.611173	49
129.74646650000003	49
129.88176	35
129.88176	42
130.15234700000002	42
130.42293400000003	38
130.42293400000003	42
130.693521	35
130.693521	42
130.82881450000002	38
130.964108	35
130.964108	42
131.23469500000002	42
131.50528200000002	38
131.50528200000002	42
131.77586900000003	42
132.046456	35
132.046456	42
132.317043	42
132.58763000000002	38
132.58763000000002	42
132.85821700000002	35
132.85821700000002	42
132.9935105	38
133.128804	35
133.128804	42
133.399391	42
133.66997800000001	38
133.66997800000001	42
133.94056500000002	49
134.0758585	49
134.21115200000003	35
134.21115200000003	42
134.481739	42
134.752326	38
134.752326	42
135.02404044583335	35
135.02404044583335	42
135.1582065	38
135.29350000000002	35
135.29350000000002	42
135.56408700000003	49
135.834674	38
135.834674	42
136.105261	49
136.24055450000003	49
136.37584800000002	35
136.37584800000002	42
136.64643500000003	42
136.917022	38
136.917022	42
137.187609	42
137.32290250000003	35
137.45819600000002	35
137.45819600000002	42
137.73378300000002	42
138.00937000000002	38
138.00937000000002	42
138.279957	42
138.4152505	35
138.550544	35
138.550544	42
138.821131	42
139.09171800000001	38
139.09171800000001	42
139.36230500000002	42
139.4975985	35
139.632892	35
139.632892	42
139.903479	42
140.174066	38
140.174066	42
140.44465300000002	42
140.5799465	35
140.71524	35
140.71524	42
140.980827	42
141.24641400000002	38
141.24641400000002	42
141.51700100000002	42
141.6522945	35
141.78758800000003	35
141.78758800000003	42
142.058175	42
142.328762	38
142.328762	42
142.604349	42
142.7421425	35
142.87993600000001	35
142.87993600000001	42
143.14552300000003	42
143.41111	38
143.41111	42
143.681697	42
143.81699050000003	35
143.95228400000002	35
143.95228400000002	42
144.22287100000003	42
144.493458	38
144.493458	42
144.769045	49
144.90683850000002	49
145.044632	35
145.044632	42
145.31021900000002	42
145.57580600000003	38
145.57580600000003	42
145.846393	35
145.846393	42
146.11698	35
146.11698	42
146.38756700000002	42
146.65815400000002	38
146.65815400000002	42
146.92874100000003	42
147.199328	35
147.199328	42
147.46991500000001	42
147.74050200000002	38
147.74050200000002	42
148.01108900000003	35
148.01108900000003	42
148.281676	35
148.281676	42
148.552263	42
148.82285000000002	38
148.82285000000002	42
149.09343700000002	42
149.36402400000003	35
149.36402400000003	42
149.634611	42
149.905198	38
149.905198	42
150.17578500000002	35
150.17578500000002	42
150.44637200000003	35
150.44637200000003	42
150.71695900000003	42
150.987546	38
150.987546	42
151.25813300000002	42
151.52872000000002	35
151.52872000000002	42
151.79930700000003	42
152.069894	38
152.069894	42
152.340481	35
152.340481	42
152.61106800000002	35
152.61106800000002	42
152.88665500000002	42
153.16224200000002	38
153.16224200000002	42
153.432829	42
153.703416	35
153.703416	42
153.974003	42
154.24459000000002	38
154.24459000000002	42
154.51017700000003	35
154.51017700000003	42
154.775764	35
154.775764	42
155.04635100000002	42
155.31693800000002	38
155.31693800000002	42
155.58752500000003	42
155.858112	35
155.858112	42
156.128699	42
156.39928600000002	38
156.39928600000002	42
156.66987300000002	35
156.66987300000002	42
156.94046000000003	35
156.94046000000003	42
157.211047	42
157.481634	38
157.481634	42
157.75222100000002	42
158.02280800000003	35
158.02280800000003	42
158.29339500000003	42
158.563982	38
158.563982	42
158.83456900000002	35
158.83456900000002	42
159.10515600000002	35
159.10515600000002	42
159.37574300000003	42
159.64633	38
159.64633	42
159.916917	42
160.18750400000002	35
160.18750400000002	42
160.45809100000002	42
160.72867800000003	38
160.72867800000003	42
160.999265	35
160.999265	42
161.26985200000001	35
161.26985200000001	42
161.54043900000002	38
161.81102600000003	38
162.08661300000003	38
162.22440650000001	38
162.3622	35
162.3622	42
162.632787	42
162.903374	38
162.903374	42
163.17396100000002	35
163.17396100000002	42
163.444548	35
163.444548	42
163.710135	42
163.97572200000002	38
163.97572200000002	42
164.24630900000002	42
164.51689600000003	35
164.51689600000003	42
164.787483	42
165.05807000000001	38
165.05807000000001	42
165.32865700000002	35
165.32865700000002	42
165.59924400000003	35
165.59924400000003	42
165.86983100000003	42
166.140418	38
166.140418	42
166.41100500000002	42
166.68159200000002	35
166.68159200000002	42
166.95217900000003	42
167.222766	38
167.222766	42
167.493353	35
167.493353	42
167.76394000000002	35
167.76394000000002	42
168.03452700000003	42
168.30511400000003	38
168.30511400000003	42
168.575701	42
168.84628800000002	35
168.84628800000002	42
169.11687500000002	42
169.38746200000003	38
169.38746200000003	42
169.65804900000003	35
169.65804900000003	42
169.928636	35
169.928636	42
170.19922300000002	42
170.46981000000002	38
170.46981000000002	42
170.74539700000003	42
171.020984	35
171.020984	42
171.291571	42
171.562158	38
171.562158	42
171.83274500000002	35
171.83274500000002	42
172.10333200000002	35
172.10333200000002	42
172.373919	42
172.644506	38
172.644506	42
172.91009300000002	42
173.17568000000003	35
173.17568000000003	42
173.44626700000003	42
173.716854	38
173.716854	42
173.98744100000002	35
173.98744100000002	42
174.25802800000002	35
174.25802800000002	42
174.52861500000003	42
174.799202	38
174.799202	42
175.074789	42
175.350376	35
175.350376	42
175.62096300000002	42
175.89155000000002	38
175.89155000000002	42
176.162137	35
176.162137	42
176.432724	35
176.432724	42
176.703311	42
176.97389800000002	38
176.97389800000002	42
177.23948500000006	42
177.50507200000004	35
177.50507200000004	42
177.77565900000002	42
178.04624600000002	38
178.04624600000002	42
178.31683300000003	35
178.31683300000003	42
178.58742	35
178.58742	42
178.85800700000001	38
179.12859400000002	38
179.404181	38
179.54197449999998	38
179.679768	35
179.679768	42
179.950355	42
180.220942	38
180.220942	42
180.491529	42
180.76211600000002	35
180.76211600000002	42
181.03270300000003	42
181.30329	38
181.30329	42
181.573877	42
181.84446400000002	35
181.84446400000002	42
182.10505100000006	42
182.36563800000005	38
182.36563800000005	42
182.641225	42
182.916812	35
182.916812	42
183.192399	42
183.467986	38
183.467986	42
183.73357300000004	49
183.86636650000005	49
183.99916000000005	35
183.99916000000005	42
184.26974700000002	42
184.54033400000003	38
184.54033400000003	42
184.81092100000004	42
185.081508	35
185.081508	42
185.357095	42
185.632682	38
185.632682	42
185.90326900000002	42
186.173856	35
186.173856	42
186.43944300000004	42
186.70503000000005	38
186.70503000000005	42
186.97561700000003	42
187.24620400000003	35
187.24620400000003	42
187.52179099999998	42
187.79737799999998	38
187.79737799999998	42
188.06796500000002	49
188.2032585	49
188.33855200000002	35
188.33855200000002	42
188.60913900000003	42
188.879726	38
188.879726	42
189.150313	35
189.150313	42
189.2856065	38
189.42090000000002	35
189.42090000000002	42
189.69148700000002	42
189.962074	38
189.962074	42
190.232661	42
190.36795450000002	38
190.503248	35
190.503248	42
190.77383500000002	42
191.04442200000003	38
191.04442200000003	42
191.31000900000004	35
191.31000900000004	42
191.44280250000006	38
191.57559600000005	35
191.57559600000005	42
191.84618300000002	42
192.11677000000003	38
192.11677000000003	42
192.38735700000004	49
192.52265050000003	49
192.65794400000001	35
192.65794400000001	42
192.92853100000002	42
193.19911800000003	38
193.19911800000003	42
193.474705	35
193.474705	42
193.6124985	38
193.75029199999997	35
193.75029199999997	42
194.020879	42
194.291466	38
194.291466	42
194.56205300000002	42
194.6973465	38
194.83264000000003	35
194.83264000000003	42
195.103227	42
195.373814	38
195.373814	42
195.64440100000002	35
195.64440100000002	42
195.7796945	38
195.91498800000002	35
195.91498800000002	42
196.18057500000006	38
196.44616200000004	38
196.721749	38
196.85954249999998	38
196.997336	35
196.997336	42
197.26792300000002	42
197.53851	38
197.53851	42
197.809097	35
197.809097	42
197.94439050000003	38
198.07968400000001	35
198.07968400000001	42
198.35027100000002	42
198.62085800000003	38
198.62085800000003	42
198.891445	42
199.02673850000002	38
199.162032	35
199.162032	42
199.43261900000002	42
199.70320600000002	38
199.70320600000002	42
199.97379300000003	35
199.97379300000003	42
200.10908650000002	38
200.24438	35
200.24438	42
200.50996700000005	42
200.77555400000006	38
200.77555400000006	42
201.04614100000003	49
201.18143450000002	49
201.316728	35
201.316728	42
201.58731500000002	42
201.85790200000002	38
201.85790200000002	42
202.133489	35
202.133489	42
202.27128249999998	38
202.409076	35
202.409076	42
202.679663	42
202.95025	38
202.95025	42
203.22083700000002	42
203.3561305	38
203.49142400000002	35
203.49142400000002	42
203.762011	42
204.032598	38
204.032598	42
204.303185	35
204.303185	42
204.4384785	38
204.57377200000002	35
204.57377200000002	42
204.84435900000003	42
205.114946	38
205.114946	42
205.385533	49
205.52082650000003	49
205.65612000000002	35
205.65612000000002	42
205.92670700000002	42
206.19729400000003	38
206.19729400000003	42
206.467881	35
206.467881	42
206.60317450000002	38
206.738468	35
206.738468	42
207.00905500000002	42
207.27964200000002	38
207.27964200000002	42
207.550229	42
207.68552250000002	38
207.820816	35
207.820816	42
208.091403	42
208.36199000000002	38
208.36199000000002	42
208.63257700000003	35
208.63257700000003	42
208.76787050000001	38
208.903164	35
208.903164	42
209.173751	42
209.44433800000002	38
209.44433800000002	42
209.71492500000002	49
209.8502185	49
209.98551200000003	35
209.98551200000003	42
210.256099	42
210.526686	38
210.526686	42
210.79727300000002	35
210.79727300000002	42
210.9325665	38
211.06786000000002	35
211.06786000000002	42
211.338447	42
211.609034	38
211.609034	42
211.87962100000001	42
212.0149145	38
212.15020800000002	35
212.15020800000002	42
212.42079500000003	42
212.691382	38
212.691382	42
212.961969	35
212.961969	42
213.09726250000003	38
213.23255600000002	35
213.23255600000002	42
213.50314300000002	42
213.77373000000003	38
213.77373000000003	42
214.044317	49
214.17961050000002	49
214.314904	35
214.314904	42
214.58049100000005	42
214.84607800000006	38
214.84607800000006	42
215.116665	35
215.116665	42
215.25195850000003	38
215.38725200000002	35
215.38725200000002	42
215.65783900000002	42
215.92842600000003	38
215.92842600000003	42
216.204013	42
216.3418065	38
216.47959999999998	35
216.47959999999998	42
216.750187	42
217.02077400000002	38
217.02077400000002	42
217.29136100000002	35
217.29136100000002	42
217.4266545	38
217.56194800000003	35
217.56194800000003	42
217.832535	42
218.103122	38
218.103122	42
218.37370900000002	49
218.5090025	49
218.64429600000003	35
218.64429600000003	42
218.90988300000004	42
219.17547000000005	38
219.17547000000005	42
219.44605700000002	35
219.44605700000002	42
219.5813505	38
219.71664400000003	35
219.71664400000003	42
219.98723100000004	42
220.25781800000001	38
220.25781800000001	42
220.533405	42
220.6711985	38
220.808992	35
220.808992	42
221.07957900000002	42
221.35016600000003	38
221.35016600000003	42
221.620753	35
221.620753	42
221.75604650000002	38
221.89134	35
221.89134	42
222.16192700000002	42
222.43251400000003	38
222.43251400000003	42
222.703101	49
222.83839450000002	49
222.973688	35
222.973688	42
223.24427500000002	42
223.51486200000002	38
223.51486200000002	42
223.78044900000006	35
223.78044900000006	42
223.91324250000005	38
224.04603600000004	35
224.04603600000004	42
224.31662300000002	42
224.58721000000003	38
224.58721000000003	42
224.862797	42
225.0005905	38
225.138384	35
225.138384	42
225.408971	42
225.67955800000001	38
225.67955800000001	42
225.95014500000002	35
225.95014500000002	42
226.0854385	38
226.22073200000003	35
226.22073200000003	42
226.491319	42
226.761906	38
226.761906	42
227.03249300000002	49
227.1677865	49
227.30308000000002	35
227.30308000000002	42
227.57366700000003	42
227.844254	38
227.844254	42
228.10984100000005	35
228.10984100000005	42
228.24263450000007	38
228.37542800000006	35
228.37542800000006	42
228.64601500000003	42
228.91660200000004	38
228.91660200000004	42
229.19218899999998	42
229.3299825	38
229.467776	35
229.467776	42
229.73836300000002	42
230.00895000000003	38
230.00895000000003	42
230.279537	35
230.279537	42
230.41483050000002	38
230.550124	35
230.550124	42
230.82071100000002	42
231.09129800000002	38
231.09129800000002	42
231.36188500000003	49
231.49717850000002	49
231.632472	35
231.632472	42