8.165917500000003	38
8.275860000000002	38
8.633489	47
9.219537333333333	38
9.333747000000002	38
9.676376000000001	47
10.255757666666668	38
10.371634000000002	38
10.600053333333335	47
10.714263000000003	47
11.056892000000001	35
11.056892000000001	49
11.414521000000002	42
11.772150000000002	38
11.772150000000002	42
12.114779000000002	42
12.457408000000003	35
12.457408000000003	42
12.805037000000002	35
12.805037000000002	42
13.152666000000002	38
13.152666000000002	42
13.500295000000003	42
13.847924	35
13.847924	42
14.198351	42
14.548778	38
14.548778	42
14.899205	42
15.249632	35
15.249632	42
15.600059000000002	35
15.600059000000002	42
15.950486000000001	38
15.950486000000001	42
16.300913	42
16.65134	35
16.65134	42
16.9959905	42
17.340640999999998	38
17.340640999999998	42
17.6902915	42
18.039942	35
18.039942	42
18.394592499999998	35
18.394592499999998	42
18.749243	38
18.749243	42
19.098893500000003	42
19.448544000000002	35
19.448544000000002	42
19.7981945	42
20.147845	38
20.147845	42
20.4924955	42
20.837146	35
20.837146	42
21.1867965	35
21.1867965	49
21.536447	38
21.766213999999998	47
21.881097499999996	47
22.225748	35
22.225748	49
22.5803985	42
22.935049	38
22.935049	42
23.2896995	42
23.64435	35
23.64435	42
23.9990005	35
23.9990005	42
24.353651	38
24.353651	42
24.7033015	42
25.052952	35
25.052952	42
25.402602499999997	42
25.752253	38
25.752253	42
26.1019035	42
26.451553999999998	35
26.451553999999998	42
26.8012045	35
26.8012045	42
27.150855	38
27.150855	42
27.5005055	42
27.850156000000002	35
27.850156000000002	42
28.1948065	42
28.539457000000002	38
28.539457000000002	42
28.8891075	42
29.238758	35
29.238758	42
29.588408500000003	35
29.588408500000003	42
29.938059	38
29.938059	42
30.2827095	42
30.62736	35
30.62736	42
30.9770105	42
31.326661	38
31.326661	42
31.6763115	42
32.025962	35
32.025962	42
32.3706125	35
32.3706125	42
32.715263	38
32.715263	49
33.069913500000006	49
33.424564000000004	35
33.424564000000004	49
33.7792145	49
34.13386499999999	38
34.13386499999999	49
34.4835155	49
34.833166	35
34.833166	49
35.1928165	35
35.1928165	49
35.552467	38
35.552467	49
35.9021175	49
36.251768	35
36.251768	49
36.594708999999995	49
36.93765	38
37.109120499999996	47
37.280590999999994	47
37.623532	35
37.623532	49
37.9827745	42
38.34201699999999	38
38.34201699999999	42
38.691259499999994	42
39.040502	35
39.040502	42
39.38974449999999	35
39.38974449999999	42
39.738986999999995	38
39.738986999999995	42
40.08822949999999	42
40.43747199999999	35
40.43747199999999	42
40.78171449999999	42
41.12595699999999	38
41.12595699999999	42
41.4801995	42
41.834441999999996	35
41.834441999999996	42
42.18368449999999	35
42.18368449999999	42
42.532926999999994	38
42.532926999999994	42
42.882169499999996	42
43.23141199999999	35
43.23141199999999	42
43.580654499999994	42
43.92989699999999	38
43.92989699999999	42
44.27913949999999	42
44.628381999999995	35
44.628381999999995	42
44.97262449999999	35
44.97262449999999	42
45.316866999999995	38
45.316866999999995	49
45.6711095	49
46.02535199999999	35
46.02535199999999	42
46.37459449999999	42
46.723836999999996	38
46.723836999999996	42
47.07307949999999	42
47.422321999999994	35
47.422321999999994	42
47.77656449999999	35
47.77656449999999	42
48.130807	38
48.130807	42
48.4750495	42
48.819292	35
48.819292	42
49.16853449999999	42
49.517776999999995	38
49.517776999999995	42
49.86201949999999	42
50.206261999999995	35
50.206261999999995	42
50.5555045	35
50.5555045	42
50.90474699999999	38
50.90474699999999	42
51.253989499999996	49
51.60323199999999	35
51.60323199999999	42
51.952474499999994	42
52.301717	38
52.301717	42
52.6459595	42
52.990202	35
52.990202	49
53.3444445	35
53.3444445	42
53.69868699999999	38
53.69868699999999	49
54.0529295	49
54.407171999999996	35
54.407171999999996	42
54.75641449999999	42
55.105656999999994	38
55.105656999999994	42
55.45489949999999	42
55.80414199999999	35
55.80414199999999	42
56.153384499999994	35
56.153384499999994	42
56.502627	38
56.502627	42
56.84686949999999	42
57.19111199999999	35
57.19111199999999	42
57.54035449999999	42
57.889596999999995	38
57.889596999999995	42
58.2438395	42
58.59808199999999	35
58.59808199999999	42
58.94732449999999	35
58.94732449999999	42
59.29656699999999	38
59.29656699999999	42
59.64580949999999	42
59.995051999999994	35
59.995051999999994	42
60.3442945	42
60.69353699999999	38
60.69353699999999	42
61.04277949999999	42
61.39202199999999	35
61.39202199999999	42
61.74126449999999	35
61.74126449999999	42
62.090506999999995	38
62.090506999999995	42
62.43974949999999	42
62.78899199999999	35
62.78899199999999	42
63.13823449999999	42
63.48747699999999	38
63.48747699999999	42
63.8367195	42
64.185962	35
64.185962	42
64.5352045	42
64.884447	38
65.0565684508576	35
65.0565684508576	49
65.57298812291667	35
65.57298812291667	49
65.93345512291667	42
66.29392212291665	38
66.29392212291665	42
66.63938912291667	42
66.98485612291667	35
66.98485612291667	42
67.33532312291666	35
67.33532312291666	42
67.68579012291667	38
67.68579012291667	42
68.03625712291667	42
68.38672412291666	35
68.38672412291666	42
68.73719112291667	42
69.08765812291666	38
69.08765812291666	42
69.43812512291667	42
69.78859212291667	35
69.78859212291667	42
70.13905912291666	35
70.13905912291666	42
70.48952612291667	38
70.48952612291667	42
70.83999312291667	42
71.19046012291666	35
71.19046012291666	42
71.54592712291667	42
71.90139412291666	38
71.90139412291666	42
72.24686112291667	42
72.59232812291667	35
72.59232812291667	42
72.94779512291666	35
72.94779512291666	42
73.30326212291666	38
73.30326212291666	42
73.65372912291666	42
74.00419612291665	35
74.00419612291665	42
74.34966312291667	42
74.69513012291667	38
74.69513012291667	42
75.04559712291667	42
75.39606412291667	35
75.39606412291667	42
75.74653112291666	35
75.74653112291666	42
76.09699812291667	38
76.09699812291667	42
76.44246512291666	42
76.78793212291666	35
76.78793212291666	49
77.14339912291668	49
77.49886612291667	38
77.49886612291667	49
77.84933312291666	49
78.19980012291667	35
78.19980012291667	49
78.54526712291667	35
78.54526712291667	49
78.89073412291665	38
78.89073412291665	47
79.60166812291666	47
80.18990312291666	38
80.30755012291667	38
80.53617745624999	38
80.65049112291666	38
80.99343212291666	35
80.99343212291666	49
81.35308262291666	42
81.71273312291667	38
81.71273312291667	42
82.05738362291667	42
82.40203412291666	35
82.40203412291666	42
82.75168462291667	35
82.75168462291667	42
83.10133512291667	38
83.10133512291667	42
83.44598562291667	42
83.79063612291665	35
83.79063612291665	42
84.14528662291666	42
84.49993712291666	38
84.49993712291666	42
84.84958762291666	42
85.19923812291667	35
85.19923812291667	42
85.54888862291666	35
85.54888862291666	42
85.89853912291666	38
85.89853912291666	42
86.24818962291667	42
86.59784012291666	35
86.59784012291666	42
86.94749062291666	42
87.29714112291666	38
87.29714112291666	42
87.64179162291667	35
87.64179162291667	42
87.98644212291666	35
87.98644212291666	49
88.33609262291665	42
88.68574312291666	38
88.68574312291666	49
89.03539362291666	49
89.38504412291665	35
89.38504412291665	42
89.73969462291666	42
90.09434512291666	38
90.09434512291666	42
90.44399562291666	42
90.79364612291667	35
90.79364612291667	42
91.14329662291667	35
91.14329662291667	42
91.49294712291666	38
91.49294712291666	42
91.84759762291665	42
92.20224812291667	35
92.20224812291667	42
92.54689862291667	42
92.89154912291667	38
92.89154912291667	42
93.24119962291667	42
93.59085012291666	35
93.59085012291666	42
93.94050062291666	35
93.94050062291666	42
94.29015112291667	38
94.29015112291667	42
94.63980162291666	42
94.98945212291666	35
94.98945212291666	42
95.33910262291667	42
95.68875312291667	38
95.68875312291667	42
96.03840362291666	42
96.38805412291666	35
96.38805412291666	42
96.73770462291667	35
96.73770462291667	42
97.08735512291666	38
97.08735512291666	49
97.43700562291667	49
97.78665612291667	35
97.78665612291667	42
98.13549312291667	42
98.48433012291667	38
98.48433012291667	42
98.83316712291666	42
99.18200412291667	35
99.18200412291667	42
99.53165462291666	35
99.53165462291666	42
99.88130512291667	38
99.88130512291667	42
100.23095562291667	49
100.58060612291666	35
100.58060612291666	42
100.93025662291667	42
101.27990712291667	38
101.27990712291667	42
101.62455762291667	42
101.96920812291665	35
101.96920812291665	42
102.31885862291666	35
102.31885862291666	42
102.66850912291666	38
102.66850912291666	42
103.01815962291666	49
103.36781012291667	35
103.36781012291667	42
103.71746062291666	42
104.06711112291666	38
104.06711112291666	42
104.42176162291666	42
104.77641212291667	35
104.77641212291667	49
105.13106262291666	42
105.48571312291666	38
105.48571312291666	42
105.83036362291668	42
106.17501412291666	35
106.17501412291666	42
106.52966462291666	35
106.52966462291666	42
106.88431512291668	38
106.88431512291668	42
107.23396562291667	42
107.58361612291667	35
107.58361612291667	42
107.93326662291668	42
108.28291712291667	38
108.28291712291667	42
108.62756762291667	42
108.97221812291667	35
108.97221812291667	42
109.32186862291667	35
109.32186862291667	42
109.67151912291666	38
109.67151912291666	42
110.02616962291665	42
110.38082012291667	35
110.38082012291667	42
110.72547062291667	42
111.07012112291667	38
111.07012112291667	42
111.41977162291667	42
111.76942212291667	35
111.76942212291667	42
112.11907262291666	35
112.11907262291666	42
112.46872312291667	38
112.46872312291667	42
112.81837362291667	42
113.16802412291666	35
113.16802412291666	42
113.51767462291667	42
113.86732512291667	38
113.86732512291667	42
114.21697562291666	42
114.56662612291666	35
114.56662612291666	42
114.91627662291667	35
114.91627662291667	42
115.26592712291666	38
115.26592712291666	42
115.62057762291667	49
115.97522812291668	35
115.97522812291668	42
116.32987862291667	42
116.68452912291666	38
116.68452912291666	42
117.02917962291667	42
117.37383012291667	35
117.37383012291667	42
117.72348062291667	35
117.72348062291667	42
118.07313112291668	38
118.07313112291668	42
118.42278162291667	42
118.77243212291667	35
118.77243212291667	42
119.12208262291666	42
119.47173312291667	38
119.47173312291667	42
119.82138362291667	42
120.17103412291668	35
120.17103412291668	42
120.52068462291668	35
120.52068462291668	42
120.87033512291667	38
120.87033512291667	42
121.21998562291667	42
121.56963612291668	35
121.56963612291668	42
121.91928662291667	42
122.26893712291667	38
122.26893712291667	42
122.61858762291668	42
122.96823812291667	35
122.96823812291667	42
123.31788862291667	35
123.31788862291667	42
123.66753912291666	38
123.66753912291666	42
124.01718962291667	42
124.36684012291667	35
124.36684012291667	42
124.71649062291668	42
125.06614112291668	38
125.06614112291668	42
125.41579162291667	42
125.76544212291667	35
125.76544212291667	42
126.12009262291667	35
126.12009262291667	49
126.47474312291666	38
126.80939362291667	47
127.14404412291668	35
127.14404412291668	49
127.50109862291667	42
127.85815312291668	38
127.85815312291668	42
128.20520762291667	42
128.37873487291665	35
128.55226212291666	35
128.55226212291666	42
128.89431662291668	35
128.89431662291668	42
129.23637112291667	38
129.23637112291667	42
129.58842562291667	42
129.94048012291665	35
129.94048012291665	42
130.28450812291666	42
130.62853612291664	38
130.62853612291664	42
130.96756412291666	42
131.30659212291667	35
131.30659212291667	42
131.65562012291664	35
131.65562012291664	42
132.00464812291665	38
132.00464812291665	42
132.34867612291666	42
132.52069012291665	35
132.69270412291667	35
132.69270412291667	42
133.04373212291665	42
133.3947601229167	38
133.3947601229167	42
133.7307881229167	42
133.95480678958333	35
134.06681612291666	35
134.06681612291666	42
134.41284412291668	35
134.41284412291668	42
134.75887212291667	38
134.75887212291667	42
135.10990012291668	42
135.28541412291668	35
135.46092812291667	35
135.46092812291667	42
135.80695612291666	42
136.15298412291668	38
136.15298412291668	42
136.49901212291667	42
136.84504012291666	35
136.84504012291666	42
137.19106812291668	35
137.19106812291668	42
137.53709612291667	38
137.53709612291667	49
137.88312412291666	42
138.22915212291667	49
138.9432081229167	49
139.64726412291668	49
140.5926721229167	49
141.0553761229167	49
141.7854321229167	49
142.4954881229167	49
142.73217345625002	49
142.8505161229167	49
143.20554412291668	49
143.80559078958333	49
143.92560012291668	49
144.63565612291669	49
145.23570278958334	49
145.7107401229167	49
146.0657681229167	49
146.79582412291668	49
147.5078801229167	49
148.07626012291666	47
148.18993612291666	47
148.42062145625002	38
148.53596412291668	38
148.88199212291667	47
149.10934412291667	38
149.2230201229167	38
149.5640481229167	35
149.5640481229167	49
149.91107512291669	35
149.91107512291669	42
150.25810212291668	38
150.25810212291668	42
150.60012912291668	42
150.94215612291669	35
150.94215612291669	42
151.2841831229167	35
151.2841831229167	42
151.6262101229167	38
151.6262101229167	42
151.9682371229167	42
152.3102641229167	35
152.3102641229167	42
152.65729112291666	42
153.0043181229167	38
153.0043181229167	42
153.3363451229167	42
153.66837212291668	35
153.66837212291668	42
154.01539912291668	35
154.01539912291668	42
154.36242612291667	38
154.36242612291667	42
154.70445312291668	42
155.04648012291668	35
155.04648012291668	42
155.39050812291669	42
155.73453612291667	38
155.73453612291667	42
156.07856412291667	42
156.42259212291668	35
156.42259212291668	42
156.76662012291666	35
156.76662012291666	42
157.11064812291667	38
157.11064812291667	42
157.45967612291668	42
157.8087041229167	35
157.8087041229167	42
158.1527321229167	42
158.4967601229167	38
158.4967601229167	42
158.8407881229167	42
159.1848161229167	35
159.1848161229167	42
159.5288441229167	35
159.5288441229167	42
159.8728721229167	38
159.8728721229167	49
160.2119001229167	49
160.55092812291667	38
160.88995512291666	47
161.3909956229167	47
161.87703612291668	47
162.43374778958335	38
162.5450901229167	38
162.88411712291668	47
163.22314412291666	35
163.22314412291666	49
163.56617112291667	35
163.56617112291667	42
163.90919812291668	38
163.90919812291668	42
164.2472251229167	42
164.58525212291667	35
164.58525212291667	42
164.92327912291668	35
164.92327912291668	42
165.2613061229167	38
165.47999078958335	47
165.58933312291668	47
165.91736012291668	35
165.91736012291668	49
166.25938712291668	35
166.25938712291668	42
166.60141412291668	38
166.60141412291668	42
166.94344112291668	42
167.28546812291668	35
167.28546812291668	42
167.63249512291668	35
167.63249512291668	42
167.97952212291668	38
167.97952212291668	42
168.32154912291668	42
168.66357612291668	35
168.66357612291668	42
169.0016031229167	42
169.33963012291667	38
169.33963012291667	42
169.6726571229167	42
170.00568412291668	35
170.00568412291668	42
170.3437111229167	35
170.3437111229167	42
170.6817381229167	38
170.6817381229167	42
171.01976512291668	42
171.3577921229167	38
171.69181912291668	47
172.2518641229167	38
172.59089112291667	47
172.70390012291668	47
172.92658478958336	38
173.03792712291667	38
173.3719541229167	47
173.59463878958334	47
173.70598112291668	38
174.04000812291667	35
174.04000812291667	49
174.38303512291668	35
174.38303512291668	49
174.7260621229167	38
174.95141345625004	47
175.28944045625002	47
175.40211612291668	47
175.7351431229167	38
175.90165662291668	38
176.06817012291668	38
176.23718362291666	38
176.40619712291667	47
176.74422412291668	35
176.74422412291668	49
177.08425112291667	35
177.4242781229167	38
177.4242781229167	49
177.76430512291668	49
178.10433212291667	35
178.10433212291667	49
178.44935912291666	35
178.44935912291666	49
178.7943861229167	38
178.7943861229167	49
179.1344131229167	49
179.4744401229167	35
179.4744401229167	49
179.8124671229167	35
179.8124671229167	49
180.15049412291668	38
180.15049412291668	49
180.4885211229167	49
180.82654812291668	35
180.82654812291668	49
181.1645751229167	38
181.5026021229167	47
181.72128678958336	47
181.8306291229167	47
182.15865612291668	38
182.4966831229167	47
182.83471012291668	38
183.00122362291668	47
183.50076412291668	47
183.8337911229167	38
184.16681812291668	38
184.16681812291668	47
184.51484512291665	38
184.86287212291668	38
185.08477645625	47
185.1957286229167	47
185.41763295625	38
185.52858512291667	47
185.87644162291667	38
186.10834595625002	38
186.2242981229167	47
186.44620245625003	47
186.5571546229167	47
186.8900111229167	35
186.8900111229167	47
187.11858212291668	47
187.23286762291667	47
187.4614386229167	47
187.57572412291668	35
187.57572412291668	49
187.92858062291668	42
188.28143712291669	38
188.28143712291669	42
188.6242936229167	42
188.9671501229167	35
188.9671501229167	42
189.31500662291668	35
189.31500662291668	42
189.6628631229167	38
189.6628631229167	42
190.00571962291667	42
190.34857612291668	35
190.34857612291668	42
190.6914326229167	42
191.03428912291668	38
191.03428912291668	42
191.3771456229167	42
191.7200021229167	35
191.7200021229167	42
192.06285862291668	35
192.06285862291668	42
192.4057151229167	38
192.4057151229167	42
192.75357162291667	42
193.10142812291667	35
193.10142812291667	42
193.44428462291668	42
193.78714112291667	38
193.78714112291667	42
194.01571212291668	47
194.12999762291668	47
194.4728541229167	35
194.4728541229167	49
194.81571062291667	42
195.15856712291668	38
195.15856712291668	49
195.50642362291666	42
195.8542801229167	35
195.8542801229167	42
196.1939901229167	42
196.53370012291668	38
196.53370012291668	42
196.87841012291668	42
197.22312012291667	35
197.22312012291667	42
197.57283012291666	35
197.57283012291666	42
197.9225401229167	38
197.9225401229167	42
198.2672501229167	42
198.61196012291668	35
198.61196012291668	42
198.9566701229167	42
199.3013801229167	38
199.3013801229167	42
199.6460901229167	42
199.99080012291668	35
199.99080012291668	42
200.3355101229167	35
200.3355101229167	42
200.6802201229167	38
200.6802201229167	42
201.0149301229167	42
201.34964012291667	35
201.34964012291667	42
201.69598512291665	42
202.04233012291667	38
202.04233012291667	42
202.26989345625	47
202.38367512291666	47
202.49745678958334	47
202.61123845625	47
202.72502012291665	35
202.72502012291665	49
203.06636512291666	42
203.40771012291665	38
203.40771012291665	49
203.74905512291667	42
204.09040012291666	35
204.09040012291666	49
204.42842712291667	49
204.76645412291666	38
204.76645412291666	49
205.09948112291667	49
205.43250812291666	35
205.43250812291666	49
205.77053512291667	35
205.77053512291667	49
206.10856212291668	38
206.10856212291668	49
206.44658912291666	49
206.78461612291667	35
206.78461612291667	49
207.12364312291666	49
207.46267012291668	38
207.46267012291668	49
207.79669712291667	49
208.13072412291666	35
208.13072412291666	49
208.46475112291665	35
208.46475112291665	49
208.79877812291667	38
208.79877812291667	49
209.13280512291666	49
209.46683212291666	35
209.46683212291666	49
209.80685912291665	49
210.14688612291667	38
210.14688612291667	49
210.48191312291667	49
210.81694012291666	35
210.81694012291666	49
211.15696712291665	35
211.15696712291665	49
211.49699412291667	38
211.49699412291667	49
211.83702112291667	49
212.17704812291666	35
212.17704812291666	49
212.51307512291666	49
212.84910212291666	38
212.84910212291666	49
213.18512912291666	49
213.52115612291666	35
213.52115612291666	49
213.86218312291666	35
213.86218312291666	49
214.20321012291666	38
214.20321012291666	49
214.42722812291666	35
214.42722812291666	49
214.87526412291666	35
214.87526412291666	49
215.21529112291665	49
215.55531812291667	38
215.55531812291667	49
215.89534512291667	49
216.12202978958334	35
216.23537212291666	35
216.23537212291666	49
216.57539912291665	35
216.57539912291665	49
216.91542612291667	38
216.91542612291667	49
217.25545312291666	49
217.59548012291665	35
217.59548012291665	49
217.93550712291665	49
218.27553412291667	38
218.27553412291667	49
218.60556112291667	49
218.93558812291667	35
218.93558812291667	49
219.2756151229167	35
219.2756151229167	49
219.61564212291668	38
219.61564212291668	49
219.95566912291667	49
220.29569612291667	35
220.29569612291667	49
220.63872312291667	49
220.98175012291665	38
220.98175012291665	49
221.31977712291666	49
221.65780412291664	35
221.65780412291664	49
222.00083112291665	35
222.00083112291665	49
222.34385812291666	38
222.34385812291666	49
222.67688512291664	49
223.00991212291666	35
223.00991212291666	49
223.34793912291667	49
223.68596612291665	38
223.68596612291665	49
224.02399312291666	49
224.36202012291665	35
224.36202012291665	49
224.70004712291666	49
225.03807412291667	38
225.03807412291667	49
225.37610112291665	49
225.71412812291666	35
225.71412812291666	49
226.05215512291664	49
226.39018212291666	38
226.39018212291666	49
226.72320912291667	49
227.05623612291666	35
227.05623612291666	49
227.39926312291666	49
227.74229012291664	38
227.74229012291664	49
228.07031712291666	49
228.39834412291665	35
228.39834412291665	49
228.75137112291662	38
229.10439812291665	47
229.44242512291666	47
229.78045212291664	35
229.78045212291664	49
231.01171553958332	38
231.14551789375	38
231.49738762291668	47
232.04044783125	38
232.18204262291667	38
232.52187012291668	47
232.75175512291668	47
233.0678469979167	38
233.21152512291667	38
233.32646762291668	47
233.44141012291666	47
233.55635262291668	47
233.90118012291668	35
233.90118012291668	49
234.24482212291667	35
234.24482212291667	42
234.5884641229167	38
234.5884641229167	42
234.92710612291668	42
235.26574812291668	35
235.26574812291668	42
235.60939012291666	35
235.60939012291666	42
235.95303212291665	38
235.95303212291665	42
236.29667412291667	42
236.64031612291666	35
236.64031612291666	42
236.98395812291668	42
237.32760012291666	38
237.32760012291666	42
237.67124212291665	42
238.01488412291667	35
238.01488412291667	42
238.35852612291666	35
238.35852612291666	42
238.70216812291667	38
238.70216812291667	42
239.04081012291667	42
239.3794521229167	35
239.3794521229167	42
239.72309412291668	42
240.06673612291667	38
240.06673612291667	42
240.41537812291668	42
240.76402012291666	35
240.76402012291666	42
241.10766212291668	35
241.10766212291668	42
241.45130412291667	38
241.45130412291667	42
241.79994612291665	42
242.1485881229167	35
242.1485881229167	42
242.48723012291669	42
242.82587212291668	38
242.82587212291668	42
243.16951412291667	42
243.51315612291666	35
243.51315612291666	42
243.85679812291667	35
243.85679812291667	42
244.20044012291666	38
244.20044012291666	49
244.54408212291668	49
244.88772412291667	35
244.88772412291667	42
245.23636612291665	42
245.5850081229167	38
245.5850081229167	42
245.92865012291668	42
246.2722921229167	35
246.2722921229167	42
246.61593412291668	35
246.61593412291668	42
246.95957612291667	38
246.95957612291667	42
247.3032181229167	42
247.64686012291668	35
247.64686012291668	42
247.9905021229167	42
248.33414412291668	38
248.33414412291668	42
248.67278612291668	42
249.01142812291667	35
249.01142812291667	42
249.35507012291666	35
249.35507012291666	42
249.69871212291667	38
249.69871212291667	42
250.04235412291666	42
250.38599612291665	35
250.38599612291665	42
250.73463812291666	42
251.08328012291668	38
251.08328012291668	42
251.4269221229167	42
251.77056412291668	35
251.77056412291668	42
252.11420612291667	35
252.11420612291667	42
252.4578481229167	38
252.4578481229167	42
252.80149012291668	42
253.1451321229167	35
253.1451321229167	42
253.49377412291668	42
253.84241612291666	38
253.84241612291666	42
254.18105812291668	42
254.51970012291667	35
254.51970012291667	42
254.74212812291668	47
254.8533421229167	47
254.9645561229167	38
255.0757701229167	38
255.18698412291667	38
255.5306261229167	47
255.87426812291667	35
255.87426812291667	49
256.2229101229167	42
256.57155212291667	38
256.57155212291667	42
256.91519412291666	42
257.25883612291665	35
257.25883612291665	42
257.60247812291664	35
257.60247812291664	42
257.9461201229167	38
257.9461201229167	42
258.29476212291667	42
258.64340412291665	35
258.64340412291665	42
258.97704612291665	42
259.31068812291664	38
259.31068812291664	42
259.6443301229167	42
259.9779721229167	35
259.9779721229167	42
260.3266141229167	35
260.3266141229167	42
260.67525612291666	38
260.67525612291666	42
261.0188981229167	42
261.3625401229167	35
261.3625401229167	42
261.7016206229167	42
262.0407011229167	38
262.0407011229167	42
262.3797816229167	42
262.7188621229167	35
262.7188621229167	42
263.0629426229167	35
263.0629426229167	42
263.4070231229167	38
263.4070231229167	42
263.7511036229167	42
264.0951841229167	35
264.0951841229167	42
264.43221112291667	42
264.7692381229167	38
264.7692381229167	42
265.1112651229167	42
265.4532921229167	35
265.4532921229167	42
265.7953191229167	35
265.7953191229167	42
266.1373461229167	38
266.1373461229167	42
266.4793731229167	42
266.8214001229167	35
266.8214001229167	42
267.1634271229167	42
267.5054541229167	38
267.5054541229167	42
267.8424811229167	42
268.17950812291673	35
268.17950812291673	42
268.5265351229167	35
268.5265351229167	42
268.8735621229167	38
268.8735621229167	42
269.2155891229167	42
269.5576161229167	35
269.5576161229167	42
269.89564312291674	42
270.23367012291675	38
270.23367012291675	42
270.5716971229167	42
270.9097241229167	35
270.9097241229167	42
271.2527511229167	35
271.2527511229167	42
271.5957781229167	38
271.5957781229167	42
271.93380512291674	42
272.2718321229167	35
272.2718321229167	42
272.6098591229167	42
272.9478861229167	38
272.9478861229167	42
273.2859131229167	42
273.62394012291674	35
273.62394012291674	49
273.9669671229167	35
274.3099941229167	38
274.3099941229167	49
274.9760481229167	35
274.9760481229167	49
275.66210212291674	38
275.66210212291674	49
276.3181561229167	35
276.3181561229167	49
276.6611831229167	35
277.00421012291673	38
277.00421012291673	49
277.6702641229167	35
277.6702641229167	49
278.3463181229167	38
278.3463181229167	49
279.03237212291674	35
279.03237212291674	49
279.3753991229167	35
279.7184261229167	38
279.7184261229167	49
280.0564531229167	49
280.3944801229167	35
280.3944801229167	49
280.7305071229167	49
281.0665341229167	49
281.39256112291673	38
281.5555746229167	38
281.71858812291674	38
281.8866016229167	38
282.05461512291674	38
282.39064212291674	38
282.5586556229167	38
282.72666912291675	38
283.06269612291675	35
283.06269612291675	49
283.76675012291673	38
283.76675012291673	49
284.1087771229167	49
284.45080412291674	35
284.45080412291674	49
284.7928311229167	35
284.7928311229167	49
285.13485812291674	38
285.13485812291674	49
285.4668851229167	49
285.79891212291676	35
285.79891212291676	49
286.13493912291676	49
286.47096612291676	38
286.47096612291676	49
286.80699312291677	49
287.14302012291677	35
287.14302012291677	49
287.48404712291676	35
287.48404712291676	49
287.82507412291676	38
287.82507412291676	49
288.16610112291676	49
288.50712812291675	35
288.50712812291675	49
288.84515512291676	49
289.1831821229168	38
289.1831821229168	49
289.51620912291673	49
289.84923612291675	35
289.84923612291675	49
290.5252901229168	38
290.5252901229168	49
291.2113441229167	35
291.2113441229167	49
291.5633711229167	49
291.91539812291677	38
291.91539812291677	49
292.25742512291674	49
292.5994521229168	35
292.5994521229168	49
292.94147912291675	35
292.94147912291675	49
293.2835061229168	38
293.2835061229168	49
293.62053312291675	49
293.95756012291673	35
293.95756012291673	49
294.2895871229167	49
294.62161412291675	38
294.62161412291675	49
294.9636411229167	49
295.30566812291676	35
295.30566812291676	49
295.64269512291673	35
295.64269512291673	49
295.97972212291677	38
295.97972212291677	49
296.32174912291674	49
296.6637761229168	35
296.6637761229168	49
296.9998031229168	49
297.3358301229168	38
297.3358301229168	49
297.50134362291675	47
297.6668571229168	47
297.9978841229168	35
297.9978841229168	49
298.6799381229168	38
298.6799381229168	49
299.3619921229168	35
299.3619921229168	42
299.6980191229168	42
300.0340461229168	38
300.0340461229168	42
300.3700731229168	42
300.7061001229168	35
300.7061001229168	42
301.0471271229168	35
301.0471271229168	42
301.3881541229168	38
301.3881541229168	42
301.7241811229168	42
302.0602081229168	35
302.0602081229168	42
302.3962351229168	42
302.7322621229168	38
302.7322621229168	42
303.0682891229168	42
303.23630262291675	38
303.4043161229167	38
303.7403431229167	47
304.0763701229167	38
304.41239712291673	47
304.74842412291673	35
304.74842412291673	49
305.4284781229167	38
305.59599162291676	47
305.76350512291674	47
306.09853212291677	35
306.09853212291677	49
306.76858612291676	38
306.76858612291676	49
307.44864012291674	38
307.78466712291674	47
308.12069412291675	38
308.2887076229167	47
308.79274812291675	35
309.12877512291675	47
309.46480212291675	38
309.6328156229167	47
309.80082912291675	47
310.13685612291675	35
310.13685612291675	49
310.47018912291674	35
310.47018912291674	49
310.8035221229168	38
310.8035221229168	49
310.97018862291674	47
311.13685512291676	47
311.47018812291674	47
311.7985211229168	38
311.96268762291675	47
312.12685412291677	47
312.46518712291675	47
312.8035201229168	38
313.1405981229168	47
313.30913712291675	47
313.47767612291676	47
313.65121512291677	38
313.8247541229168	38
314.1718321229168	35
314.1718321229168	49
314.8614871229168	38
314.8614871229168	42
315.1994826229168	42
315.5374781229168	35
315.5374781229168	42
315.8754736229168	35
315.8754736229168	42
316.2134691229168	38
316.2134691229168	42
316.5464646229168	42
316.8794601229168	35
316.8794601229168	42
317.2124556229168	42
317.5454511229168	38
317.5454511229168	42
317.8934466229168	42
318.2414421229168	35
318.2414421229168	42
318.46010578958345	38
318.5694376229168	38
318.8974331229168	47
319.12276345625014	38
319.2354286229168	38
319.57342412291683	35
319.57342412291683	49