5.863402	38
6.133888	35
6.133888	49
6.394373668392728	42
6.6548247875	38
6.6548247875	42
6.9148412875	35
6.9148412875	42
7.1748577875	35
7.1748577875	42
7.4448742875	38
7.4448742875	42
7.7148907875	42
7.9849072875	35
7.9849072875	42
8.2549237875	35
8.2549237875	42
8.5149402875	42
8.774956787499999	38
8.774956787499999	42
9.0349732875	35
9.0349732875	42
9.294989787499999	42
9.5600062875	38
9.5600062875	42
9.8250227875	42
10.085039287499999	35
10.085039287499999	42
10.3450557875	35
10.3450557875	42
10.6100722875	42
10.8750887875	38
10.8750887875	42
11.140105287499999	35
11.140105287499999	42
11.4051217875	42
11.6751382875	38
11.6751382875	42
11.9451547875	42
12.205171287499999	35
12.205171287499999	42
12.4651877875	35
12.4651877875	42
12.7302042875	42
12.9952207875	38
12.9952207875	42
13.255237287499998	35
13.255237287499998	42
13.515253787499999	42
13.7902702875	38
13.7902702875	42
14.065286787499998	42
14.3303032875	35
14.3303032875	42
14.5953197875	35
14.5953197875	42
14.8603362875	42
15.125352787499997	38
15.125352787499997	42
15.390369287499999	35
15.390369287499999	42
15.6553857875	42
15.920402287499996	38
15.920402287499996	42
16.185418787499998	42
16.445435287499997	35
16.445435287499997	42
16.7054517875	35
16.7054517875	42
16.970468287499997	42
17.2354847875	38
17.2354847875	42
17.500501287499997	35
17.500501287499997	42
17.7655177875	42
18.0305342875	38
18.0305342875	42
18.295550787499998	42
18.5605672875	35
18.5605672875	42
18.825583787499998	35
18.825583787499998	42
19.1006002875	42
19.375616787499997	38
19.375616787499997	42
19.6456332875	35
19.6456332875	42
19.915649787499998	42
20.175666287499997	38
20.175666287499997	42
20.4356827875	42
20.700699287499997	35
20.700699287499997	42
20.9657157875	35
20.9657157875	42
21.230732287499997	42
21.4957487875	38
21.4957487875	42
21.750765287499995	35
21.750765287499995	42
22.0057817875	42
22.2707982875	38
22.2707982875	42
22.535814787499998	49
22.795831287499997	38
22.795831287499997	42
23.055847787499996	35
23.055847787499996	42
23.3258642875	42
23.5958807875	38
23.5958807875	42
23.8608972875	35
23.8608972875	42
24.1259137875	42
24.390930287499998	38
24.390930287499998	42
24.6559467875	42
24.920963287499998	35
24.920963287499998	42
25.1859797875	35
25.1859797875	42
25.455996287499996	42
25.726012787499997	38
25.726012787499997	42
25.991029287499998	35
25.991029287499998	42
26.256045787499996	42
26.5160622875	38
26.5160622875	42
26.776078787499998	42
27.0410952875	35
27.0410952875	42
27.306111787499997	35
27.306111787499997	42
27.5811282875	42
27.856144787499996	38
27.856144787499996	42
28.121161287499998	35
28.121161287499998	42
28.3861777875	42
28.651194287499997	38
28.651194287499997	42
28.9162107875	42
29.181227287499997	35
29.181227287499997	42
29.4462437875	35
29.4462437875	42
29.721260287499998	42
29.996276787499998	38
29.996276787499998	42
30.256293287499997	35
30.256293287499997	42
30.5163097875	42
30.776326287499998	38
30.776326287499998	42
31.036342787499997	47
31.3013592875	38
31.566375787499997	35
31.566375787499997	49
32.106408787499994	38
32.106408787499994	42
32.371425287499996	35
32.371425287499996	42
32.63644178749999	42
32.89645828749999	38
32.89645828749999	42
33.156474787499995	42
33.4214912875	35
33.4214912875	42
33.6865077875	35
33.6865077875	42
33.95152428749999	42
34.216540787499994	38
34.216540787499994	42
34.481557287499996	35
34.481557287499996	42
34.7465737875	42
35.01659028749999	38
35.01659028749999	42
35.28660678749999	42
35.54162336131561	35
35.54162336131561	42
35.7966437	35
35.7966437	42
36.07212969999999	42
36.34761569999999	38
36.34761569999999	42
36.61310169999999	35
36.61310169999999	42
36.87858769999999	42
37.14407369999999	38
37.14407369999999	42
37.40955969999999	42
37.670045699999996	35
37.670045699999996	42
37.93053169999999	35
37.93053169999999	42
38.19601769999999	42
38.461503699999994	38
38.461503699999994	42
38.72698969999999	35
38.72698969999999	42
38.99247569999999	42
39.262961699999984	38
39.262961699999984	42
39.53344769999999	42
39.79893369999999	35
39.79893369999999	42
40.06441969999999	35
40.06441969999999	42
40.32990569999999	42
40.595391699999986	38
40.595391699999986	42
40.86087769999999	35
40.86087769999999	42
41.12636369999999	42
41.39138606874999	38
41.39138606874999	42
41.65640256874999	42
41.91641906874999	35
41.91641906874999	42
42.17643556874999	35
42.17643556874999	42
42.44145206874999	42
42.70646856874999	38
42.70646856874999	42
42.971485068749985	35
42.971485068749985	42
43.236501568749986	42
43.50151806874999	38
43.50151806874999	42
43.76653456874999	42
44.026551068749995	35
44.026551068749995	42
44.28656756874999	35
44.28656756874999	42
44.556584068749984	42
44.82660056874999	38
44.82660056874999	42
45.09161706874999	35
45.09161706874999	42
45.356633568749984	42
45.61665006874999	38
45.61665006874999	42
45.87666656874999	42
46.14168306874999	35
46.14168306874999	42
46.40669956874999	35
46.40669956874999	42
46.67171606874999	42
46.93673256874999	38
46.93673256874999	42
47.19674906874999	35
47.19674906874999	42
47.45676556874999	42
47.73678206874998	38
47.73678206874998	42
48.016798568749984	47
48.281815068749985	38
48.54683156874999	35
48.54683156874999	49
48.81184806874999	42
49.07686456874998	38
49.07686456874998	42
49.341881068749984	35
49.341881068749984	42
49.606897568749986	35
49.606897568749986	42
49.87191406874999	38
49.87191406874999	42
50.13693056874998	42
50.39694706874999	35
50.39694706874999	42
50.65696356874999	35
50.65696356874999	42
50.926980068749984	42
51.19699656874999	38
51.19699656874999	42
51.45701306874999	35
51.45701306874999	42
51.717029568749986	42
51.98704606874998	38
51.98704606874998	42
52.25706256874999	42
52.52207906874998	35
52.52207906874998	42
52.78709556874998	35
52.78709556874998	42
53.06211206874998	42
53.33712856874999	38
53.33712856874999	42
53.60214506874999	35
53.60214506874999	42
53.867161568749985	42
54.12217806874999	38
54.12217806874999	42
54.377194568749985	42
54.64221106874999	35
54.64221106874999	42
54.90722756874998	35
54.90722756874998	42
55.17224406874998	42
55.437260568749984	38
55.437260568749984	42
55.69727706874999	35
55.69727706874999	42
55.95729356874999	42
56.222310068749984	47
56.354818318749984	38
56.487326568749985	47
56.75234306874999	38
57.01735956874999	35
57.01735956874999	49
57.28237606874998	42
57.547392568749984	38
57.547392568749984	42
57.812409068749986	35
57.812409068749986	42
58.07742556874999	42
58.347442068749984	38
58.347442068749984	42
58.61745856874999	42
58.89247506874998	35
58.89247506874998	42
59.16749156874998	35
59.16749156874998	42
59.422508068749984	42
59.67752456874999	38
59.67752456874999	42
59.94254106874998	35
59.94254106874998	42
60.20755756874998	38
60.20755756874998	42
60.46757406874999	47
60.72759056874999	47
60.987607587531784	35
60.987607587531784	42
61.24767856874999	35
61.24767856874999	49
61.82101156874998	38
61.82101156874998	42
62.08767806874999	35
62.08767806874999	42
62.35434456874999	42
62.61101106874999	38
62.61101106874999	42
62.86767756874999	42
63.12934406874999	35
63.12934406874999	42
63.39101056874999	35
63.39101056874999	42
63.65767706874999	42
63.92427481874999	38
63.92427481874999	42
64.18429131875	35
64.18429131875	42
64.44430781874999	42
64.71432431874997	38
64.71432431874997	42
64.98434081874998	42
65.25435731874998	35
65.25435731874998	49
65.52437381874999	35
65.52437381874999	42
65.78939031875	42
66.05440681875	38
66.05440681875	42
66.31988499375	35
66.31988499375	42
66.58537099374999	42
66.85085699374999	38
66.85085699374999	42
67.11634299375	42
67.38182899374999	35
67.38182899374999	42
67.64731499374999	35
67.64731499374999	42
67.91780099374999	42
68.18828699374998	38
68.18828699374998	42
68.45377299374998	35
68.45377299374998	42
68.71925899374999	38
68.71925899374999	42
69.24023099374999	47
69.50571699374999	38
69.77120299375	35
69.77120299375	49
70.04168899374999	42
70.31217499374998	38
70.31217499374998	42
70.57266099374999	35
70.57266099374999	42
70.83314699374999	35
70.83314699374999	42
71.09863299374999	38
71.09863299374999	42
71.36411899375	35
71.36411899375	42
71.62460499375	35
71.62460499375	42
71.88509099374998	35
71.88509099374998	42
72.14557699374998	42
72.40606299374998	38
72.40606299374998	42
72.67154899374998	35
72.67154899374998	42
72.93703499374998	42
73.20752099374998	38
73.20752099374998	42
73.47800699374999	42
73.74349299374998	35
73.74349299374998	42
74.00897899374999	35
74.00897899374999	42
74.27946499374998	42
74.54995099374999	38
74.54995099374999	42
74.82043699375	35
74.82043699375	42
75.09092299374998	35
75.09092299374998	42
75.36140899374998	38
75.36140899374998	42
75.63189499374998	42
75.88738099375	35
75.88738099375	42
76.14286699375	35
76.14286699375	42
76.40835299374999	42
76.67383899375	38
76.67383899375	42
76.93432499375	35
76.93432499375	42
77.06456799375	38
77.19481099374998	42
77.32255399374999	38
77.45029699374999	35
77.45029699374999	42
77.57803999375	35
77.70578299375	38
77.70578299375	42
77.97126899374999	35
77.97126899374999	42
78.23675499374998	35
78.23675499374998	42
78.50724099374999	42
78.77772699374998	38
78.77772699374998	42
79.04321299374998	35
79.04321299374998	42
79.30869899374999	42
79.58418499374997	38
79.58418499374997	42
79.85967099374997	42
80.12015699375	35
80.12015699375	42
80.38064299374999	35
80.38064299374999	42
80.64612899374998	42
80.91161499374999	38
80.91161499374999	42
81.17710099374999	35
81.17710099374999	42
81.44258699374998	42
81.70807299374998	38
81.70807299374998	42
81.97355899374999	42
82.23904499374999	35
82.23904499374999	42
82.50453099374998	35
82.50453099374998	42
82.77001699374998	42
83.03550299374999	38
83.03550299374999	42
83.30098899374998	35
83.30098899374998	42
83.56647499374998	35
83.56647499374998	42
83.83196099374999	38
83.83196099374999	42
84.09744699374998	42
84.36293299374998	35
84.36293299374998	42
84.62841899374999	35
84.62841899374999	42
84.89890499374998	42
85.16939099374999	38
85.16939099374999	42
85.43487699375	35
85.43487699375	42
85.7003453875	42
85.9653618875	38
86.2303783875	47
86.48039488750001	38
86.73041138750001	35
86.73041138750001	49
87.00542788749998	42
87.28044438749997	38
87.28044438749997	42
87.54046088749999	35
87.54046088749999	42
87.80047738749998	35
87.80047738749998	42
88.06549388749998	38
88.06549388749998	42
88.33051038749998	35
88.33051038749998	42
88.59552688749999	35
88.59552688749999	42
88.86054338749999	35
88.86054338749999	42
89.12555988749999	42
89.39057638749998	38
89.39057638749998	42
89.65559288749998	35
89.65559288749998	42
89.92060938749998	42
90.185178825	38
90.185178825	42
90.449728825	42
90.714278825	35
90.714278825	42
90.978828825	35
90.978828825	42
91.24837882499999	42
91.517928825	38
91.517928825	42
91.782478825	35
91.782478825	42
92.047028825	35
92.047028825	42
92.311578825	38
92.311578825	42
92.576128825	42
92.840678825	35
92.840678825	42
93.105228825	35
93.105228825	42
93.369778825	42
93.634328825	38
93.634328825	42
93.893878825	35
93.893878825	42
94.15342882499999	42
94.41797882499999	49
94.55025382499998	38
94.68252882499999	49
94.942078825	38
95.201628825	35
95.201628825	49
95.75072882499998	38
95.75072882499998	42
96.015278825	35
96.015278825	42
96.279828825	42
96.544378825	38
96.544378825	42
96.808928825	42
97.073478825	35
97.073478825	42
97.338028825	35
97.338028825	42
97.602578825	42
97.867128825	38
97.867128825	42
98.126678825	35
98.126678825	42
98.38622882499999	38
98.38622882499999	42
98.65077882499999	47
98.91532882499999	47
99.18987882499998	38
99.46442882499998	35
99.46442882499998	49
100.00352882499999	38
100.00352882499999	42
100.26476181612396	35
100.26476181612396	42
100.52600868333333	42
100.79225568333334	38
100.79225568333334	42
101.05850268333333	42
101.32474968333334	35
101.32474968333334	42
101.59099668333333	35
101.59099668333333	42
101.85724368333334	42
102.12349068333333	38
102.12349068333333	42
102.38473768333334	35
102.38473768333334	42
102.64598468333332	42
102.91223168333333	38
102.91223168333333	42
103.17847868333334	42
103.44472568333333	38
103.44472568333333	42
103.71097268333332	35
103.71097268333332	42
103.97721968333333	42
104.24346668333334	38
104.24346668333334	42
104.51228528506789	35
104.51228528506789	42
104.78108309166667	42
105.03988109166667	38
105.03988109166667	49
105.29867909166666	42
105.55747709166667	35
105.55747709166667	42
105.81627509166665	35
105.81627509166665	42
106.08507309166666	42
106.35387109166666	38
106.35387109166666	42
106.62387734171008	35
106.62387734171008	42
106.8938939375	35
106.8938939375	42
107.1539104375	38
107.1539104375	42
107.4139269375	42
107.68394343749999	42
107.9539599375	35
107.9539599375	49
108.2212198250135	42
108.48845610416664	38
108.48845610416664	42
108.75069260416664	35
108.75069260416664	42
109.01292910416664	42
109.27516560416665	38
109.27516560416665	42
109.53740210416665	42
109.79463860416665	38
109.79463860416665	42
110.05187510416665	35
110.05187510416665	42
110.31084368783623	42
110.56982654999999	38
110.56982654999999	42
110.83880954999998	35
110.83880954999998	42
111.10779255	42
111.37677554999999	38
111.64575854999998	42
111.90974154999999	38
112.17372454999999	35
112.17372454999999	42
112.4367979996821	42
112.69990517916666	38
112.69990517916666	42
112.96301267916667	35
112.96301267916667	42
113.22612017916666	35
113.22612017916666	42
113.49922767916665	38
113.77233517916666	42
114.04044267916666	38
114.30855017916666	35
114.30855017916666	42
114.57250408333331	35
114.57250408333331	42
114.83642308333332	38
114.83642308333332	42
115.10034208333332	35
115.10034208333332	42
115.36426108333332	35
115.36426108333332	42
115.63318008333331	38
115.63318008333331	42
115.90209908333331	42
116.16101808333332	38
116.16101808333332	42
116.41993708333332	35
116.41993708333332	49
116.67885608333333	49
116.93777508333332	38
117.20169408333331	35
117.20169408333331	49
117.46561308333331	49
117.72953208333331	38
117.99345108333331	49
118.26237008333331	38
118.53128908333332	35
118.53128908333332	49
118.79520808333332	49
118.92716758333331	35
119.05912708333332	38
119.33304608333331	35
119.33304608333331	49
119.60696508333331	49
119.87088408333332	38
120.13480308333331	49
120.39872208333331	38
120.66264108333331	35
120.66264108333331	49
120.93138652499998	49
121.20017252499999	38
121.47395852499999	35
121.47395852499999	49
121.74774452499999	49
122.001530525	38
122.255316525	49
122.52410252499999	38
122.792888525	35
122.792888525	49
123.05691155	35
123.05691155	49
123.32089454999999	38
123.57987754999999	35
123.57987754999999	49
123.83886054999999	49
124.10784354999998	38
124.37682654999999	49
124.64080954999999	38
124.90479255	35
124.90479255	49
125.16877554999999	49
125.43275854999999	38
125.69674155	35
125.69674155	49
125.96072455	49
126.22470754999999	38
126.48869054999999	49
126.74767355	38
127.00665655	35
127.00665655	49
127.27563954999998	49
127.54462254999999	38
127.81360554999999	35
127.81360554999999	49
128.08258855	49
128.34657155	38
128.61055455	49
128.86953755	38
129.12852055	35
129.12852055	49
129.38750355	49
129.64648655	38
129.92046954999998	35
129.92046954999998	49
130.19445255	49
130.45843555	38
130.72241855	49
130.98640155	38
131.25038455	35
131.25038455	49
131.51820877083333	35
131.51820877083333	49
131.78606527083332	38
132.0539217708333	35
132.0539217708333	49
132.3217782708333	49
132.58463477083333	38
132.8474912708333	49
133.1203477708333	38
133.3932042708333	35
133.3932042708333	49
133.65415215757093	49
133.9150843083333	38
134.1810163083333	35
134.1810163083333	49
134.4469483083333	49
134.7178803083333	38
134.98881230833334	49
135.24474430833334	38
135.5006763083333	35
135.5006763083333	49
135.76748826398412	49
136.0342649333333	38
136.3010419333333	35
136.3010419333333	49
136.5678189333333	49
136.8245959333333	38
137.0813729333333	47
137.3431499333333	38
137.6049269333333	35
137.6049269333333	49
137.87607832554193	42
138.14726717083332	38
138.14726717083332	42
138.4184556708333	35
138.4184556708333	42
138.6896441708333	42
138.9458326708333	38
138.9458326708333	42
139.2020211708333	42
139.4682096708333	38
139.4682096708333	42
139.7343981708333	35
139.7343981708333	42
140.00243788485287	42
140.2704506333333	38
140.2704506333333	42
140.5284636333333	35
140.5284636333333	42
140.78647663333328	42
141.05948963333327	38
141.05948963333327	42
141.3325026333333	47
141.5955156333333	38
141.8585286333333	35
141.8585286333333	49
142.13154163333328	42
142.4045546333333	38
142.4045546333333	42
142.6675676333333	35
142.6675676333333	42
142.9305806333333	42
143.1985936333333	38
143.1985936333333	42
143.4666066333333	42
143.7296196333333	38
143.7296196333333	42
143.9926326333333	35
143.9926326333333	42
144.2564195678825	42
144.52025411666665	38
144.52025411666665	42
144.78408911666665	35
144.78408911666665	42
145.04792411666662	42
145.31175911666662	38
145.31175911666662	42
145.57559411666662	47
145.70751161666664	38
145.83942911666665	47
146.10326411666665	35
146.10326411666665	49
146.66379315416663	38
146.66379315416663	49
146.9340636541666	35
146.9340636541666	49
147.20433415416662	49
147.46460465416664	38
147.46460465416664	49
147.72487515416663	49
147.98514528534815	35
147.98514528534815	49
148.24539621874996	35
148.24539621874996	49
148.51588221874994	49
148.78636821874994	38
148.78636821874994	49
149.05185421874995	35
149.05185421874995	49
149.31734021874993	49
149.57282621874995	38
149.57282621874995	49
149.82831221874994	49
150.09879821874995	35
150.09879821874995	49
150.36928421874995	35
150.36928421874995	49
150.63477021874994	49
150.90025621874994	38
150.90025621874994	49
151.16574221874995	35
151.16574221874995	49
151.43122821874994	49
151.69671421874995	38
151.69671421874995	49
151.96220021874996	49
152.22768621874994	35
152.22768621874994	49
152.49317221874995	35
152.49317221874995	49
152.75865821874996	49
153.02414421874994	38
153.02414421874994	49
153.28463021874995	35
153.28463021874995	49
153.54511621874997	49
153.81060221874995	38
153.81060221874995	42
154.07608821874996	49
154.34157421874997	35
154.34157421874997	49
154.60706021874995	35
154.60706021874995	49
154.8669060471397	49
155.1267465979166	38
155.1267465979166	49
155.39158709791658	35
155.39158709791658	49
155.6564275979166	49
155.9262680979166	38
155.9262680979166	49
156.1961085979166	47
156.1961085979166	49
156.46594909791662	35
156.46594909791662	47
156.46594909791662	49
156.7357895979166	35
156.7357895979166	49
157.0006300979166	49
157.26547059791662	38
157.26547059791662	49
157.5253110979166	35
157.5253110979166	49
157.7851515979166	49
158.0599920979166	38
158.0599920979166	49
158.3348325979166	47
158.3348325979166	49
158.5996730979166	38
158.5996730979166	49
158.86451359791658	35
158.86451359791658	49
159.1293540979166	49
159.3941945979166	38
159.3941945979166	49
159.6590350979166	35
159.6590350979166	49
159.9238755979166	49
160.1887160979166	38
160.1887160979166	49
160.4535565979166	47
160.4535565979166	49
160.7183970979166	35
160.7183970979166	47
160.7183970979166	49
160.9832375979166	35
160.9832375979166	49
161.2480780979166	49
161.5129185979166	38
161.5129185979166	49
161.7777590979166	35
161.7777590979166	49
162.0425995979166	49
162.30744009791658	38
162.30744009791658	49
162.5722805979166	47
162.5722805979166	49
162.8321210979166	35
162.8321210979166	47
162.8321210979166	49
163.0919615979166	35
163.0919615979166	49
163.3668020979166	49
163.64164259791661	38
163.64164259791661	49
163.9114830979166	35
163.9114830979166	49
164.18132359791662	35
164.18132359791662	49
164.4411640979166	38
164.4411640979166	49
164.7010045979166	47
164.7010045979166	49
164.96084509791663	35
164.96084509791663	47
164.96084509791663	49
165.2206855979166	35
165.2206855979166	49
165.4805260979166	49
165.7403665979166	38
165.7403665979166	49
166.0102070979166	35
166.0102070979166	49
166.2800475979166	49
166.54488809791658	38
166.54488809791658	49
166.8097285979166	47
166.8097285979166	49
167.0695690979166	35
167.0695690979166	47
167.0695690979166	49
167.3294095979166	35
167.3294095979166	49
167.60588559417138	49
167.88237585208324	38
167.88237585208324	49
168.14886585208328	35
168.14886585208328	49
168.41535585208328	49
168.68184585208328	38
168.68184585208328	49
168.9483358520833	47
168.9483358520833	49
169.2098258520833	35
169.2098258520833	47
169.2098258520833	49
169.47131585208325	35
169.47131585208325	49
169.7312825313105	49
169.99123665208327	38
169.99123665208327	49
170.2561906520833	35
170.2561906520833	49
170.38866765208329	38
170.52114465208328	49
170.78609865208327	38
170.78609865208327	49
171.05105265208329	47
171.05105265208329	49
171.31100665208328	35
171.31100665208328	47
171.31100665208328	49
171.5709606520833	35
171.5709606520833	49
171.84591465208325	49
172.12086865208323	38
172.12086865208323	49
172.39082265208327	35
172.39082265208327	49
172.66077665208329	49
172.9257306520833	38
172.9257306520833	49
173.1906846520833	47
173.1906846520833	49
173.45063865208328	35
173.45063865208328	47
173.45063865208328	49
173.71059265208328	35
173.71059265208328	49
173.97554665208327	49
174.24050065208328	38
174.24050065208328	49
174.50545465208327	35
174.50545465208327	49
174.77040865208326	49
175.03536265208328	38
175.03536265208328	42
175.30031665208327	47
175.30031665208327	49
175.56027065208326	35
175.56027065208326	47
175.56027065208326	49
175.82022465208328	35
175.82022465208328	49
176.09017865208327	49
176.36013265208328	38
176.36013265208328	49
176.62508665208327	35
176.62508665208327	49
176.89004065208326	49
177.15499465208327	38
177.15499465208327	49
177.41994865208326	47
177.41994865208326	49
177.68490265208328	35
177.68490265208328	47
177.68490265208328	49
177.94985665208327	35
177.94985665208327	49
178.21981065208325	49
178.4897646520833	38
178.4897646520833	49
178.7447186520833	35
178.7447186520833	49
178.99967265208332	49
179.26962665208328	38
179.26962665208328	49
179.53958065208326	47
179.80453465208328	38
180.06948865208327	35
180.06948865208327	49
180.6093966520833	38
180.6093966520833	49
180.87435065208328	35
180.87435065208328	49
181.1393046520833	35
181.1393046520833	49
181.40425865208329	38
181.40425865208329	49
181.6692126520833	47
181.6692126520833	49
181.9241666520833	35
181.9241666520833	47
181.9241666520833	49
182.1791206520833	35
182.1791206520833	49
182.4390746520833	49
182.69902865208329	38
182.69902865208329	49
182.9639826520833	35
182.9639826520833	49
183.2289366520833	49
183.50389065208324	38
183.50389065208324	49
183.77884465208325	47
183.77884465208325	49
184.03879865208327	35
184.03879865208327	47
184.03879865208327	49
184.29875265208327	35
184.29875265208327	49
184.57370665208327	49
184.84866065208325	38
184.84866065208325	49
185.1136146520833	35
185.1136146520833	49
185.3785686520833	49
185.63852265208328	38
185.63852265208328	49
185.89847665208327	35
185.89847665208327	47
185.89847665208327	49
186.16343065208326	35
186.16343065208326	47
186.16343065208326	49
186.42838465208328	35
186.42838465208328	49
186.69333865208327	49
186.82581565208326	35
186.95829265208326	38
186.95829265208326	49
187.21824665208328	35
187.21824665208328	49
187.47820065208327	49
187.74815465208326	38
187.74815465208326	49
188.01810865208327	47
188.01810865208327	49
188.27806265208326	35
188.27806265208326	47
188.27806265208326	49
188.5380166520833	35
188.5380166520833	49
188.80797065208327	49
189.07792465208325	38
189.07792465208325	49
189.33787865208328	35
189.33787865208328	49
189.59783265208327	49
189.86778665208328	38
189.86778665208328	49
190.13774065208327	47
190.13774065208327	49
190.40769465208325	35
190.40769465208325	47
190.40769465208325	49
190.6776486520833	35
190.6776486520833	49
190.93760265208329	49
191.19755665208328	38
191.19755665208328	49
191.45751065208327	35
191.45751065208327	49
191.71746465208327	49
191.98241865208328	38
191.98241865208328	49
192.24737265208327	47
192.24737265208327	49
192.51732665208328	47
192.51732665208328	49
192.78728065208327	35
192.78728065208327	49
193.06608270886525	49
193.3449183104166	38
193.3449183104166	49
193.60875331041663	35
193.60875331041663	49
193.87258831041663	49
194.13642331041663	38
194.13642331041663	49
194.4002583104166	47
194.4002583104166	49
194.66409331041663	35
194.66409331041663	47
194.66409331041663	49
194.92792831041663	35
194.92792831041663	49
195.18886418958328	49
195.4497336895833	38
195.4497336895833	49
195.71060318958328	35
195.71060318958328	49
195.9714726895833	49
196.23234218958328	38
196.23234218958328	49
196.4932116895833	47
196.76408118958327	47
197.03495068958327	35
197.03495068958327	49
197.30890725229574	49
197.5828907437499	38
197.5828907437499	49
197.84187374374994	35
197.84187374374994	49
198.10085674374994	49
198.36483974374994	38
198.36483974374994	49
198.62882274374994	47
198.62882274374994	49
198.89280574374993	47
198.89280574374993	49
199.15678874374993	35
199.15678874374993	49
199.42577174374995	49
199.69475474374994	38
199.69475474374994	49
199.94873774374997	35
199.94873774374997	49
200.20272074374998	49
200.33221224374995	38
200.46170374374995	42
200.72068674374992	38
200.72068674374992	49
200.98466974374992	35
200.98466974374992	49
201.24867779374992	35
201.24867779374992	49
201.51916379374993	49
201.78964979374996	38
201.78964979374996	49
202.06013579374994	35
202.06013579374994	49
202.33062179374994	49
202.59610779374995	38
202.59610779374995	49
202.86159379374993	47
202.86159379374993	49
203.12707979374994	35
203.12707979374994	47
203.12707979374994	49
203.39256579374992	35
203.39256579374992	49
203.65805179374993	49
203.92353779374994	38
203.92353779374994	49
204.18902379374993	35
204.18902379374993	49
204.32176679374993	38
204.45450979374993	49
204.58475279374994	38
204.71499579374995	42
204.97548179374994	38
204.97548179374994	49
205.23096779374995	35
205.23096779374995	49
205.48645379374997	35
205.48645379374997	49
205.76193979374992	49
206.03742579374992	38
206.03742579374992	49
206.29291179374997	49
206.54839779374996	49
206.81388379374994	38
206.81388379374994	49
207.07936979374995	49
209.24074746874996	38
209.24074746874996	49
209.77755746874993	35
209.77755746874993	49
210.31855379374994	38
210.31855379374994	49
210.57903979374996	35
210.57903979374996	49
210.83952579374994	49
211.10501179374995	38
211.10501179374995	49
211.37049779374996	49
211.63598379374994	35
211.63598379374994	49
211.90146979374995	35
211.90146979374995	49
212.16195579374997	49
212.42244179374993	38
212.42244179374993	49
212.68792779374994	35
212.68792779374994	49
212.95341379374995	47
212.95341379374995	49
213.21889979374993	38
213.21889979374993	49
213.48438579374994	47
213.48438579374994	49
213.73987179374998	38
213.73987179374998	49
213.99535779374997	35
213.99535779374997	49
214.26584379374995	49
214.53632979374996	38
214.53632979374996	49
214.80082065624995	35
214.80082065624995	49
215.06530315624994	49
215.32978565624995	38
215.32978565624995	49
215.59426815624994	47
215.59426815624994	49
215.85375065624996	35
215.85375065624996	47
215.85375065624996	49
216.11323315624998	35
216.11323315624998	49
216.38271565624996	49
216.65219815624997	38
216.65219815624997	49
216.91168065624996	35
216.91168065624996	49
217.17116315624997	49
217.43564565624996	38
217.43564565624996	49
217.70012815624997	47
217.70012815624997	49
217.96961065624996	35
217.96961065624996	47
217.96961065624996	49
218.23909315624996	35
218.23909315624996	49
218.50357565624995	42
218.76805815624996	38
218.76805815624996	49
219.02254065624996	35
219.02254065624996	49
219.27702315624998	35
219.27702315624998	49
219.55150565624993	38
219.55150565624993	49
219.82598815624993	47
219.82598815624993	49
220.09047065624995	35
220.09047065624995	47
220.09047065624995	49
220.35495315624996	35
220.35495315624996	49
220.61943565624995	49
220.88391815624996	38
220.88391815624996	49
221.1517272020833	35
221.1517272020833	49
221.41956420208328	49
221.6774012020833	38
221.6774012020833	49
221.9352382020833	47
221.9352382020833	49
222.21307520208327	35
222.21307520208327	47
222.21307520208327	49
222.49091220208325	35
222.49091220208325	49
222.75874920208327	49
223.02658620208328	38
223.02658620208328	49
223.29752629361596	35
223.29752629361596	49
223.56845014374994	49
223.83437414374993	38
223.83437414374993	49
224.10029814374994	47
224.10029814374994	49
224.36622214374995	35
224.36622214374995	47
224.36622214374995	49
224.63214614374994	35
224.63214614374994	49
224.89807014374995	49
225.16399414374993	38
225.16399414374993	49
225.42895622708326	35
225.42895622708326	49
225.69391022708325	49
225.9488642270833	38
225.9488642270833	42
226.2038182270833	47
226.2038182270833	49
226.47377222708326	35
226.47377222708326	47
226.47377222708326	49
226.74372622708327	35
226.74372622708327	49
227.01368022708326	49
227.28363422708327	38
227.28363422708327	49
227.54858822708326	35
227.54858822708326	49
227.81354222708325	35
227.81354222708325	49
228.07349622708327	38
228.07349622708327	49
228.33345022708326	47
228.33345022708326	49
228.59840422708328	35
228.59840422708328	47
228.59840422708328	49
228.86335822708327	35
228.86335822708327	49
229.13331222708325	49
229.40326622708326	38
229.40326622708326	49
229.92317422708328	38
229.92317422708328	49
230.44308222708327	38
230.44308222708327	49
230.71303622708328	35
230.71303622708328	49
230.98299022708326	35
230.98299022708326	49
231.24794422708328	49
231.51289822708327	38
231.51289822708327	49
231.78285222708325	35
231.78285222708325	49
232.05280622708327	49
232.3077602270833	38
232.3077602270833	49
232.5627142270833	35
232.5627142270833	47
232.5627142270833	49
232.82766822708328	35
232.82766822708328	47
232.82766822708328	49
233.09262222708327	35
233.09262222708327	49
233.35757622708329	49
233.62253022708327	38
233.62253022708327	49
233.88748422708326	35
233.88748422708326	49
234.15243822708328	49
234.41239222708327	38
234.41239222708327	49
234.67234622708327	47
234.67234622708327	49
234.94230022708325	35
234.94230022708325	42
235.21225422708326	35
235.21225422708326	49
235.48720822708324	49
235.76216222708322	38
235.76216222708322	49
236.02711622708327	35
236.02711622708327	49
236.29207022708326	35
236.29207022708326	49
236.55702422708325	38
236.55702422708325	49
236.82197822708326	35
236.82197822708326	47
236.82197822708326	49
237.08693222708325	35
237.08693222708325	47
237.08693222708325	49
237.35188622708324	35
237.35188622708324	49
237.61684022708326	49
237.88179422708325	38
237.88179422708325	49
238.14174822708327	35
238.14174822708327	49
238.40170222708326	49
238.66165622708326	38
238.66165622708326	49
238.92161022708328	49
239.18156422708327	38
239.18156422708327	49
239.44151822708326	35
239.44151822708326	49
239.7214722270832	49
240.00142622708321	38
240.00142622708321	49
240.26638022708326	35
240.26638022708326	49
240.53133422708325	35
240.53133422708325	49
240.79128822708327	38
240.79128822708327	49
241.05124222708326	47
241.05124222708326	49
241.31619622708325	35
241.31619622708325	47
241.31619622708325	49
241.58115022708327	35
241.58115022708327	49
241.84610422708326	49
242.11105822708328	38
242.11105822708328	49
242.37101222708327	35
242.37101222708327	49
242.63096622708326	49
242.89592022708328	38
242.89592022708328	42
243.16087422708327	49
243.4258282270833	35
243.4258282270833	49
243.69078222708328	35
243.69078222708328	49
243.96573622708323	49
244.24069022708323	38
244.24069022708323	49
244.50564422708325	35
244.50564422708325	49
244.77059822708327	35
244.77059822708327	49
245.03555222708326	38
245.03555222708326	49
245.30050622708325	35
245.30050622708325	47
245.30050622708325	49
245.56046022708327	35
245.56046022708327	47
245.56046022708327	49
245.82041422708326	35
245.82041422708326	49
245.95289122708326	38
246.08536822708328	49
246.35032222708327	38
246.35032222708327	49
246.61027622708326	35
246.61027622708326	49
246.74025322708326	38
246.87023022708328	49
247.00270722708328	38
247.13518422708327	49
247.4001382270833	38
247.4001382270833	49
247.66509222708328	35
247.66509222708328	49
247.93004622708327	35
247.93004622708327	49
248.20000022708328	49
248.46995422708326	38
248.46995422708326	49
248.73990822708325	35
248.73990822708325	49
249.00986222708326	35
249.00986222708326	49
249.26981622708325	38
249.26981622708325	49
249.52977022708328	35
249.52977022708328	49
249.79972422708326	35
249.79972422708326	49
250.06967822708324	35
250.06967822708324	49
250.33463222708326	49
250.59958622708325	38
250.59958622708325	49
250.86454022708324	35
250.86454022708324	49
251.12949422708326	49
251.39444822708325	38
251.39444822708325	42