6.857982000000002	35
7.227729000000002	38
7.4140640000000015	35
7.983069000000001	38
8.345739000000002	35
8.718409000000001	38
8.904744000000003	35
9.473749000000002	38
9.836419000000001	35
10.209089	38
10.395424000000002	35
10.964429	38
11.337099000000002	35
11.709769000000001	38
11.891104	35
12.445109	38
18.790499	35
19.163169	38
19.344503999999997	35
19.908509000000002	38
20.281179	35
20.653849	38
20.835183999999998	35
21.399189	38
21.771859	35
22.144529	38
22.325863999999996	35
22.889869	38
23.262539	35
23.625208999999998	38
23.811543999999998	35
24.380549	38
24.753219	35
25.125889	38
25.307223999999998	35
25.871229	38
26.243899	35
26.606568999999997	38
26.792903999999997	35
26.792903999999997	49
27.361909	38
27.734579	35
28.097248999999998	38
28.283583999999998	35
28.852589	38
29.215259	35
29.587929	38
29.774264	35
30.343269	38
30.715939	35
31.088608999999998	38
31.274943999999998	35
31.833949	38
32.196619000000005	35
32.569289000000005	38
32.755624000000005	35
32.755624000000005	49
33.324629	38
33.687299	35
34.059969	38
34.246304	35
34.805309	38
35.177979	35
35.550649	38
35.736984	35
35.736984	49
35.8301515	49
35.923319	49
36.0164865	49
36.109654	49
36.202821500000006	49
36.295989	49
36.3916565	49
36.487324	49
36.582991500000006	49
36.678658999999996	35
36.678658999999996	49
37.051328999999996	38
37.242664	35
37.796668999999994	38
38.169338999999994	35
38.542009	38
38.733344	35
39.287349	38
39.660019	35
40.032689	38
40.219024	35
40.778029	38
41.160698999999994	35
41.53336899999999	38
41.71970399999999	35
42.268709	38
42.651379	35
43.024049	38
43.205383999999995	35
43.759389	38
44.142058999999996	35
44.504729	38
44.691064	35
45.250068999999996	38
45.632738999999994	35
45.995408999999995	38
46.186744	35
46.750749	38
47.123419	35
47.486089	38
47.677424	35
48.241429	38
48.614098999999996	35
48.976769	38
49.163104	35
49.722108999999996	38
50.10477899999999	35
50.467448999999995	38
50.653783999999995	35
51.212789	38
51.585459	35
51.958129	38
52.144464	35
52.703469	38
53.076139	35
53.448809	38
53.630143999999994	35
53.630143999999994	49
54.194148999999996	38
54.566818999999995	35
54.939488999999995	38
55.125823999999994	35
55.68482899999999	38
56.057499	35
56.430169	38
56.611504	35
56.611504	49
57.165509	38
57.548179	35
57.920849	38
58.107184	35
58.666188999999996	38
59.038858999999995	35
59.411528999999994	38
59.597863999999994	35
59.597863999999994	49
60.15686899999999	38
60.529539	35
60.902209	38
61.088544	35
61.647549	38
62.020219	35
62.392889	38
62.574223999999994	35
62.574223999999994	49
63.138228999999995	38
63.510898999999995	35
63.883568999999994	38
64.06490399999998	35
64.628909	38
65.00157899999999	35
65.37424899999999	38
65.555584	35
66.11958899999999	38
66.49225899999999	35
66.86492899999999	38
67.046264	35
67.61026899999999	38
67.98293899999999	35
68.34560899999998	38
68.531944	35
69.10094899999999	38
69.47361899999999	35
69.836289	38
70.022624	35
70.591629	38
70.964299	35
71.336969	38
71.51830399999999	35
72.082309	38
72.454979	35
72.827649	38
73.00898399999998	35
73.57298899999999	38
73.94565899999999	35
74.31832899999999	38
74.50466399999999	35
75.43633899999999	35
75.80900899999999	38
75.99534399999999	35
76.55434899999999	38
76.927019	35
77.299689	38
77.48102399999999	35
77.48102399999999	49
78.035029	38
78.407699	35
78.780369	38
78.966704	35
79.52570899999999	38
79.89837899999999	35
80.281049	38
80.467384	35
81.026389	38
81.399059	35
81.771729	38
81.958064	35
82.51706899999999	38
82.88973899999999	35
83.26240899999999	38
83.44374399999998	35
83.44374399999998	49
84.00774899999999	38
84.38041899999999	35
84.75308899999999	38
84.93442399999998	35
85.49842899999999	38
85.87109899999999	35
86.243769	38
86.42510399999999	35
86.42510399999999	49
86.51577149999999	49
86.606439	49
86.69710649999999	49
86.787774	49
86.8784415	49
86.969109	49
87.0672765	49
87.16544400000001	49
87.2636115	49
87.361779	35
87.361779	49
87.734449	38
87.92578400000001	35
88.479789	38
88.862459	35
89.225129	38
89.411464	35
89.970469	38
90.343139	35
90.715809	38
90.907144	35
91.46114899999999	38
91.843819	35
92.20648899999999	38
92.397824	35
92.961829	38
93.334499	35
93.69716899999999	38
93.88350399999999	35
94.44250899999999	38
94.81517899999999	35
95.187849	38
95.374184	35
95.933189	38
96.305859	35
96.678529	38
96.869864	35
97.433869	38
97.806539	35
98.169209	38
98.360544	35
98.924549	38
99.287219	35
99.65988899999999	38
99.851224	35
100.40522899999999	38
100.77789899999999	35
101.15056899999999	38
101.341904	35
101.89590899999999	38
102.26857899999999	35
102.64124899999999	38
102.82758399999999	35
103.38658899999999	38
103.75925899999999	35
104.13192899999999	38
104.31826399999999	35
104.31826399999999	49
104.877269	38
105.249939	35
105.622609	38
105.80394399999999	35
106.367949	38
106.740619	35
107.113289	38
107.29462399999998	35
107.29462399999998	49
107.858629	38
108.23129899999999	35
108.60396899999999	38
108.79030399999999	35
109.34930899999999	38
109.72197899999999	35
110.09464899999999	38
110.27598399999998	35
110.27598399999998	49
110.83998899999999	38
111.21265899999999	35
111.57532899999998	38
111.76166399999998	35
112.33066899999999	38
112.70333899999999	35
113.07600899999998	38
113.25734399999997	35
113.25734399999997	49
113.821349	38
114.194019	35
114.566689	38
114.74802399999999	35
115.312029	38
115.684699	35
116.057369	38
116.23870399999998	35
116.802709	38
117.17537899999999	35
117.54804899999999	38
117.72938399999998	35
118.29338899999999	38
118.66605899999999	35
119.03872899999999	38
119.22006399999998	35
119.78406899999999	38
120.15673899999999	35
120.52940899999999	38
120.71574399999999	35
121.27474899999999	38
121.64741899999999	35
122.02008899999998	38
122.20642399999998	35
122.76542899999998	38
123.138099	35
123.510769	38
123.697104	35
124.256109	38
124.628779	35
125.001449	38
125.187784	35
125.74678899999999	38
126.11945899999999	35
126.49212899999999	38
126.67846399999999	35
127.23746899999999	38
127.61013899999999	35
127.98280899999999	38
128.164144	35
128.164144	49
128.71814899999998	38
129.100819	35
129.47348899999997	38
129.654824	35
130.21882899999997	38
130.591499	35
130.96416899999997	38
131.145504	35
131.70950899999997	38
132.082179	35
132.454849	38
132.63618400000001	35
133.200189	38
133.572859	35
133.935529	38
134.12186400000002	35
134.12186400000002	49
134.690869	38
135.063539	35
135.426209	38
135.61254399999999	35
136.181549	38
136.554219	35
136.916889	38
137.103224	35
137.103224	49
137.1963915	49
137.289559	49
137.3852265	49
137.480894	49
137.5765615	49
137.672229	49
137.76539649999998	49
137.858564	49
137.9517315	49
138.044899	35
138.044899	49
138.417569	38
138.608904	35
139.16290899999998	38
139.53557899999998	35
139.90824899999998	38
140.099584	35
140.65358899999998	38
141.02625899999998	35
141.39892899999998	38
141.590264	35
142.14426899999998	38
142.51693899999998	35
142.88960899999998	38
143.085944	35
143.64494899999997	38
144.01761899999997	35
144.38028899999998	38
144.566624	35
145.12562899999998	38
145.50829899999997	35
145.87096899999997	38
146.057304	35
146.616309	38
146.988979	35
147.361649	38
147.54798399999999	35
148.106989	38
148.489659	35
148.862329	38
149.04866399999997	35
149.597669	38
149.970339	35
150.343009	38
150.52934399999998	35
151.088349	38
151.47101899999998	35
151.84368899999998	38
152.02502399999997	35
152.579029	38
152.951699	35
153.324369	38
153.51070399999998	35
154.069709	38
154.442379	35
154.815049	38
155.00638399999997	35
155.560389	38
155.933059	35
156.30572899999999	38
156.497064	35
157.05106899999998	38
157.43373899999997	35
157.79640899999998	38
157.982744	35
158.54174899999998	38
158.91441899999998	35
159.28708899999998	38
159.483424	35
160.03242899999998	38
160.40509899999998	35
160.77776899999998	38
160.974104	35
161.52310899999998	38
161.89577899999998	35
162.26844899999998	38
162.45978399999998	35
163.01378899999997	38
163.38645899999997	35
163.75912899999997	38
163.95046399999998	35
164.50446899999997	38
164.877139	35
165.249809	38
165.446144	35
165.995149	38
166.367819	35
166.740489	38
166.93182399999998	35
167.485829	38
167.858499	35
168.231169	38
168.42250399999998	35
168.976509	38
169.349179	35
169.721849	38
169.90818399999998	35
170.467189	38
170.839859	35
171.212529	38
171.39886399999997	35
171.957869	38
172.330539	35
172.330539	42
172.51687399999997	42
172.703209	38
172.703209	42
172.88954399999997	35
172.88954399999997	42
172.9827115	38
173.075879	42
173.16904649999998	38
173.26221399999997	35
173.26221399999997	42
173.44854899999999	38
173.44854899999999	42
173.63488399999997	42
173.82121899999999	35
173.82121899999999	42
174.007554	42
174.19388899999998	38
174.19388899999998	42
174.380224	35
174.380224	42
174.4733915	38
174.56655899999998	42
174.752894	35
174.752894	42
174.93922899999998	38
174.93922899999998	42
175.125564	42
175.31189899999998	35
175.31189899999998	42
175.498234	42
175.68456899999998	38
175.68456899999998	42
175.865904	35
175.865904	42
175.9565715	38
176.80257899999998	35
176.80257899999998	42
176.988914	42
177.17524899999998	38
177.17524899999998	42
177.361584	35
177.361584	42
177.4547515	38
177.54791899999998	42
177.64108649999997	38
177.734254	35
177.734254	42
177.92058899999998	38
177.92058899999998	42
178.106924	42
178.29325899999998	35
178.29325899999998	42
178.479594	42
178.66592899999998	38
178.66592899999998	42
178.852264	35
178.852264	42
178.94543149999998	38
179.03859899999998	42
179.224934	42
179.41126899999998	38
179.41126899999998	42
179.597604	42
179.78393899999998	35
179.78393899999998	42
179.970274	42
180.15660899999997	38
180.15660899999997	42
180.342944	35
180.342944	42
180.43611149999998	38
180.52927899999997	42
180.6224465	38
180.715614	42
180.90194899999997	38
180.90194899999997	42
181.088284	42
181.18145149999998	38
181.27461899999997	35
181.27461899999997	42
181.460954	42
181.55412149999998	38
181.64728899999997	38
181.64728899999997	42
181.833624	35
181.833624	42
181.92679149999998	38
182.01995899999997	42
182.20629399999999	42
182.39262899999997	38
182.39262899999997	42
182.57896399999998	42
182.76529899999997	35
182.76529899999997	42
182.95163399999998	42
183.137969	38
183.137969	42
183.32430399999998	35
183.32430399999998	42
183.41747149999998	38
183.510639	42
183.6038065	38
183.69697399999998	42
183.883309	38
183.883309	42
184.06964399999998	35
184.06964399999998	42
184.255979	35
184.255979	42
184.44231399999998	42
184.628649	38
184.628649	42
184.81498399999998	35
184.81498399999998	42
184.90815149999997	38
185.001319	42
185.0944865	38
185.18765399999998	42
185.373989	38
185.373989	42
185.56032399999998	42
185.746659	35
185.746659	42
185.93299399999998	42
186.119329	38
186.119329	42
186.30566399999998	35
186.30566399999998	42
186.39883149999997	38
186.491999	42
186.58516649999999	38
186.67833399999998	35
186.67833399999998	42
186.864669	38
186.864669	42
187.05100399999998	42
187.237339	35
187.237339	42
187.42367399999998	42
187.610009	38
187.610009	42
187.80134399999997	35
187.80134399999997	42
187.8970115	38
187.99267899999998	42
188.08334649999998	38
188.17401399999997	42
188.355349	38
188.355349	42
188.728019	35
188.728019	42
188.91435399999997	42
189.100689	38
189.100689	42
189.29202399999997	35
189.29202399999997	42
189.3876915	38
189.48335899999998	42
189.57402649999997	38
189.66469399999997	42
189.846029	38
189.846029	42
190.03236399999997	42
190.218699	35
190.218699	42
190.40503399999997	42
190.591369	38
190.591369	42
190.78270399999997	35
190.78270399999997	42
190.8783715	38
190.97403899999998	42
191.15537399999997	42
191.33670899999998	38
191.33670899999998	42
191.52304399999997	42
191.70937899999998	35
191.70937899999998	42
191.89571399999997	42
192.08204899999998	38
192.08204899999998	42
192.268384	35
192.268384	42
192.3615515	38
192.45471899999998	42
192.54788649999998	38
192.641054	42
192.82738899999998	38
192.82738899999998	42
193.013724	42
193.1068915	38
193.20005899999998	35
193.20005899999998	42
193.29322649999997	38
193.386394	42
193.57272899999998	38
193.57272899999998	42
193.759064	35
193.759064	42
193.8522315	38
193.94539899999998	42
194.131734	42
194.31806899999998	38
194.31806899999998	42
194.504404	42
194.69073899999998	35
194.69073899999998	42
194.877074	42
195.06340899999998	38
195.06340899999998	42
195.249744	35
195.249744	42
195.34291149999999	38
195.43607899999998	42
195.622414	42
195.80874899999998	38
195.80874899999998	42
195.995084	35
195.995084	42
196.18141899999998	35
196.18141899999998	42
196.367754	42
196.55408899999998	38
196.55408899999998	42
196.740424	35
196.740424	42
196.83359149999998	38
196.92675899999998	42
197.0199265	38
197.113094	42
197.29942899999998	38
197.29942899999998	42
197.485764	35
197.485764	42
197.67209899999997	35
197.67209899999997	42
197.858434	42
198.04476899999997	38
198.04476899999997	42
198.231104	35
198.231104	42
198.32427149999998	38
198.41743899999997	42
198.5106065	38
198.603774	35
198.603774	42
198.79010899999997	38
198.79010899999997	42
198.976444	42
199.16277899999997	35
199.16277899999997	42
199.349114	42
199.53544899999997	38
199.53544899999997	42
199.72178399999999	35
199.72178399999999	42
199.81495149999998	38
199.90811899999997	38
200.0012865	38
200.09445399999998	38
200.18762149999998	38
200.28078899999997	38
200.3739565	38
200.46712399999998	38
200.65345899999997	35
200.65345899999997	42
200.83979399999998	42
201.02612899999997	38
201.02612899999997	42
201.21246399999998	35
201.21246399999998	42
201.30563149999998	38
201.39879899999997	42
201.4919665	38
201.58513399999998	42
201.771469	38
201.771469	42
201.96280399999998	42
202.154139	35
202.154139	42
202.33547399999998	42
202.516809	38
202.516809	42
202.70314399999998	35
202.70314399999998	42
202.79631149999997	38
202.889479	42
203.07581399999998	42
203.262149	38
203.262149	42
203.45348399999997	42
203.64481899999998	35
203.64481899999998	42
203.82615399999997	42
204.007489	38
204.007489	42
204.19382399999998	35
204.19382399999998	42
204.28699149999997	38
204.380159	42
204.47332649999998	38
204.56649399999998	42
204.752829	38
204.752829	42
204.93916399999998	42
205.125499	35
205.125499	42
205.31183399999998	42
205.498169	38
205.498169	42
205.68450399999998	35
205.68450399999998	42
205.77767149999997	38
205.870839	42
206.05717399999997	42
206.243509	38
206.243509	42
206.42984399999997	42
206.616179	35
206.616179	42
206.80251399999997	42
206.988849	38
206.988849	42
207.17518399999997	35
207.17518399999997	42
207.2683515	38
207.361519	42
207.55285399999997	42
207.74418899999998	38
207.74418899999998	42
207.93552399999996	42