7.31106	38
7.31106	38
7.881678000000001	38
7.881678000000001	38
8.482296	35
8.777605000000001	38
8.777605000000001	38
9.072914	38
9.072914	38
9.358223	35
9.643532000000002	38
9.643532000000002	38
9.936259500000002	35
9.936259500000002	38
9.936259500000002	38
10.228987000000002	38
10.228987000000002	38
10.531714500000001	38
10.531714500000001	38
10.834442000000001	35
11.122169500000002	38
11.122169500000002	38
11.409897000000003	38
11.409897000000003	38
11.702624500000002	35
11.995352000000002	38
11.995352000000002	38
12.609188000000001	38
12.609188000000001	38
12.906106000000001	35
13.203024000000003	35
13.494942	38
13.494942	38
13.786860000000003	38
13.786860000000003	38
14.083778000000002	35
14.380696000000002	38
14.380696000000002	38
14.977365000000002	38
14.977365000000002	38
15.270699500000003	35
15.564034000000001	35
15.8523685	38
15.8523685	38
16.140703	38
16.140703	38
16.4340375	35
16.727372	38
16.727372	38
17.311232999999998	38
17.311232999999998	38
17.6031635	35
17.895094	35
18.1870245	38
18.1870245	38
18.478955	38
18.478955	38
18.7758855	35
19.072816	38
19.072816	38
19.3652145	35
19.657612999999998	38
19.657612999999998	38
19.9500115	35
20.24241	35
20.529808499999998	38
20.529808499999998	38
20.817206999999996	38
20.817206999999996	38
21.1146055	35
21.412004	38
21.412004	38
21.7022095	35
21.992414999999998	38
21.992414999999998	38
22.582825999999997	35
22.8730315	38
22.8730315	38
23.163237	38
23.163237	38
23.4634425	35
23.763648	38
23.763648	38
24.0569825	35
24.350317	38
24.350317	38
24.6436515	35
24.936986	35
25.2303205	38
25.2303205	38
25.523655	38
25.523655	38
25.8169895	35
26.110324	38
26.110324	38
26.714476	38
26.714476	38
27.298627999999997	35
27.595703999999998	38
27.595703999999998	38
27.89278	38
27.89278	38
28.189856	35
28.486932	38
28.486932	38
28.777458499999998	35
29.067985	38
29.067985	38
29.363511499999998	38
29.363511499999998	38
29.659038000000002	35
29.9495645	35
29.9495645	47
30.240091	38
30.38285425	38
30.525617500000003	38
30.811144	35
30.811144	38
30.811144	47
34.760118999999996	47
34.903044	47
35.193894	47
35.339318999999996	47
35.484744	35
35.484744	47
39.6650365	47
39.80904625	47
39.953056000000004	35
39.953056000000004	47
43.847209	47
43.992548	47
44.278226000000004	47
44.421065000000006	47
44.563904	47
49.157151999999996	38
49.157151999999996	38
49.799134	38
49.799134	38
50.371116	35
50.667106999999994	38
50.667106999999994	38
50.963097999999995	38
50.963097999999995	38
51.254089	35
51.54508	38
51.54508	38
51.846070999999995	35
52.147062	38
52.147062	38
52.438053000000004	35
52.729044	35
53.02003500000001	38
53.02003500000001	38
53.311026	38
53.311026	38
53.612016999999994	35
53.913008	38
53.913008	38
54.21478799999999	35
54.516568	38
54.516568	38
54.808348	35
55.100128	35
55.391908	38
55.391908	38
55.683688	38
55.683688	38
55.980468	35
56.277248	38
56.277248	38
56.584027999999996	35
56.890808	38
56.890808	38
57.182588	35
57.474368	35
57.761148	38
57.761148	38
58.04792799999999	38
58.04792799999999	38
58.349708	35
58.651488	38
58.651488	38
59.255048	38
59.255048	38
59.546828000000005	35
59.838608	35
60.135388	38
60.135388	38
60.432168	38
60.432168	38
60.728948	35
61.025728	38
61.025728	38
61.327507999999995	35
61.629288	38
61.629288	38
61.921068000000005	35
62.212848	35
62.504628	38
62.504628	38
62.79640799999999	38
62.79640799999999	38
63.098188	35
63.399968	38
63.399968	47
64.00195	38
64.00195	38
64.297941	35
64.593932	35
64.88492299999999	38
64.88492299999999	38
65.17591399999999	38
65.17591399999999	38
65.47190499999999	35
65.767896	38
65.767896	38
66.378299	38
66.378299	38
66.6635005	35
66.948702	35
67.24390349999999	38
67.24390349999999	38
67.53910499999999	38
67.53910499999999	38
67.8343065	35
68.12950799999999	38
68.12950799999999	38
68.42470949999999	35
68.719911	38
68.719911	38
69.01011249999999	35
69.300314	35
69.6005155	38
69.6005155	38
69.900717	38
69.900717	38
70.19591849999999	35
70.49112	38
70.49112	38
71.076788	38
71.076788	38
71.36962199999999	35
71.66245599999999	35
71.96029	38
71.96029	38
72.258124	38
72.258124	38
72.550958	35
72.84379200000001	38
72.84379200000001	38
73.463533	38
73.463533	38
73.7534035	35
74.04327400000001	35
74.34314450000001	38
74.34314450000001	38
74.643015	38
74.643015	38
74.9428855	35
75.24275600000001	38
75.24275600000001	38
75.52776450000002	35
75.67026875000002	38
75.81277300000002	38
76.09778150000001	38
76.38279000000001	35
76.66779850000002	35
76.952807	35
77.23781550000001	35
77.52282400000001	35
77.52282400000001	38
77.52282400000001	38
77.82328350000002	35
78.12374300000002	38
78.12374300000002	38
78.42420250000002	35
78.72466200000001	35
79.0151215	38
79.0151215	38
79.30558100000002	38
79.30558100000002	38
79.60104050000001	35
79.89650000000002	38
79.89650000000002	38
80.50972300000002	38
80.50972300000002	38
81.09294600000001	35
81.3795575	38
81.3795575	38
81.66616900000001	38
81.66616900000001	38
81.96278050000002	35
82.25939200000002	38
82.25939200000002	38
82.85803900000002	38
82.85803900000002	38
83.13236250000001	35
83.40668600000002	35
83.70600950000002	38
83.70600950000002	38
84.00533300000002	38
84.00533300000002	38
84.30465650000002	35
84.60398000000002	38
84.60398000000002	38
84.90102500000003	35
85.19807000000003	38
85.19807000000003	38
85.48511500000002	35
85.77216000000003	35
86.06420500000002	38
86.06420500000002	38
86.35625000000002	38
86.35625000000002	38
86.65329500000003	35
86.95034000000003	38
86.95034000000003	38
87.24975250000004	35
87.54916500000003	38
87.54916500000003	38
87.82857750000004	35
88.10799000000003	35
88.40740250000003	38
88.40740250000003	38
88.70681500000002	38
88.70681500000002	38
89.00622750000004	35
89.30564000000003	38
89.30564000000003	38
89.61380100000002	35
89.92196200000002	38
89.92196200000002	38
90.20512300000001	35
90.48828400000002	35
90.78644500000001	38
90.78644500000001	38
91.08460600000002	38
91.08460600000002	38
91.38276700000002	35
91.68092800000002	38
91.68092800000002	38
91.98170500000003	35
92.28248200000003	38
92.28248200000003	38
92.57325900000002	35
92.86403600000003	35
93.15981300000003	38
93.15981300000003	38
93.45559000000003	38
93.45559000000003	38
93.75136700000002	35
94.04714400000002	38
94.04714400000002	38
94.32407450000001	38
94.46253975000002	38
94.60100500000001	47
94.89293550000004	47
95.18486600000003	35
95.32833125000002	38
95.47179650000002	35
95.61526175000003	38
95.75872700000002	35
95.75872700000002	38
95.90469225000002	38
96.05065750000003	35
96.05065750000003	38
96.34258800000002	35
96.34258800000002	47
100.25167150000003	47
100.39608200000002	47
100.68490300000002	47
100.82931350000003	47
100.97372400000003	35
100.97372400000003	47
104.64877900000003	47
104.78674400000004	47
105.07267400000003	47
105.21563900000004	47
105.35860400000003	35
105.35860400000003	47
109.11026800000003	47
109.25070000000002	47
109.52656400000004	47
109.66449600000003	47
109.80242800000003	35
109.80242800000003	47
114.19730000000004	38
114.19730000000004	38
114.80559600000005	38
114.80559600000005	38
115.09974400000003	35
115.39389200000004	35
115.69304000000004	38
115.69304000000004	38
115.99218800000004	38
115.99218800000004	38
116.29133600000004	35
116.59048400000005	38
116.59048400000005	38
116.89068550000006	35
117.19088700000005	38
117.19088700000005	38
117.48608850000005	35
117.78129000000006	35
118.07649150000005	38
118.07649150000005	38
118.37169300000005	38
118.37169300000005	38
118.66689450000005	35
118.96209600000005	38
118.96209600000005	38
119.26229750000005	35
119.56249900000005	38
119.56249900000005	38
119.85270050000004	35
120.14290200000005	35
120.43810350000005	38
120.43810350000005	38
120.73330500000004	38
120.73330500000004	38
121.02850650000005	35
121.32370800000005	38
121.32370800000005	38
121.61180650000006	38
121.61180650000006	38
121.89990500000005	38
121.89990500000005	38
122.18800350000005	38
122.18800350000005	38
122.47610200000005	35
122.76420050000006	38
122.76420050000006	38
123.05229900000005	38
123.05229900000005	38
123.33539750000004	35
123.61849600000005	38
123.61849600000005	47
123.90106850000005	35
124.18364100000005	38
124.18364100000005	38
124.47121350000006	38
124.47121350000006	38
124.75878600000006	35
125.04135850000006	38
125.04135850000006	38
125.32393100000006	38
125.32393100000006	38
125.59650350000005	35
125.73278975000004	47
125.86907600000005	35
125.86907600000005	47
126.14296650000004	47
126.27991175000005	47
126.41685700000005	35
126.41685700000005	47
126.55380225000005	47
126.69074750000004	47
126.82769275000005	35
126.82769275000005	47
126.96463800000005	35
126.96463800000005	47
127.10408325000004	47
127.24352850000005	35
127.24352850000005	47
127.38297375000006	47
127.52241900000006	47
127.65936425000005	35
127.65936425000005	47
127.79630950000005	35
127.79630950000005	47
127.93325475000006	47
128.07020000000006	47
128.20701300000005	47
128.34382600000006	47
128.48063900000005	47
128.61745200000007	47
128.75426500000006	35
128.75426500000006	47
128.89107800000005	35
128.89107800000005	47
129.02789100000004	47
129.16470400000006	35
129.16470400000006	47
129.30151700000005	47
129.43833000000006	47
129.71195600000004	47
129.85876900000008	35
129.85876900000008	47
130.00558200000006	35
130.00558200000006	47
130.29920800000005	38
130.29920800000005	38
130.90592600000005	38
130.90592600000005	38
131.19928500000003	35
131.49264400000004	35
131.79100300000005	38
131.79100300000005	38
132.08936200000005	38
132.08936200000005	38
132.38272100000006	35
132.67608000000007	38
132.67608000000007	38
132.97312500000007	35
133.27017000000006	38
133.27017000000006	38
133.56221500000007	35
133.85426000000007	35
134.14130500000007	38
134.14130500000007	38
134.42835000000008	38
134.42835000000008	38
134.72039500000008	35
135.01244000000008	38
135.01244000000008	47
135.31027400000008	35
135.60810800000007	38
135.60810800000007	38
135.90094200000007	35
136.19377600000007	35
136.48161000000007	38
136.48161000000007	38
136.76944400000008	38
136.76944400000008	38
137.05727800000005	35
137.34511200000006	38
137.34511200000006	38
137.6413670000001	35
137.9376220000001	38
137.9376220000001	38
138.22887700000007	35
138.52013200000007	35
138.81138700000008	38
138.81138700000008	38
139.1026420000001	38
139.1026420000001	38
139.39389700000007	35
139.68515200000007	38
139.68515200000007	38
140.29239900000005	38
140.29239900000005	38
140.57602250000005	35
140.85964600000008	35
141.14826950000005	38
141.14826950000005	38
141.43689300000005	38
141.43689300000005	38
141.74051650000007	35
142.04414000000006	38
142.04414000000006	38
142.33355250000005	35
142.62296500000008	38
142.62296500000008	38
142.91237750000005	35
143.20179000000005	35
143.49120250000004	38
143.49120250000004	38
143.78061500000007	38
143.78061500000007	38
144.07502750000006	35