3.39596	38
3.39596	47
3.7143312500000003	38
3.820455	38
4.0327025	38
4.0327025	47
4.24495	38
4.24495	47
4.447197500000001	38
4.548321250000001	38
4.649445000000001	38
4.75556875	38
4.8616925	47
5.07394	35
5.07394	49
5.498435000000001	38
5.498435000000001	42
5.715682500000001	42
5.932930000000001	35
5.932930000000001	42
6.1451775	35
6.1451775	42
6.357425	38
6.357425	42
6.5696725	35
6.5696725	42
6.78192	42
6.9941675000000005	35
6.9941675000000005	42
7.206415000000001	38
7.206415000000001	42
7.418662500000001	42
7.63091	35
7.63091	42
7.8381575	35
7.8381575	42
8.045405	38
8.045405	42
8.2626525	35
8.2626525	42
8.4799	35
8.4799	42
8.6904605	42
8.901021	38
8.901021	42
9.111581500000002	42
9.322142000000001	35
9.322142000000001	42
9.532702500000001	35
9.532702500000001	49
9.743263	38
9.743263	42
9.9538235	35
9.9538235	49
10.164384	42
10.364944500000002	35
10.364944500000002	42
10.565505000000002	38
10.565505000000002	42
10.781065500000002	42
10.996626000000001	35
10.996626000000001	42
11.207186500000002	35
11.207186500000002	42
11.417747000000002	38
11.417747000000002	42
11.633307500000003	35
11.633307500000003	42
11.848868000000001	35
11.848868000000001	42
12.058233000000001	42
12.267598000000001	38
12.267598000000001	42
12.476963000000001	42
12.686328000000001	35
12.686328000000001	42
12.890693	35
12.890693	42
13.095058000000002	38
13.095058000000002	42
13.314423000000001	35
13.314423000000001	42
13.533788000000001	42
13.743153000000001	35
13.743153000000001	42
13.952518000000001	38
13.952518000000001	42
14.156883	42
14.361248000000002	35
14.361248000000002	42
14.570613000000002	35
14.570613000000002	42
14.779978000000002	38
14.779978000000002	42
14.989343000000002	49
15.198708000000002	35
15.198708000000002	42
15.408073000000002	42
15.617438000000002	38
15.617438000000002	42
15.826803000000002	42
16.036168	35
16.036168	42
16.250533	35
16.250533	42
16.464898	38
16.464898	42
16.674263000000003	35
16.674263000000003	42
16.883628	42
17.092993	35
17.092993	42
17.302358	38
17.302358	42
17.511723000000003	42
17.721088	47
17.8257705	38
17.930453	38
18.035135500000003	38
18.139818	47
18.349183000000004	38
18.453865500000003	38
18.558548000000002	35
18.558548000000002	49
18.983943000000004	38
18.983943000000004	42
19.1966405	42
19.409338	35
19.409338	42
19.622035500000003	35
19.622035500000003	42
19.834733000000003	38
19.834733000000003	42
20.0474305	35
20.0474305	42
20.260128	42
20.467825500000004	35
20.467825500000004	42
20.675523000000002	38
20.675523000000002	42
20.893220499999998	42
21.110918	35
21.110918	42
21.318615500000003	35
21.318615500000003	42
21.526313000000002	38
21.526313000000002	42
21.7390105	35
21.7390105	42
21.951708	35
21.951708	42
22.166968	42
22.382228	38
22.382228	42
22.592488000000003	42
22.802748	35
22.802748	42
23.013008000000003	35
23.013008000000003	42
23.223268	38
23.223268	42
23.433528000000003	35
23.433528000000003	42
23.643788	42
23.849048000000003	35
23.849048000000003	42
24.054308	38
24.054308	42
24.264568	42
24.474828	35
24.474828	42
24.685088	35
24.685088	49
24.895348	38
24.895348	42
25.105608	35
25.105608	49
25.315868	35
25.315868	42
25.526128	42
25.736388	38
25.736388	42
25.946648	42
26.156907999999998	35
26.156907999999998	42
26.367168	35
26.367168	42
26.577428	38
26.577428	42
26.787688	35
26.787688	42
26.997948	42
27.208208	35
27.208208	42
27.418468	38
27.418468	42
27.628728	42
27.838988	35
27.838988	42
28.049248	35
28.049248	42
28.259508	38
28.259508	42
28.469768	35
28.469768	42
28.680028	35
28.680028	42
28.890288	42
29.100548	38
29.100548	42
29.310807999999998	42
29.521068	35
29.521068	42
29.731328	35
29.731328	42
29.941588	38
29.941588	42
30.151847999999998	35
30.151847999999998	42
30.362108	42
30.577368000000003	35
30.577368000000003	49
30.792628	38
30.792628	42
31.213148000000004	38
31.423408000000002	38
31.528538	38
31.633668	38
31.738798000000003	38
31.843928000000002	38
32.054188	35
32.054188	49
32.476957000000006	38
32.476957000000006	42
32.68834150000001	42
32.899726	35
32.899726	42
33.1111105	35
33.1111105	42
33.322495	38
33.322495	42
33.52887950000001	35
33.52887950000001	42
33.73526400000001	42
33.94664850000001	35
33.94664850000001	42
34.158033	38
34.158033	42
34.369417500000004	42
34.580802000000006	35
34.580802000000006	42
34.79218650000001	35
34.79218650000001	42
35.00357100000001	38
35.00357100000001	42
35.21495550000001	35
35.21495550000001	42
35.42634	35
35.42634	42
35.637724500000004	42
35.849109000000006	38
35.849109000000006	42
36.06049350000001	42
36.27187800000001	35
36.27187800000001	42
36.4832625	35
36.4832625	42
36.694647	38
36.694647	42
36.906031500000005	35
36.906031500000005	42
37.117416000000006	42
37.32880050000001	35
37.32880050000001	42
37.54018500000001	38
37.54018500000001	42
37.75156950000001	42
37.962954	47
38.063646250000005	38
38.26503075000001	38
38.365723	38
38.577107500000004	38
38.68279975	38
38.788492000000005	35
38.788492000000005	49
39.217512000000006	38
39.217512000000006	42
39.427022	42
39.636532	35
39.636532	42
39.846042000000004	35
39.846042000000004	42
40.055552000000006	38
40.055552000000006	42
40.270062	35
40.270062	42
40.48457200000001	42
40.69408200000001	35
40.69408200000001	42
40.90359200000001	38
40.90359200000001	42
41.113102000000005	42
41.32261200000001	35
41.32261200000001	42
41.53212200000001	35
41.53212200000001	42
41.74163200000001	38
41.74163200000001	42
41.95114200000001	35
41.95114200000001	42
42.160652000000006	35
42.160652000000006	42
42.375162	42
42.58967200000001	38
42.58967200000001	42
42.79918200000001	42
43.00869200000001	35
43.00869200000001	42
43.218202000000005	35
43.218202000000005	49
43.42771200000001	38
43.42771200000001	49
43.63722200000001	35
43.63722200000001	42
43.846732	42
44.056242000000005	35
44.056242000000005	42
44.265752000000006	38
44.265752000000006	42
44.69477200000001	47
44.799527000000005	38
44.904282	38
45.009037000000006	38
45.113792000000004	38
45.323302000000005	38
45.428057	38
45.53281200000001	35
45.53281200000001	49
45.744572000000005	42
45.95633200000001	38
45.95633200000001	42
46.17309200000001	42
46.38985200000001	35
46.38985200000001	42
46.60161200000001	35
46.60161200000001	42
46.813372000000015	38
46.813372000000015	42
47.02013200000001	35
47.02013200000001	42
47.22689200000001	42
47.438652000000005	35
47.438652000000005	42
47.65041200000001	38
47.65041200000001	42
47.85717200000001	42
48.06393200000001	35
48.06393200000001	42
48.27569200000001	35
48.27569200000001	42
48.48745200000001	38
48.48745200000001	42
48.69921200000001	35
48.69921200000001	42
48.91097200000001	35
48.91097200000001	42
49.1265835	42
49.342195000000004	38
49.342195000000004	42
49.55280650000001	42
49.76341800000001	35
49.76341800000001	42
49.97402950000001	35
49.97402950000001	49
50.184641000000006	38
50.184641000000006	42
50.39025250000001	35
50.39025250000001	42
50.595864000000006	42
50.806475500000005	35
50.806475500000005	42
51.01708700000001	38
51.01708700000001	42
51.222698500000014	42
51.42831000000001	38
51.42831000000001	42
51.63392150000001	42
51.839533	38
51.839533	42
52.05014450000001	38
52.15545025000001	38
52.26075600000001	35
52.26075600000001	49
52.701979	38
52.701979	42
52.9175905	42
53.133202000000004	35
53.133202000000004	42
53.3438135	35
53.3438135	42
53.55442500000001	38
53.55442500000001	42
53.76003650000001	35
53.76003650000001	42
53.96564800000001	42
54.17625950000001	35
54.17625950000001	42
54.386871000000006	38
54.386871000000006	42
54.59748250000001	42
54.80809400000001	35
54.80809400000001	42
55.01870550000001	35
55.01870550000001	42
55.22931700000001	38
55.22931700000001	42
55.43992850000001	35
55.43992850000001	42
55.65054000000001	35
55.65054000000001	42
55.8661515	42
56.08176300000001	38
56.08176300000001	42
56.29237450000001	42
56.50298600000001	35
56.50298600000001	42
56.713597500000006	35
56.713597500000006	42
56.924209000000005	38
56.924209000000005	42
57.13482050000001	35
57.13482050000001	42
57.34543200000001	42
57.54604350000001	35
57.54604350000001	42
57.74665500000001	38
57.74665500000001	42
57.95726650000001	42
58.16787800000001	35
58.16787800000001	42
58.37848950000001	35
58.37848950000001	42
58.58910100000001	38
58.58910100000001	42
58.79971250000001	35
58.79971250000001	42
59.01032400000001	35
59.01032400000001	42
59.225935500000006	42
59.44154700000001	38
59.44154700000001	42
59.65715850000001	42
59.87277000000001	35
59.87277000000001	42
60.08338150000001	35
60.08338150000001	42
60.29399300000001	38
60.29399300000001	42
60.504604500000006	35
60.504604500000006	42
60.715216000000005	42
60.92082750000001	35
60.92082750000001	42
61.126439000000005	38
61.126439000000005	42
61.33705050000001	42
61.54766200000001	35
61.54766200000001	42
61.75827350000001	35
61.75827350000001	42
61.96888500000001	38
61.96888500000001	42
62.17949650000001	35
62.17949650000001	42
62.39010800000001	35
62.39010800000001	42
62.60071950000001	42
62.81133100000001	38
62.81133100000001	42
63.02194250000001	42
63.23255400000001	35
63.23255400000001	42
63.443165500000006	35
63.443165500000006	42
63.653777000000005	38
63.653777000000005	42
63.86438850000001	35
63.86438850000001	42
64.07500000000002	42
64.28561150000002	35
64.28561150000002	49
64.49622300000001	38
64.49622300000001	42
64.70683450000001	42
64.91744600000001	47
65.02025175000001	38
65.12305750000002	38
65.22586325	38
65.328669	38
65.5442805	38
65.65208625000001	38
65.75989200000001	35
65.75989200000001	49
66.18374000000001	38
66.18374000000001	42
66.39066400000002	42
66.597588	35
66.597588	42
66.809512	35
66.809512	42
67.02143600000001	38
67.02143600000001	42
67.23336	35
67.23336	42
67.445284	42
67.657208	35
67.657208	42
67.86913200000001	38
67.86913200000001	42
68.081056	42
68.29298	35
68.29298	42
68.499904	35
68.499904	42
68.70682800000002	38
68.70682800000002	42
68.91875200000001	35
68.91875200000001	42
69.13067600000001	35
69.13067600000001	42
69.3459125	42
69.561149	38
69.561149	42
69.7713855	42
69.981622	35
69.981622	42
70.1918585	35
70.1918585	42
70.402095	38
70.402095	42
70.6123315	35
70.6123315	42
70.822568	42
71.0328045	35
71.0328045	49
71.243041	38
71.243041	49
71.663514	47
71.8687505	38
71.97136875000001	38
72.073987	38
72.28422350000001	38
72.38934175000001	38
72.49446	35
72.49446	49
72.916808	38
72.916808	42
73.132982	42
73.349156	35
73.349156	42
73.56033	35
73.56033	42
73.771504	38
73.771504	42
73.98267799999999	35
73.98267799999999	42
74.19385199999999	42
74.400026	35
74.400026	42
74.6062	38
74.6062	42
74.817374	42
75.028548	35
75.028548	42
75.244722	35
75.244722	42
75.46089599999999	38
75.46089599999999	42
75.67206999999999	35
75.67206999999999	42
75.88324399999999	35
75.88324399999999	42
76.089418	42
76.295592	38
76.295592	42
76.506766	42
76.71794	35
76.71794	42
76.934114	35
76.934114	42
77.15028799999999	38
77.15028799999999	42
77.36146199999999	35
77.36146199999999	49
77.57263599999999	35
77.57263599999999	49
77.67572299999999	38
77.881897	38
77.984984	38
78.19115800000002	47
78.397332	47
78.608506	38
78.71409299999999	38
78.81968	47
78.92276700000001	47
79.02585400000001	47
79.128941	47
79.232028	35
79.232028	49
79.67175100000001	38
79.67175100000001	42
79.8866125	42
80.101474	35
80.101474	42
80.3113355	35
80.3113355	42
80.521197	38
80.521197	42
80.7310585	35
80.7310585	42
80.94092	42
81.15078150000001	35
81.15078150000001	42
81.360643	38
81.360643	42
81.5705045	42
81.780366	35
81.780366	42
81.9902275	35
81.9902275	42
82.200089	38
82.200089	42
82.4099505	42
82.619812	35
82.619812	42
82.8346735	42
83.049535	38
83.049535	42
83.25939650000001	42
83.46925800000001	35
83.46925800000001	42
83.67911950000001	35
83.67911950000001	42
83.888981	38
83.888981	42
84.0988425	35
84.0988425	42
84.308704	42
84.51856550000001	35
84.51856550000001	42
84.72842700000001	38
84.72842700000001	42
84.9382885	42
85.14815	47
85.24808075000001	38
85.34801150000001	49
85.44794225000003	38
85.54787300000001	38
85.76273450000001	38
85.87016525	38
85.977596	35
85.977596	42
86.1939575	42
86.41031900000002	38
86.41031900000002	42
86.62168050000001	42
86.833042	35
86.833042	42
87.03940350000002	35
87.03940350000002	42
87.245765	38
87.245765	42
87.4571265	35
87.4571265	42
87.66848800000001	42
87.8798495	35
87.8798495	42
88.091211	38
88.091211	42
88.30257250000001	42
88.513934	35
88.513934	42
88.7252955	35
88.7252955	42
88.93665700000001	38
88.93665700000001	42
89.1480185	35
89.1480185	42
89.35938	35
89.35938	42
89.5749915	42
89.790603	38
89.790603	42
90.0012145	42
90.211826	35
90.211826	42
90.4224375	35
90.4224375	42
90.633049	38
90.633049	42
90.84366050000001	35
90.84366050000001	42
91.05427200000001	42
91.25988350000002	35
91.25988350000002	42
91.465495	38
91.465495	42
91.6761065	42
91.886718	35
91.886718	42
92.0973295	35
92.0973295	42
92.307941	38
92.307941	42
92.5185525	35
92.5185525	42
92.729164	35
92.729164	49
92.9440255	42
93.15888700000001	38
93.15888700000001	42
93.36874850000001	42
93.57861	35
93.57861	42
93.7884715	35
93.7884715	42
93.998333	38
93.998333	42
94.2081945	35
94.2081945	42
94.418056	42
94.6279175	35
94.6279175	42
94.837779	38
94.837779	42
95.0426405	42
95.247502	35
95.247502	42
95.4573635	35
95.4573635	42
95.667225	38
95.667225	42
95.8770865	35
95.8770865	42
96.08694799999999	35
96.08694799999999	42
96.30312199999999	42
96.519296	38
96.519296	42
96.73546999999999	42
96.951644	35
96.951644	42
97.162818	35
97.162818	49
97.373992	38
97.373992	49
97.585166	42
97.79634	47
97.899427	38
98.10560100000001	38
98.208688	38
98.419862	38
98.419862	47
98.631036	47
98.83721	38
98.940297	47
99.04338399999999	47
99.14647099999999	47
99.249558	47
99.455732	35
99.455732	49
99.88807999999999	38
99.88807999999999	42
100.10925399999998	42
100.33042799999998	35
100.33042799999998	42
100.541602	35
100.541602	42
100.752776	38
100.752776	42
100.95895	35
100.95895	42
101.16512399999999	42
101.37629799999999	35
101.37629799999999	42
101.58747199999999	38
101.58747199999999	42
101.79864599999999	42
102.00981999999999	35
102.00981999999999	42
102.22099399999999	35
102.22099399999999	42
102.432168	38
102.432168	42
102.643342	35
102.643342	42
102.854516	35
102.854516	42
103.06569	42
103.276864	38
103.276864	42
103.488038	42
103.699212	35
103.699212	42
103.910386	35
103.910386	42
104.12156	38
104.12156	42
104.327734	35
104.327734	42
104.533908	42
104.740082	35
104.740082	42
104.946256	38
104.946256	42
105.15743	42
105.368604	35
105.368604	42
105.579778	35
105.579778	42
105.790952	38
105.790952	42
105.99712600000001	35
105.99712600000001	42
106.2033	35
106.2033	42
106.419474	42
106.635648	38
106.635648	42
106.846822	42
107.057996	35
107.057996	42
107.26917	35
107.26917	42
107.480344	38
107.480344	42
107.691518	35
107.691518	42
107.902692	42
108.113866	35
108.113866	42
108.32504	38
108.32504	42
108.536214	42
108.747388	35
108.747388	42
108.958562	35
108.958562	42
109.169736	38
109.169736	42
109.38091	35
109.38091	42
109.592084	35
109.592084	42
109.803258	42
110.014432	38
110.014432	42
110.225606	42
110.43678	35
110.43678	42
110.647954	35
110.647954	42
110.859128	38
110.859128	42
111.070302	35
111.070302	42
111.281476	42
111.49265	35
111.49265	49
111.703824	38
111.703824	42
111.909998	42
112.11617199999999	47
112.219259	38
112.32234600000001	38
112.425433	38
112.52852	38
112.744694	38
112.85278099999998	38
112.960868	35
112.960868	49
113.381341	38
113.381341	42
113.5915775	42
113.80181400000001	35
113.80181400000001	42
114.0120505	35
114.0120505	42
114.22228700000001	38
114.22228700000001	42
114.4325235	35
114.4325235	42
114.64276000000001	42
114.8579965	35
114.8579965	42
115.07323300000002	38
115.07323300000002	42
115.28346950000001	42
115.49370600000002	35
115.49370600000002	42
115.70394250000001	35
115.70394250000001	42
115.914179	38
115.914179	42
116.12941550000001	35
116.12941550000001	42
116.344652	35
116.344652	42
116.553951	42
116.76325	38
116.76325	42
116.972549	42
117.181848	35
117.181848	42
117.39114699999999	35
117.39114699999999	42
117.60044599999999	38
117.60044599999999	42
117.80974499999999	35
117.80974499999999	42
118.019044	42
118.228343	35
118.228343	49
118.437642	38
118.437642	49
118.85624	35
118.85624	49
119.065539	35
119.065539	49
119.274838	38
119.274838	38
119.48913699999999	35
119.703436	35
119.703436	49
120.12540899999999	38
120.12540899999999	42
120.3363955	42
120.547382	35
120.547382	42
120.7583685	35
120.7583685	42
120.969355	38
120.969355	42
121.1803415	35
121.1803415	42
121.391328	42
121.5973145	35
121.5973145	42
121.80330099999999	38
121.80330099999999	42
122.0142875	42
122.22527399999998	35
122.22527399999998	42
122.43626049999999	35
122.43626049999999	42
122.647247	38
122.647247	42
122.8582335	35
122.8582335	42
123.06921999999999	35
123.06921999999999	42
123.28020649999999	42
123.491193	38
123.491193	42
123.70717949999998	42
123.923166	35
123.923166	42
124.12415250000001	35
124.12415250000001	42
124.32513900000001	38
124.32513900000001	42
124.75711199999999	47
125.06496675	38
125.167585	38
125.3778215	38
125.3778215	47
125.588058	38
125.588058	47
125.7932945	38
125.89591275	38
125.998531	47
126.10364924999999	47
126.2087675	47
126.31388575	47
126.419004	35
126.419004	49
126.859477	38
126.859477	42
127.07471349999999	42
127.28995	35
127.28995	42
127.5001865	35
127.5001865	42
127.71042299999999	38
127.71042299999999	42
127.9206595	35
127.9206595	42
128.130896	42
128.3411325	35
128.3411325	42
128.551369	38
128.551369	42
128.7616055	42
128.971842	35
128.971842	42
129.1820785	35
129.1820785	42
129.392315	38
129.392315	42
129.6025515	35
129.6025515	42
129.812788	35
129.812788	42
130.0237745	42
130.23476100000002	38
130.23476100000002	42
130.4457475	42
130.656734	35
130.656734	42
130.86772050000002	35
130.86772050000002	42
131.078707	38
131.078707	42
131.2896935	35
131.2896935	42
131.50068000000002	42
131.7116665	35
131.7116665	49
131.92265300000003	38
131.92265300000003	49
132.13363950000002	49
132.344626	47
132.44761925	38
132.55061250000003	38
132.65360575000003	38
132.75659900000002	38
132.9675855	38
133.07307875	38
133.17857200000003	35
133.17857200000003	49
133.61092000000002	38
133.61092000000002	42
133.82209400000002	42
134.03326800000002	35
134.03326800000002	42
134.23944200000003	35
134.23944200000003	42
134.44561600000003	38
134.44561600000003	42
134.65679000000003	35
134.65679000000003	42
134.86796400000003	42
135.07913800000003	35
135.07913800000003	42
135.29031200000003	38
135.29031200000003	42
135.50148600000003	42
135.71266000000003	35
135.71266000000003	42
135.91883400000003	35
135.91883400000003	42
136.125008	38
136.125008	42
136.341182	42
136.55735600000003	35
136.55735600000003	42
136.76725800000003	42
136.97716000000003	38
136.97716000000003	42
137.18706200000003	42
137.39696400000003	35
137.39696400000003	42
137.60686600000002	35
137.60686600000002	42
137.81676800000002	38
137.81676800000002	42
138.02667000000002	42
138.23657200000002	35
138.23657200000002	47
138.44147400000003	38
138.543925	38
138.646376	38
138.856278	38
139.06618	38
139.171131	38
139.276082	47
139.381033	47
139.485984	47
139.590935	47
139.695886	47
139.800837	47
139.905788	35
139.905788	49
140.348218	38
140.348218	42
140.564433	42
140.780648	35
140.780648	42
140.986863	35
140.986863	42
141.193078	38
141.193078	42
141.39929300000003	35
141.39929300000003	42
141.60550800000001	42
141.82172300000002	35
141.82172300000002	42
142.03793800000003	38
142.03793800000003	42
142.249153	42
142.46036800000002	35
142.46036800000002	42
142.671583	35
142.671583	42
142.882798	38
142.882798	42
143.08901300000002	35
143.08901300000002	42
143.295228	35
143.295228	42
143.50644300000002	42
143.71765800000003	38
143.71765800000003	42
143.928873	42
144.14008800000002	35
144.14008800000002	42
144.35130300000003	35
144.35130300000003	42
144.562518	38
144.562518	42
144.77373300000002	35
144.77373300000002	42
144.98494800000003	42
145.196163	35
145.196163	49
145.40737800000002	38
145.40737800000002	49
145.829808	38
146.1316305	38
146.23223800000002	38
146.443453	47
146.54906050000002	47
146.65466800000002	35
146.65466800000002	49
147.087098	38
147.087098	42
147.298313	42
147.509528	35
147.509528	42
147.72574300000002	35
147.72574300000002	42
147.94195800000003	38
147.94195800000003	42
148.153173	35
148.153173	42
148.36438800000002	42
148.57560300000003	35
148.57560300000003	42
148.786818	38
148.786818	42
148.993033	42
149.199248	35
149.199248	42
149.410463	35
149.410463	42
149.621678	38
149.621678	42
149.83789300000004	35
149.83789300000004	42
150.054108	35
150.054108	42
150.26307300000002	42
150.47203800000003	38
150.47203800000003	42
150.681003	42
150.889968	35
150.889968	42
151.09893300000002	35
151.09893300000002	42
151.30789800000002	38
151.30789800000002	42
151.516863	35
151.516863	42
151.725828	42
151.939793	35
151.939793	49
152.153758	38
152.153758	42
152.36272300000002	49
152.571688	47
152.88513550000002	38
152.989618	38
153.19358300000002	47
153.2955655	47
153.397548	35
153.397548	49
153.619388	42
153.84122799999997	38
153.84122799999997	42
154.053068	42
154.264908	35
154.264908	42
154.476748	35
154.476748	42
154.68858799999998	38
154.68858799999998	42
154.90042799999998	35
154.90042799999998	42
155.11226799999997	42
155.319108	35
155.319108	42
155.525948	38
155.525948	42
155.737788	42
155.949628	35
155.949628	42
156.16146799999999	35
156.16146799999999	42
156.37330799999998	38
156.37330799999998	42
156.580148	35
156.580148	42
156.786988	35
156.786988	42
157.003828	42
157.220668	38
157.220668	42
157.43250799999998	42
157.64434799999998	35
157.64434799999998	42
157.851188	35
157.851188	49
158.058028	38
158.058028	42
158.269868	35
158.269868	49
158.481708	47
158.585753	38
158.793843	38
158.897888	38
159.110978	47
159.32406799999998	47
159.53215799999998	38
159.636203	38
159.74024799999998	38
159.95333799999997	47
160.16642799999997	35
160.16642799999997	49
160.59015299999996	38
160.59015299999996	42
160.80201549999998	42
161.01387799999998	35
161.01387799999998	42
161.22074049999998	35
161.22074049999998	42
161.42760299999998	38
161.42760299999998	42
161.63946549999997	35
161.63946549999997	42
161.85132799999997	42
162.0631905	35
162.0631905	42
162.27505299999999	38
162.27505299999999	42
162.48691549999998	42
162.69877799999998	35
162.69877799999998	42
162.91064049999997	35
162.91064049999997	42
163.12250299999997	38
163.12250299999997	42
163.3293655	35
163.3293655	42
163.536228	35
163.536228	42
163.75309049999998	49
163.96995299999998	38
163.96995299999998	42
164.18181549999997	42
164.39367799999997	35
164.39367799999997	42
164.6005405	35
164.6005405	42
164.807403	38
164.807403	42
165.0192655	35
165.0192655	42
165.23112799999998	42
165.44299049999998	35
165.44299049999998	42
165.65485299999997	38
165.65485299999997	42
165.86171549999997	42
166.06857799999997	47
166.37887174999997	38
166.48230299999997	38
166.69416549999997	38
166.80009674999997	38
166.90602799999996	35
166.90602799999996	49
167.33647099999996	38
167.33647099999996	42
167.54669249999995	42
167.75691399999997	35
167.75691399999997	42
167.96213549999996	35
167.96213549999996	42
168.16735699999995	38
168.16735699999995	42
168.37757849999997	35
168.37757849999997	42
168.58779999999996	42
168.80302149999997	35
168.80302149999997	42
169.01824299999996	38
169.01824299999996	42
169.22846449999994	42
169.43868599999996	35
169.43868599999996	42
169.64890749999995	35
169.64890749999995	49
169.85912899999997	38
169.85912899999997	42
170.07935049999998	35
170.07935049999998	49
170.29957199999996	35
170.29957199999996	42
170.51043249999995	42
170.72129299999995	38
170.72129299999995	42
170.93215349999994	42
171.14301399999997	35
171.14301399999997	42
171.35387449999996	35
171.35387449999996	42
171.56473499999996	38
171.56473499999996	42
171.77559549999995	35
171.77559549999995	49