6.8702250000000005	38
6.8702250000000005	38
7.31824	35
7.31824	47
7.5472475	47
7.776255	38
7.776255	47
8.0152625	38
8.0152625	47
8.25427	47
8.478277499999999	47
8.702285	38
8.702285	47
8.9312925	47
9.1603	35
9.1603	47
9.3793075	47
9.598315000000001	38
9.598315000000001	47
9.827322500000001	38
9.827322500000001	47
10.05633	47
10.2853375	47
10.514345	38
10.514345	47
10.748352500000001	47
10.98236	35
10.98236	47
11.2085995	47
11.434839	38
11.434839	47
11.6610785	38
11.6610785	47
11.887318	47
12.1135575	47
12.339797	38
12.339797	47
12.566036500000001	47
12.792276	35
12.792276	47
13.015211999999998	47
13.238147999999999	38
13.238147999999999	47
13.471084000000001	38
13.471084000000001	47
13.70402	47
13.931956	47
14.159892	38
14.159892	47
14.387827999999999	47
14.615764	35
14.615764	47
14.8437	47
15.071636	38
15.071636	47
15.299572	38
15.299572	47
15.527508	35
15.527508	47
15.755443999999999	47
15.98338	38
15.98338	47
16.216316000000003	47
16.449252	35
16.449252	47
16.667188	38
16.667188	47
16.885124	38
16.885124	47
17.11806	38
17.11806	47
17.350996	35
17.350996	38
17.350996	47
17.583932	38
17.583932	47
17.816868	38
17.816868	47
18.049804	38
18.049804	47
18.28274	35
18.28274	38
18.28274	38
18.516351	47
18.749962	47
18.978572999999997	35
18.978572999999997	47
19.207183999999998	38
19.207183999999998	47
19.445795	47
19.684406	35
19.684406	47
19.913016999999996	47
20.141627999999997	38
20.141627999999997	47
20.373347499999998	47
20.605067	47
20.8367865	47
21.068505999999996	38
21.068505999999996	47
21.300225499999996	47
21.531944999999997	35
21.531944999999997	47
21.763664499999997	47
21.995383999999998	38
21.995383999999998	47
22.2271035	47
22.458822999999995	35
22.458822999999995	47
22.690542499999996	47
22.922261999999996	38
22.922261999999996	47
23.153981499999997	47
23.385700999999997	35
23.385700999999997	47
23.6224205	47
23.85914	38
23.85914	47
24.094643	47
24.330146	35
24.330146	47
24.560648999999998	38
24.560648999999998	47
24.791151999999997	35
24.791151999999997	47
25.026654999999998	47
25.262158	38
25.262158	47
25.497660999999997	47
25.733164	35
25.733164	47
25.9639375	47
26.194710999999998	38
26.194710999999998	47
26.4254845	38
26.4254845	47
26.656257999999998	47
26.882031499999997	47
27.107804999999995	38
27.107804999999995	47
27.338578499999997	47
27.569352	35
27.569352	47
27.800125499999996	47
28.030898999999998	38
28.030898999999998	47
28.261672499999996	38
28.261672499999996	47
28.492445999999997	47
28.723219499999995	47
28.953992999999997	38
28.953992999999997	47
29.1847665	47
29.415539999999996	35
29.415539999999996	47
29.643475999999996	47
29.871411999999996	38
29.871411999999996	47
30.104347999999998	38
30.104347999999998	47
30.337283999999997	47
30.57022	47
30.803156	38
30.803156	47
31.026092	47
31.249028	35
31.249028	47
31.477909999999998	47
31.706792	38
31.706792	47
31.940673999999998	38
31.940673999999998	47
32.174555999999995	47
32.403437999999994	47
32.63232	38
32.63232	47
32.861202	47
33.090084	35
33.090084	47
33.320857499999995	47
33.551631	38
33.551631	47
33.777404499999996	38
33.777404499999996	47
34.003178	47
34.233951499999996	47
34.464725	38
34.464725	47
34.6954985	47
34.926272	35
34.926272	47
35.151099499999994	47
35.375927	38
35.375927	47
35.605754499999996	38
35.605754499999996	47
35.835582	47
36.0604095	47
36.285236999999995	38
36.285236999999995	47
36.515064499999994	47
36.74489199999999	35
36.74489199999999	47
36.96971949999999	47
37.19454699999999	38
37.19454699999999	47
37.4243745	38
37.4243745	47
37.654202	47
37.8940295	47
38.133857	38
38.133857	47
38.3686845	47
38.603511999999995	35
38.603511999999995	47
38.82833949999999	38
38.82833949999999	47
39.053167	38
39.053167	47
39.2829945	38
39.2829945	47
39.512822	38
39.512822	47
39.7426495	38
39.7426495	47
39.972477	38
39.972477	47
40.2073045	38
40.2073045	47
40.442132	38
40.442132	38
40.675743000000004	47
40.909354	47
41.142965000000004	35
41.142965000000004	47
41.376576	38
41.376576	47
41.615187000000006	47
41.853798	35
41.853798	47
42.087409	47
42.32102	38
42.32102	47
42.555577	47
42.790133999999995	35
42.790133999999995	47
43.019690999999995	47
43.249248	38
43.249248	47
43.478804999999994	47
43.708362	35
43.708362	47
43.942919	47
44.177476	38
44.177476	47
44.417033	47
44.65659	35
44.65659	47
44.891147	47
45.125704	38
45.125704	47
45.370261000000006	47
45.614818	35
45.614818	47
45.839375	47
46.063932	38
46.063932	47
46.298489	47
46.533046	35
46.533046	47
46.767603	38
46.767603	47
47.002159999999996	35
47.002159999999996	47
47.236717	47
47.471274	38
47.471274	47
47.705831	47
47.940388	35
47.940388	47
48.174945	47
48.409502	38
48.409502	47
48.644059	38
48.644059	47
48.878616	35
48.878616	47
49.108173	47
49.33773	38
49.33773	47
49.572287	47
49.806844000000005	35
49.806844000000005	47
50.0385635	47
50.270283000000006	38
50.270283000000006	47
50.507002500000006	38
50.507002500000006	47
50.743722000000005	35
50.743722000000005	47
50.9704415	47
51.19716100000001	38
51.19716100000001	47
51.4238805	47
51.6506	35
51.6506	47
51.8823195	47
52.114039	38
52.114039	47
52.35575850000001	38
52.35575850000001	47
52.597478	35
52.597478	47
52.82919750000001	47
53.060917	38
53.060917	47
53.2926365	47
53.524356000000004	35
53.524356000000004	47
53.7560755	47
53.987795000000006	38
53.987795000000006	47
54.2195145	38
54.2195145	47
54.451234	35
54.451234	47
54.6829535	47
54.914673	38
54.914673	47
55.1413925	47
55.368112	35
55.368112	47
55.59983150000001	47
55.831551000000005	38
55.831551000000005	47
56.06327050000001	38
56.06327050000001	47
56.294990000000006	35
56.294990000000006	47
56.531709500000005	47
56.768429000000005	38
56.768429000000005	47
57.0001485	47
57.231868000000006	35
57.231868000000006	47
57.459804000000005	47
57.687740000000005	38
57.687740000000005	47
57.915676000000005	38
57.915676000000005	47
58.143612000000005	35
58.143612000000005	47
58.371548000000004	47
58.599484000000004	38
58.599484000000004	47
58.827420000000004	47
59.055356	35
59.055356	47
59.285859	47
59.51636200000001	38
59.51636200000001	47
59.751865	38
59.751865	47
59.987368000000004	35
59.987368000000004	47
60.222871000000005	47
60.458374000000006	38
60.458374000000006	47
60.69387700000001	47
60.92938	35
60.92938	47
61.157045	38
61.157045	47
61.38471	38
61.38471	47
61.622375	38
61.622375	47
61.860040000000005	35
61.860040000000005	38
61.860040000000005	47
62.092705	38
62.092705	47
62.32537	38
62.32537	47
62.563035000000006	38
62.563035000000006	47
62.8007	38
62.8007	38
63.047149000000005	47
63.293598	35
63.293598	47
63.520047	47
63.746496	38
63.746496	47
63.987945	47
64.229394	35
64.229394	47
64.460843	47
64.692292	38
64.692292	47
64.928741	47
65.16519	35
65.16519	47
65.401639	47
65.638088	38
65.638088	47
65.869537	47
66.10098599999999	35
66.10098599999999	47
66.347435	47
66.593884	38
66.593884	47
66.83033300000001	47
67.066782	35
67.066782	47
67.298231	47
67.52968	38
67.52968	47
67.77112900000002	47
68.012578	35
68.012578	47
68.24402699999999	47
68.475476	38
68.475476	47
68.715033	47
68.95459000000001	35
68.95459000000001	47
69.189147	38
69.189147	47
69.423704	35
69.423704	47
69.65826100000001	47
69.892818	38
69.892818	47
70.117375	47
70.341932	35
70.341932	47
70.576489	47
70.81104599999999	38
70.81104599999999	47
71.045603	38
71.045603	47
71.28016	35
71.28016	47
71.509717	47
71.73927400000001	38
71.73927400000001	47
71.973831	47
72.208388	35
72.208388	47
72.437945	47
72.667502	38
72.667502	47
72.90705899999999	38
72.90705899999999	47
73.14661600000001	35
73.14661600000001	47
73.37617300000001	47
73.60573	38
73.60573	47
73.845287	47
74.084844	35
74.084844	47
74.30967150000001	47
74.534499	38
74.534499	47
74.7793265	38
74.7793265	47
75.024154	35
75.024154	47
75.2489815	47
75.47380899999999	38
75.47380899999999	47
75.7036365	47
75.933464	35
75.933464	47
76.16829150000001	47
76.403119	38
76.403119	47
76.6429465	38
76.6429465	47
76.882774	35
76.882774	47
77.1126015	47
77.342429	38
77.342429	47
77.5722565	47
77.802084	35
77.802084	47
78.03258699999999	47
78.26309	38
78.26309	47
78.498593	38
78.498593	47
78.73409600000001	35
78.73409600000001	47
78.964599	47
79.19510199999999	38
79.19510199999999	47
79.430605	47
79.666108	35
79.666108	47
79.89661100000001	47
80.12711399999999	38
80.12711399999999	47
80.36261699999999	38
80.36261699999999	47
80.59812	35
80.59812	47
80.83362299999999	47
81.069126	38
81.069126	47
81.30462899999999	47
81.54013199999999	35
81.54013199999999	47
81.775635	47
82.01113799999999	38
82.01113799999999	47
82.241641	38
82.241641	47
82.472144	35
82.472144	47
82.71264699999999	47
82.95315	38
82.95315	47
83.18865299999999	47
83.424156	35
83.424156	47
83.649659	38
83.649659	47
83.875162	38
83.875162	47
84.11566499999999	38
84.11566499999999	47
84.356168	35
84.356168	38
84.356168	47
84.58667100000001	38
84.58667100000001	47
84.817174	38
84.817174	47
85.057677	38
85.057677	47
85.29818	35
85.29818	38
85.29818	47
85.530845	47
85.76351	38
85.76351	47
85.99617500000001	38
85.99617500000001	47
86.22884	35
86.22884	47
86.461505	35
86.461505	47
86.69417	38
86.69417	47
86.926835	35
86.926835	47
87.15950000000001	35
87.15950000000001	47
87.3952735	35
87.3952735	47
87.631047	38
87.631047	47
87.8618205	38
87.8618205	47
88.092594	35
88.092594	47
88.3233675	35
88.3233675	47
88.554141	38
88.554141	47
88.7849145	35
88.7849145	47
89.015688	35
89.015688	47
89.25119099999999	35
89.25119099999999	47
89.486694	38
89.486694	47
89.722197	38
89.722197	47
89.9577	35
89.9577	47
90.183203	35
90.183203	47
90.408706	38
90.408706	47
90.649209	35
90.649209	47
90.889712	35
90.889712	47
91.1214315	35
91.1214315	47
91.353151	38
91.353151	47
91.58487050000001	38
91.58487050000001	47
91.81659	35
91.81659	47
92.04330949999999	35
92.04330949999999	47
92.270029	38
92.270029	47
92.50674849999999	35
92.50674849999999	47
92.74346800000001	35
92.74346800000001	47
92.9751875	35
92.9751875	47
93.206907	38
93.206907	47
93.4486265	38
93.4486265	47
93.690346	35
93.690346	47
93.9220655	35
93.9220655	47
94.153785	38
94.153785	47
94.3855045	35
94.3855045	47
94.617224	35
94.617224	47
94.84678099999998	35
94.84678099999998	47
95.07633799999999	38
95.07633799999999	47
95.315895	38
95.315895	47
95.55545199999999	35
95.55545199999999	47
95.790009	35
95.790009	47
96.024566	38
96.024566	47
96.25912299999999	35
96.25912299999999	47
96.49368	35
96.49368	47
96.726345	35
96.726345	47
96.95900999999999	38
96.95900999999999	47
97.191675	38
97.191675	47
97.42434	35
97.42434	47
97.657005	35
97.657005	47
97.88967	35
97.88967	47
98.12233499999999	38
98.12233499999999	47
98.355	35
98.355	47
98.58266499999999	35
98.58266499999999	38
98.58266499999999	47
98.81033	35
98.81033	38
98.81033	47
99.037995	35
99.037995	38
99.037995	47
99.26566	35
99.26566	38
99.26566	47
99.503325	35
99.503325	38
99.503325	47
99.74099	35
99.74099	38
99.74099	47
99.978655	35
99.978655	38
99.978655	47
100.21632	38
100.21632	38
100.460605	47
100.70489	35
100.70489	47
100.93917499999999	47
101.17345999999999	38
101.17345999999999	47
101.412745	47
101.65203	35
101.65203	47
101.89131499999999	47
102.1306	38
102.1306	47
102.3729945	47
102.61538900000001	35
102.61538900000001	47
102.8527835	47
103.09017800000001	38
103.09017800000001	47
103.3275725	47
103.56496700000001	35
103.56496700000001	47
103.8023615	47
104.03975600000001	38
104.03975600000001	47
104.2780955	47
104.51643500000002	35
104.51643500000002	47
104.75477450000001	47
104.993114	38
104.993114	47
105.23145350000001	47
105.46979300000001	35
105.46979300000001	47
105.7081325	47
105.94647200000001	38
105.94647200000001	47
106.18292100000001	47
106.41937000000001	35
106.41937000000001	47
106.650819	38
106.650819	47
106.88226800000001	35
106.88226800000001	47
107.113717	47
107.345166	38
107.345166	47
107.581615	47
107.818064	35
107.818064	47
108.052621	47
108.28717800000001	38
108.28717800000001	47
108.52673500000002	38
108.52673500000002	47
108.766292	35
108.766292	47
108.995849	47
109.225406	38
109.225406	47
109.459963	47
109.69452000000001	35
109.69452000000001	47
109.929077	47
110.163634	38
110.163634	47
110.39819100000001	38
110.39819100000001	47
110.632748	35
110.632748	47
110.862305	47
111.09186200000002	38
111.09186200000002	47
111.32641900000002	47
111.56097600000001	35
111.56097600000001	47
111.79080350000001	47
112.02063100000001	38
112.02063100000001	47
112.2604585	38
112.2604585	47
112.500286	35
112.500286	47
112.7251135	47
112.949941	38
112.949941	47
113.18476850000002	47
113.41959600000001	35
113.41959600000001	47
113.64915300000001	47
113.87871000000001	38
113.87871000000001	47
114.11326700000001	38
114.11326700000001	47
114.347824	35
114.347824	47
114.58738100000001	47
114.82693800000001	38
114.82693800000001	47
115.06149500000001	47
115.29605200000002	35
115.29605200000002	47
115.52277150000002	47
115.749491	38
115.749491	47
115.99121050000002	38
115.99121050000002	47
116.23293000000002	35
116.23293000000002	47
116.45964950000001	47
116.68636900000001	38
116.68636900000001	47
116.91808850000001	47
117.14980800000002	35
117.14980800000002	47
117.38152750000002	47
117.61324700000002	38
117.61324700000002	47
117.84496650000001	38
117.84496650000001	47
118.07668600000002	35
118.07668600000002	47
118.30840550000002	47
118.54012500000002	38
118.54012500000002	47
118.77684450000002	47
119.01356400000002	35
119.01356400000002	47
119.242175	47
119.47078600000002	38
119.47078600000002	47
119.699397	38
119.699397	47
119.928008	47
120.171619	47
120.41523000000002	38
120.41523000000002	47
120.64884100000002	47
120.88245200000001	35
120.88245200000001	47
121.11106300000002	38
121.11106300000002	47
121.33967400000002	38
121.33967400000002	47
121.57328500000001	38
121.57328500000001	47
121.80689600000001	35
121.80689600000001	38
121.80689600000001	47
122.040507	38
122.040507	47
122.27411800000002	38
122.27411800000002	47
122.50772900000001	38
122.50772900000001	47
122.74134000000001	35
122.74134000000001	38
122.74134000000001	49
122.975897	49
123.21045400000001	35
123.21045400000001	38
123.21045400000001	49
123.450011	38
123.450011	49
123.68956800000001	35
123.68956800000001	49
123.91912500000002	49
124.14868200000001	35
124.14868200000001	38
124.14868200000001	49
124.383239	49
124.61779600000001	35
124.61779600000001	49
124.85235300000001	49
125.08691	35
125.08691	38
125.08691	49
125.32646700000001	38
125.32646700000001	49
125.56602400000001	35
125.56602400000001	49
125.80058100000001	49
126.03513800000002	35
126.03513800000002	38
126.03513800000002	49
126.26969500000001	49
126.50425200000001	35
126.50425200000001	49
126.73380900000002	49
126.96336600000001	35
126.96336600000001	38
126.96336600000001	49
127.197923	38
127.197923	49
127.43248000000001	35
127.43248000000001	49
127.66703700000001	49
127.901594	38
127.901594	49
128.13115100000002	35
128.13115100000002	49
128.36070800000002	35
128.36070800000002	49
128.5924275	49
128.824147	38
128.824147	49
129.0558665	38
129.0558665	49
129.287586	49
129.51930550000003	49
129.75102500000003	38
129.75102500000003	49
129.98774450000002	49
130.224464	35
130.224464	49
130.4511835	49
130.67790300000001	38
130.67790300000001	49
130.9146225	38
130.9146225	49
131.151342	35
131.151342	49
131.3930615	49
131.634781	35
131.634781	38
131.634781	49
131.86150050000003	49
132.08822	35
132.08822	49
132.3199395	49
132.551659	38
132.551659	49
132.7833785	38
132.7833785	49
133.015098	49
133.2468175	49
133.478537	38
133.478537	49
133.71025649999999	35
133.71025649999999	49
133.941976	35
133.941976	49
134.177479	49
134.412982	38
134.412982	49
134.64848500000002	38
134.64848500000002	49
134.88398800000002	35
134.88398800000002	49
135.119491	49
135.354994	38
135.354994	49
135.585497	49
135.81600000000003	35
135.81600000000003	49
136.04866500000003	49
136.28133000000003	35
136.28133000000003	49
136.51399500000002	38
136.51399500000002	49
136.74666000000002	35
136.74666000000002	49
136.97932500000002	49
137.21199000000004	38
137.21199000000004	49
137.44465500000004	35
137.44465500000004	49
137.67732000000004	35
137.67732000000004	49
137.91093100000003	49
138.14454200000003	38
138.14454200000003	49
138.37815300000003	38
138.37815300000003	49
138.61176400000005	35
138.61176400000005	49
138.84037500000005	49
139.06898600000005	35
139.06898600000005	38
139.06898600000005	49
139.31259700000004	49
139.55620800000003	35
139.55620800000003	49
139.78765700000002	49
140.01910600000002	38
140.01910600000002	49
140.25555500000004	38
140.25555500000004	49
140.49200400000004	35
140.49200400000004	49
140.72345300000003	49
140.95490200000003	38
140.95490200000003	49
141.19135100000005	49
141.42780000000005	35
141.42780000000005	49
141.65924900000002	49
141.89069800000001	38
141.89069800000001	49
142.12714700000004	38
142.12714700000004	49
142.36359600000003	35
142.36359600000003	49
142.61004500000004	49
142.85649400000003	38
142.85649400000003	49
143.08794300000005	49
143.31939200000005	35
143.31939200000005	49
143.55205700000005	35
143.55205700000005	38
143.55205700000005	49
143.78472200000004	35
143.78472200000004	38
143.78472200000004	49
144.01738700000004	35
144.01738700000004	38
144.01738700000004	49
144.25005200000004	35
144.25005200000004	38
144.25005200000004	49
144.477717	35
144.477717	38
144.477717	49
144.70538200000004	35
144.70538200000004	38
144.70538200000004	49
144.94304700000006	35
144.94304700000006	38
144.94304700000006	49
145.18071200000006	35
145.18071200000006	49
145.41932300000005	35
145.41932300000005	49
145.65793400000004	35
145.65793400000004	38
145.65793400000004	49
145.89154500000004	35
145.89154500000004	38
145.89154500000004	49
146.12515600000006	35
146.12515600000006	49
146.35876700000006	35
146.35876700000006	49
146.59237800000005	35
146.59237800000005	38
146.59237800000005	49
146.82598900000005	35
146.82598900000005	49
147.05960000000005	35
147.05960000000005	49
147.29321100000004	35
147.29321100000004	49
147.52682200000004	35
147.52682200000004	38
147.52682200000004	49
147.76543300000003	35
147.76543300000003	38
147.76543300000003	49
148.00404400000005	35
148.00404400000005	49
148.23765500000005	35
148.23765500000005	49
148.47126600000004	35
148.47126600000004	38
148.47126600000004	49
148.70487700000004	35
148.70487700000004	49
148.93848800000004	35
148.93848800000004	49
149.17304500000003	35
149.17304500000003	49
149.40760200000003	35
149.40760200000003	38
149.40760200000003	49
149.63715900000005	35
149.63715900000005	38
149.63715900000005	49
149.86671600000005	35
149.86671600000005	49
150.10127300000005	35
150.10127300000005	49
150.33583000000004	35
150.33583000000004	38
150.33583000000004	49
150.57538700000003	35
150.57538700000003	49
150.81494400000003	35
150.81494400000003	49
151.04950100000005	35
151.04950100000005	49
151.28405800000004	35
151.28405800000004	38
151.28405800000004	49
151.51861500000004	35
151.51861500000004	38
151.51861500000004	49
151.75317200000003	35
151.75317200000003	49
151.98772900000003	35
151.98772900000003	49
152.22228600000003	35
152.22228600000003	38
152.22228600000003	49
152.45684300000005	35
152.45684300000005	49
152.69140000000004	35
152.69140000000004	49
152.92095700000004	35
152.92095700000004	49
153.15051400000004	35
153.15051400000004	38
153.15051400000004	49
153.39007100000003	35
153.39007100000003	38
153.39007100000003	49
153.62962800000003	35
153.62962800000003	49
153.86418500000005	35
153.86418500000005	49
154.09874200000004	35
154.09874200000004	38
154.09874200000004	49
154.32829900000004	35
154.32829900000004	49
154.55785600000004	35
154.55785600000004	49
154.79241300000004	35
154.79241300000004	49
155.02697000000003	35
155.02697000000003	38
155.02697000000003	49
155.26152700000006	35
155.26152700000006	38
155.26152700000006	49
155.49608400000002	35
155.49608400000002	49
155.72064100000003	35
155.72064100000003	49
155.94519800000003	35
155.94519800000003	38
155.94519800000003	49
156.18475500000005	35
156.18475500000005	49
156.42431200000004	35
156.42431200000004	49
156.66386900000006	35
156.66386900000006	49
156.90342600000005	35
156.90342600000005	38
156.90342600000005	49
157.13798300000005	35
157.13798300000005	38
157.13798300000005	49
157.37254000000004	35
157.37254000000004	49
157.61209700000003	35
157.61209700000003	49
157.85165400000002	35
157.85165400000002	38
157.85165400000002	49
158.08121100000005	35
158.08121100000005	49
158.31076800000005	35
158.31076800000005	49
158.54532500000005	35
158.54532500000005	49
158.77988200000004	35
158.77988200000004	38
158.77988200000004	49
159.00943900000004	35
159.00943900000004	38
159.00943900000004	49
159.23899600000004	35
159.23899600000004	49
159.47355300000007	35
159.47355300000007	49
159.70811000000006	35
159.70811000000006	38
159.70811000000006	49
159.94266700000006	35
159.94266700000006	49
160.17722400000005	35
160.17722400000005	49
160.41178100000005	35
160.41178100000005	49
160.64633800000004	35
160.64633800000004	38
160.64633800000004	49
160.88089500000007	35
160.88089500000007	38
160.88089500000007	49
161.1154520000001	35
161.1154520000001	49
161.36000900000008	35
161.36000900000008	49
161.60456600000003	35
161.60456600000003	38
161.60456600000003	49
161.83412300000003	35
161.83412300000003	49
162.06368000000003	35
162.06368000000003	49
162.29823700000006	35
162.29823700000006	49
162.53279400000005	35
162.53279400000005	38
162.53279400000005	49
162.76735100000005	35
162.76735100000005	38
162.76735100000005	49
163.00190800000004	35
163.00190800000004	49
163.23646500000004	35
163.23646500000004	49
163.47102200000003	35
163.47102200000003	38
163.47102200000003	49
163.70557900000006	35
163.70557900000006	49
163.94013600000005	35
163.94013600000005	49
164.16969300000005	35
164.16969300000005	49
164.39925000000005	35
164.39925000000005	38
164.39925000000005	49
164.63880700000004	35
164.63880700000004	38
164.63880700000004	49
164.87836400000003	35
164.87836400000003	49
165.11292100000006	35
165.11292100000006	49
165.34747800000005	35
165.34747800000005	38
165.34747800000005	49
165.58203500000005	35
165.58203500000005	49
165.81659200000004	35
165.81659200000004	49
166.08444850000004	38
166.08444850000004	49
166.35230500000003	38
166.35230500000003	49
166.62016150000005	35
166.62016150000005	49