10.095248	35
10.095248	47
10.416036999999998	38
10.416036999999998	47
10.736825999999999	35
10.736825999999999	47
11.052615	38
11.052615	47
11.368403999999998	35
11.368403999999998	47
11.684192999999999	38
11.684192999999999	47
11.999982	35
11.999982	47
12.315770999999998	38
12.315770999999998	47
12.631559999999999	35
12.631559999999999	47
12.947348999999999	38
12.947348999999999	47
13.263137999999998	35
13.263137999999998	47
13.578926999999998	38
13.578926999999998	47
13.894715999999999	35
13.894715999999999	47
14.210504999999998	38
14.210504999999998	47
14.526293999999998	35
14.526293999999998	47
14.842082999999999	38
14.842082999999999	47
15.157871999999998	35
15.157871999999998	47
15.473660999999998	38
15.473660999999998	47
15.789449999999999	35
15.789449999999999	47
16.105238999999997	38
16.105238999999997	47
16.421028	35
16.421028	47
16.736817	38
16.736817	47
17.052605999999997	35
17.052605999999997	47
17.368395	38
17.368395	47
17.684184	35
17.684184	47
17.999972999999997	38
17.999972999999997	47
18.315762	35
18.315762	47
18.631550999999998	38
18.631550999999998	47
18.947339999999997	35
18.947339999999997	47
19.263129	38
19.263129	47
19.578917999999998	35
19.578917999999998	47
19.894706999999997	38
19.894706999999997	47
20.210496	35
20.210496	47
20.526284999999998	38
20.526284999999998	47
20.842073999999997	35
20.842073999999997	47
21.157863	38
21.157863	47
21.473651999999998	35
21.473651999999998	47
21.789440999999997	38
21.789440999999997	47
22.10523	35
22.10523	47
22.421018999999998	38
22.421018999999998	47
22.736807999999996	35
22.736807999999996	47
23.052597	38
23.052597	47
23.368385999999997	35
23.368385999999997	47
23.684174999999996	38
23.684174999999996	47
23.999964	35
23.999964	47
24.315752999999997	38
24.315752999999997	47
24.631541999999996	35
24.631541999999996	47
24.947331	38
24.947331	47
25.263119999999997	35
25.263119999999997	47
25.578908999999996	38
25.578908999999996	47
25.894697999999998	35
25.894697999999998	47
26.210486999999997	38
26.210486999999997	47
26.526275999999996	35
26.526275999999996	47
26.842064999999998	38
26.842064999999998	47
27.157853999999997	35
27.157853999999997	47
27.473642999999996	38
27.473642999999996	47
27.789431999999998	35
27.789431999999998	47
28.105220999999997	38
28.105220999999997	47
28.421009999999995	35
28.421009999999995	47
28.736798999999998	38
28.736798999999998	47
29.052587999999997	35
29.052587999999997	47
29.368376999999995	38
29.368376999999995	47
29.684165999999998	35
29.684165999999998	47
29.999954999999996	38
29.999954999999996	47
30.315743999999995	35
30.315743999999995	47
30.631532999999997	38
30.631532999999997	47
30.947321999999996	35
30.947321999999996	47
31.263110999999995	38
31.263110999999995	47
31.578899999999997	35
31.578899999999997	47
31.894688999999996	38
31.894688999999996	47
32.210477999999995	35
32.210477999999995	47
32.526267	38
32.526267	47
32.842056	35
32.842056	47
33.157844999999995	38
33.157844999999995	47
33.473634	35
33.473634	47
33.789423	38
33.789423	47
34.105211999999995	35
34.105211999999995	47
34.421001	38
34.421001	47
34.73679	35
34.73679	47
35.052578999999994	38
35.052578999999994	47
35.368368	35
35.368368	47
35.684157	38
35.684157	47
35.999945999999994	35
35.999945999999994	47
36.315735	38
36.315735	47
36.631524	35
36.631524	47
36.947312999999994	38
36.947312999999994	47
37.263101999999996	35
37.263101999999996	47
37.578891	38
37.578891	47
37.894679999999994	35
37.894679999999994	47
38.210468999999996	38
38.210468999999996	47
38.526258	35
38.526258	47
38.842046999999994	38
38.842046999999994	47
39.157835999999996	35
39.157835999999996	47
39.473625	38
39.473625	47
39.789413999999994	35
39.789413999999994	47
40.105202999999996	38
40.105202999999996	47
40.420992	49
41.04257	38
41.04257	38
41.363359	35
41.68414799999999	35
42.305726	38
42.305726	38
42.626515	35
42.947303999999995	35
43.568881999999995	38
43.568881999999995	38
43.889671	35
44.21046	49
44.842037999999995	49
45.47361599999999	49
46.095194	38
46.095194	38
46.415983	35
46.736771999999995	35
47.358349999999994	38
47.358349999999994	38
47.679139	35
47.999928	35
48.621506	38
48.621506	38
48.947295	35
49.27308399999999	49
49.904661999999995	49
50.526239999999994	49
51.147817999999994	38
51.147817999999994	38
51.468607	35
51.789395999999996	35
52.410973999999996	38
52.410973999999996	38
52.731763	35
53.05255199999999	49
53.684129999999996	38
53.684129999999996	38
53.99991899999999	35
54.315707999999994	49
54.93728599999999	38
54.93728599999999	38
55.258075	35
55.578863999999996	49
55.89465299999999	38
55.89465299999999	47
56.21044199999999	35
56.21044199999999	47
56.526230999999996	38
56.526230999999996	47
56.84201999999999	35
56.84201999999999	47
57.15780899999999	38
57.15780899999999	47
57.473597999999996	35
57.473597999999996	47
57.779386999999986	38
57.779386999999986	47
58.08517599999999	35
58.08517599999999	47
58.410965	38
58.410965	47
58.73675399999999	35
58.73675399999999	47
59.05254299999999	38
59.05254299999999	47
59.368331999999995	35
59.368331999999995	47
59.68412099999999	38
59.68412099999999	47
59.99990999999999	35
59.99990999999999	47
60.315698999999995	38
60.315698999999995	47
60.63148799999999	35
60.63148799999999	47
60.94727699999999	38
60.94727699999999	47
61.263065999999995	35
61.263065999999995	47
61.57885499999999	38
61.57885499999999	47
61.89464399999999	35
61.89464399999999	47
62.20543299999999	38
62.20543299999999	47
62.51622199999999	35
62.51622199999999	47
62.82701099999999	38
62.82701099999999	47
63.13779999999999	35
63.13779999999999	47
63.46358899999999	38
63.46358899999999	47
63.78937799999999	35
63.78937799999999	47
64.105167	38
64.105167	47
64.42095599999999	35
64.42095599999999	47
64.736745	38
64.736745	47
65.052534	35
65.052534	47
65.36832299999999	38
65.36832299999999	47
65.684112	35
65.684112	47
65.999901	38
65.999901	47
66.31568999999999	35
66.31568999999999	47
66.631479	38
66.631479	47
66.947268	35
66.947268	47
67.26305699999999	38
67.26305699999999	47
67.578846	35
67.578846	47
67.894635	38
67.894635	47
68.21042399999999	35
68.21042399999999	47
68.526213	38
68.526213	47
68.842002	35
68.842002	47
69.15779099999999	38
69.15779099999999	47
69.47358	35
69.47358	47
69.789369	38
69.789369	47
70.10515799999999	35
70.10515799999999	47
70.420947	38
70.420947	47
70.736736	35
70.736736	47
71.05252499999999	38
71.05252499999999	47
71.368314	35
71.368314	47
71.684103	38
71.684103	47
71.99989199999999	35
71.99989199999999	47
72.315681	38
72.315681	47
72.63147	35
72.63147	47
72.94725899999999	38
72.94725899999999	47
73.263048	35
73.263048	47
73.578837	38
73.578837	47
73.89462599999999	35
73.89462599999999	47
74.210415	38
74.210415	47
74.52620399999999	35
74.52620399999999	47
74.84199299999999	38
74.84199299999999	47
75.157782	35
75.157782	47
75.47357099999999	38
75.47357099999999	47
75.78935999999999	35
75.78935999999999	47
76.105149	38
76.105149	47
76.42093799999999	35
76.42093799999999	47
76.73672699999999	38
76.73672699999999	47
77.052516	35
77.052516	47
77.36830499999999	38
77.36830499999999	47
77.68409399999999	35
77.68409399999999	47
77.999883	38
77.999883	47
78.31567199999999	35
78.31567199999999	47
78.63146099999999	38
78.63146099999999	47
78.94725	35
78.94725	47
79.26303899999999	38
79.26303899999999	47
79.57882799999999	35
79.57882799999999	47
79.894617	38
79.894617	47
80.21040599999999	35
80.21040599999999	47
80.52619499999999	38
80.52619499999999	47
80.841984	35
80.841984	47
81.15777299999999	38
81.15777299999999	47
81.47356199999999	35
81.47356199999999	47
81.789351	38
81.789351	47
82.10513999999999	35
82.10513999999999	47
82.42092899999999	38
82.42092899999999	47
82.736718	35
82.736718	47
83.05250699999999	38
83.05250699999999	47
83.36829599999999	35
83.36829599999999	47
83.684085	38
83.684085	47
83.99987399999999	35
83.99987399999999	47
84.31566299999999	38
84.31566299999999	47
84.631452	35
84.631452	47
84.94724099999999	38
84.94724099999999	47
85.26302999999999	35
85.26302999999999	47
85.578819	38
85.578819	47
85.89460799999999	49
86.506186	38
86.506186	38
86.83197499999999	35
87.15776399999999	35
87.77934199999999	38
87.77934199999999	38
88.10013099999998	35
88.42092	35
89.04249799999998	38
89.04249799999998	38
89.36328699999999	35
89.68407599999999	49
90.315654	49
90.94723199999999	49
91.56880999999998	38
91.56880999999998	38
91.88959899999998	35
92.210388	35
92.83196599999998	38
92.83196599999998	38
93.15275499999998	35
93.47354399999999	35
94.085122	38
94.085122	38
94.41091099999998	35
94.73669999999998	49
95.36827799999999	49
95.999856	49
96.62143399999998	38
96.62143399999998	38
96.94222299999998	35
97.26301199999999	35
97.88458999999999	38
97.88458999999999	38
98.20037899999998	35
98.51616799999998	49
99.14774599999998	38
99.14774599999998	38
99.46853499999997	35
99.789324	49
100.41090199999998	38
100.41090199999998	38
100.73169099999998	35
101.05247999999999	49
101.36826899999998	38
101.36826899999998	47
101.684058	35
101.684058	47
101.99984699999999	38
101.99984699999999	47
102.31563599999998	35
102.31563599999998	47
102.631425	38
102.631425	47
102.94721399999999	35
102.94721399999999	47
103.25300299999999	38
103.25300299999999	47
103.558792	35
103.558792	47
103.88458099999998	38
103.88458099999998	47
104.21036999999998	35
104.21036999999998	47
104.52615899999999	38
104.52615899999999	47
104.84194799999999	35
104.84194799999999	47
105.15773699999998	38
105.15773699999998	47
105.47352599999999	35
105.47352599999999	47
105.78431499999999	38
105.78431499999999	47
106.09510399999998	35
106.09510399999998	47
106.41589299999998	38
106.41589299999998	47
106.73668199999999	35
106.73668199999999	47
107.05247099999998	38
107.05247099999998	47
107.36825999999999	35
107.36825999999999	47
107.68404899999999	38
107.68404899999999	47
107.99983799999998	35
107.99983799999998	47
108.31562699999999	38
108.31562699999999	47
108.63141599999999	35
108.63141599999999	47
108.94720499999998	38
108.94720499999998	47
109.26299399999999	35
109.26299399999999	47
109.57878299999999	38
109.57878299999999	47
109.89457199999998	35
109.89457199999998	47
110.21036099999999	38
110.21036099999999	47
110.52614999999999	35
110.52614999999999	47
110.84193899999998	38
110.84193899999998	47
111.15772799999999	49
111.78930599999998	38
111.78930599999998	42
112.10509499999999	35
112.42088399999999	35
113.05246199999999	38
113.05246199999999	42
113.36825099999999	35
113.68403999999998	35
114.31561799999999	38
114.31561799999999	42
114.63140699999998	35
114.94719599999999	49
115.57877399999998	49
116.21035199999999	49
116.84192999999999	38
116.84192999999999	42
117.15771899999999	35
117.47350799999998	35
118.10508599999999	38
118.10508599999999	42
118.42087499999998	35
118.73666399999999	35
119.36824199999998	38
119.36824199999998	42
119.68403099999999	35
119.99981999999999	49
120.63139799999999	49
121.26297599999998	49
121.89455399999999	38
121.89455399999999	42
122.21034299999998	35
122.52613199999999	35
123.15770999999998	38
123.15770999999998	42
123.47349899999999	35
123.78928799999998	35
124.42086599999999	38
124.42086599999999	42
124.73665499999998	35
125.05244399999998	49
125.68402199999998	49
126.31559999999999	49
126.94717799999998	38
126.94717799999998	42
127.26296699999999	35
127.57875599999998	35
128.210334	38
128.210334	42
128.53112299999998	35
128.85191199999997	35
128.85191199999997	49
129.48349	38
129.48349	42
129.794279	35
130.105068	35
130.105068	49
130.42085699999998	42
130.73664599999998	42
131.05243499999997	42
136.410848	35
136.410848	47
136.73163699999998	38
136.73163699999998	47
137.052426	35
137.052426	47
137.368215	38
137.368215	47
137.684004	35
137.684004	47
137.99979299999998	38
137.99979299999998	47
138.31558199999998	35
138.31558199999998	47
138.63137099999997	38
138.63137099999997	47
138.94716	35
138.94716	47
139.262949	38
139.262949	47
139.578738	35
139.578738	47
139.89452699999998	38
139.89452699999998	47
140.21031599999998	35
140.21031599999998	47
140.52610499999997	38
140.52610499999997	47
140.841894	35
140.841894	47
141.157683	38
141.157683	47
141.473472	35
141.473472	47
141.784261	38
141.784261	47
142.09505	35
142.09505	47
142.41083899999998	38
142.41083899999998	47
142.726628	35
142.726628	47
143.042417	38
143.042417	47
143.358206	35
143.358206	47
143.673995	38
143.673995	47
143.989784	35
143.989784	47
144.31057299999998	38
144.31057299999998	47
144.631362	35
144.631362	47
144.947151	38
144.947151	47
145.26294	35
145.26294	47
145.57872899999998	38
145.57872899999998	47
145.89451799999998	35
145.89451799999998	47
146.21030699999997	38
146.21030699999997	47
146.526096	35
146.526096	47
146.841885	38
146.841885	47
147.157674	35
147.157674	47
147.47346299999998	38
147.47346299999998	47
147.78925199999998	35
147.78925199999998	47
148.10504099999997	38
148.10504099999997	47
148.42083	35
148.42083	47
148.736619	38
148.736619	47
149.05240799999999	35
149.05240799999999	47
149.36819699999998	38
149.36819699999998	47
149.68398599999998	35
149.68398599999998	47
149.99977499999997	38
149.99977499999997	47
150.315564	35
150.315564	47
150.631353	38
150.631353	47
150.94714199999999	35
150.94714199999999	47
151.26293099999998	38
151.26293099999998	47
151.57871999999998	35
151.57871999999998	47
151.89450899999997	38
151.89450899999997	47
152.210298	35
152.210298	47
152.526087	38
152.526087	47
152.84187599999998	35
152.84187599999998	47
153.15766499999998	38
153.15766499999998	47
153.47345399999998	35
153.47345399999998	47
153.78924299999997	38
153.78924299999997	47
154.105032	35
154.105032	47
154.420821	38
154.420821	47
154.73660999999998	35
154.73660999999998	47
155.05239899999998	38
155.05239899999998	47
155.36818799999998	35
155.36818799999998	47
155.68397699999997	38
155.68397699999997	47
155.999766	35
155.999766	47
156.315555	38
156.315555	47
156.63134399999998	35
156.63134399999998	47
156.94713299999998	38
156.94713299999998	47
157.26292199999997	35
157.26292199999997	47
157.57871099999997	38
157.57871099999997	47
157.8945	35
157.8945	47
158.210289	38
158.210289	47
158.52607799999998	35
158.52607799999998	47
158.84186699999998	38
158.84186699999998	47
159.15765599999997	35
159.15765599999997	47
159.47344499999997	38
159.47344499999997	47
159.789234	35
159.789234	47
160.105023	38
160.105023	47
160.42081199999998	35
160.42081199999998	47
160.73660099999998	38
160.73660099999998	47
161.05238999999997	35
161.05238999999997	47
161.21028449999997	47
161.36817899999997	47
161.36817899999997	49
161.5260735	47
161.683968	35
161.683968	47
161.999757	38
161.999757	47
162.31554599999998	35
162.31554599999998	47
162.63133499999998	38
162.63133499999998	47
162.94712399999997	35
162.94712399999997	47
163.26291299999997	38
163.26291299999997	47
163.578702	35
163.578702	47
163.894491	38
163.894491	47
164.21027999999998	35
164.21027999999998	47
164.52606899999998	38
164.52606899999998	47
164.84185799999997	35
164.84185799999997	47
165.15764699999997	38
165.15764699999997	47
165.473436	35
165.473436	47
165.789225	38
165.789225	47
166.10501399999998	35
166.10501399999998	47
166.42080299999998	38
166.42080299999998	47
166.73659199999997	35
166.73659199999997	47
167.05238099999997	38
167.05238099999997	47
167.36817	35
167.36817	47
167.683959	38
167.683959	47
167.99974799999998	35
167.99974799999998	47
168.31553699999998	38
168.31553699999998	47
168.63132599999997	35
168.63132599999997	47
168.94711499999997	38
168.94711499999997	47
169.262904	35
169.262904	47
169.578693	38
169.578693	47
169.89448199999998	35
169.89448199999998	47
170.21027099999998	38
170.21027099999998	47
170.52605999999997	35
170.52605999999997	47
170.84184899999997	38
170.84184899999997	47
171.157638	35
171.157638	47
171.3155325	47
171.473427	42
171.473427	49
171.63132149999998	47
171.78921599999998	35
171.78921599999998	47
172.10500499999998	38
172.10500499999998	47
172.42079399999997	35
172.42079399999997	47
172.73658299999997	38
172.73658299999997	47
173.052372	35
173.052372	47
173.368161	38
173.368161	47
173.68394999999998	35
173.68394999999998	47
173.99973899999998	38
173.99973899999998	47
174.31552799999997	35
174.31552799999997	47
174.63131699999997	38
174.63131699999997	47
174.947106	35
174.947106	47
175.262895	38
175.262895	47
175.57868399999998	35
175.57868399999998	47
175.89447299999998	38
175.89447299999998	47
176.21026199999997	35
176.21026199999997	47
176.52605099999997	38
176.52605099999997	47
176.84184	35
176.84184	47
177.157629	38
177.157629	47
177.47341799999998	35
177.47341799999998	47
177.78920699999998	38
177.78920699999998	47
178.10499599999997	35
178.10499599999997	47
178.42078499999997	38
178.42078499999997	47
178.736574	35
178.736574	47
179.05236299999999	38
179.05236299999999	47
179.21025749999998	47
179.36815199999998	47
179.68394099999998	38
179.68394099999998	47
179.84183549999997	47
179.99972999999997	47
180.31551899999997	38
180.31551899999997	47
180.4734135	47
180.631308	47
180.94709699999999	38
180.94709699999999	47
181.10499149999998	47
181.26288599999998	47
181.57867499999998	38
181.57867499999998	47
181.73656949999997	38
181.73656949999997	47
181.89446399999997	49
182.21025299999997	38
182.21025299999997	47
182.526042	35
182.526042	47
182.84183099999998	38
182.84183099999998	47
183.15761999999998	35
183.15761999999998	47
183.47340899999998	38
183.47340899999998	47
183.78919799999997	35
183.78919799999997	47
184.10498699999997	38
184.10498699999997	47
184.420776	35
184.420776	47
184.73656499999998	38
184.73656499999998	47
185.05235399999998	35
185.05235399999998	47
185.36814299999998	38
185.36814299999998	47
185.68393199999997	35
185.68393199999997	47
185.999721	38
185.999721	47
186.31550999999996	47
186.31550999999996	35
186.46840449999996	47
186.62129899999996	38
186.77419349999997	42
186.92708799999997	42
187.247877	38
187.247877	47
187.56866599999998	35
187.56866599999998	47
187.889455	38
187.889455	47
188.210244	35
188.210244	47
188.52603299999998	38
188.52603299999998	47
188.84182199999998	35
188.84182199999998	47
189.15761099999997	38
189.15761099999997	47
189.47339999999997	47
189.47339999999997	47
189.63129449999997	47
189.63129449999997	47
189.789189	38
189.789189	47
189.9470835	47
189.9470835	47
190.104978	47
190.104978	47
190.2628725	47
190.2628725	47
190.42076699999998	38
190.42076699999998	47
190.57866149999998	47
190.57866149999998	47
190.73655599999998	47
190.73655599999998	47
190.89445049999998	47
190.89445049999998	47
191.05234499999997	38
191.05234499999997	47
191.21023949999997	47
191.21023949999997	47
191.36813399999997	47
191.36813399999997	47
191.52602849999997	47
191.52602849999997	47
191.683923	38
191.683923	47
191.999712	42
192.31550099999998	38
192.31550099999998	47
192.63128999999998	35
192.63128999999998	47
192.94707899999997	38
192.94707899999997	47
193.26286799999997	35
193.26286799999997	47
193.578657	38
193.578657	47
193.894446	35
193.894446	47
194.21023499999998	38
194.21023499999998	47
194.52602399999998	35
194.52602399999998	47
194.84181299999997	38
194.84181299999997	47
195.15760199999997	35
195.15760199999997	47
195.473391	38
195.473391	47
195.78918	47
195.94707449999999	38
195.94707449999999	47
196.10496899999998	38
196.10496899999998	47
196.26286349999998	38
196.26286349999998	47
196.42075799999998	47
196.57865249999998	38
196.57865249999998	47
196.73654699999997	38
196.73654699999997	47
196.89444149999997	42
197.05233599999997	42
197.368125	38
197.368125	47
197.683914	35
197.683914	47
197.99970299999998	38
197.99970299999998	47
198.31549199999998	35
198.31549199999998	47
198.63128099999997	38
198.63128099999997	47
198.94706999999997	35
198.94706999999997	47
199.262859	38
199.262859	47
199.578648	35
199.578648	47
199.89443699999998	38
199.89443699999998	47
200.21022599999998	35
200.21022599999998	47
200.36812049999997	47
200.36812049999997	47
200.52601499999997	38
200.52601499999997	47
200.68390949999997	47
200.68390949999997	47
200.84180399999997	47
200.84180399999997	47
200.99969849999997	38
200.99969849999997	49
201.157593	38
201.157593	49
201.473382	47
201.473382	47
201.63377649999998	47
201.79417099999998	38
201.79417099999998	49
201.95456549999997	42
202.11495999999997	42