4.256904	38
4.256904	49
4.4342749999999995	35
4.6116459999999995	35
4.7840169999999995	38
4.7840169999999995	42
4.956388	35
4.956388	42
5.1337589999999995	35
5.3111299999999995	38
5.3111299999999995	42
5.488500999999999	35
5.665871999999999	38
5.665871999999999	49
5.8495254999999995	35
6.033179	35
6.206832499999999	38
6.206832499999999	42
6.3804859999999985	35
6.3804859999999985	42
6.564139499999999	35
6.747792999999999	38
6.747792999999999	42
6.936446499999999	38
7.030773249999999	38
7.1251	35
7.1251	49
7.297503	35
7.469906	35
7.652309	38
7.652309	42
7.834712	35
7.834712	42
8.012114999999998	35
8.189518	38
8.189518	42
8.361920999999999	35
8.534324	38
8.534324	49
8.7099775	35
8.885631	35
9.0612845	38
9.0612845	42
9.236938	35
9.236938	42
9.4175915	35
9.598245	38
9.598245	42
9.7838985	38
9.87672525	38
9.969552	35
9.969552	49
10.1438305	35
10.318109	35
10.4923875	38
10.4923875	42
10.666666	35
10.666666	42
10.8509445	35
11.035223	38
11.035223	42
11.2095015	35
11.38378	38
11.38378	49
11.559057999999999	35
11.734336	35
11.914614	38
11.914614	42
12.094892	35
12.094892	42
12.27017	35
12.445448	38
12.445448	42
12.630726	35
12.816004	38
12.816004	49
12.9996575	35
13.183311	35
13.351964500000001	38
13.351964500000001	42
13.520618	35
13.520618	42
13.7042715	35
13.887925000000001	38
13.887925000000001	47
14.0765785	38
14.0765785	47
16.754936999999998	38
16.754936999999998	38
17.2885495	35
17.2885495	49
17.482005	38
17.6554605	35
17.6554605	42
17.828916	35
17.828916	42
18.185827	38
18.185827	42
18.527198000000002	42
18.714698000000002	35
18.902198000000002	38
18.902198000000002	42
19.0756355	35
19.249073000000003	35
19.249073000000003	42
19.585948000000002	38
19.585948000000002	42
19.950948	42
20.127151	35
20.303354	38
20.303354	42
20.479557	35
20.65576	35
20.65576	42
20.831963000000002	35
21.008166	38
21.008166	42
21.184369	35
21.360572	42
21.552538500000004	35
21.744505000000004	38
21.744505000000004	42
22.094662000000003	35
22.094662000000003	42
22.269740500000005	35
22.444819000000003	38
22.444819000000003	42
22.616785500000002	35
22.788752	42
22.9744555	35
23.160159	38
23.160159	42
23.3408625	35
23.521566	35
23.521566	42
23.872972999999998	38
23.872972999999998	42
24.22438	42
24.4078335	35
24.591286999999998	38
24.591286999999998	42
24.769740499999997	35
24.948193999999997	35
24.948193999999997	42
25.305100999999997	38
25.305100999999997	42
25.672007999999998	42
25.8527225	35
26.033437	38
26.033437	42
26.209151499999997	35
26.384865999999995	35
26.384865999999995	42
26.565580499999996	35
26.746294999999996	38
26.746294999999996	42
26.927009499999997	35
27.107723999999997	42
27.286161499999995	35
27.464599	38
27.464599	42
27.795939999999998	35
27.795939999999998	42
27.981135000000002	35
28.16633	38
28.16633	42
28.346525	35
28.52672	38
28.52672	38
28.887956	38
28.887956	38
29.248345999999998	38
29.248345999999998	38
29.425172500000002	35
29.601999	38
29.601999	38
29.7839655	35
29.965932	38
29.965932	38
30.145896999999998	38
30.2358795	38
30.325861999999997	38
30.416170999999995	38
30.506479999999996	47
30.687097999999995	38
30.769933249999994	47
30.852768499999996	47
30.935603749999995	47
31.018438999999994	35
31.018438999999994	49
31.385987999999994	35
31.385987999999994	49
31.757223999999994	38
31.757223999999994	42
32.12846	35
32.12846	42
32.310211	35
32.491961999999994	38
32.491961999999994	42
32.668713	35
32.84546399999999	35
32.84546399999999	42
33.20326299999999	38
33.20326299999999	42
33.56106199999999	35
33.56106199999999	42
33.73996149999999	35
33.91886099999999	38
33.91886099999999	42
34.0927605	35
34.266659999999995	35
34.266659999999995	42
34.625209	38
34.625209	42
34.983757999999995	35
34.983757999999995	42
35.16303249999999	35
35.34230699999999	38
35.34230699999999	42
35.521581499999996	35
35.700855999999995	35
35.700855999999995	42
36.056405	38
36.056405	42
36.411953999999994	35
36.411953999999994	42
36.58972849999999	35
36.767503	38
36.767503	42
36.95027749999999	35
37.13305199999999	35
37.13305199999999	42
37.488600999999996	38
37.488600999999996	42
37.84414999999999	35
37.84414999999999	42
38.02192449999999	35
38.199698999999995	38
38.199698999999995	42
38.377473499999994	35
38.55524799999999	35
38.55524799999999	42
38.91454699999999	38
38.91454699999999	42
39.27384599999999	35
39.27384599999999	42
39.45349549999999	35
39.63314499999999	38
39.63314499999999	42
39.81279449999999	35
39.99244399999999	35
39.99244399999999	42
40.338742999999994	38
40.338742999999994	42
40.685041999999996	35
40.685041999999996	42
40.8731915	35
41.06134099999999	38
41.06134099999999	42
41.239490499999995	35
41.41763999999999	35
41.41763999999999	42
41.77693899999999	38
41.77693899999999	42
41.95658849999999	35
42.13623799999999	38
42.13623799999999	38
42.31088749999999	47
42.485536999999994	47
42.670186499999986	47
42.85483599999999	35
42.85483599999999	49
43.203385	38
43.203385	42
43.561933999999994	35
43.561933999999994	42
43.74120849999999	35
43.92048299999999	38
43.92048299999999	42
44.279031999999994	35
44.279031999999994	42
44.633081	38
44.633081	42
44.98712999999999	35
44.98712999999999	42
45.16915449999999	35
45.351178999999995	38
45.351178999999995	42
45.52820349999999	35
45.70522799999999	35
45.70522799999999	42
46.06302699999999	38
46.06302699999999	42
46.400825999999995	35
46.400825999999995	42
46.58472549999999	35
46.76862499999999	38
46.76862499999999	42
46.94752449999999	35
47.12642399999999	35
47.12642399999999	42
47.49422299999999	38
47.49422299999999	42
47.84202199999999	35
47.84202199999999	42
48.02092149999999	35
48.19982099999999	38
48.19982099999999	42
48.37872049999999	35
48.55761999999999	35
48.55761999999999	42
48.91541899999999	38
48.91541899999999	42
49.27321799999999	35
49.27321799999999	42
49.45211749999999	35
49.63101699999999	38
49.63101699999999	42
49.80991649999999	35
49.98881599999999	35
49.98881599999999	42
50.344364999999996	38
50.344364999999996	42
50.69991399999999	35
50.69991399999999	42
50.87768849999999	35
51.055462999999996	38
51.055462999999996	42
51.233237499999994	35
51.41101199999999	35
51.41101199999999	42
51.766560999999996	38
51.766560999999996	42
52.12210999999999	35
52.12210999999999	42
52.304884499999986	35
52.487658999999994	38
52.487658999999994	42
52.66543349999999	35
52.84320799999999	38
52.84320799999999	38
53.02735699999999	38
53.08873999999999	38
53.15012299999999	38
53.21150599999999	38
53.30358049999999	38
53.39565499999999	38
53.48772949999999	47
53.57980399999999	47
53.66937849999999	47
53.75895299999999	47
53.84852749999999	47
53.93810199999999	47
54.03017649999999	47
54.12225099999999	47
54.214325499999994	47
54.30639999999999	47
54.39562774999999	47
54.48485549999999	35
54.48485549999999	42
54.663310999999986	38
54.84176649999999	35
55.02022199999999	35
55.02022199999999	42
55.377132999999986	38
55.377132999999986	42
55.752132999999986	42
55.92395949999999	35
56.09578599999999	38
56.09578599999999	42
56.27253699999999	35
56.44928799999999	35
56.44928799999999	42
56.81322099999999	38
56.81322099999999	49
57.19250199999999	42
57.36525849999999	35
57.538014999999994	38
57.538014999999994	42
57.71647049999999	35
57.89492599999999	35
57.89492599999999	42
58.06675249999999	35
58.238578999999994	38
58.238578999999994	42
58.41533	35
58.59208099999999	42
58.76551849999999	35
58.93895599999999	38
58.93895599999999	42
59.19911224999999	38
59.285830999999995	35
59.285830999999995	42
59.46758199999999	35
59.64933299999999	38
59.64933299999999	42
59.829950999999994	35
60.010569	42
60.189024499999995	35
60.36747999999999	38
60.36747999999999	42
60.5459355	35
60.724391	35
60.724391	42
61.081301999999994	38
61.081301999999994	42
61.464060999999994	42
61.631229499999996	35
61.79839799999999	38
61.79839799999999	42
61.98014899999999	35
62.16189999999999	35
62.16189999999999	42
62.52228999999999	38
62.52228999999999	49
62.89112899999999	42
63.06456649999999	35
63.23800399999999	38
63.23800399999999	42
63.42362199999999	35
63.60923999999999	35
63.60923999999999	42
63.78640849999999	35
63.963576999999994	38
63.963576999999994	42
64.141077	35
64.31857699999999	42
64.48633349999999	35
64.65409	38
64.65409	42
64.92177325	38
65.011001	38
65.1929675	47
65.374934	47
65.5450125	47
65.71509099999999	35
65.71509099999999	49
66.06842999999999	38
66.06842999999999	42
66.42176899999998	35
66.42176899999998	42
66.60343849999998	35
66.785108	38
66.785108	42
66.96677749999999	35
67.14844699999999	35
67.14844699999999	42
67.500036	38
67.500036	42
67.861625	35
67.861625	42
68.0424195	35
68.223214	38
68.223214	42
68.4040085	35
68.584803	35
68.584803	42
68.928891	38
68.928891	42
69.27297899999998	35
69.27297899999998	42
69.46002299999999	35
69.64706699999999	38
69.64706699999999	42
69.82411099999999	35
70.001155	35
70.001155	42
70.35049299999999	38
70.35049299999999	42
70.709831	35
70.709831	42
70.8895	35
71.06916899999999	38
71.06916899999999	42
71.24883799999999	35
71.428507	35
71.428507	42
71.77634599999999	38
71.77634599999999	42
72.154185	35
72.154185	42
72.3331045	35
72.512024	38
72.512024	42
72.68594350000001	35
72.85986299999999	35
72.85986299999999	42
73.21545199999998	38
73.21545199999998	42
73.581041	35
73.581041	42
73.75883549999999	35
73.93663	38
73.93663	42
74.1144245	35
74.29221899999999	38
74.29221899999999	42
74.47151349999999	35
74.65080799999998	35
74.8301025	38
74.8301025	42
75.00939699999999	35
75.18869149999999	35
75.36798599999999	38
75.36798599999999	42
75.54728049999999	35
75.72657499999998	38
75.72657499999998	42
75.91099449999997	35
76.09541399999998	38
76.09541399999998	42
76.27049249999997	35
76.44557099999997	38
76.44557099999997	38
76.63434549999998	47
76.82311999999997	47
77.00873799999998	35
77.00873799999998	49
77.37281149999997	35
77.55126699999997	38
77.55126699999997	49
77.89142399999996	35
77.89142399999996	49
78.07150249999997	35
78.25158099999997	38
78.42165949999996	35
78.42165949999996	49
78.77181649999997	35
78.95189499999996	38
78.95189499999996	49
79.30205199999996	35
79.30205199999996	49
79.47713049999997	35
79.65220899999997	38
79.82728749999997	35
79.82728749999997	49
80.18756099999996	35
80.18756099999996	49
80.37275599999995	38
80.54144849999996	49
80.71014099999995	35
80.71014099999995	49
80.89033599999995	35
81.07053099999995	38
81.24572599999995	35
81.24572599999995	49
81.60469549999996	35
81.78846999999996	38
81.78846999999996	49
82.14197199999997	35
82.14197199999997	49
82.32393849999997	35
82.50590499999997	38
82.68287149999996	35
82.68287149999996	49
83.04003299999997	35
83.22022799999996	38
83.22022799999996	49
83.57061799999997	35
83.57061799999997	49
83.75581299999997	35
83.94100799999997	38
84.11620299999996	35
84.11620299999996	49
84.46509049999997	35
84.63878299999996	38
84.63878299999996	49
85.00271599999996	35
85.00271599999996	49
85.18468249999997	35
85.18468249999997	49
85.36664899999997	38
85.54361549999994	35
85.54361549999994	49
85.88280549999996	35
86.04502899999996	38
86.04502899999996	49
86.24045149999996	35
86.43587399999996	38
86.43587399999996	49
86.62129649999996	38
86.62129649999996	49
86.80671899999996	35
86.99515649999996	38
86.99515649999996	49
87.18359399999996	38
87.18359399999996	49
87.35883849999995	35
87.53408299999995	38
87.53408299999995	49
87.70432749999995	35
87.87457199999994	38
87.87457199999994	38
88.06295199999995	47
88.25133199999995	47
88.43471199999995	35
88.43471199999995	49
88.79178449999996	35
88.96547699999995	38
88.96547699999995	49
89.32286199999994	35
89.32286199999994	49
89.50305699999994	35
89.68325199999994	38
89.85344699999993	35
89.85344699999993	49
90.20121199999996	35
90.37878199999996	38
90.37878199999996	49
90.74392199999996	35
90.74392199999996	49
90.91649199999995	35
91.08906199999996	38
91.27163199999997	35
91.27163199999997	49
91.64362149999995	35
91.83304099999995	38
91.83304099999995	49
92.18343099999994	35
92.18343099999994	49
92.36362599999994	38
92.54382099999995	38
92.71901599999994	35
92.71901599999994	49
93.05988149999995	35
93.22555199999994	38
93.22555199999994	49
93.49359074999995	38
93.58293699999994	38
93.76139249999994	47
93.93984799999994	47
94.11830349999994	35
94.11830349999994	49
94.48425899999994	35
94.67175899999994	38
94.67175899999994	49
95.02675899999993	35
95.02675899999993	49
95.20872549999993	35
95.39069199999993	38
95.55791549999994	35
95.55791549999994	49
95.91556149999994	35
96.10598399999994	38
96.10598399999994	49
96.46289499999993	35
96.46289499999993	49
96.64135049999993	35
96.81980599999993	38
97.00177249999993	35
97.00177249999993	49
97.35440949999995	35
97.52507999999993	38
97.52507999999993	49
97.86873299999993	35
97.86873299999993	49
98.04892799999993	35
98.22912299999993	38
98.40931799999993	35
98.40931799999993	49
98.76470799999993	35
98.93990299999993	38
98.93990299999993	49
99.20514274999994	38
99.29355599999994	35
99.29355599999994	49
99.47875099999993	35
99.66394599999992	38
99.66394599999992	49
99.84414099999992	35
100.02433599999993	35
100.02433599999993	49
100.19453099999993	35
100.36472599999993	49
100.54492099999993	35
100.72511599999993	38
100.72511599999993	49
100.90031099999992	38
101.07550599999993	49
101.26070099999994	35
101.44589599999993	47
101.44589599999993	49
101.62346599999994	47
101.80103599999994	49
101.97860599999993	35
102.15617599999993	38
102.15617599999993	47
102.33374599999993	35
102.51131599999994	49
102.68888599999994	38
102.86645599999993	35
102.86645599999993	49
103.04552599999992	35
103.22459599999993	49
103.40366599999993	35
103.58273599999993	38
103.58273599999993	49
103.76180599999992	38
103.94087599999993	49
104.11994599999993	35
104.29901599999992	47
104.29901599999992	49
104.47808599999993	47
104.65715599999993	49
104.83622599999993	35
105.01529599999992	38
105.01529599999992	47
105.19436599999993	35
105.37343599999993	49
105.55250599999992	38
105.73157599999993	35
105.73157599999993	49
105.90877099999993	35
106.08596599999993	49
106.26316099999994	35
106.44035599999994	38
106.44035599999994	49
106.61255099999994	38
106.78474599999993	49
106.96194099999992	35
107.13913599999992	47
107.13913599999992	49
107.32208099999991	47
107.50502599999993	49
107.68797099999992	35
107.87091599999994	38
107.87091599999994	47
108.05386099999993	35
108.23680599999993	49
108.41475099999992	38
108.59269599999992	35
108.59269599999992	49
108.76714099999992	35
108.94158599999993	49
109.12103099999993	35
109.30047599999993	38
109.30047599999993	49
109.47492099999994	38
109.64936599999993	49
109.82881099999992	35
110.00825599999992	47
110.00825599999992	49
110.18770099999992	47
110.36714599999992	49
110.54659099999992	35
110.72603599999992	38
110.72603599999992	47
110.90548099999992	35
111.08492599999992	49
111.26937099999992	35
111.45381599999993	38
111.45381599999993	38
111.79970599999993	38
111.79970599999993	38
112.15559599999993	38
112.15559599999993	38
112.33854099999992	35
112.52148599999994	38
112.52148599999994	38
112.69943099999993	35
112.87737599999993	38
112.87737599999993	38
113.05412699999992	38
113.14250249999992	38
113.23087799999993	38
113.31925349999993	38
113.40762899999993	47
113.58437999999992	38
113.66950224999992	47
113.75462449999992	47
113.83974674999992	47
113.92486899999993	35
113.92486899999993	49
114.30162899999992	35
114.30162899999992	49
114.65694899999993	38
114.65694899999993	42
115.01226899999992	35
115.01226899999992	42
115.18992899999992	35
115.36758899999992	38
115.36758899999992	42
115.55024899999992	35
115.73290899999992	35
115.73290899999992	42
116.08047799999991	38
116.08047799999991	42
116.43804699999991	35
116.43804699999991	42
116.61683149999992	35
116.79561599999991	38
116.79561599999991	42
116.97440049999992	35
117.15318499999992	35
117.15318499999992	42
117.51075399999992	38
117.51075399999992	42
117.86832299999992	35
117.86832299999992	42
118.04710749999991	35
118.22589199999992	38
118.22589199999992	42
118.40967649999992	35
118.59346099999992	35
118.59346099999992	42
118.93953099999992	38
118.93953099999992	42
119.29560099999992	35
119.29560099999992	42
119.47363599999991	35
119.65167099999991	38
119.65167099999991	42
119.82970599999992	35
120.00774099999991	35
120.00774099999991	42
120.3583109999999	38
120.3583109999999	42
120.70888099999992	35
120.70888099999992	42
120.89416599999991	35
121.0794509999999	38
121.0794509999999	42
121.45002099999991	35
121.45002099999991	42
121.79534099999991	38
121.79534099999991	42
122.1606609999999	35
122.1606609999999	42
122.33832099999991	35
122.51598099999991	38
122.51598099999991	42
122.8713009999999	35
122.8713009999999	42
123.22662099999991	38
123.22662099999991	42
123.5919409999999	35
123.5919409999999	42
123.76960099999991	35
123.94726099999991	38
123.94726099999991	42
124.30258099999992	35
124.30258099999992	42
124.66014999999992	38
124.66014999999992	42
124.83893449999992	35
125.01771899999991	38
125.01771899999991	38
125.19649349999992	47
125.3752679999999	47
125.55723449999991	47
125.73920099999991	35
125.73920099999991	49
126.09452099999992	38
126.09452099999992	38
126.4398409999999	35
126.6225009999999	35
126.80516099999991	38
126.80516099999991	38
127.17048099999991	35
127.17048099999991	49
127.5310509999999	38
127.5310509999999	38
127.88162099999991	35
128.0619059999999	35
128.2421909999999	38
128.2421909999999	38
128.6027609999999	35
128.6027609999999	49
128.9580809999999	38
128.9580809999999	38
129.3134009999999	35
129.4910609999999	35
129.6687209999999	38
129.6687209999999	38
130.0340409999999	35
130.0340409999999	49
130.3893609999999	38
130.3893609999999	38
130.7446809999999	35
130.9223409999999	35
131.1000009999999	38
131.1000009999999	38
131.4453209999999	35
131.4453209999999	49
131.8106409999999	38
131.8106409999999	38
132.1559609999999	35
132.3386209999999	35
132.5212809999999	38
132.5212809999999	38
132.8866009999999	35
132.8866009999999	49
133.2419209999999	38
133.2419209999999	38
133.5772409999999	35
133.7599009999999	35
133.9425609999999	38
133.9425609999999	38
134.1202209999999	35
134.2978809999999	38
134.2978809999999	42
134.4774154999999	35
134.6569499999999	35
134.6569499999999	42
134.8364844999999	38
134.8364844999999	42
135.01601899999991	35
135.1955534999999	35
135.3750879999999	38
135.3750879999999	42
135.5546224999999	35
135.7341569999999	38
135.7341569999999	42
135.9136914999999	35
136.0932259999999	38
136.0932259999999	42
136.2727604999999	35
136.4522949999999	38
136.4522949999999	38
136.6360694999999	47
136.8198439999999	47
136.9936184999999	35
136.9936184999999	49
137.35083049999992	35
137.5342679999999	38
137.5342679999999	49
137.8844249999999	35
137.8844249999999	49
138.0646199999999	35
138.2448149999999	38
138.4200099999999	35
138.4200099999999	49
138.7753999999999	35
138.9555949999999	38
138.9555949999999	49
139.30598499999994	35
139.30598499999994	49
139.47617999999994	35
139.64637499999992	38
139.82656999999992	35
139.82656999999992	49
140.1985159999999	35
140.39026699999988	38
140.39026699999988	49
140.65539349999992	38
140.74376899999993	35
140.74376899999993	49
140.91901349999992	35
141.0942579999999	38
141.26445299999992	35
141.26445299999992	49
141.61484299999992	35
141.79503799999992	38
141.79503799999992	49
142.15542799999992	35
142.15542799999992	49
142.33562299999994	38
142.39568799999992	38
142.45575299999993	38
142.51581799999994	47
142.69601299999994	35
142.69601299999994	49
143.06498249999993	35
143.25375699999992	38
143.25375699999992	49
143.62130599999992	35
143.62130599999992	49
143.79974349999992	35
143.97818099999992	38
144.14837599999993	35
144.14837599999993	49
144.50039749999993	35
144.6822239999999	38
144.6822239999999	49
145.0257259999999	35
145.0257259999999	49
145.2041634999999	35
145.3826009999999	38
145.56105649999992	35
145.56105649999992	49
145.91796749999992	35
146.0964229999999	38
146.0964229999999	49
146.4533339999999	35
146.4533339999999	49
146.62678949999992	35
146.8002449999999	38
146.97870049999992	35
146.97870049999992	49
147.3406114999999	35
147.52406699999992	38
147.52406699999992	49
147.7025224999999	35
147.8809779999999	38
147.9807982499999	38
148.0806184999999	35
148.0806184999999	42
148.28025899999992	38
148.44115799999992	35
148.44115799999992	49
148.79456549999995	35
148.98707399999992	38
148.98707399999992	49
149.35462299999992	35
149.35462299999992	49
149.5188234999999	35
149.68302399999993	38
149.85321899999994	35
149.85321899999994	49
150.20860899999994	35
150.39380399999993	38
150.39380399999993	49
150.74419399999994	35
150.74419399999994	49
150.92438899999996	35
151.10458399999996	38
151.28477899999996	35
151.28477899999996	49
151.64021849999995	35
151.81546299999994	38
151.81546299999994	49
152.16595199999995	35
152.16595199999995	49
152.33777849999996	35
152.50960499999994	38
152.69710499999994	35
152.69710499999994	49
153.06479999999993	35
153.24499499999993	38
153.24499499999993	49
153.58538499999995	35
153.58538499999995	49
153.76557999999994	38
153.82564499999995	38
153.88570999999996	38
153.94577499999994	47
154.12096999999997	35
154.12096999999997	49
154.48962049999994	35
154.68307599999994	38
154.68307599999994	49
155.05583499999995	35
155.05583499999995	49
155.23258599999994	35
155.40933699999994	38
155.58608799999993	35
155.58608799999993	49
155.93966549999996	35
156.11649199999994	38
156.11649199999994	49
156.46014499999995	35
156.46014499999995	49
156.64211149999994	35
156.82407799999996	38
156.99604449999995	35
156.99604449999995	49
157.35144849999998	35
157.53488599999997	38
157.53488599999997	49
157.88179699999998	35
157.88179699999998	49
158.0568755	35
158.23195399999997	38
158.40703249999999	35
158.40703249999999	49
158.76907749999995	35
158.95604399999996	38
158.95604399999996	49
159.14301049999995	35
159.32997699999999	38
159.42372699999999	38
159.51747699999999	35
159.51747699999999	42
159.70497699999999	38
159.87247699999998	35
159.87247699999998	49
160.23194349999994	35
160.42390999999998	38
160.42390999999998	49
160.78078499999998	35
160.78078499999998	49
160.95753599999998	35
161.13428699999997	38
161.30603799999997	35
161.30603799999997	49
161.65954	35
161.84129099999998	38
161.84129099999998	49
162.18479299999998	35
162.18479299999998	49
162.36154399999998	35
162.53829499999998	38
162.715046	35
162.715046	49
163.0812165	35
163.270636	38
163.270636	49
163.604973	35
163.604973	49
163.7767995	35
163.948626	38
164.1254525	35
164.1254525	49
164.4842455	35
164.666212	38
164.666212	49
164.8499865	35
165.033761	38
165.033761	38
165.2201405	35
165.2201405	42
165.40652	38
165.59289950000002	35
165.59289950000002	49
165.9564475	35
166.133616	38
166.133616	49
166.497549	35
166.497549	49
166.6643755	38
166.831202	38
167.0096575	35
167.0096575	49
167.37188749999999	35
167.55566199999998	38
167.55566199999998	49
167.92321099999998	35
167.92321099999998	49
168.11659099999997	38
168.21328099999997	38
168.309971	38
168.38018411795488	38
168.45039723590978	35
168.45039723590978	49
168.8034125	35
168.983491	38
168.983491	49
169.330876	35
169.330876	49
169.49956849999998	35
169.66826099999997	38
169.83695349999996	35
169.83695349999996	49
170.18761249999997	35
170.369579	38
170.369579	49
170.5430345	35
170.71649	38
170.71649	38
170.90494550000003	47
171.093401	47
171.2828205	47
171.47224	38
171.47224	49
171.6504095	35
171.828579	35
172.0067485	38
172.0067485	42
172.184918	35
172.184918	42
172.35808749999998	35
172.53125699999998	38
172.53125699999998	42
172.70942649999998	35
172.88759599999997	38
172.88759599999997	49
173.06831849999998	35
173.24904099999998	35
173.41928549999997	38
173.41928549999997	42
173.58952999999997	35
173.77514799999997	35
173.96076599999998	38
173.96076599999998	42
174.15414599999997	38
174.25083599999996	38
174.347526	35
174.347526	49
174.5218205	35
174.696115	35
174.8754095	38
174.8754095	42
175.054704	35
175.23899849999998	35
175.423293	38
175.423293	42
175.6025875	35
175.781882	38
175.781882	49
175.9611765	35
176.140471	35
176.3076395	38
176.3076395	42
176.474808	35
176.651559	35
176.82831	38
176.82831	42
177.0237325	38
177.12144375	38
177.219155	35
177.219155	49
177.396097	35
177.573039	35
177.739981	38
177.739981	42
177.906923	35
178.08886500000003	35
178.27080700000002	38
178.27080700000002	42
178.44774900000002	35
178.624691	38
178.624691	49
178.797133	35
178.96957500000002	35
179.142017	38
179.142017	42
179.314459	35
179.491901	35
179.669343	38
179.669343	42
179.84678500000004	38
179.93550600000003	38
180.02422700000002	35
180.02422700000002	49
180.2052935	35
180.38636000000002	35
180.5624265	38
180.5624265	42
180.738493	35
180.9195595	35
181.100626	38
181.100626	42
181.2816925	35
181.462759	38
181.462759	49
181.64025900000001	35
181.81775900000002	35
181.9869595	38
181.9869595	42
182.15616000000003	35
182.3431265	35
182.53009300000002	38
182.53009300000002	42
182.71571100000003	38
182.80852000000002	38
182.90132900000003	35
182.90132900000003	49
183.07674150000003	35
183.25215400000005	35
183.43256650000004	38
183.43256650000004	42
183.61297900000005	35
183.79339150000004	35
183.97380400000003	38
183.97380400000003	42
184.15921650000004	35
184.34462900000003	38
184.34462900000003	49
184.52429150000003	35
184.70395400000004	35
184.85600850000003	38
184.85600850000003	42
185.00806300000005	35
185.19556300000005	35
185.38306300000005	38
185.38306300000005	42
185.56944250000006	38
185.66263225000006	38
185.75582200000005	35
185.75582200000005	49
185.93285950000006	35
186.10989700000005	35
186.28693450000006	38
186.28693450000006	42
186.46397200000004	35
186.64100950000005	35
186.81804700000006	38
186.81804700000006	42
187.00008450000004	35
187.18212200000005	38
187.18212200000005	49
187.35640900000004	35
187.53069600000006	35
187.70498300000006	38
187.70498300000006	42
187.87927000000008	35
188.06355700000006	35
188.24784400000007	38
188.24784400000007	42
188.43213100000006	35
188.61641800000004	38
188.61641800000004	49
188.79570500000005	35
188.97499200000004	35
189.14427900000007	38
189.14427900000007	42
189.31356600000007	35
189.49785300000008	35
189.68214000000006	38
189.68214000000006	42
189.86142700000005	35
190.04071400000007	38
190.04071400000007	42
190.22000100000005	35
190.39928800000007	35
190.5749585000001	38
190.5749585000001	42
190.7506290000001	35
190.93259550000008	35
191.1145620000001	38
191.1145620000001	42
191.29518000000007	35
191.47579800000008	38
191.47579800000008	49
191.64754900000008	35
191.81930000000008	35
191.98605100000006	38
191.98605100000006	42
192.1528020000001	35
192.3395530000001	35
192.5263040000001	38
192.5263040000001	47
192.7130550000001	38
192.7130550000001	47
194.61854200000008	35
194.61854200000008	49
194.98609100000007	35
194.98609100000007	49