8.8125	38
9.0	35
9.0	42
9.184322	42
9.368644	38
9.368644	42
9.552966	42
9.737288	35
9.737288	42
9.916609999999999	38
9.916609999999999	42
10.095932	38
10.095932	42
10.285254000000002	42
10.474575999999999	35
10.474575999999999	42
10.656927999999999	42
10.839279999999999	38
10.839279999999999	42
11.021631999999999	42
11.203983999999998	35
11.203983999999998	42
11.386335999999998	38
11.386335999999998	42
11.568687999999998	38
11.568687999999998	42
11.75104	42
11.933392	35
11.933392	42
12.115744	42
12.298096	38
12.298096	42
12.475447999999998	42
12.6528	35
12.6528	42
12.835151999999999	38
12.835151999999999	42
13.017503999999999	38
13.017503999999999	42
13.204856	42
13.392208	35
13.392208	42
13.574559999999998	42
13.756912	38
13.756912	42
13.939264	42
14.121616	35
14.121616	42
14.303968	38
14.303968	42
14.48632	38
14.48632	42
14.673672	42
14.861023999999999	35
14.861023999999999	42
15.046738	42
15.232451999999999	38
15.232451999999999	42
15.423166	42
15.613879999999998	35
15.613879999999998	42
15.789594	38
15.789594	42
15.965307999999999	38
15.965307999999999	42
16.151021999999998	42
16.336736	35
16.336736	42
16.517652999999996	42
16.698569999999997	38
16.698569999999997	42
16.884486999999996	42
17.070403999999996	35
17.070403999999996	42
17.246320999999995	38
17.246320999999995	42
17.422237999999997	38
17.422237999999997	42
17.613155	42
17.804071999999998	35
17.804071999999998	42
17.995498999999995	42
18.186925999999996	38
18.186925999999996	42
18.373352999999994	42
18.559779999999996	35
18.559779999999996	42
18.741206999999996	38
18.741206999999996	42
18.922634	38
18.922634	42
19.109060999999997	42
19.295488	35
19.295488	42
19.477423999999996	42
19.659359999999996	38
19.659359999999996	42
19.846296	38
19.846296	42
20.033231999999998	35
20.033231999999998	42
20.215168	42
20.397104	38
20.397104	42
20.584039999999998	42
20.770975999999997	35
20.770975999999997	49
20.961383999999995	42
21.151791999999997	38
21.151791999999997	42
21.337199999999996	42
21.522607999999995	35
21.522607999999995	42
21.708015999999997	42
21.893423999999996	38
21.893423999999996	42
22.083831999999997	42
22.274239999999995	35
22.274239999999995	42
22.458119999999994	42
22.641999999999996	38
22.641999999999996	42
22.830879999999993	42
23.019759999999994	35
23.019759999999994	42
23.198639999999994	42
23.377519999999997	38
23.377519999999997	42
23.566399999999994	42
23.755279999999992	35
23.755279999999992	42
23.94170699999999	42
24.128133999999992	38
24.128133999999992	42
24.31456099999999	42
24.500987999999992	35
24.500987999999992	42
24.68741499999999	42
24.873841999999993	38
24.873841999999993	42
25.06026899999999	42
25.246695999999993	35
25.246695999999993	42
25.43312299999999	42
25.619549999999993	38
25.619549999999993	42
25.80597699999999	42
25.99240399999999	35
25.99240399999999	42
26.168830999999994	42
26.345257999999994	38
26.345257999999994	42
26.53668499999999	42
26.728111999999992	35
26.728111999999992	42
26.914028999999992	42
27.099945999999992	38
27.099945999999992	42
27.285862999999992	42
27.471779999999992	35
27.471779999999992	42
27.66269699999999	42
27.85361399999999	38
27.85361399999999	42
28.03453099999999	42
28.21544799999999	35
28.21544799999999	42
28.40136499999999	42
28.58728199999999	38
28.58728199999999	42
28.77319899999999	42
28.95911599999999	35
28.95911599999999	42
29.140032999999992	42
29.32094999999999	38
29.32094999999999	42
29.506866999999993	42
29.69278399999999	35
29.69278399999999	42
29.888395499999987	42
30.08400699999999	38
30.08400699999999	42
30.26461849999999	42
30.44522999999999	35
30.44522999999999	42
30.625841499999993	42
30.80645299999999	38
30.80645299999999	42
30.99706449999999	38
31.092370249999988	38
31.187675999999993	35
31.187675999999993	38
32.53336099999999	38
32.72131599999999	35
32.72131599999999	42
32.90876149999999	42
33.096206999999985	38
33.096206999999985	42
33.28365249999999	42
33.47109799999999	35
33.47109799999999	42
33.658543499999986	42
33.84598899999999	38
33.84598899999999	42
34.03843449999999	42
34.23087999999999	35
34.23087999999999	42
34.40964999999999	42
34.58841999999999	38
34.58841999999999	42
34.77718999999999	42
34.96595999999999	35
34.96595999999999	42
35.14972999999999	42
35.333499999999994	38
35.333499999999994	42
35.52726999999999	42
35.72103999999999	35
35.72103999999999	42
35.90501299999999	42
36.08898599999999	38
36.08898599999999	42
36.27795899999999	42
36.46693199999999	35
36.46693199999999	42
36.65590499999999	42
36.84487799999999	38
36.84487799999999	42
37.03385099999999	42
37.22282399999999	35
37.22282399999999	42
37.41077899999999	42
37.598733999999986	38
37.598733999999986	42
37.78668899999999	42
37.97464399999999	35
37.97464399999999	42
38.15759899999998	42
38.34055399999998	38
38.34055399999998	42
38.528508999999985	42
38.71646399999998	35
38.71646399999998	42
38.90339999999998	42
39.09033599999998	38
39.09033599999998	42
39.282271999999985	42
39.47420799999998	35
39.47420799999998	42
39.661143999999986	42
39.84807999999999	38
39.84807999999999	42
40.035015999999985	42
40.22195199999999	35
40.22195199999999	42
40.40888799999998	42
40.595823999999986	38
40.595823999999986	42
40.78275999999999	42
40.969695999999985	35
40.969695999999985	42
41.151631999999985	42
41.33356799999998	38
41.33356799999998	42
41.515503999999986	42
41.697439999999986	35
41.697439999999986	42
41.88335699999999	42
42.069273999999986	38
42.069273999999986	42
42.265190999999994	42
42.46110799999999	35
42.46110799999999	42
42.64702499999999	42
42.83294199999999	38
42.83294199999999	42
43.01885899999999	42
43.20477599999999	35
43.20477599999999	42
43.39171199999999	42
43.57864799999999	38
43.57864799999999	42
43.76558399999999	42
43.952519999999986	35
43.952519999999986	42
44.13945599999999	42
44.32639199999999	38
44.32639199999999	42
44.51332799999999	42
44.70026399999999	35
44.70026399999999	38
45.053302999999985	42
45.829380999999984	42
46.61953499999999	42
47.373764999999985	42
48.157994999999985	42
48.91222499999999	42
49.31933999999998	49
49.678117999999984	42
50.42567399999998	42
50.80445199999999	35
50.80445199999999	49
51.19178799999999	42
51.94645999999999	42
52.69072399999999	42
53.63304399999999	38
53.82150799999999	35
53.82150799999999	38
53.82150799999999	42
54.009768999999984	42
54.19802999999999	38
54.19802999999999	42
54.39129099999999	42
54.58455199999999	35
54.58455199999999	42
54.76781299999998	38
54.76781299999998	42
54.951073999999984	38
54.951073999999984	42
55.134334999999986	42
55.31759599999998	35
55.31759599999998	42
55.50300399999998	42
55.68841199999998	38
55.68841199999998	42
55.87881999999998	42
56.06922799999999	35
56.06922799999999	42
56.24963599999998	38
56.24963599999998	42
56.43004399999998	38
56.43004399999998	42
56.61045199999998	42
56.79085999999998	35
56.79085999999998	42
56.97575899999998	42
57.160657999999984	38
57.160657999999984	42
57.35055699999998	42
57.54045599999998	35
57.54045599999998	42
57.72535499999998	38
57.72535499999998	42
57.91025399999998	38
57.91025399999998	42
58.09515299999998	42
58.280051999999976	35
58.280051999999976	42
58.458931999999976	42
58.637811999999975	38
58.637811999999975	42
58.82169199999998	42
59.00557199999998	35
59.00557199999998	42
59.18945199999998	38
59.18945199999998	42
59.37333199999998	38
59.37333199999998	42
59.567211999999984	42
59.761091999999984	35
59.761091999999984	42
59.93946299999998	42
60.11783399999998	38
60.11783399999998	42
60.31120499999999	42
60.50457599999998	35
60.50457599999998	42
60.68294699999998	38
60.68294699999998	42
60.86131799999998	38
60.86131799999998	42
61.04968899999999	42
61.23805999999998	35
61.23805999999998	42
61.422958999999985	42
61.607857999999986	38
61.607857999999986	42
61.79275699999998	42
61.97765599999998	35
61.97765599999998	42
62.16255499999998	38
62.16255499999998	42
62.347453999999985	38
62.347453999999985	42
62.532352999999986	42
62.71725199999998	35
62.71725199999998	42
62.89715099999999	42
63.077049999999986	38
63.077049999999986	42
63.26194899999999	42
63.44684799999998	35
63.44684799999998	42
63.63174699999998	38
63.63174699999998	42
63.816645999999984	38
63.816645999999984	42
64.00154499999998	42
64.18644399999998	35
64.18644399999998	42
64.37134299999998	42
64.55624199999998	38
64.55624199999998	42
64.74114099999998	42
64.92603999999997	35
64.92603999999997	38
65.01848949999997	38
65.11093899999997	38
65.20338849999997	38
65.29583799999997	38
65.48073699999998	38
65.66563599999998	35
65.66563599999998	49
65.85104399999997	42
66.03645199999998	38
66.03645199999998	42
66.22685999999997	42
66.41726799999998	35
66.41726799999998	42
66.60267599999999	42
66.78808399999998	38
66.78808399999998	42
66.97849199999997	42
67.1689	35
67.1689	42
67.352873	42
67.53684599999998	38
67.53684599999998	42
67.72581899999999	42
67.91479199999999	35
67.91479199999999	42
68.10376499999998	42
68.29273799999999	38
68.29273799999999	42
68.476711	42
68.66068399999999	35
68.66068399999999	42
68.84312949999999	42
69.025575	38
69.025575	42
69.2130205	42
69.400466	35
69.400466	42
69.58291150000001	42
69.765357	38
69.765357	42
69.96280249999998	42
70.160248	35
70.160248	42
70.34769349999999	42
70.53513899999999	38
70.53513899999999	42
70.7175845	42
70.90003	35
70.90003	42
71.0824755	42
71.26492099999999	38
71.26492099999999	42
71.45736649999999	42
71.649812	35
71.649812	42
71.8322575	42
72.014703	38
72.014703	42
72.20214849999999	42
72.38959399999999	35
72.38959399999999	42
72.5720395	42
72.75448499999999	38
72.75448499999999	42
72.94693049999998	42
73.139376	35
73.139376	42
73.323765	42
73.508154	38
73.508154	42
73.692543	42
73.876932	35
73.876932	42
74.056321	42
74.23571	38
74.23571	42
74.43509899999998	42
74.63448799999998	35
74.63448799999998	42
74.81489599999999	42
74.995304	38
74.995304	42
75.19071199999999	42
75.38611999999999	35
75.38611999999999	42
75.571528	38
75.664232	38
75.756936	35
75.756936	38
75.94234399999999	38
76.03504799999999	38
76.127752	35
76.127752	38
77.4898325	38
77.675844	35
77.675844	42
77.8663455	42
78.056847	38
78.056847	42
78.2473485	42
78.43785	35
78.43785	42
78.6283515	42
78.818853	38
78.818853	42
79.0143545	42
79.209856	35
79.209856	42
79.3963755	42
79.582895	38
79.582895	42
79.7694145	42
79.955934	35
79.955934	42
80.13745350000002	42
80.31897300000001	38
80.31897300000001	42
80.5154925	42
80.712012	35
80.712012	42
80.89904100000001	42
81.08606999999999	38
81.08606999999999	42
81.278099	42
81.470128	35
81.470128	42
81.662157	42
81.854186	38
81.854186	42
82.04621499999999	42
82.238244	35
82.238244	42
82.43374549999999	42
82.629247	38
82.629247	42
82.81474850000001	42
83.00025	35
83.00025	42
83.19075149999999	42
83.381253	38
83.381253	42
83.5717545	42
83.762256	35
83.762256	42
83.95275749999999	42
84.143259	38
84.143259	42
84.3337605	42
84.524262	35
84.524262	42
84.7097635	42
84.89526500000001	38
84.89526500000001	42
85.0857665	42
85.276268	35
85.276268	42
85.4722795	42
85.668291	38
85.668291	42
85.8543025	42
86.040314	35
86.040314	42
86.2313255	42
86.422337	38
86.422337	42
86.6133485	42
86.80436	35
86.80436	42
86.9938435	42
87.183327	38
87.183327	42
87.3728105	42
87.56229400000001	35
87.56229400000001	42
87.7517775	42
87.941261	38
87.941261	42
88.1357445	42
88.33022799999999	35
88.33022799999999	42
88.52369199999998	42
88.717156	38
88.717156	42
88.90562	42
89.094084	35
89.094084	42
89.277548	42
89.461012	38
89.461012	42
89.64947599999999	38
89.743708	38
89.83793999999999	35
89.83793999999999	38
90.23199799999999	42
90.99011399999999	42
91.782307	42
92.548577	42
93.32280899999999	42
94.08500299999999	42
94.48109999999998	49
94.85515799999997	42
95.62327399999998	42
96.03733199999996	35
96.03733199999996	49
96.42935499999999	42
97.18340099999998	42
97.906427	42
98.66843300000001	42
98.86893449999997	38
99.06943599999997	35
99.06943599999997	42
99.25942799999999	42
99.44941999999998	38
99.44941999999998	42
99.63441199999998	42
99.81940399999999	35
99.81940399999999	42
100.00439599999999	38
100.00439599999999	42
100.18938799999998	38
100.18938799999998	42
100.38437999999998	42
100.57937199999998	35
100.57937199999998	42
100.76681749999997	42
100.95426299999998	38
100.95426299999998	42
101.13670849999998	42
101.319154	35
101.319154	42
101.5015995	38
101.5015995	42
101.684045	38
101.684045	42
101.86649049999998	42
102.04893599999998	35
102.04893599999998	42
102.23434399999998	42
102.41975199999999	38
102.41975199999999	42
102.60515999999998	42
102.79056799999998	35
102.79056799999998	42
102.97597599999999	38
102.97597599999999	42
103.16138399999998	38
103.16138399999998	42
103.35179199999997	42
103.54219999999998	35
103.54219999999998	42
103.72760799999999	42
103.91301599999998	38
103.91301599999998	42
104.098424	42
104.28383199999999	35
104.28383199999999	42
104.46423999999999	38
104.46423999999999	42
104.644648	38
104.644648	42
104.83005599999998	42
105.01546399999998	35
105.01546399999998	42
105.21036299999997	42
105.40526199999998	38
105.40526199999998	42
105.590161	42
105.77506	35
105.77506	42
105.96495899999996	38
105.96495899999996	42
106.15485799999996	38
106.15485799999996	42
106.33975699999998	42
106.52465599999998	35
106.52465599999998	42
106.71057299999998	42
106.89648999999999	38
106.89648999999999	42
107.08240699999998	42
107.26832399999998	35
107.26832399999998	42
107.45424099999998	38
107.45424099999998	42
107.64015799999999	38
107.64015799999999	42
107.82607499999997	42
108.01199199999998	35
108.01199199999998	42
108.19943749999997	42
108.38688299999998	38
108.38688299999998	42
108.57932849999997	38
108.57932849999997	42
108.77177399999997	35
108.77177399999997	42
108.95921949999999	42
109.14666499999998	38
109.14666499999998	42
109.32911049999998	42
109.511556	35
109.511556	42
109.693492	42
109.87542800000001	38
109.87542800000001	42
110.07236399999996	42
110.26929999999997	35
110.26929999999997	38
110.26929999999997	42
110.451236	38
110.542204	38
110.633172	38
110.81510800000001	42
110.997044	35
110.997044	49
111.18948949999997	42
111.38193499999997	38
111.38193499999997	42
111.57438049999998	42
111.76682599999997	35
111.76682599999997	42
111.95427149999999	42
112.14171699999999	38
112.14171699999999	42
112.33416249999998	42
112.52660799999998	35
112.52660799999998	42
112.714563	42
112.902518	38
112.902518	42
113.090473	42
113.27842799999999	35
113.27842799999999	42
113.466383	42
113.654338	38
113.654338	42
113.842293	42
114.030248	35
114.030248	42
114.2176935	42
114.405139	38
114.405139	42
114.5925845	42
114.78003	35
114.78003	42
114.97247549999999	42
115.16492099999998	38
115.16492099999998	42
115.35236649999999	42
115.539812	35
115.539812	42
115.72276700000002	42
115.90572200000003	38
115.90572200000003	42
116.09367700000001	42
116.281632	35
116.281632	42
116.469587	42
116.657542	38
116.657542	42
116.84549700000001	42
117.03345200000001	35
117.03345200000001	42
117.22344400000001	42
117.413436	38
117.413436	42
117.59842800000001	42
117.78342000000002	35
117.78342000000002	42
117.97341200000001	42
118.163404	38
118.163404	42
118.353396	42
118.54338800000001	35
118.54338800000001	42
118.7328715	42
118.92235500000001	38
118.92235500000001	42
119.1118385	42
119.30132200000001	35
119.30132200000001	42
119.49080550000001	42
119.680289	38
119.680289	42
119.86977250000001	42
120.059256	35
120.059256	42
120.2497575	42
120.44025900000001	38
120.44025900000001	42
120.62576050000001	42
120.81126200000001	35
120.81126200000001	42
120.99676350000001	42
121.18226500000003	38
121.18226500000003	42
121.37776649999999	38
121.47551724999998	38
121.57326799999998	35
121.57326799999998	38
122.93534850000002	38
123.12136000000002	35
123.12136000000002	42
123.31338900000002	42
123.505418	38
123.505418	42
123.69244700000002	42
123.87947600000003	35
123.87947600000003	42
124.071505	42
124.263534	38
124.263534	42
124.450563	42
124.63759200000001	35
124.63759200000001	42
124.82411150000001	42
125.01063100000002	38
125.01063100000002	42
125.2021505	42
125.39367	35
125.39367	42
125.57518950000004	42
125.75670900000003	38
125.75670900000003	42
125.9532285	42
126.14974799999999	35
126.14974799999999	42
126.33974	42
126.529732	38
126.529732	42
126.719724	42
126.909716	35
126.909716	42
127.099708	42
127.2897	38
127.2897	42
127.484692	42
127.679684	35
127.679684	42
127.87018549999999	42
128.060687	38
128.060687	42
128.2461885	42
128.43169	35
128.43169	42
128.6221915	42
128.812693	38
128.812693	42
129.0031945	42
129.19369600000002	35
129.19369600000002	42
129.38012300000003	42
129.56655	38
129.56655	42
129.762977	42
129.959404	35
129.959404	42
130.14583100000002	42
130.33225800000002	38
130.33225800000002	42
130.51868500000003	42
130.705112	35
130.705112	42
130.89357600000002	42
131.08204	38
131.08204	42
131.27050400000002	42
131.45896800000003	35
131.45896800000003	42
131.647432	42
131.83589600000002	38
131.83589600000002	42
132.02436	42
132.212824	35
132.212824	42
132.4023075	42
132.591791	38
132.591791	42
132.78127450000002	42
132.97075800000002	35
132.97075800000002	42
133.15524150000002	42
133.339725	38
133.339725	42
133.53420849999998	42
133.72869200000002	35
133.72869200000002	42
133.91817550000002	42
134.107659	38
134.107659	42
134.2971425	42
134.486626	35
134.486626	42
134.67610950000002	42
134.86559300000002	38
134.86559300000002	42
135.0550765	42
135.24456	35
135.24456	38
135.625563	42
136.387569	42
137.16263	42
137.920746	42
138.714977	42
139.48532300000002	42
139.89549599999998	49
140.293631	42
141.04990099999998	42
141.448036	35
141.448036	49
141.82802	42
142.587988	42
143.319995	42
144.26505250000005	38
144.43606400000002	35
144.43606400000002	42
144.62554749999998	42
144.81503099999998	38
144.81503099999998	42
145.0095145	42
145.20399799999998	35
145.20399799999998	42
145.38848149999998	42
145.57296499999998	38
145.57296499999998	42
145.76244849999998	42
145.951932	35
145.951932	42
146.139887	42
146.327842	38
146.327842	42
146.510797	42
146.693752	35
146.693752	42
146.88170699999998	42
147.069662	38
147.069662	42
147.25761699999998	42
147.44557199999997	35
147.44557199999997	42
147.63097999999997	42
147.81638799999996	38
147.81638799999996	42
148.00679599999995	42
148.197204	35
148.197204	42
148.382612	42
148.56802	38
148.56802	42
148.76342799999995	42
148.95883599999993	35
148.95883599999993	42
149.14526299999997	42
149.33168999999995	38
149.33168999999995	42
149.51811699999996	42
149.70454399999997	35
149.70454399999997	42
149.89097099999995	42
150.07739799999996	38
150.07739799999996	42
150.26382499999997	42
150.45025199999995	35
150.45025199999995	42
150.63616899999994	42
150.82208599999996	38
150.82208599999996	42
151.01300299999994	42
151.20391999999998	35
151.20391999999998	42
151.38983699999997	42
151.57575399999996	38
151.57575399999996	42
151.76167099999998	42
151.94758799999997	35
151.94758799999997	42
152.13952399999997	42
152.33145999999996	38
152.33145999999996	42
152.51839599999997	42
152.70533199999997	35
152.70533199999997	42
152.89226799999994	42
153.07920399999995	38
153.07920399999995	42
153.26613999999995	42
153.45307599999995	35
153.45307599999995	42
153.63450299999997	42
153.81592999999995	38
153.81592999999995	42
154.00735699999996	42
154.19878399999996	35
154.19878399999996	42
154.39021099999994	42
154.58163799999994	38
154.58163799999994	42
154.76806499999995	42
154.95449199999993	35
154.95449199999993	42
155.13744699999992	42
155.32040199999994	38
155.32040199999994	42
155.50835699999993	42
155.69631199999995	35
155.69631199999995	42
155.88926699999993	42
156.08222199999994	38
156.08222199999994	42
156.27017699999993	42
156.45813199999992	35
156.45813199999992	42
156.64261549999992	42
156.82709899999992	38
156.82709899999992	42
157.01658249999994	42
157.20606599999994	35
157.20606599999994	42
157.39554949999993	42
157.58503299999992	38
157.58503299999992	42
157.77951649999991	42
157.97399999999993	35
157.97399999999993	42
158.16297299999994	42
158.35194599999994	38
158.35194599999994	42
158.53591899999995	42
158.71989199999993	35
158.71989199999993	42
158.90386499999994	42
159.08783799999995	38
159.08783799999995	42
159.27681099999995	42
159.46578399999996	35
159.46578399999996	42
159.65526749999995	42
159.84475099999995	38
159.84475099999995	42
160.03423449999997	42
160.22371799999996	35
160.22371799999996	42
160.41320149999996	42
160.60268499999995	38
160.60268499999995	42
160.79216849999995	42
160.98165199999997	35
160.98165199999997	42
161.17164399999996	42
161.36163599999998	38
161.36163599999998	42
161.55162799999997	42
161.74161999999995	35
161.74161999999995	42
161.93161199999997	42
162.12160399999996	38
162.12160399999996	42
162.30659599999998	38
162.39909199999997	38
162.49158799999995	35
162.49158799999995	38
162.87749799999997	42