23.439871999999998	35
23.806022	35
23.928071999999997	35
24.167171999999997	35
24.406271999999998	35
24.655371999999996	35
24.904472	35
25.148571999999998	35
25.392671999999997	35
25.636771999999997	35
25.880871999999997	35
26.124972	35
26.369072	35
26.613172	35
26.857272	35
27.101371999999998	35
27.345471999999997	35
27.590369499999998	35
27.835266999999998	35
28.085164499999998	35
28.335062	35
28.579959499999998	35
28.824856999999998	35
29.0697545	35
29.314652	35
29.5545495	35
29.794446999999998	35
30.0393445	35
30.284242	35
30.5191395	35
30.754036999999997	35
30.998934499999997	35
31.243831999999998	35
31.487733499999997	35
31.731634999999997	35
31.975536499999997	35
32.219438	35
32.4683395	35
32.717241	35
32.9611425	35
33.205044	35
33.4489455	35
33.692847	35
33.9367485	35
34.18065	35
34.4245515	35
34.668453	35
34.9123545	35
35.156256	35
35.405157499999994	35
35.654059	35
35.897960499999996	35
36.141861999999996	35
36.3807635	35
36.619665	35
36.8635665	35
37.107468	35
37.3513695	35
37.595271	35
37.8391725	35
38.083073999999996	35
38.573155281249996	42
39.55195328124999	38
39.55195328124999	42
40.519549281249994	42
41.49714528124999	42
42.47474128124999	42
43.452337281249996	38
43.452337281249996	42
44.429933281249994	42
45.41752928124999	42
46.38512528124999	38
46.38512528124999	42
46.62952428124999	35
46.87392328124999	35
47.35168328125	42
48.33720328124999	42
49.312723281249994	42
50.28824328124999	42
51.26376328124999	38
51.26376328124999	42
52.249283281249994	42
53.234803281249995	42
53.47868328125	35
53.72256328125	35
54.20032328124999	42
54.44420328124999	35
54.56614328124999	35
54.688083281249995	35
55.16602328125	42
56.13190328125	42
57.11778328125	42
58.10366328124999	42
58.34763328125	35
58.591603281249995	35
59.08991628125	42
60.04654228125	42
60.29569878124999	35
60.544855281249994	35
61.03316828124999	38
61.03316828124999	42
61.277324781249995	35
61.399403031249996	35
61.52148128125	35
62.009794281249995	35
62.009794281249995	38
62.009794281249995	42
62.488107281249995	35
62.97726828125	42
63.95559028125	42
64.20517078124999	35
64.45475128125	35
64.92391228125	42
65.92223428125	38
65.92223428125	42
66.16681478125	35
66.41139528125	35
66.88899528124999	42
67.13279528124998	35
67.25469528125	35
67.37659528124999	35
67.88419528124999	38
67.88419528124999	42
68.12299528124998	35
68.84939528125	38
68.84939528125	42
69.09319528124999	35
69.33699528125	35
69.82459528125	38
69.82459528125	42
70.06839528124999	35
70.19029528124999	35
70.31219528125	35
85.91862728125	35
85.91862728125	42
86.16296578125	35
86.16296578125	42
86.40730428124999	38
86.40730428124999	42
86.65164278124999	42
86.77381203125	35
86.77381203125	42
86.89598128125	35
86.89598128125	42
87.14531978125	35
87.14531978125	42
87.39465828125	38
87.39465828125	42
87.63899678125	38
87.76116603125	35
87.76116603125	38
87.88333528125	35
87.88333528125	42
88.12767378125	35
88.12767378125	42
88.37201228125001	38
88.37201228125001	42
88.61635078125	42
88.73852003125	35
88.73852003125	42
88.86068928125	35
88.86068928125	42
89.10002778125	35
89.10002778125	42
89.33936628125	38
89.33936628125	42
89.58370478124999	42
89.70587403124999	35
89.70587403124999	38
89.82804328124999	35
89.82804328124999	42
90.07204628125	35
90.07204628125	42
90.31604928124999	38
90.31604928124999	42
90.56505228124999	42
90.68955378125	35
90.68955378125	42
90.81405528124999	35
90.81405528124999	42
91.05805828125	35
91.05805828125	42
91.30206128124999	38
91.30206128124999	42
91.54606428125	38
91.66806578125	35
91.66806578125	38
91.79006728124999	35
91.79006728124999	42
92.02907028125	35
92.02907028125	42
92.26807328125	38
92.26807328125	42
92.50707628125	42
92.62657778124998	38
92.74607928124999	42
92.87308078124998	35
93.00008228124999	42
93.12708378124998	38
93.25408528125	38
93.49308828125	42
93.61258978125	35
93.61258978125	38
93.73209128124999	35
93.73209128124999	42
93.97658928124999	35
93.97658928124999	42
94.22108728124999	38
94.22108728124999	42
94.46558528124999	42
94.58783428125	35
94.58783428125	42
94.71008328125	35
94.71008328125	42
94.95458128124999	35
94.95458128124999	42
95.19907928125	38
95.19907928125	42
95.44357728124999	38
95.56582628125	35
95.56582628125	38
95.68807528125	35
95.68807528125	42
95.93257328124999	35
95.93257328124999	42
96.17707128125	38
96.17707128125	42
96.41656928124999	42
96.53631828124999	35
96.65606728124999	35
96.65606728124999	42
96.90556528124998	35
96.90556528124998	42
97.15506328125	38
97.15506328125	42
97.39956128124999	42
97.52181028125	35
97.52181028125	38
97.64405928125	35
97.64405928125	42
97.88796078125	35
97.88796078125	42
98.13186228125	38
98.13186228125	42
98.37576378125	42
98.49771453125	35
98.49771453125	42
98.61966528125	35
98.61966528125	42
98.86356678125	35
98.86356678125	42
99.10746828125	38
99.10746828125	42
99.35136978125	38
99.47332053125	35
99.47332053125	38
99.59527128124999	35
99.59527128124999	42
99.83917278125	35
99.83917278125	42
100.08307428124999	38
100.08307428124999	42
100.32697578125	42
100.44892653125	38
100.57087728124999	42
100.69282803124999	35
100.81477878125	42
100.93672953125	38
101.05868028124999	38
101.18063103124999	35
101.30258178125	38
101.42453253125	38
101.54648328124999	35
101.79476328124998	42
101.91890328125	42
102.04304328125	42
102.40796328124999	42
102.52960328124999	42
102.77288328124999	42
102.89452328125	42
103.01616328125	38
103.01616328125	42
103.25944328125	42
103.38108328125	42
103.50272328125	42
103.74600328125	42
103.86764328125	42
103.98928328125	42
104.23256328125	42
104.35420328125	42
104.47584328125	42
104.72412328124999	42
104.84826328124998	42
104.97240328124998	38
104.97240328124998	42
105.21068328124998	42
105.32982328125	42
105.44896328125	42
105.69366078125	42
105.81600953125	42
105.93835828125	42
106.17805578125001	42
106.29790453125	42
106.41775328125	42
106.66745078125	42
106.79229953125001	42
106.91714828125001	38
106.91714828125001	42
107.15684578125001	42
107.27669453125	42
107.39654328124999	42
107.64124078124999	42
107.76358953124999	42
107.88593828124999	42
108.12563578125	42
108.24548453124999	42
108.36533328124999	42
108.61503078124998	42
108.73987953125	42
108.86472828125	38
108.86472828125	42
109.10942578125	35
109.10942578125	47
109.35412328125	35
109.35412328125	47
109.59852578125	35
109.72072703125	35
109.84292828125	38
109.84292828125	42
110.08733078125	35
110.33173328125	35
110.58113578125	35
110.70583703125	35
110.83053828125	38
110.83053828125	42
111.07494078125	35
111.31934328125	35
111.55874578125001	35
111.67844703125	35
111.79814828125	38
111.79814828125	42
112.04255078125	35
112.28695328124999	35
112.52635578125	35
112.64605703125	35
112.76575828124999	38
112.76575828124999	42
113.02016078125	35
113.27456328125	35
113.51728178124999	35
113.63864103125	35
113.76000028125	38
113.76000028125	42
114.00271878125	35
114.24543728124999	35
114.48815578125	35
114.60951503125	35
114.73087428125	38
114.73087428125	42
114.97359278124999	35
115.21631128125	35
115.46521278125	35
115.58966353125	35
115.71411428124999	38
115.71411428124999	42
115.95301578125	35
116.19191728125	35
116.43581878125	35
116.55776953125	35
116.67972028125	38
116.67972028125	42
116.92362178125	35
116.92362178125	47
117.16752328125	35
117.16752328125	47
117.41204978125	35
117.53431303125	35
117.65657628125	38
117.65657628125	42
117.90110278125	35
118.14562928125	35
118.39515578125	35
118.51991903125	35
118.64468228124998	38
118.64468228124998	42
118.88920878124999	35
119.13373528124998	35
119.37826178124999	35
119.50052503124999	35
119.62278828125	38
119.62278828125	42
119.86231478124999	35
120.10184128125	35
120.34636778125	35
120.46863103125	35
120.59089428125	42
120.59089428125	47
120.83042078125	35
120.83042078125	47
121.06994728125	35
121.06994728125	47
121.31947378124998	35
121.44423703125	35
121.56900028125	38
121.56900028125	42
121.81352678125	35
122.05805328125	35
122.30257978125	35
122.42484303124999	35
122.54710628125	38
122.54710628125	42
122.78663278125	35
123.02615928124999	35
123.27068578125	35
123.39294903125	35
123.51521228124999	38
123.51521228124999	42
123.75973878125	35
123.75973878125	47
124.00426528124999	35
124.24879178124999	35
124.24879178124999	47
124.37105503125	35
124.49331828125	38
124.49331828125	42
124.61558153124999	47
124.73784478124999	35
124.98237128125	35
124.98237128125	47
125.22564078125	35
125.34727553124999	35
125.46891028124999	38
125.46891028124999	42
125.71217978125	35
125.95544928125	35
126.19871878125	35
126.32035353124999	35
126.32035353124999	47
126.44198828124999	38
126.44198828124999	42
126.68525778125	35
126.68525778125	47
126.92852728125	35
126.92852728125	47
127.17179678125	35
127.29343153125	35
127.41506628124999	38
127.41506628124999	42
127.65833578125	35
127.90160528125	35
128.14987478125	35
128.27400953125	35
128.39814428124998	38
128.39814428124998	42
128.64141378124998	35
128.64141378124998	47
128.88468328124998	35
128.88468328124998	47
129.13438028125	35
129.25922878125	35
129.38407728125	38
129.38407728125	42
129.62377428125	35
129.62377428125	47
129.86347128124999	35
129.86347128124999	47
130.10816828125	35
130.23051678124997	35
130.35286528125	38
130.35286528125	42
130.59756228124996	35
130.59756228124996	47
130.84225928124997	35
130.84225928124997	47
131.08695628124997	35
131.20930478124998	35
131.20930478124998	47
131.33165328124997	38
131.33165328124997	42
131.56635028124998	35
131.56635028124998	47
131.80104728125	35
131.92589578125	47
132.05074428125	35
132.30044128125	35
132.30044128125	47
132.54513828125	35
132.54513828125	47
132.78983528125	35
132.78983528125	47
133.27555128125	38
133.27555128125	42
134.24698328124998	38
134.24698328124998	42
135.21841528125	38
135.21841528125	42
136.17984728125	38
136.17984728125	42
137.18623428125	38
137.18623428125	42
138.16757628125	38
138.16757628125	42
139.13891828124997	38
139.13891828124997	42
140.10026028125	38
140.10026028125	42
141.06843228124998	38
142.04343428124997	38
143.01843628124996	38
144.00343828125	38
147.92344628124997	38
148.16719678124997	38
148.28907203125	35
148.28907203125	38
148.41094728124997	35
148.41094728124997	42
148.65484878124997	35
148.65484878124997	42
148.89875028125	38
148.89875028125	42
149.13765178124999	42
149.25710253124998	35
149.25710253124998	42
149.37655328124998	35
149.37655328124998	42
149.62545478124997	35
149.62545478124997	42
149.87435628125	38
149.87435628125	42
150.11825778124998	38
150.24020853124998	35
150.24020853124998	38
150.36215928124997	35
150.36215928124997	42
150.60125928124998	35
150.60125928124998	42
150.84035928125	38
150.84035928125	42
151.08945928125	42
151.21400928125	35
151.21400928125	42
151.33855928124999	35
151.33855928124999	42
151.58265928124996	35
151.58265928124996	42
151.82675928124996	38
151.82675928124996	42
152.07085928124997	42
152.19290928124997	35
152.19290928124997	38
152.31495928124997	35
152.31495928124997	42
152.55905928124997	35
152.55905928124997	42
152.80315928124998	38
152.80315928124998	42
153.04725928124998	42
153.16930928124998	35
153.16930928124998	42
153.29135928124998	35
153.29135928124998	42
153.53545928124998	35
153.53545928124998	42
153.77955928124996	38
153.77955928124996	42
154.02365928124996	38
154.14570928124996	35
154.14570928124996	38
154.26775928124997	35
154.26775928124997	42
154.50685928124997	35
154.50685928124997	42
154.74595928124998	38
154.74595928124998	42
154.99005928124998	42
155.11210928124999	38
155.23415928125	42
155.35870928125	35
155.48325928124999	42
155.60780928124998	38
155.73235928124998	38
155.97645928124996	38
156.09850928124996	35
156.22055928124996	35
156.22055928124996	42
156.46505728124995	35
156.46505728124995	42
156.70955528124995	38
156.70955528124995	42
156.95405328124997	42
157.07630228124995	35
157.07630228124995	42
157.19855128124996	35
157.19855128124996	42
157.44304928124996	35
157.44304928124996	42
157.68754728124995	38
157.68754728124995	42
157.93204528124997	38
158.05429428124995	35
158.05429428124995	38
158.17654328124996	35
158.17654328124996	42
158.41604128124996	35
158.41604128124996	42
158.65553928124996	38
158.65553928124996	42
158.90003728124998	42
159.02228628124996	35
159.02228628124996	49
159.14453528124997	35
159.14453528124997	42
159.39403328124996	35
159.39403328124996	42
159.64353128124995	38
159.64353128124995	42
159.88802928124997	42
160.01027828124995	35
160.01027828124995	38
160.13252728124996	35
160.13252728124996	42
160.37182628124998	35
160.37182628124998	42
160.61112528124997	38
160.61112528124997	42
160.85542428124998	42
160.97757378124996	35
160.97757378124996	42
161.09972328124996	35
161.09972328124996	42
161.34402228124998	35
161.34402228124998	42
161.58832128124996	38
161.58832128124996	42
161.83262028124997	38
161.83262028124997	42
161.95476978124998	35
161.95476978124998	38
162.07691928124999	35
162.07691928124999	42
162.32121828124997	35
162.32121828124997	42
162.56551728124998	38
162.56551728124998	42
162.80981628124997	42
162.93196578124997	38
163.05411528124998	42
163.17626478124998	35
163.29841428124996	42
163.42056378124997	38
163.54271328124997	38
163.66486278124998	35
163.78701228125	38
163.90916178124996	35
163.90916178124996	38
164.03131128124997	35
165.00533528124998	35
165.98935928124996	35
166.96338328124995	35
167.93740728124996	35
168.91380728124997	35
169.89020728124996	35
170.86660728124997	35
171.35480728124995	35
171.84300728124995	35
172.33120728124996	47
172.81940728124997	35
173.78580728124996	35
174.28400728124996	47
174.77220728124996	35
175.74860728124997	35
176.23680728124995	47
176.71500728124997	35
177.20320728124997	47
177.45230728124997	42
177.70140728124997	35
177.70140728124997	42
177.94130478124998	42
178.18120228124997	35
178.18120228124997	42
178.42609978124997	42
178.67099728124998	35
178.67099728124998	42
178.91589478125	38
178.91589478125	42
179.16079228124997	35
179.16079228124997	42
179.40568978124998	38
179.40568978124998	42
179.65058728124998	35
179.65058728124998	42
179.89448878124998	35
179.89448878124998	42
180.13839028125	38
180.13839028125	42
180.38229178125	42
180.50424253125	35
180.50424253125	42
180.62619328124998	35
180.62619328124998	42
180.87009478124997	35
180.87009478124997	42
181.11399628125	38
181.11399628125	42
181.35789778125	38
181.47984853124998	35
181.47984853124998	38
181.60179928124998	35
181.60179928124998	42
181.84570078124997	35
181.84570078124997	42
182.08960228125	38
182.08960228125	42
182.33350378125	42
182.45545453124998	35
182.45545453124998	42
182.57740528124998	35
182.57740528124998	42
182.82130678124997	35
182.82130678124997	42
183.06520828125	38
183.06520828125	42
183.31410978124998	42
183.43856053124998	35
183.43856053124998	38
183.56301128124997	35
183.56301128124997	42
183.81094528124996	35
183.81094528124996	42
184.05887928124997	38
184.05887928124997	42
184.30681328124996	42
184.43078028124998	35
184.43078028124998	42
184.55474728124997	35
184.55474728124997	42
184.80079328124998	35
184.80079328124998	42
185.04683928125	38
185.04683928125	42
185.30288528124998	38
185.43090828124997	35
185.43090828124997	38
185.55893128124998	35
185.55893128124998	42
185.81844678124997	35
185.81844678124997	42
186.07791051458332	42
186.32932001458332	42
186.45502476458333	35
186.5807295145833	35
186.5807295145833	42
186.84713901458332	35
186.84713901458332	42
187.11354851458333	47
187.23925326458334	38
187.36495801458332	38
187.61636751458332	35
187.61636751458332	42
187.8875130145833	35
187.8875130145833	42
188.15865851458332	42
188.15865851458332	42
188.42021051458332	42
188.55098651458331	35
188.6817625145833	35
188.6817625145833	42
188.94383501458333	35
188.94383501458333	42
189.20590751458332	38
189.20590751458332	38
189.48798001458331	38
189.6290162645833	35
189.77005251458328	35
190.03647801458334	35
190.30290351458333	38
190.5956680871838	42
190.74203092275857	35
190.88839375833328	35
191.16710581666663	35
191.16710581666663	47
191.45200581666663	38
191.73690581666665	47
191.87996014999996	35
191.87996014999996	38
192.03147514999998	35
192.30950514999998	35
192.58753515	42
192.58753515	47
193.1479534958333	35
193.7232164958333	42
193.7232164958333	47
194.58944830452947	35
194.96545747291663	38
194.96545747291663	42