4.383483999999999	35
4.383483999999999	42
4.675984	35
4.675984	49
4.96925641875	42
5.11773325	35
5.264983	38
5.264983	42
5.555267420833333	42
5.847981	35
5.847981	42
6.1409795	42
6.28747875	35
6.433978	38
6.433978	42
6.578977249999999	35
6.7239765	35
6.7239765	42
7.013975	35
7.013975	42
7.305973000000001	42
7.4519720000000005	35
7.597971	38
7.597971	42
7.8939705	42
8.18997	35
8.18997	42
8.481968	42
8.627967	35
8.773966000000001	38
8.773966000000001	42
9.0674655	35
9.0674655	42
9.360965000000002	35
9.360965000000002	49
9.652246250000003	42
9.799715000000003	35
9.945965000000001	38
9.945965000000001	42
10.237246250000002	42
10.530965000000002	35
10.530965000000002	42
10.822963000000001	42
10.968962000000001	35
11.114961000000003	38
11.114961000000003	42
11.260960000000003	35
11.406959000000002	35
11.406959000000002	42
11.698957000000002	35
11.698957000000002	42
11.991955500000001	42
12.138454750000001	35
12.284954000000003	38
12.284954000000003	42
12.578954000000003	42
12.872954000000002	35
12.872954000000002	42
13.164952000000001	42
13.310951000000001	35
13.456950000000003	38
13.456950000000003	42
13.602949000000002	35
13.748948000000002	38
13.748948000000002	42
14.040946000000002	35
14.040946000000002	49
14.334445500000001	42
14.481195250000003	35
14.627945000000002	38
14.627945000000002	42
14.918944500000002	42
15.209944000000002	35
15.209944000000002	42
15.502444000000002	42
15.648694000000003	35
15.794944000000001	38
15.794944000000001	42
15.94169375	35
16.0884435	35
16.0884435	42
16.381943	35
16.381943	42
16.6764425	42
16.82369225	35
16.970942	38
16.970942	42
17.2639405	42
17.556939	35
17.556939	42
17.84822025	42
17.99447025	35
18.141939	38
18.141939	42
18.4349375	35
18.4349375	42
18.727936	35
18.727936	42
19.020436	42
19.166686	35
19.312936	38
19.312936	42
19.605212585416666	42
19.899935	35
19.899935	42
20.1909345	42
20.33643425	35
20.481934	38
20.481934	42
20.628183999999997	35
20.774434	35
20.774434	42
21.066934	35
21.066934	42
21.360934	42
21.507934	35
21.654934	38
21.654934	42
21.9449325	42
22.234931	35
22.234931	42
22.527207585416665	42
22.673957335416667	35
22.82193	38
22.82193	42
22.96646492083333	35
23.112214420833332	38
23.112214420833332	42
23.404927999999998	35
23.404927999999998	49
23.698200418749998	42
23.84667725	35
23.993927	38
23.993927	42
24.286203585416665	42
24.580925999999998	35
24.580925999999998	42
24.870215085416664	42
25.015464835416665	35
25.161924999999997	38
25.161924999999997	42
25.307947668749996	35
25.455197418749997	35
25.455197418749997	42
25.750923999999998	35
25.750923999999998	42
26.044196418749998	42
26.191446168749998	35
26.339922999999995	38
26.339922999999995	42
26.633195418749995	42
26.928921999999996	35
26.928921999999996	42
27.218421499999998	42
27.36196500208333	35
27.507920999999996	38
27.507920999999996	42
27.800919499999996	35
27.800919499999996	42
28.093917999999995	35
28.093917999999995	42
28.387917999999996	42
28.534917999999994	35
28.681917999999996	38
28.681917999999996	42
28.973199249999997	42
29.266917999999997	35
29.266917999999997	42
29.5579175	42
29.703417249999998	35
29.848916999999997	38
29.848916999999997	42
29.994666499999997	35
30.140416	35
30.140416	42
30.431914999999996	35
30.431914999999996	42
30.72219942083333	42
30.86794892083333	35
31.014912999999996	38
31.014912999999996	42
31.310912499999997	42
31.606911999999998	35
31.606911999999998	42
31.898411	42
32.04294592083333	35
32.18991	38
32.18991	42
32.335909	35
32.481908	35
32.481908	42
32.773906	35
32.773906	49
33.065187249999994	42
33.212655999999996	35
33.358906	38
33.358906	42
33.6519045	42
33.944903	35
33.944903	42
34.2379015	42
34.38317992291667	35
34.530899999999995	38
34.530899999999995	42
34.676922668749995	35
34.824172418749995	35
34.824172418749995	42
35.119899	35
35.119899	42
35.413898999999994	42
35.560899	35
35.707899	38
35.707899	42
35.9978975	42
36.287895999999996	35
36.287895999999996	42
36.579893999999996	42
36.725893	35
36.871891999999995	38
36.871891999999995	42
37.167390999999995	35
37.167390999999995	42
37.462889999999994	35
37.462889999999994	42
37.75388949999999	42
37.89938924999999	35
38.044889	38
38.044889	42
38.336388	42
38.627887	35
38.627887	42
38.921887	42
39.068887000000004	35
39.215887	38
39.215887	42
39.35992633541667	35
39.506386500000005	35
39.506386500000005	42
39.796886	35
39.796886	42
40.0928855	42
40.24088525	35
40.388885	38
40.388885	42
40.6798845	42
40.970884000000005	35
40.970884000000005	42
41.262882000000005	42
41.40888100000001	35
41.554880000000004	38
41.554880000000004	42
41.701130000000006	35
41.84738	38
41.84738	42
42.139880000000005	35
42.139880000000005	49
42.434379500000006	42
42.581629250000006	35
42.728879000000006	38
42.728879000000006	42
43.01916342083334	42
43.31187700000001	35
43.31187700000001	42
43.60315825000001	42
43.75062700000001	35
43.89687700000001	38
43.89687700000001	42
44.042876000000014	35
44.18887500000001	35
44.18887500000001	42
44.48087300000001	35
44.48087300000001	42
44.77387150000001	42
44.92037075000001	35
45.06687000000001	38
45.06687000000001	42
45.35886800000001	42
45.65086600000001	35
45.65086600000001	42
45.94386450000001	42
46.08914292291667	35
46.23686300000001	38
46.23686300000001	42
46.528144250000004	35
46.528144250000004	42
46.82186300000001	35
46.82186300000001	42
47.11513541875001	42
47.26238516875001	35
47.41086200000001	38
47.41086200000001	42
47.702143250000006	42
47.99586200000001	35
47.99586200000001	42
48.28586050000001	42
48.43085975000001	35
48.57585900000001	38
48.57585900000001	42
48.722608750000006	35
48.86935850000001	35
48.86935850000001	42
49.16285800000001	35
49.16285800000001	42
49.45585650000001	42
49.60113492291667	35
49.748855000000006	38
49.748855000000006	42
50.0441185875	35
50.0441185875	42
50.4876025	35
50.4876025	49
50.633352	38
50.7791015	35
50.924851000000004	35
50.924851000000004	49
51.21435050000001	38
51.50385000000001	35
51.50385000000001	42
51.72200625000001	35
51.795131250000004	38
51.795131250000004	49
52.08885000000001	49
52.23388125000001	38
52.381350000000005	49
52.52760000000001	35
52.67385000000001	35
52.67385000000001	49
52.89359887500001	35
52.96684850000001	38
52.96684850000001	49
53.25984700000001	49
53.40487825000001	38
53.552347000000005	49
53.69859700000001	35
53.84484700000001	35
53.84484700000001	49
54.06422200000001	35
54.137347000000005	38
54.137347000000005	49
54.42984700000001	49
54.57634625000001	38
54.72284550000001	49
54.86812392291667	35
55.01584400000001	35
55.01584400000001	49
55.23400025000001	35
55.307125250000006	38
55.307125250000006	49
55.60084400000001	49
55.74734325000001	38
55.89384250000001	49
56.03912092291667	35
56.18684100000001	35
56.18684100000001	49
56.40499725000001	35
56.479341000000005	38
56.479341000000005	49
56.77184100000001	49
56.91687225000001	38
57.064341000000006	49
57.21059100000001	35
57.35684100000001	35
57.35684100000001	49
57.57574271041668	35
57.65034050000001	38
57.65034050000001	49
57.94384000000001	49
58.09033925000001	38
58.23683850000001	49
58.38333775000001	35
58.52983700000001	35
58.52983700000001	49
58.74958587500001	35
58.82283550000001	38
58.82283550000001	49
59.11583400000001	35
59.11583400000001	49
59.334832500000005	35
59.407832000000006	38
59.407832000000006	49
59.699830000000006	35
59.699830000000006	49
59.919205000000005	35
59.99233	38
59.99233	49
60.28483000000001	35
60.28483000000001	49
60.50720462500001	35
60.58132950000001	38
60.58132950000001	49
60.72957925000001	35
60.72957925000001	42
60.877829000000006	35
60.877829000000006	42
61.16932800000001	38
61.242202750000004	38
61.31507750000001	38
61.387952250000005	38
61.46082700000001	38
61.533701750000006	38
61.6065765	38
61.67945125000001	38
61.752326000000004	38
61.898075500000004	35
61.898075500000004	42
62.043825000000005	35
62.043825000000005	42
62.188074750000006	47
62.33232450000001	38
62.428491	38
62.52345541875001	47
62.620824000000006	47
62.919323500000004	35
62.919323500000004	49
63.217823	35
63.217823	49
63.51507925	38
63.589704250000004	38
63.665573	47
63.740198	47
63.814823000000004	47
63.889322625000005	47
63.96382225000001	47
64.03832187500001	47
64.11282150000001	47
64.18732112500001	47
64.26182075	35
64.336320375	35
64.41082	38
65.2733155	35
65.2733155	42
65.56081400000001	35
65.56081400000001	49
65.85031350000001	42
65.99385700208335	35
66.139813	38
66.139813	42
66.4308125	42
66.721812	35
66.721812	42
67.0163115	42
67.16356125	35
67.310811	38
67.310811	42
67.457061	35
67.603311	35
67.603311	42
67.895811	35
67.895811	42
68.18880949999999	42
68.33530875	35
68.481808	38
68.481808	42
68.77730700000001	42
69.072806	35
69.072806	42
69.36508258541667	42
69.51183233541667	35
69.659805	38
69.659805	42
69.94610558958334	35
69.94610558958334	42
70.234802	35
70.234802	42
70.53030100000001	42
70.6780505	35
70.8258	38
70.8258	42
71.117299	42
71.408798	35
71.408798	42
71.703798	42
71.851298	35
71.99879800000001	38
71.99879800000001	42
72.14379725	35
72.2887965	35
72.2887965	42
72.57879500000001	35
72.57879500000001	42
72.87079300000002	42
73.01679200000001	35
73.16279100000001	38
73.16279100000001	42
73.45779100000001	42
73.75279100000002	35
73.75279100000002	42
74.04278950000001	42
74.18778875000001	35
74.33278800000002	38
74.33278800000002	42
74.48078775000002	35
74.62878750000002	38
74.62878750000002	42
74.92478700000002	35
74.92478700000002	49
75.21478550000002	42
75.35978475000002	35
75.50478400000003	38
75.50478400000003	42
75.79678200000004	42
76.08878000000003	35
76.08878000000003	42
76.38327950000003	42
76.53052925000003	35
76.67777900000003	38
76.67777900000003	42
76.82227900000002	35
76.96677900000003	35
76.96677900000003	42
77.25577900000003	35
77.25577900000003	42
77.55177850000003	42
77.69977825000004	35
77.84777800000003	38
77.84777800000003	42
78.14177800000003	42
78.43577800000003	35
78.43577800000003	42
78.72427650000003	42
78.86852575000003	35
79.01277500000003	38
79.01277500000003	42
79.31077350000004	35
79.31077350000004	42
79.60877200000003	35
79.60877200000003	42
79.90077000000004	42
80.04676900000003	35
80.19276800000003	38
80.19276800000003	42
80.48426700000003	42
80.77576600000003	35
80.77576600000003	42
81.06704725000003	42
81.21451600000003	35
81.36076600000003	38
81.36076600000003	42
81.50551575000003	35
81.64905925208336	35
81.64905925208336	42
81.93976500000002	35
81.93976500000002	42
82.23426450000002	42
82.38151425000002	35
82.52876400000002	38
82.52876400000002	42
82.81726350000002	35
82.81726350000002	42
83.10576300000002	42
83.25501275000002	35
83.25501275000002	49
83.40426250000002	38
83.55226850208335	35
83.70276200000002	35
83.70276200000002	49
83.99326150000002	38
84.28376100000003	35
84.28376100000003	42
84.50313600000003	35
84.57626100000003	38
84.57626100000003	49
84.86876100000002	49
85.01526025000003	38
85.16175950000002	49
85.30703792291669	35
85.45475800000003	35
85.45475800000003	49
85.67291425000003	35
85.74725800000003	38
85.74725800000003	49
86.03975800000002	49
86.18625725000003	38
86.33275650000002	49
86.47803492291669	35
86.62575500000003	35
86.62575500000003	49
86.84391125000003	35
86.91703625000002	38
86.91703625000002	49
87.21075500000002	49
87.35578625000002	38
87.50325500000002	49
87.64950500000003	35
87.79575500000003	35
87.79575500000003	49
88.01550387500002	35
88.08875350000002	38
88.08875350000002	49
88.38175200000003	49
88.52678325000004	38
88.67425200000004	49
88.82050200000003	35
88.96675200000003	35
88.96675200000003	49
89.18650087500002	35
89.25975050000002	38
89.25975050000002	49
89.55274900000003	49
89.69778025000004	38
89.84403025000003	49
89.99149900000003	35
90.13774900000003	35
90.13774900000003	49
90.35749787500002	35
90.43074750000002	38
90.43074750000002	49
90.72374600000003	49
90.87049575000003	38
91.01724550000003	49
91.1627723354167	35
91.31074500000004	35
91.31074500000004	49
91.52890125000005	35
91.60202625000004	38
91.60202625000004	49
91.89574500000003	35
91.89574500000003	49
92.11390125000004	35
92.18702625000005	38
92.18702625000005	49
92.48074500000004	35
92.48074500000004	49
92.70049387500003	35
92.77374350000004	38
92.77374350000004	49
93.06674200000005	35
93.06674200000005	49
93.28788121041671	35
93.36200608541671	38
93.36200608541671	49
93.51149125000005	35
93.51149125000005	42
93.65974100000005	35
93.65974100000005	42
93.94774000000005	38
94.01973975000006	38
94.09173950000006	38
94.16373925000005	38
94.23573900000005	38
94.30811387500005	38
94.38048875000005	38
94.45286362500005	38
94.52523850000006	38
94.66998825000005	35
94.66998825000005	42
94.81473800000005	35
94.81473800000005	42
94.96882523750004	47
95.10823750000004	38
95.20607066666672	38
95.30268091875004	47
95.40173700000005	47
95.69523650000005	35
95.69523650000005	49
95.98873600000005	35
95.98873600000005	49
96.28173450000004	38
96.35498412500004	38
96.42823375000005	47
96.50148337500005	47
96.57473300000005	47
96.64923262500004	47
96.72373225000004	47
96.79823187500004	47
96.87273150000004	47
96.94723112500006	47
97.02173075000006	35
97.09623037500005	35
97.17073000000005	38
97.17073000000005	49
99.83172000000005	35
99.83172000000005	49
100.16721950000006	47
100.50271900000006	38
100.50271900000006	38
100.84171800000004	47
101.18071700000004	38
101.18071700000004	38
101.52378158333339	47
101.60990658333338	47
101.69603158333338	47
101.78215658333338	47
101.86971700000005	47
101.86971700000005	47
102.20879625833338	47
102.20879625833338	47
102.55071300000004	38
102.55071300000004	38
102.90371300000004	47
102.99196300000004	47
103.08021300000004	47
103.1669921666667	47
103.25671300000005	38
103.25671300000005	38
103.59878075416671	47
103.59878075416671	47
103.94371100000005	47
103.94371100000005	47
104.28571100000005	47
104.37121100000005	47
104.45671100000006	47
104.54221100000005	47
104.62771100000005	47
104.62771100000005	47
104.97621000000004	47
104.97621000000004	47
105.32470900000006	38
105.32470900000006	38
105.66770900000006	47
105.75345900000005	47
105.83920900000005	47
105.92352983333339	47
106.01070900000006	38
106.01070900000006	38
106.35220800000006	47
106.69370700000006	38
106.69370700000006	38
107.02770600000005	47
107.11120575000005	47
107.19470550000005	47
107.27820525000006	47
107.36170500000006	47
107.36170500000006	47
107.70277791666672	47
107.70277791666672	47
108.04670500000006	38
108.04670500000006	38
108.38970500000006	47
108.47545500000005	47
108.56120500000006	47
108.64695500000006	47
108.73270500000007	38
108.73270500000007	38
109.07920400000006	47
109.07920400000006	47
109.42570300000006	47
109.42570300000006	47
109.77520150000007	47
109.86257612500006	47
109.94995075000006	47
110.03732537500007	47
110.12470000000006	35
110.12470000000006	47
110.12470000000006	47
110.46170000000006	35
110.46170000000006	47
110.46170000000006	47
110.79870000000005	47
110.79870000000005	47
111.12981458333338	47
111.2129395833334	47
111.29745000000005	47
111.38057500000005	47
111.46370000000006	38
111.46370000000006	38
111.81670000000005	47
112.16970000000006	38
112.16970000000006	38
112.51077291666672	47
112.59639791666673	47
112.68345000000006	47
112.76907500000006	47
112.85470000000007	47
112.85470000000007	47
113.2017469208334	47
113.2017469208334	47
113.55169800000007	38
113.55169800000007	38
113.8838074208334	47
113.96718217083341	47
114.05055692083342	47
114.13393167083342	47
114.21869600000008	38
114.21869600000008	38
114.56669600000008	47
114.56669600000008	47
114.91469600000008	47
114.91469600000008	47
115.25769600000007	47
115.34344600000007	47
115.42919600000008	47
115.5135168333334	47
115.60069600000007	47
115.60069600000007	47
115.94719500000006	47
115.94719500000006	47
116.29369400000007	38
116.29369400000007	38
116.63169400000008	47
116.71619400000006	47
116.80069400000006	47
116.88519400000007	47
116.96969400000008	38
116.96969400000008	38
117.31669400000007	47
117.66369400000008	38
117.66369400000008	38
118.00319250000008	47
118.08806712500007	47
118.17294175000006	47
118.25781637500008	47
118.34269100000007	47
118.34269100000007	47
118.68519100000007	47
118.68519100000007	47
119.02769100000008	38
119.02769100000008	38
119.36876391666674	47
119.45438891666674	47
119.54144100000008	47
119.62706600000007	47
119.71269100000008	38
119.71269100000008	38
120.05973792083341	47
120.05973792083341	47
120.40968900000009	47
120.40968900000009	47
120.75076191666675	47
120.83638691666675	47
120.92343900000009	47
121.00906400000008	47
121.09468900000009	35
121.09468900000009	47
121.09468900000009	47
121.4321890000001	35
121.4321890000001	47
121.4321890000001	47
121.76968900000008	47
121.76968900000008	47
122.11218900000009	47
122.19781400000008	47
122.28343900000009	47
122.36906400000008	47
122.45468900000009	38
122.45468900000009	38
122.79768900000009	47
123.1406890000001	38
123.1406890000001	38
123.4781890000001	47
123.5625640000001	47
123.6469390000001	47
123.7313140000001	47
123.8156890000001	47
123.8156890000001	47
124.1641880000001	47
124.1641880000001	47
124.5126870000001	38
124.5126870000001	38
124.8561860000001	47
124.9420607500001	47
125.0279355000001	47
125.1138102500001	47
125.1996850000001	38
125.1996850000001	38
125.5426850000001	47
125.5426850000001	47
125.88568500000011	47
125.88568500000011	47
126.2286850000001	47
126.3144350000001	47
126.4001850000001	47
126.4859350000001	47
126.5716850000001	47
126.5716850000001	47
126.9186850000001	47
126.9186850000001	47
127.2656850000001	38
127.2656850000001	38
127.60868500000011	47
127.6944350000001	47
127.7801850000001	47
127.86450583333344	47
127.95168500000011	38
127.95168500000011	38
128.28868500000013	47
128.62568500000012	38
128.62568500000012	38
128.96874808958344	47
129.05487271458344	47
129.14243275000013	47
129.22855737500012	47
129.31468200000012	47
129.31468200000012	47
129.65668200000013	47
129.65668200000013	47
129.99868200000012	38
129.99868200000012	38
130.34118200000012	47
130.4268070000001	47
130.5124320000001	47
130.59805700000013	47
130.68368200000012	38
130.68368200000012	38
131.02218100000013	47
131.3606800000001	38
131.3606800000001	38
131.7041790000001	47
131.7900537500001	47
131.87449725416676	47
131.96037200416677	47
132.0476780000001	35
132.0476780000001	47
132.39467800000014	35
132.39467800000014	47
132.74167800000012	47
133.42667800000012	38
133.42667800000012	38
133.76417800000013	47
134.1016780000001	38
134.1016780000001	38
134.4446780000001	47
134.7876780000001	47
135.13970408750012	47
135.4946760000001	38
135.4946760000001	38
136.17167400000014	38
136.17167400000014	38
136.51417400000014	47
136.85667400000014	47
136.85667400000014	47
137.54367200000013	47
137.88374808750012	47
138.22667000000013	38
138.22667000000013	38
138.56967000000012	47
138.65542000000013	47
138.91267000000013	38
138.91267000000013	38
139.59667000000013	38
139.59667000000013	38
140.2756670000001	47
140.62171908333346	47
140.97066700000013	38
140.97066700000013	38
141.64566700000012	38
141.64566700000012	38
141.9886670000001	47
142.33166700000012	47
142.33166700000012	47
143.02766700000015	35
143.02766700000015	47
143.36966700000016	35
143.36966700000016	47
143.71166700000015	47
144.04875558750012	47
144.13338033750014	47
144.38866500000012	38
144.38866500000012	38
145.08566300000015	38
145.08566300000015	38
145.77166300000016	47
146.11516200000017	47
146.45866100000015	38
146.45866100000015	38
146.79966100000016	47
146.88491100000016	47
147.14066100000014	38
147.14066100000014	38
147.4827287541668	47
147.82765900000012	47
147.82765900000012	47
148.51065700000012	47
148.8536570000001	35
148.8536570000001	47
149.19665700000013	47
149.54065600000013	47
149.62665575000014	47
149.88465500000012	38
149.88465500000012	38
150.57065500000013	38
150.57065500000013	38
151.25765300000012	47
151.60115200000013	47
151.94465100000014	38
151.94465100000014	38
152.2801505000001	47
152.36402537500012	47
152.6156500000001	38
152.6156500000001	38
152.96464900000012	47
153.31364800000011	47
153.31364800000011	47
153.9966460000001	47
154.3396460000001	35
154.3396460000001	47
154.68264600000012	47
155.3606440000001	38
155.3606440000001	38
156.0466440000001	38
156.0466440000001	38
156.7336420000001	47
157.0771410000001	47
157.4206400000001	38
157.4206400000001	38
157.7616400000001	47
157.84689000000012	47
158.1026400000001	38
158.1026400000001	38
158.44470775416676	47
158.78963800000008	47
158.78963800000008	47
159.4656380000001	47
159.8091370000001	47
161.8226657520834	35
161.8226657520834	42
162.17663400000006	35
162.17663400000006	49
162.46863200000007	42
162.61463100000006	35
162.76063000000008	38
162.76063000000008	42
163.03362850000008	42
163.17012775000006	38
163.30662700000008	42
163.4109598333334	38
163.5139885062501	38
163.6196255000001	38
163.72265417291675	38
163.82698700625008	38
163.9326240000001	47
164.0289052500001	47
164.12762400000008	47
164.2239052500001	35
164.2239052500001	47
164.32262400000008	47
164.4201240000001	47
164.5176240000001	35
164.5176240000001	49
164.8106225000001	42
164.95712175000008	35
165.1036210000001	38
165.1036210000001	42
165.5483702500001	38
165.69662000000008	38
165.8409072520834	35
165.8409072520834	49
166.1319067520834	38
166.4229062520834	38
166.56961850000008	38
166.86061800000007	35
166.86061800000007	49
167.1568774208334	42
167.30562692083342	35
167.45561600000008	38
167.45561600000008	42
167.74411450000008	42
168.03261300000008	35
168.03261300000008	42
168.32711250000008	42
168.47436225000007	35
168.62161200000008	38
168.62161200000008	42
168.76486200000008	35
168.90811200000007	35
168.90811200000007	42
169.1946120000001	35
169.1946120000001	42
169.4911115000001	42
169.6393612500001	35
169.78761100000008	38
169.78761100000008	42
170.08461100000008	42
170.38161100000008	42
170.52561025000008	35
170.52561025000008	49
170.81360875000007	35
170.95760800000008	35
170.95760800000008	49
171.10560775000008	38
171.25360750000007	38
171.4003739187501	35
171.5496070000001	35
171.5496070000001	38
171.7020757500001	38
171.8571070000001	38
172.0108570000001	38
172.1646070000001	38
173.62610300000009	35
173.62610300000009	42
173.9186030000001	35
173.9186030000001	42
174.21287075416677	42
174.36062025416678	35
174.50960100000012	38
174.50960100000012	42
174.8011000000001	42
175.09259900000012	35
175.09259900000012	42
175.3875990000001	42
175.53386983333345	35
175.68259900000012	38
175.68259900000012	42
175.82759825000014	35
175.97259750000012	35
175.97259750000012	42
176.26259600000012	35
176.26259600000012	42
176.55459400000012	42
176.7005930000001	35
176.84659200000013	38
176.84659200000013	42
177.14109150000013	42
177.43559100000013	35
177.43559100000013	42
177.72609050000014	42
177.87134025000012	35
178.01659000000012	38
178.01659000000012	42
178.16308925000013	35
178.30958850000013	38
178.30958850000013	42
178.6025870000001	35
178.6025870000001	49
178.89685475416678	42
179.04460425416679	35
179.19358500000013	38
179.19358500000013	42
179.48758500000014	42
179.78158500000012	35
179.78158500000012	42
180.07108450000013	42
180.21462800208346	35
180.36058400000013	38
180.36058400000013	42
180.50583375000014	35
180.65108350000014	35
180.65108350000014	42
180.94158300000012	35
180.94158300000012	42
181.2368470854168	42
181.38633225000012	35
181.5345820000001	38
181.5345820000001	42
181.8258632500001	42
182.11958200000012	35
182.11958200000012	42
182.41058150000012	42
182.55486875208345	35
182.70158100000012	38
182.70158100000012	42
182.99286225000012	35
182.99286225000012	42
183.28658100000013	35
183.28658100000013	42
183.57885758541678	42
183.72560733541678	35
183.87358000000012	38
183.87358000000012	42
184.1635785000001	42
184.4535770000001	35
184.4535770000001	42
184.7485770000001	42
184.89484783333344	35
185.0435770000001	38
185.0435770000001	42
185.18687283333344	35
185.3325770000001	35
185.3325770000001	42
185.62157700000012	35
185.62157700000012	42
185.9190760000001	42
186.06658592083346	35
186.21657500000012	38
186.21657500000012	42
186.50957350000013	42
186.8025720000001	35
186.8025720000001	42
187.08986842291677	42
187.23531975000012	35
187.37956900000012	38
187.37956900000012	42
187.5265690000001	35
187.67356900000013	35
187.67356900000013	42
187.9675690000001	35
187.9675690000001	49
188.2610685000001	42
188.40659533541677	35
188.5545680000001	38
188.5545680000001	42
188.84485242083343	42
189.1375660000001	35
189.1375660000001	42
189.4325660000001	42
189.57883683333344	35
189.7275660000001	38
189.7275660000001	42
190.01806550000012	35
190.01806550000012	42
190.3085650000001	35
190.3085650000001	42
190.6010650000001	42
190.7473150000001	35
190.8935650000001	38
190.8935650000001	42
191.1880645000001	42
191.4825640000001	35
191.4825640000001	42
191.77806300000012	42
191.92458125416678	35
192.07356200000012	38
192.07356200000012	42
192.3625620000001	35
192.3625620000001	42
192.65156200000013	35
192.65156200000013	42
192.94483441875013	42
193.0933112500001	35
193.24056100000013	38
193.24056100000013	42
193.53556100000011	42
193.83056100000013	35
193.83056100000013	42
194.11885425208345	42
194.26360400208347	35
194.40956000000014	38
194.40956000000014	42
194.55555900000013	35
194.70155800000015	35
194.70155800000015	42
194.99355600000015	35
194.99355600000015	42
195.28855600000014	42
195.43605600000015	35
195.58355600000016	38
195.58355600000016	42
195.87805550000016	42
196.17255500000016	35
196.17255500000016	42
196.46155500000015	42
196.60605500000017	35
196.75055500000016	38
196.75055500000016	42
196.89657766875015	35
197.04505450000016	38
197.04505450000016	42
197.33955400000016	35
197.33955400000016	49
197.62955250000016	42
197.77455175000017	35
197.91955100000015	38
197.91955100000015	42
198.21205100000014	42
198.50455100000016	35
198.50455100000016	42
198.79782341875017	42
198.94630025000015	35
199.09355000000016	38
199.09355000000016	42
199.2368458333335	35
199.38255000000015	35
199.38255000000015	42
199.67155000000017	35
199.67155000000017	42
199.96754950000016	42
200.11554925000016	35
200.26354900000015	38
200.26354900000015	42
200.55754900000017	42
200.85154900000015	35
200.85154900000015	42
201.14004750000015	42
201.28429675000015	35
201.42854600000015	38
201.42854600000015	42
201.72654450000016	35
201.72654450000016	42
202.02454300000016	35
202.02454300000016	42
202.31654100000017	42
202.46254000000016	35
202.60853900000018	38
202.60853900000018	42
202.8988234208335	42
203.19153700000018	35
203.19153700000018	42
203.4835350000002	42
203.62953400000018	35
203.7755330000002	38
203.7755330000002	42
203.9217830000002	35
204.06803300000018	35
204.06803300000018	42
204.3605330000002	35
204.3605330000002	42
204.6520320000002	42
204.7977815000002	35
204.9435310000002	38
204.9435310000002	42
205.2385310000002	42
205.5335310000002	35
205.5335310000002	42
205.82282008541688	42
205.9692802500002	35
206.1145300000002	38
206.1145300000002	42
206.25881725208353	35
206.4055295000002	35
206.4055295000002	42
206.6965290000002	35
206.6965290000002	42
206.99152900000018	42
207.13779983333353	35
207.2865290000002	38
207.2865290000002	42
207.5795275000002	35
207.5795275000002	42
208.0192757500002	35
208.0192757500002	49
208.1660255000002	38
208.3127752500002	35
208.45952500000018	35
208.45952500000018	42
208.75402450000018	38
209.04852400000019	35
209.04852400000019	49
209.2663986250002	35
209.3390235000002	38
209.3390235000002	49
209.62952300000018	49
209.77502275000018	38
209.92052250000017	49
210.06602225000017	35
210.21152200000017	35
210.21152200000017	49
210.43127087500017	35
210.50452050000018	38
210.50452050000018	49
210.79751900000016	49
210.94255025000015	38
211.09001900000015	49
211.23626900000016	35
211.38251900000017	35
211.38251900000017	49
211.60189400000016	35
211.67501900000016	38
211.67501900000016	49
211.96751900000015	49
212.11376900000016	38
212.26001900000017	49
212.40626900000015	35
212.55251900000016	35
212.55251900000016	49
212.77226787500015	35
212.84551750000017	38
212.84551750000017	49
213.13851600000015	49
213.28354725000014	38
213.43101600000014	49
213.57726600000015	35
213.72351600000016	35
213.72351600000016	49
213.94326487500015	35
214.01651450000017	38
214.01651450000017	49
214.30951300000015	49
214.45454425000014	38
214.60079425000015	49
214.74826300000015	35
214.89451300000016	35
214.89451300000016	49
215.11341471041683	35
215.18678958541682	38
215.18678958541682	49
215.48151200000015	49
215.62679042291683	38
215.77451050000016	49
215.92100975000014	35
216.06750900000014	35
216.06750900000014	49
216.28688400000016	35
216.36000900000013	38
216.36000900000013	49
216.65250900000015	35
216.65250900000015	49
216.87188400000014	35
216.94500900000014	38
216.94500900000014	49
217.23750900000013	35
217.23750900000013	49
217.45688400000014	35
217.53000900000015	38
217.53000900000015	49
217.82250900000014	35
217.82250900000014	49
218.04113362500013	35
218.11400850000015	38
218.11400850000015	49
218.25975825000015	35
218.25975825000015	42
218.40550800000014	35
218.40550800000014	42
218.70000750000014	38
218.77363237500015	38
218.84725725000013	38
218.92088212500013	38
218.99450700000014	38
219.06663162500013	38
219.1375541729168	38
219.2096787979168	38
219.28300550000014	38
219.42725475000015	35
219.42725475000015	42
219.57150400000015	35
219.57150400000015	42
219.71950375000014	47
219.86750350000014	38
219.96617000000015	38
220.06360316875015	47
220.16350300000013	47
220.45950250000016	35
220.45950250000016	49
220.75550200000015	35
220.75550200000015	49
221.05100100000016	38
221.12487575000014	38
221.19875050000016	47
221.27262525000015	47
221.34650000000016	47
221.42049987500016	47
221.49449975000016	47
221.56849962500016	47
221.64249950000016	47
221.71649937500015	47
221.79049925000015	35
221.86449912500015	35
221.93849900000015	38
224.41074300000014	47
224.49411800000013	47
224.57749300000015	35
224.57749300000015	47
225.26949300000012	38
225.26949300000012	38
225.61349200000012	47
225.95749100000012	47
226.29649100000012	47
226.38124100000013	47
226.46599100000012	47
226.55074100000013	47
226.63549100000012	47
226.63549100000012	47
226.9759890000001	47
226.9759890000001	47
227.31648700000014	47
227.6585547541668	47
227.74442950416682	47
227.8303042541668	47
227.9161790041668	47
228.00348500000013	38
228.00348500000013	38
228.34648500000011	47
228.34648500000011	47
228.68948500000013	47
228.68948500000013	47
229.03553708333345	38
229.03553708333345	38
229.12241208333344	47
229.2107350000001	47
229.29761000000013	47
229.38448500000013	47
229.38448500000013	47
229.72248500000012	42
229.72248500000012	47
230.06048500000014	42
230.06048500000014	47
230.40806367083349	49
230.76148400000017	38
230.76148400000017	49
231.44648400000017	49
232.13248400000018	47
232.47455175416684	47
232.81948200000016	49
233.50648000000018	38
233.50648000000018	49
233.84898000000018	47
234.19148000000018	47
234.19148000000018	49
234.87847800000017	47
235.21997700000017	47
235.56147600000017	49
236.24747600000018	38
236.24747600000018	49
236.93147600000017	49
237.61047300000016	47
237.95154591666682	47
238.29547300000016	49
238.6415250833335	49
238.99047300000018	38
238.99047300000018	49
239.33254075416684	47
239.67747100000017	47
239.67747100000017	49
240.01953875416686	38
240.01953875416686	38
240.36446900000018	35
240.36446900000018	47
240.70454508750018	35
240.70454508750018	47
241.04746700000018	47
241.38996700000018	49
241.73246700000018	38
241.73246700000018	49
242.4184670000002	49
243.1034670000002	47
243.4469660000002	47
243.79046500000018	49
244.4774630000002	38
244.4774630000002	49
244.8204630000002	47
245.1634630000002	47
245.1634630000002	49
245.8494630000002	47
246.19646300000022	47
246.5434630000002	49
247.21946300000022	49
247.90346300000022	49
248.5824600000002	47
248.9244600000002	47
249.2664600000002	49
249.72979333333356	49
249.96146000000022	38
249.96146000000022	49
250.30995900000022	47
250.42612533333354	49
250.6584580000002	47
250.6584580000002	49
250.99554658750023	38
250.99554658750023	49
251.33545600000022	35
251.33545600000022	47
251.67695500000022	35
251.67695500000022	47
251.76232975000022	47
251.84770450000022	47
252.01845400000022	47
252.3664540000002	49
252.71445400000022	38
252.71445400000022	49
253.38945400000023	49
254.07445400000023	47
254.41795300000024	47
254.76145200000022	49
255.4494500000002	38
255.4494500000002	49
256.1344500000002	49
256.48149692083354	38
256.8314480000002	47
256.8314480000002	47
257.1715240875002	47
257.5144460000002	49
258.1904460000002	38
258.1904460000002	49
258.8844460000002	49
259.57344300000017	49
259.90455758333354	47
260.2384430000002	49
260.9334430000002	38
260.9334430000002	49
261.2764430000002	47
261.2764430000002	49
261.61944300000016	47
261.9579420000002	38
261.9579420000002	38
262.2964410000002	35
262.2964410000002	47
262.63844100000017	35
262.63844100000017	47
262.9804410000002	49
263.6654410000002	38
263.6654410000002	49
264.3514410000002	49
265.0364410000002	47
265.38348792083355	47
265.7334390000002	49
266.4104370000002	38
266.4104370000002	49
267.09643700000015	49
267.43943700000017	49
267.7824370000002	47
267.7824370000002	47
268.1289360000002	47
268.4754350000002	49
269.16143500000015	38
269.16143500000015	49
269.8454350000002	49
270.53443200000015	47
270.8769320000001	47
271.21943200000015	49
271.90443200000016	38
271.90443200000016	49
272.24649975416685	47
272.4182492541668	47
272.5914300000002	47
272.7592690875002	47
272.92851858750015	38
272.92851858750015	38
273.26842800000014	35
273.26842800000014	47
273.59854575416676	35
273.59854575416676	47
273.6828017500001	47
273.7656765000001	47
273.8485512500001	47
273.9314260000001	47
274.2789260000001	49
274.62642600000015	38
274.62642600000015	49
275.3324260000001	49
276.0074260000001	47
276.3559250000001	47
276.70442400000013	49
277.3914220000001	38
277.3914220000001	49
277.7344220000001	47
278.07742200000007	47
278.07742200000007	49
278.7634220000001	47
279.1054220000001	47
279.44742200000013	49
280.1334220000001	38
280.1334220000001	49
280.81742200000014	49
281.5064190000001	49
281.8534190000001	47
282.2004190000001	49
282.87541900000014	38
282.87541900000014	49
283.21891800000014	47
283.56241700000015	47
283.56241700000015	49
283.73416650000013	47
284.0762342541668	47
284.2494150000001	35
284.2494150000001	47
284.5964150000001	35
284.5964150000001	47
285.27950875000016	49
285.61841500000014	38
285.61841500000014	49
286.30341500000014	49
286.97941500000013	47
287.3214827541668	47
287.66641300000015	49
288.3634110000001	38
288.3634110000001	49
289.0484110000001	49
289.7354090000001	47
290.0769080000001	47
290.4184070000001	49
291.1044070000001	38
291.1044070000001	49
291.7884070000001	49
292.4674040000001	49
292.8084769166668	47
293.1524040000001	49
293.4934769166668	47
293.8374040000001	38
294.1854040000001	47
294.1854040000001	49
294.5334040000001	47
294.5334040000001	49
294.8819030000001	38
294.8819030000001	38
295.2304020000001	35
295.2304020000001	47
295.57240200000007	35
295.57240200000007	47
295.57240200000007	49
295.9144020000001	49
296.57940200000013	38
296.57940200000013	49
297.2654020000001	49
297.9504020000001	47
298.2939010000001	47
298.6374000000001	49
299.3343980000001	38
299.3343980000001	49
300.01039800000007	49
300.6963980000001	47
300.6963980000001	49
301.0383980000001	47
301.3803980000001	49
302.0663980000001	38
302.0663980000001	49
302.75039800000013	49
303.4293950000001	47
303.7763950000001	47
304.12339500000013	49
304.80839500000013	38
304.80839500000013	49
305.15189400000014	47
305.49539300000015	47
305.49539300000015	49
305.6696425000001	42
305.84243992083344	38
305.84243992083344	38
306.0166894208335	47
306.1923910000001	35
306.1923910000001	47
306.5344587541668	35
306.5344587541668	47
306.8793890000001	35
306.8793890000001	38
309.28975675000015	47
309.3756315000001	47
309.4600750041668	35
309.4600750041668	47