18.282633000000004	38
18.401232	47
18.708633000000003	38
19.211284624999998	38
19.328435	47
19.640836	38
20.140362624999998	35
20.255638	38
20.450888625	35
20.568039000000002	38
20.88044	35
20.88044	49
21.577085	38
22.243730000000003	35
22.572052499999998	35
22.900375	38
23.233697499999998	35
23.56702	35
24.217183	38
24.532264499999997	38
24.68980525	38
24.847345999999998	35
24.847345999999998	38
25.00488675	38
25.1624275	35
25.1624275	47
25.31996825	38
25.477509	35
25.477509	38
25.637549749999998	38
25.7975905	35
25.7975905	38
26.117672	35
26.117672	49
26.791075	38
27.434478	35
27.7561795	35
28.077881	38
28.409582500000003	35
28.741284	35
29.413923	38
30.066562	35
30.3978815	35
30.729201	38
31.401840000000004	35
32.080142	38
32.738444	35
33.077476	35
33.41650799999999	38
33.76054	35
34.104572	35
34.792635999999995	38
35.4807	35
36.559274	35
37.607848000000004	35
43.949482	38
44.105244	38
44.426767999999996	47
44.909054	47
45.069815999999996	47
45.39134	35
45.39134	49
46.100312	38
46.769284	35
47.11377	35
47.458256	38
47.802742	35
48.147228	35
48.816680999999996	38
49.1214075	38
49.273770750000004	47
49.426134000000005	35
49.426134000000005	38
49.58099725	38
49.7358605	35
49.7358605	47
49.89072375	38
50.045587	35
50.045587	38
50.202950249999994	38
50.3603135	35
50.3603135	38
50.675039999999996	35
50.675039999999996	49
51.343515999999994	38
52.001992	35
52.34123	35
52.680468	38
53.009705999999994	35
53.338944	35
54.014229	38
54.66951399999999	35
55.012156499999996	35
55.354799	38
55.6974415	35
56.040084	35
56.715368999999995	38
57.380654	35
57.7082965	35
58.035939	38
58.368581500000005	35
58.701223999999996	35
59.388196	38
60.075168	35
60.403653999999996	35
60.73214	38
61.050626	35
61.369111999999994	35
63.81567199999999	38
63.970775999999994	38
64.13358449999998	38
64.296393	47
64.45920149999999	38
64.62200999999999	35
64.62200999999999	38
64.7723185	47
64.922627	35
64.922627	38
65.0729355	38
65.223244	35
65.223244	47
65.6816695	47
65.83447799999999	38
65.9897865	47
66.145095	38
66.45571199999999	35
66.45571199999999	49
67.07016499999999	38
67.71461799999999	35
68.01684449999999	35
68.319071	38
68.6212975	35
68.923524	35
69.522406	38
69.9715675	38
70.121288	35
70.121288	38
70.2660085	38
70.41072899999999	35
70.41072899999999	47
70.70016999999999	35
70.84989049999999	47
70.99961099999999	35
70.99961099999999	38
71.29905199999999	35
71.29905199999999	49
71.90159599999998	38
72.53414	35
72.82041199999999	35
73.10668399999999	38
73.41295599999998	35
73.71922799999999	35
74.31810999999999	38
74.76727149999999	38
74.916992	35
74.916992	38
75.06171249999998	38
75.20643299999999	35
75.20643299999999	47
75.49587399999999	35
75.64809449999998	38
75.80031499999998	35
75.80031499999998	38
76.10475599999998	35
76.10475599999998	49
76.70645799999998	38
77.01230899999999	35
77.31815999999999	35
77.61302199999999	35
77.907884	38
78.51760799999998	35
79.12733199999998	38
79.71705599999999	35
80.64905949999999	35
81.61106299999999	35
86.64270299999998	49
87.29706199999998	49
88.001421	49
88.68578	49
89.370139	49
90.00252099999999	49
90.664903	49
91.29728499999999	49
91.94966699999999	49
92.568221	49
93.206775	49
93.85532899999998	49
94.483883	49
95.11755699999999	49
95.73123100000001	49
96.364905	49
97.01857899999999	47
97.01857899999999	47
97.69125899999999	47
97.69125899999999	47
98.33393899999999	47
98.33393899999999	47
98.97661899999999	47
99.137289	47
99.29795899999999	47
99.45862899999999	47
99.61929899999998	47
99.77218499999998	47
99.92507099999999	47
100.07795699999998	47
100.23084299999998	47
100.38122899999999	47
100.53161499999999	47
100.68200099999999	47
100.832387	47
100.98527299999999	47
101.13815899999999	47
101.291045	47
101.44393099999999	47
101.59931699999999	47
101.75470299999999	47
101.91008899999999	47
102.06547499999998	47
102.22060374999998	47
102.37573249999998	47
102.53086124999997	47
102.68598999999998	47
102.84111874999998	47
102.99624749999998	47
103.30650499999997	47
103.45913374999998	47
103.61176249999998	47
103.76439124999999	47
103.91702	47
104.07214874999998	47
104.38240624999999	47
104.53753499999999	47
104.68915924999997	47
104.84078349999999	47
104.99240774999997	47
105.14403199999998	47
105.29815624999998	47
105.45228049999999	47
105.60640474999998	47
105.76052899999999	47
105.91715324999998	47
106.07377749999999	47
106.23040174999998	47
106.38702599999999	35
106.38702599999999	49
107.043523	35
107.043523	49
109.40970175	47
109.56744699999999	47
109.71883799999999	38
109.87022899999998	38
110.32690199999999	47
110.48079299999998	47
110.63468399999998	38
110.78857499999998	38
111.23524799999998	47
111.38413899999999	35
111.53802999999998	35
111.69192099999998	38
111.84581199999998	35
111.99970299999998	35
111.99970299999998	49
112.59282399999998	38
113.18594499999999	35
113.4875055	35
113.78906599999999	38
114.08562649999999	35
114.38218699999999	35
114.98060499999998	38
115.43691849999999	38
115.589023	35
115.589023	38
115.73862749999999	38
115.88823199999999	35
115.88823199999999	47
116.0378365	38
116.18744099999999	38
116.33454549999999	38
116.48164999999999	38
116.62875449999999	35
116.77585899999998	35
116.77585899999998	49
117.38421299999999	38
118.01256699999999	35
118.30674399999998	35
118.60092099999999	38
118.88509799999999	35
119.16927499999998	35
119.79471999999998	38
120.24880374999998	47
120.40016499999999	35
120.40016499999999	47
120.69788749999998	35
120.69788749999998	47
120.84674874999999	47
120.99560999999999	47
121.14697124999999	47
121.29833249999999	38
121.60105499999999	35
121.60105499999999	49
122.20708499999998	38
122.82311499999999	35
123.11589699999999	35
123.40867899999999	38
123.71146099999999	35
124.014243	35
124.59980699999998	38
125.06897999999998	35
125.225371	35
126.18184449999998	35
127.128318	35
137.519234	47
137.519234	47
138.175382	47
138.175382	47
138.85153	47
138.85153	47
139.497678	47
139.497678	47
140.143826	47
140.143826	47
140.779759	47
140.779759	47
141.375692	47
141.375692	47
142.011625	47
142.011625	49
142.657558	47
142.657558	49
143.327511	47
143.327511	49
143.947464	47
143.947464	49
144.577417	47
144.577417	49
145.21737	47
145.21737	49
145.84638999999999	47
145.84638999999999	49
146.46541	47
146.46541	49
147.08442999999997	47
147.08442999999997	49
147.239185	47
147.39394	47
147.54869499999998	47
147.70344999999998	47
147.70344999999998	49
147.85472399999998	47
148.00599799999998	47
148.15727199999998	47
148.30854599999998	47
148.30854599999998	49
148.46981999999994	47
148.63109399999996	47
148.79236799999995	47
148.95364199999997	47
148.95364199999997	49
149.10741599999997	47
149.26118999999997	47
149.414964	47
149.568738	47
149.568738	49
149.717512	47
149.866286	47
150.01505999999998	47
150.16383399999998	47
150.16383399999998	49
150.30896274999998	47
150.45409149999998	47
150.59922024999997	47
150.74434899999997	47
150.74434899999997	49
150.89447774999996	47
151.04460649999996	47
151.19473524999998	47
151.34486399999997	47
151.34486399999997	49
151.49249275	47
151.6401215	47
151.78775025	47
151.93537899999998	35
151.93537899999998	49
152.54589399999995	35
155.05178774999996	38
155.21551399999996	47
155.37417274999996	38
155.53283149999996	38
156.00880774999996	38
156.16746649999996	47
156.32612524999996	38
156.48478399999996	38
156.95326024999997	35
157.10941899999997	35
157.10941899999997	47
157.26307774999998	38
157.41673649999998	38
157.72405399999997	35
157.72405399999997	49
158.33714199999997	38
158.97023	35
159.28177399999998	35
159.59331799999995	38
159.89986199999996	35
160.20640599999996	35
160.81275399999996	38
161.11592799999997	35
161.26751499999995	38
161.41910199999995	35
161.41910199999995	47
161.57068899999996	38
161.72227599999997	35
161.72227599999997	47
162.02544999999995	35
162.17703699999996	38
162.32862399999996	35
162.32862399999996	38
162.63179799999995	35
162.63179799999995	49
163.23633199999995	38
163.86086599999996	35
164.15813299999996	35
164.45539999999994	38
164.75266699999995	35
165.04993399999995	35
165.67089899999993	38
166.12162274999994	38
166.19674337499995	38
166.27186399999994	35
166.27186399999994	38
166.58234649999994	35
166.58234649999994	47
166.89282899999995	35
167.04557024999994	38
167.12194087499995	38
167.19831149999993	35
167.19831149999993	38
167.50379399999994	35
167.50379399999994	49
168.13294499999995	35
168.13294499999995	38
168.76209599999993	35
169.06890849999994	35
169.37572099999994	38
170.00934599999994	35
170.62297099999995	38
170.93478349999992	35
171.24659599999993	35
172.19833099999994	35
173.16006599999992	35
174.40513199999992	35
174.7213984999999	35
174.87953174999993	35
175.03766499999995	35
175.33893149999994	35
175.6401979999999	35
176.6245474999999	35
177.57889699999993	35
178.21861299999995	35
178.36604199999994	35
178.66089999999994	35
178.80832899999993	35
179.11818699999995	35
179.42804499999994	35
180.43591599999993	35
181.39378699999992	35
184.9756772499999	38
185.14079299999992	35
185.33094733333326	35
185.42602449999993	38
185.61617883333324	35
185.7112559999999	35
185.8588717499999	38
186.0064874999999	35
186.0064874999999	47
186.2033084999999	35
186.30171899999993	35
186.30171899999993	49
186.91478099999992	38
187.5178429999999	35
187.81937399999993	35
188.12090499999994	38
188.42243599999992	35
188.72396699999993	35
189.32929499999992	38
189.7757909999999	38
189.9246229999999	35
189.9246229999999	47
190.0734549999999	38
190.2222869999999	35
190.2222869999999	47
190.51995099999993	35
190.66378299999994	38
190.80761499999994	38
191.09527899999995	35
191.09527899999995	49
191.70969799999995	38
192.31411699999995	35
192.61132649999993	35
192.90853599999994	38
193.21574549999994	35
193.52295499999994	35
194.13015999999993	38
194.42876249999992	38
194.57806374999993	38
194.72736499999993	35
194.72736499999993	47
194.87666624999994	38
195.02596749999992	35
195.02596749999992	47
195.17526874999993	38
195.32456999999994	35
195.47137124999992	35
195.61817249999993	38
195.91177499999995	35
195.91177499999995	49
196.52353199999993	38
197.11528899999996	35
197.41616749999994	35
197.71704599999995	38
198.01792449999994	35
198.31880299999995	35
198.81302549999995	38
198.91186999999994	35
198.91186999999994	38
199.36417024999994	38
199.51493699999995	35
199.51493699999995	47
199.66320374999992	38
199.81147049999993	38
200.10800399999994	35
200.25377074999994	38
200.39953749999995	47
200.69107099999994	35
200.69107099999994	49
201.29819799999993	38
201.89532499999993	35
202.19388849999993	35
202.49245199999993	38
202.78601549999993	35
203.07957899999994	35
203.5737256666666	38
203.67255499999996	38
203.96904299999994	47
204.26553099999992	35
204.26553099999992	47
204.42127499999992	47
204.57701899999995	38
204.73276299999995	38
204.88850699999995	35
204.88850699999995	47
205.03925099999995	47
205.18999499999993	38
205.34073899999993	35
205.49148299999993	35
205.49148299999993	49
206.08665999999994	35
206.08665999999994	38
206.08665999999994	49
206.69183699999994	35
206.69183699999994	49
206.98942549999992	35
207.2870139999999	38
207.2870139999999	49
207.57960249999994	35
207.87219099999993	35
207.87219099999993	49
208.46736799999994	35
208.46736799999994	38
208.46736799999994	49
209.06254499999994	35
209.06254499999994	49
209.36013349999993	35
209.65772199999992	38
209.65772199999992	49
209.95031049999994	35
210.24289899999994	35
210.24289899999994	49
210.84807599999993	35
210.84807599999993	38
210.84807599999993	49
211.45325299999993	35
211.45325299999993	49
211.75084149999992	35
212.0484299999999	38
212.0484299999999	49
212.33601849999994	35
212.62360699999994	35
212.62360699999994	49
213.21878399999994	35
213.21878399999994	38
213.21878399999994	49
213.82396099999994	35
213.82396099999994	49
214.12654949999992	35
214.4291379999999	35
214.4291379999999	38
214.4291379999999	49
214.71172649999994	35
214.99431499999992	35
214.99431499999992	49
215.45859349999992	35
215.61335299999993	35
215.61335299999993	38
215.61335299999993	49
216.06263149999992	35
216.2123909999999	35
216.2123909999999	49
216.51190999999992	35
216.81142899999992	35
216.81142899999992	38
216.81142899999992	49
217.11094799999992	35
217.41046699999993	35
217.41046699999993	49
218.0395159999999	38
218.0395159999999	49
218.66856499999994	35
218.66856499999994	49
218.97808949999992	35
219.28761399999993	38
219.28761399999993	49
219.8966629999999	35
220.4931599999999	38
220.4931599999999	49
220.8064084999999	35
221.1196569999999	35
221.4329054999999	38
221.4329054999999	49
221.7461539999999	35
222.39265099999992	38
222.39265099999992	49
222.7111804999999	35
223.3282394999999	38
223.3282394999999	49
223.62676899999994	35
223.92529849999994	35
224.2238279999999	35
224.5223574999999	35
224.8208869999999	35
224.8208869999999	49
224.8208869999999	49
225.4155169999999	35
225.4155169999999	38
225.4155169999999	49
226.01014699999993	35
226.01014699999993	38
226.15630449999992	38
226.30246199999993	38
226.44861949999992	38
226.59477699999994	35
226.59477699999994	47
226.73593449999993	38
226.87709199999992	38
227.1594069999999	35
227.1594069999999	38
227.30556449999992	38
227.4517219999999	47
227.59787949999992	38
227.7440369999999	35
227.7440369999999	38
228.0363519999999	38
228.3286669999999	38
228.6209819999999	38
228.91329699999991	35
228.91329699999991	38
229.20561199999992	38
229.3517694999999	47
229.4248482499999	47
229.49792699999992	35
229.49792699999992	38
229.64606999999992	38
229.79421299999993	47
229.94235599999993	38
230.09049899999994	35
230.38678499999995	38
230.5349279999999	38
230.6830709999999	35
230.6830709999999	47
230.8362139999999	38
231.14249999999993	38
231.29564299999993	35
231.29564299999993	38
231.44628599999993	38
231.59692899999993	47
231.74757199999993	38
231.89821499999994	35
231.89821499999994	38
232.04100849999995	47
232.18380199999993	38
232.32659549999994	38
232.46938899999995	35
232.46938899999995	38
232.61218249999993	38
232.75497599999994	38
233.04056299999993	35
233.04056299999993	38
233.18585649999994	38
233.33114999999992	47
233.47644349999993	47
233.62173699999994	35
233.62173699999994	47
233.76703049999992	47
233.91232399999993	47
234.05761749999994	47
234.20291099999992	35
234.20291099999992	38
234.34647799999993	38
234.49004499999992	38
234.63361199999994	47
234.77717899999993	35
234.77717899999993	38
234.93324599999994	38
235.08931299999992	47
235.24537999999993	38
235.40144699999993	35
235.40144699999993	38
235.69358099999994	38
235.83964799999993	38
235.9857149999999	35
235.9857149999999	47
236.13178199999993	47
236.27784899999992	47
236.42391599999993	47
236.56998299999992	35
236.56998299999992	47
236.86302649999993	47
237.15606999999991	35
237.15606999999991	47
237.30259174999992	38
237.44911349999992	38
237.59563524999993	38
237.74215699999993	35
237.74215699999993	38
237.8886787499999	38
238.03520049999992	38
238.18172224999992	38
238.32824399999993	35
238.47476574999993	35
238.6212874999999	38
238.7678092499999	38
238.91433099999992	35
238.91433099999992	38
239.06044799999992	38
239.20656499999993	38
239.35268199999993	38
239.49879899999993	35
239.49879899999993	38
239.64741599999994	38
239.79603299999994	47
239.94464999999994	38
240.09326699999994	35
240.24438399999994	38
240.3955009999999	38
240.5466179999999	38
240.6977349999999	35
240.6977349999999	47
240.8463519999999	38
241.1435859999999	38
241.29220299999992	35
241.29220299999992	38
241.4560939999999	38
241.6199849999999	38
241.7838759999999	38
241.94776699999989	35
241.94776699999989	38
242.09165799999994	38
242.23554899999993	38
242.37943999999996	38
242.52333099999993	35
242.52333099999993	38
242.66972199999992	38
242.81611299999994	38
242.9625039999999	38
243.1088949999999	35
243.1088949999999	38
243.26028599999992	38
243.4116769999999	35
243.71445899999992	35
243.71445899999992	38
243.8637009999999	38
244.01294299999992	47
244.1621849999999	38
244.31142699999992	35
244.31142699999992	38
244.61491099999992	38
244.7666529999999	38
244.91839499999992	35
244.91839499999992	38
245.0676369999999	38
245.21687899999992	38
245.3661209999999	35
245.3661209999999	38
245.51536299999992	38
245.81384699999992	35
245.81384699999992	38
245.9630889999999	38
246.1123309999999	35
246.1123309999999	38
246.2625057499999	38
246.4126804999999	35
246.4126804999999	38
246.5628552499999	38
246.7130299999999	35
246.7130299999999	38
246.8607047499999	38
247.0083794999999	35
247.0083794999999	38
247.1560542499999	35
247.1560542499999	38
247.30372899999992	38
247.4539037499999	35
247.6040784999999	35
247.6040784999999	38
247.75425324999992	38
247.9044279999999	35
248.0521027499999	35
248.19977749999993	38
248.34745224999992	35
248.4951269999999	35
248.4951269999999	38
248.64352724999992	38
248.7919274999999	47
248.9403277499999	38
249.08872799999992	35
249.08872799999992	38
249.2396282499999	47
249.3905284999999	38
249.5414287499999	38
249.69232899999992	35
249.69232899999992	47
249.8382292499999	38
249.9841294999999	35
249.9841294999999	47
250.13002974999992	47
250.2759299999999	35
250.4268302499999	38
250.57773049999992	38
250.7286307499999	38
250.8795309999999	35
250.8795309999999	38
251.0331644999999	38
251.1867979999999	38
251.3404314999999	38
251.4940649999999	38
251.4940649999999	47
251.6451984999999	38
251.7963319999999	38
251.7963319999999	47
251.9474654999999	35
252.09859899999992	38
252.09859899999992	47
252.2522324999999	38
252.40586599999992	47
252.5594994999999	35
252.5594994999999	38
252.7131329999999	38
252.7131329999999	47
253.0203999999999	38
253.0203999999999	47
253.17403349999992	38
253.3276669999999	35
253.3276669999999	47
253.48316949999992	38
253.6386719999999	38
253.6386719999999	47
253.7941744999999	35
253.9496769999999	47
254.1051794999999	38
254.26068199999992	47
254.4161844999999	38
254.5716869999999	47
254.7296894999999	35
254.8876919999999	38
254.8876919999999	47
255.0456944999999	38
255.2036969999999	35
255.2036969999999	47
255.3566994999999	38
255.5097019999999	38
255.5097019999999	47
255.6627044999999	35
255.81570699999992	38
255.81570699999992	47
255.9637094999999	35
256.1117119999999	38
256.1117119999999	38
256.25971449999986	35
256.4077169999999	38
256.4077169999999	38
256.5657194999999	35
256.7237219999999	38
256.7237219999999	38
256.8817244999999	35
257.0397269999999	38
257.0397269999999	38
257.21344022916657	35
257.3879452291666	38
257.3879452291666	38
257.7369552291666	35
257.7369552291666	38