2.7920000000000003	35
3.1415	38
3.4910000000000005	35
3.8405000000000005	38
4.180000000000001	35
4.5295000000000005	38
4.8790000000000004	35
5.141125000000001	35
5.2285	38
5.578000000000001	35
5.926000000000001	38
6.284000000000001	35
6.6320000000000014	38
6.970000000000001	35
7.319500000000001	38
7.6690000000000005	35
7.931125000000001	35
8.018500000000001	38
8.368	35
8.715249	38
9.072498	35
9.409747	38
9.756996000000001	35
10.114245	38
10.461494	35
10.72193075	35
10.808743	38
11.155992	35
11.506242	38
11.856492	35
12.216742	38
12.546992	35
12.907242	38
13.247492	35
13.5101795	35
13.597742	38
13.947992	35
14.297492	38
14.646992	35
14.996492	38
15.345991999999999	35
15.691742	38
16.037492	35
16.3118045	35
16.403242	38
16.748991999999998	35
16.748991999999998	42
17.087644999999995	38
17.087644999999995	42
17.436297999999997	35
17.436297999999997	42
17.784950999999996	38
17.784950999999996	42
18.133603999999995	35
18.133603999999995	42
18.483006999999994	38
18.483006999999994	42
18.842409999999997	35
18.842409999999997	42
19.096962249999997	35
19.181812999999995	38
19.181812999999995	42
19.541215999999995	35
19.541215999999995	42
19.880618999999996	38
19.880618999999996	42
20.230021999999995	35
20.230021999999995	42
20.569424999999995	38
20.569424999999995	42
20.928827999999996	35
20.928827999999996	42
21.268230999999997	38
21.268230999999997	42
21.627633999999997	35
21.627633999999997	42
21.882186249999993	35
21.967036999999998	38
21.967036999999998	42
22.326439999999995	35
22.326439999999995	42
22.666592999999995	38
22.666592999999995	42
23.016745999999998	35
23.016745999999998	42
23.366898999999997	38
23.366898999999997	42
23.717051999999995	35
23.717051999999995	42
24.064953999999997	38
24.064953999999997	42
24.422855999999992	35
24.422855999999992	42
24.676282499999992	35
24.760757999999996	38
24.760757999999996	42
25.118659999999995	35
25.118659999999995	42
25.456561999999995	38
25.456561999999995	42
25.804463999999996	35
25.804463999999996	42
26.152365999999997	38
26.152365999999997	42
26.500267999999995	35
26.500267999999995	42
26.849670999999994	38
26.849670999999994	42
27.209073999999994	35
27.209073999999994	42
27.463626249999994	35
27.548476999999995	38
27.548476999999995	42
27.90787999999999	35
27.90787999999999	42
28.248782999999992	38
28.248782999999992	42
28.599685999999995	35
28.599685999999995	42
28.950588999999994	38
28.950588999999994	42
29.29149199999999	35
29.29149199999999	42
29.64014499999999	38
29.64014499999999	42
29.998797999999994	35
29.998797999999994	42
30.260287749999993	35
30.347450999999992	38
30.347450999999992	42
30.69610399999999	35
30.69610399999999	42
31.04250699999999	38
31.04250699999999	42
31.388909999999992	35
31.388909999999992	42
31.73531299999999	38
31.73531299999999	42
32.09171599999999	35
32.09171599999999	42
32.44169599999999	38
32.44169599999999	42
32.79167599999999	35
32.79167599999999	42
33.046660999999986	35
33.131655999999985	38
33.131655999999985	42
33.49163599999999	35
33.49163599999999	42
33.83086499999999	38
33.83086499999999	42
34.190093999999995	35
34.190093999999995	42
34.52932299999999	38
34.52932299999999	42
34.878551999999985	35
34.878551999999985	42
35.23178199999999	38
35.23178199999999	42
35.57501199999999	35
35.57501199999999	42
35.83243449999999	35
35.91824199999999	38
35.91824199999999	42
39.069799999999994	35
39.069799999999994	42
39.410840999999984	38
39.410840999999984	42
39.761881999999986	35
39.761881999999986	42
40.11292299999999	38
40.11292299999999	42
40.46396399999998	35
40.46396399999998	42
40.81275499999998	38
40.81275499999998	42
41.16154599999998	35
41.16154599999998	42
41.415639249999984	35
41.50033699999999	38
41.50033699999999	42
41.859127999999984	35
41.859127999999984	42
42.197918999999985	38
42.197918999999985	42
42.55670999999998	35
42.55670999999998	42
42.89550099999998	38
42.89550099999998	42
43.254291999999985	35
43.254291999999985	42
43.60233299999999	38
43.60233299999999	42
43.95037399999998	35
43.95037399999998	42
44.203904749999985	35
44.288414999999986	38
44.288414999999986	42
44.65645599999999	35
44.65645599999999	42
44.99299699999999	38
44.99299699999999	42
45.33953799999998	35
45.33953799999998	42
45.686078999999985	38
45.686078999999985	42
46.04261999999999	35
46.04261999999999	42
46.392160999999994	38
46.392160999999994	42
46.74170199999999	35
46.74170199999999	42
47.003857749999995	35
47.09124299999999	38
47.440783999999994	35
47.78107499999999	38
48.131365999999986	35
48.48165699999999	38
48.83194799999999	35
49.17848899999999	38
49.52502999999999	35
49.78493574999999	35
49.87157099999999	38
50.238111999999994	35
50.238111999999994	42
50.56653099999999	38
50.56653099999999	42
50.93494999999999	35
50.93494999999999	42
51.273368999999995	38
51.273368999999995	42
51.621787999999995	35
51.621787999999995	42
51.972457999999996	38
51.972457999999996	42
52.323128	35
52.323128	42
52.586130499999996	35
52.673798	38
52.673798	42
53.02446799999999	35
53.02446799999999	42
53.36363799999999	38
53.36363799999999	42
53.71280799999999	35
53.71280799999999	42
54.06197799999999	38
54.06197799999999	42
54.41114799999999	35
54.41114799999999	42
54.75881799999999	38
54.75881799999999	42
55.116488	35
55.116488	42
55.37724049999999	35
55.464158	38
55.464158	42
55.821828	35
55.821828	42
56.161747999999996	38
56.161747999999996	42
56.511668	35
56.511668	42
56.85158799999999	38
56.85158799999999	42
57.201508	35
57.201508	42
57.550678	38
57.550678	42
57.899848	35
57.899848	42
58.161725499999996	35
58.249018	38
58.249018	42
58.608188000000006	35
58.608188000000006	42
58.938108	38
58.938108	42
59.298028	35
59.298028	42
59.637948	38
59.637948	42
59.997868000000004	35
59.997868000000004	42
60.336287000000006	38
60.336287000000006	42
60.70470600000001	35
60.70470600000001	42
60.95852025000001	35
61.043125	38
61.043125	42
61.40154400000001	35
61.40154400000001	42
61.739963	38
61.739963	42
62.088382	35
62.088382	42
62.426801000000005	38
62.426801000000005	42
62.78522	35
62.78522	42
63.13214	38
63.13214	42
63.479060000000004	35
63.479060000000004	42
63.739250000000006	35
63.82598	38
63.82598	42
64.19290000000001	35
64.19290000000001	42
64.52507000000001	38
64.52507000000001	42
64.87724000000001	35
64.87724000000001	42
65.22941000000002	38
65.22941000000002	42
65.58158000000002	35
65.58158000000002	42
65.91925	38
65.91925	42
66.27692000000002	35
66.27692000000002	42
66.53767250000001	35
66.62459000000001	38
66.62459000000001	42
66.98226000000001	35
66.98226000000001	42
67.31993000000001	38
67.31993000000001	42
67.66760000000002	35
67.66760000000002	42
68.00527000000001	38
68.00527000000001	42
68.37294000000001	35
68.37294000000001	42
68.71061000000002	38
68.71061000000002	42
69.06828	35
69.06828	42
69.32153250000002	35
69.40595000000002	38
69.40595000000002	42
69.73362	42
72.564644	35
72.564644	42
72.90352200000001	38
72.90352200000001	42
73.25240000000001	35
73.25240000000001	42
73.60127800000001	38
73.60127800000001	42
73.950156	35
73.950156	42
74.299034	38
74.299034	42
74.647912	35
74.647912	42
74.90207050000001	35
74.98679000000001	38
74.98679000000001	42
75.345668	35
75.345668	42
75.694546	38
75.694546	42
76.053424	35
76.053424	42
76.392302	38
76.392302	42
76.74118	35
76.74118	42
77.090058	38
77.090058	42
77.438936	35
77.438936	42
77.69309450000002	35
77.777814	38
77.777814	42
78.136692	35
78.136692	42
78.47557000000002	38
78.47557000000002	42
78.834448	35
78.834448	42
79.18332600000001	38
79.18332600000001	42
79.53220400000001	35
79.53220400000001	42
79.881082	38
79.881082	42
80.22996	35
80.22996	42
80.48411850000001	35
80.56883800000001	38
80.56883800000001	42
80.927716	35
80.927716	42
81.26659400000001	38
81.26659400000001	42
81.625472	35
81.625472	42
81.97435	38
81.97435	42
82.323228	35
82.323228	42
82.67081	38
82.67081	42
83.018392	35
83.018392	42
83.2790785	35
83.365974	38
83.365974	42
83.723556	35
84.224929	35
85.113884	38
85.637507	38
85.986589	38
86.51021199999998	35
87.00271	35
87.89353999999999	38
88.41053799999999	38
88.76187	38
89.29886799999998	35
89.79136599999998	35
90.69219599999998	38
91.22641899999999	38
92.09012399999997	35
92.81908799999998	35
93.50805199999998	35
93.83753399999998	35
94.19701599999999	35
94.54649799999997	35
94.87597999999998	35
94.87597999999998	42
95.225462	38
95.225462	42
95.58494399999998	35
95.58494399999998	42
95.924426	38
95.924426	42
96.27390799999999	35
96.27390799999999	42
96.62338999999999	38
96.62338999999999	42
96.98287199999999	35
96.98287199999999	42
97.23748349999998	35
97.32235399999999	38
97.32235399999999	42
97.68183599999998	35
97.68183599999998	42
98.01831899999999	38
98.01831899999999	42
98.36480199999998	35
98.36480199999998	42
98.71128499999999	38
98.71128499999999	42
99.05776799999998	35
99.05776799999998	42
99.40724999999998	38
99.40724999999998	42
99.76673199999998	35
99.76673199999998	42
100.02134349999999	35
100.10621399999998	38
100.10621399999998	42
100.45569599999997	35
100.45569599999997	42
100.80517799999998	38
100.80517799999998	42
101.15465999999998	35
101.15465999999998	42
101.50414199999999	38
101.50414199999999	42
101.86362399999997	35
101.86362399999997	42
102.20377699999999	38
102.20377699999999	42
102.56392999999997	35
102.56392999999997	42
102.81904474999997	35
102.90408299999999	38
102.90408299999999	42
103.26423599999995	35
103.26423599999995	42
103.59588899999997	38
103.59588899999997	42
103.94754199999997	35
103.94754199999997	42
104.29919499999997	38
104.29919499999997	42
104.65084799999997	35
104.65084799999997	42
104.98650099999998	38
104.98650099999998	42
105.35215399999997	35
105.35215399999997	42
105.60389374999997	35
105.68780699999998	38
105.68780699999998	42
106.05345999999996	35
106.05345999999996	42
106.39211299999997	38
106.39211299999997	42
106.74076599999997	35
106.74076599999997	42
107.08941899999996	38
107.08941899999996	42
107.43807199999996	35
107.43807199999996	42
107.77747499999995	38
107.77747499999995	42
108.13687799999997	35
108.13687799999997	42
108.39143024999996	35
108.47628099999996	38
108.47628099999996	42
108.83568399999996	35
108.83568399999996	42
109.18208699999995	38
109.18208699999995	42
109.52848999999996	35
109.52848999999996	42
109.87489299999996	38
109.87489299999996	42
110.23129599999994	35
110.23129599999994	42
110.57219899999996	38
110.57219899999996	42
110.93310199999995	35
110.93310199999995	42
111.18877924999995	35
111.27400499999995	38
111.27400499999995	42
111.63490799999994	35
111.63490799999994	42
111.97280999999995	38
111.97280999999995	42
112.32071199999994	35
112.32071199999994	42
112.66861399999995	38
112.66861399999995	42
113.01651599999995	35
113.01651599999995	42
113.36441799999994	38
113.36441799999994	42
113.72231999999994	35
113.72231999999994	42
113.97574649999994	35
114.06022199999998	38
114.06022199999998	42
117.20133999999995	35
117.20133999999995	42
117.55224299999995	38
117.55224299999995	42
117.90314599999995	35
117.90314599999995	42
118.25404899999994	38
118.25404899999994	42
118.60495199999994	35
118.60495199999994	42
118.94510499999996	38
118.94510499999996	42
119.29525799999995	35
119.29525799999995	42
119.55037274999994	35
119.63541099999995	38
119.63541099999995	42
119.99556399999994	35
119.99556399999994	42
120.34421699999994	38
120.34421699999994	42
120.70286999999993	35
120.70286999999993	42
121.04152299999994	38
121.04152299999994	42
121.39017599999994	35
121.39017599999994	42
121.74257899999994	38
121.74257899999994	42
122.09498199999994	35
122.09498199999994	42
122.34428424999993	35
122.42738499999993	38
122.42738499999993	42
122.78978799999993	35
122.78978799999993	42
123.12768999999993	38
123.12768999999993	42
123.48559199999993	35
123.48559199999993	42
123.83349399999993	38
123.83349399999993	42
124.18139599999994	35
124.18139599999994	42
124.52704899999993	38
124.52704899999993	42
124.88270199999994	35
124.88270199999994	42
125.14194174999994	35
125.22835499999994	38
125.22835499999994	42
125.58400799999993	35
125.58400799999993	42
125.92266099999993	38
125.92266099999993	42
126.27131399999993	35
126.27131399999993	42
126.61996699999993	38
126.61996699999993	42
126.96861999999993	35
126.96861999999993	42
127.31952299999993	38
127.31952299999993	42
127.67042599999994	35
127.67042599999994	42
127.93360324999992	35
128.02132899999992	38
128.02132899999992	42
128.3722319999999	35
128.3722319999999	42
128.71388499999992	38
128.71388499999992	42
129.06553799999992	35
129.06553799999992	42
129.40719099999993	38
129.40719099999993	42
129.75884399999993	35
129.75884399999993	42
130.10824699999992	38
130.10824699999992	42
130.45764999999992	35
130.45764999999992	42
130.71970224999993	35
130.80705299999994	38
130.80705299999994	42
131.15645599999993	35
131.15645599999993	42
131.49835899999994	38
131.49835899999994	42
131.86026199999992	35
131.86026199999992	42
132.20216499999992	38
132.20216499999992	42
132.55406799999994	35
132.55406799999994	42
132.90497099999993	38
132.90497099999993	42
133.24587399999993	35
133.24587399999993	42
133.5090512499999	35
133.59677699999992	38
133.59677699999992	42
133.94767999999993	35
133.94767999999993	42
134.28708299999994	38
134.28708299999994	42
134.63648599999993	35
134.63648599999993	42
134.98588899999996	38
134.98588899999996	42
135.34529199999994	35
135.34529199999994	42
135.69469499999994	38
135.69469499999994	42
136.05409799999995	35
136.05409799999995	42
136.30865024999994	35
136.39350099999993	38
136.39350099999993	42
136.75290399999994	35
136.75290399999994	42
137.0878069999999	38
137.0878069999999	42
137.43270999999993	35
137.43270999999993	42
137.77761299999992	38
137.77761299999992	42
138.13251599999995	35
138.13251599999995	42
138.47891899999996	38
138.47891899999996	42
138.83532199999993	35
138.83532199999993	42
139.09512424999994	35
139.18172499999994	38
139.18172499999994	42
139.52812799999995	35
139.52812799999995	42
139.86828099999997	38
139.86828099999997	42
140.22843399999996	35
140.22843399999996	42
140.56858699999995	38
140.56858699999995	42
140.91873999999996	35
140.91873999999996	42
141.26889299999996	38
141.26889299999996	42
141.62904599999996	35
141.62904599999996	42
141.88416074999995	35
141.96919899999997	38
141.96919899999997	42
142.32935199999994	35
142.32935199999994	42
142.66950499999996	38
142.66950499999996	42
143.01965799999996	35
143.01965799999996	42
143.35981099999995	38
143.35981099999995	42
143.70996399999993	35
143.70996399999993	42
144.05936699999992	38
144.05936699999992	42
144.41876999999994	35
144.41876999999994	42
144.67332224999993	35
144.75817299999994	38
144.75817299999994	42
145.11757599999996	35
145.11757599999996	42
145.45847899999993	38
145.45847899999993	42
145.80938199999994	35
145.80938199999994	42
146.16028499999993	38
146.16028499999993	42
146.51118799999995	35
146.51118799999995	42
146.85209099999994	38
146.85209099999994	42
147.21299399999995	35
147.21299399999995	42
147.46867124999994	35
147.55389699999995	38
147.55389699999995	42
147.91479999999993	35
147.91479999999993	42
148.25195299999993	38
148.25195299999993	42
148.59910599999995	35
148.59910599999995	42
148.93625899999995	38
148.93625899999995	42
149.29341199999993	35
149.29341199999993	42
149.64056499999992	38
149.64056499999992	42
149.99771799999994	35
149.99771799999994	42
150.25808274999994	35
150.34487099999996	38
150.34487099999996	42
150.71202399999996	35
151.26937849999993	35
152.08163599999995	38
152.59883499999992	38
152.955301	38
153.4875	35
154.05019899999994	35
154.88136399999996	38
155.41406299999997	38
155.77252899999993	38
156.275228	35
156.84792699999994	35
157.66909199999995	38
158.19679099999996	38
158.565257	38
159.09295599999996	35
159.78988799999996	35
160.47681999999995	35
160.82748999999995	35
161.17815999999993	35
161.5288299999999	35
161.85949999999997	35
161.85949999999997	42
162.19791899999996	38
162.19791899999996	42
162.54633799999996	35
162.54633799999996	42
162.90475699999996	38
162.90475699999996	42
163.25317599999997	35
163.25317599999997	42
163.59159499999996	38
163.59159499999996	42
163.95001399999998	35
164.20382824999996	35
164.28843299999994	38
164.63685199999995	35
164.63685199999995	42
164.98527099999998	38
164.98527099999998	42
165.35368999999997	35
165.35368999999997	42
165.69210899999996	38
165.69210899999996	42
166.04052799999997	35
166.04052799999997	42
166.39119799999997	38
166.39119799999997	42
166.74186799999995	35
166.99737049999993	35
167.08253799999994	38
167.44320799999997	35
167.44320799999997	42
167.78387799999996	38
167.78387799999996	42
168.14454799999996	35
168.14454799999996	42
168.47521799999996	38
168.47521799999996	42
168.83588799999995	35
168.83588799999995	42
169.18280799999997	38
169.18280799999997	42
169.52972799999995	35
169.78991799999994	35
169.87664799999996	38
170.23356799999996	35
170.23356799999996	42
170.57048799999995	38
170.57048799999995	42
170.92740799999999	35
170.92740799999999	42
171.27432799999997	38
171.27432799999997	42
171.62124799999998	35
171.62124799999998	42
171.97116799999998	38
171.97116799999998	42
172.32108799999997	35
172.58352799999997	35
172.67100799999997	38
173.02092799999997	35
173.02092799999997	42
173.37084799999997	38
173.37084799999997	42
173.720768	35
173.720768	42
174.06068799999997	38
174.06068799999997	42
174.41060799999997	35
174.41060799999997	42
174.76052799999997	38
174.76052799999997	42
175.11044799999996	35
175.37288799999996	35
175.46036799999996	38
175.81028799999996	35
175.81028799999996	42
176.16020799999995	38
176.16020799999995	42
176.51012799999995	35
176.51012799999995	42
176.85004799999996	38
176.85004799999996	42
177.19996799999998	35
177.19996799999998	42
177.54988799999998	38
177.54988799999998	42
177.89980799999998	35
178.16224799999998	35
178.24972799999998	38
178.60964799999996	35
178.60964799999996	42
178.93506799999997	38
178.93506799999997	42
179.30048799999997	35
179.30048799999997	42
179.63590799999997	38
179.63590799999997	42
179.99132799999995	35
179.99132799999995	42
180.33674799999997	38
180.33674799999997	42
180.69216799999998	35
180.95123299999997	35
181.03758799999997	38
181.40300799999994	35
181.40300799999994	42
181.73442799999998	38
181.73442799999998	42
182.085848	35
182.085848	42
182.42726799999997	38
182.42726799999997	42
182.78868799999998	35
182.78868799999998	42
183.12860799999996	38
183.12860799999996	42
183.48852799999997	35
183.74346799999995	35
183.82844799999995	38
184.18836799999997	35
184.18836799999997	42
184.52603799999994	38
184.52603799999994	42
184.88370799999996	35
184.88370799999996	42
185.22137799999996	38
185.22137799999996	42
185.56904799999995	35
185.56904799999995	42
185.91896799999995	38
185.91896799999995	42
186.26888799999995	35
186.53132799999995	35
186.61880799999994	38
186.97872799999996	35
186.97872799999996	42
187.31864799999994	38
187.31864799999994	42
187.67856799999996	35
187.67856799999996	42
188.00848799999997	38
188.00848799999997	42
188.36840799999996	35
188.36840799999996	42
188.70832799999997	38
188.70832799999997	42
189.05824799999996	35
189.32068799999996	35
189.40816799999996	38
189.40816799999996	42
189.76808799999995	35
189.76808799999995	42
190.11425799999995	38
190.11425799999995	42
190.46042799999995	35
190.46042799999995	42
190.796598	38
190.796598	42
191.16276799999997	35
191.16276799999997	42
191.49893799999995	38
191.49893799999995	42
191.85510799999997	35
192.11473549999997	35
192.20127799999997	38
192.55744799999997	35
192.55744799999997	42
192.89736799999997	38
192.89736799999997	42
193.24728799999997	35
193.24728799999997	42
193.59720799999997	38
193.59720799999997	42
193.94712799999996	35
193.94712799999996	42
194.29704799999996	38
194.29704799999996	42
194.646968	35
194.646968	42
194.90190799999996	35
194.98688799999996	38
194.98688799999996	42
195.33680799999996	35
195.85831299999998	35
196.7274879999999	38
197.20624299999997	38
197.5904130000001	38
198.14416799999998	35
198.65567299999998	35
199.52484799999996	38
200.029728	38
200.404648	38
200.93452800000003	35
201.45603299999985	35
202.30520799999988	38
202.83733800000013	38
203.20875799999985	38
203.7408879999999	35
204.43372800000003	35
205.13656799999998	35
205.48381699999996	35
205.821066	35
206.16831499999995	35
206.50556399999996	35
206.50556399999996	42
206.85281299999997	38
206.85281299999997	42
207.20006199999997	35
207.20006199999997	42
207.547311	38
207.547311	42
207.90456	35
207.90456	42
208.25256000000002	38
208.25256000000002	42
208.60056	35
208.86156	35
208.94856000000001	38
208.94856000000001	42
209.29655999999997	35
209.29655999999997	42
209.63606000000001	38
209.63606000000001	42
209.99555999999998	35
209.99555999999998	42
210.33506	38
210.33506	42
210.69456	35
210.69456	42
211.04256	38
211.04256	42
211.39056	35
211.65156	35
211.73856	38
211.73856	42
212.09655999999995	35
212.09655999999995	42
212.42680999999996	38
212.42680999999996	42
212.78706	35
212.78706	42
213.12730999999997	38
213.12730999999997	42
213.47755999999998	35
213.47755999999998	42
213.82780999999997	38
213.82780999999997	42
214.17805999999996	35
214.44074749999996	35
214.52830999999998	38
214.52830999999998	42
214.87855999999994	35
214.87855999999994	42
215.215809	38
215.215809	42
215.57305799999997	35
215.57305799999997	42
215.92030699999995	38
215.92030699999995	42
216.26755599999996	35
216.26755599999996	42
216.61705599999996	38
216.61705599999996	42
216.96655599999997	35
217.22868099999997	35
217.31605599999995	38
217.31605599999995	42
217.67555599999997	35
217.67555599999997	42
218.02055599999997	38
218.02055599999997	42
218.36555599999997	35
218.36555599999997	42
218.71055599999997	38
218.71055599999997	42
219.05555599999997	35
219.05555599999997	42
219.40580599999996	38
219.40580599999996	42
219.75605599999997	35
220.01874349999997	35
220.106306	38
220.106306	42
220.46655599999994	35
220.46655599999994	42
220.80680599999997	38
220.80680599999997	42
221.15705599999993	35
221.15705599999993	42
221.49730599999998	38
221.49730599999998	42
221.85755599999993	35
221.85755599999993	42
222.19630599999994	38
222.19630599999994	42
222.54505599999996	35
222.81411849999995	35
222.90380599999997	38
222.90380599999997	42
223.26255599999993	35
223.26255599999993	42
223.60205599999998	38
223.60205599999998	42
223.95155599999995	35
223.95155599999995	42
224.29105599999997	38
224.29105599999997	42
224.65055599999994	35
224.65055599999994	42
224.98855599999996	38
224.98855599999996	42
225.33655599999997	35
225.60505599999996	35
225.694556	38
225.694556	42
226.05255599999992	35
226.05255599999992	42
226.39205599999997	38
226.39205599999997	42
226.74155599999995	35
226.74155599999995	42
227.08105599999993	38
227.08105599999993	42
227.43055599999994	35
227.43055599999994	42
227.77930599999993	38
227.77930599999993	42
228.13805599999995	35
228.39211849999992	35
228.47680599999993	38
228.47680599999993	42
228.83555599999997	35
228.83555599999997	42
229.18280499999997	38
229.18280499999997	42
229.53005399999998	35
229.53005399999998	42
229.87730299999996	38
229.87730299999996	42
230.22455199999996	35
230.22455199999996	42
230.57255199999997	38
230.57255199999997	42
230.92055199999996	35
231.18155199999995	35
231.26855199999997	38
231.26855199999997	42
231.62655199999995	35
231.62655199999995	42
231.96680199999994	38
231.96680199999994	42
232.31705199999996	35
232.31705199999996	42
232.65730199999993	38
232.65730199999993	42
233.00755199999995	35
233.00755199999995	42
233.35705199999995	38
233.35705199999995	42
233.70655199999996	35
233.96867699999996	35
234.05605199999994	38
234.41555199999996	35
234.41555199999996	42
234.76355199999998	38
234.76355199999998	42
235.11155199999996	35
235.11155199999996	42
235.45955199999997	38
235.45955199999997	42
235.80755199999996	35
235.80755199999996	42
236.14630199999993	38
236.14630199999993	42
236.50505199999995	35
236.76661449999995	35
236.85380199999994	38
237.21255199999996	35
237.21255199999996	42
237.55205199999997	38
237.55205199999997	42
237.90155199999998	35
237.90155199999998	42
238.24105199999994	38
238.24105199999994	42
238.59055199999995	35
238.59055199999995	42
238.94005199999995	38
238.94005199999995	42
239.28955199999996	35
239.55167699999996	35
239.63905199999996	38
239.99855199999996	35
239.99855199999996	42
240.34030199999995	38
240.34030199999995	42
240.69205199999993	35
240.69205199999993	42
241.04380199999994	38
241.04380199999994	42
241.39555199999995	35
241.39555199999995	42
241.74130199999996	38
241.74130199999996	42
242.08705199999994	35
242.08705199999994	42
242.34636449999996	35
242.43280199999995	38
242.43280199999995	42
242.78855199999998	35
242.78855199999998	42
243.12730199999996	38
243.12730199999996	42
243.47605199999995	35
243.47605199999995	42
243.82480199999995	38
243.82480199999995	42
244.183552	35
244.183552	42
244.51930199999998	38
244.51930199999998	42
244.86505199999996	35
245.1318645	35
245.220802	38
245.220802	42
245.576552	35
245.576552	42
245.917552	38
245.917552	42
246.268552	35
246.268552	42
246.619552	38
246.619552	42
246.970552	35
246.970552	42
247.321552	38
247.321552	42
247.672552	35
247.935802	35
248.023552	38
248.023552	42
248.374552	35
248.374552	42
248.71405199999998	38
248.71405199999998	42
249.073552	35
249.073552	42
249.41305199999996	38
249.41305199999996	42
249.76255199999997	35
249.76255199999997	42
250.10980099999998	38
250.10980099999998	42
250.45704999999998	35
250.71748674999998	35
250.804299	38
251.171548	35
251.171548	42