3.449229	38
3.449229	42
3.941976	35
3.941976	49
4.1933495	42
4.319036249999999	35
4.444723	38
4.444723	42
4.6860965	35
4.92747	35
4.92747	42
5.173843499999999	42
5.420217	38
5.420217	42
5.902964	35
5.902964	42
6.147462	42
6.269711	35
6.39196	38
6.39196	42
6.636458	35
6.636458	42
6.880955999999999	35
6.880955999999999	42
7.1254539999999995	42
7.369952	38
7.369952	42
7.61445	42
7.858948	35
7.858948	42
8.103071	42
8.225132499999999	35
8.347194	38
8.347194	42
8.591317	35
8.591317	42
8.83544	35
8.83544	42
9.079563	42
9.323686	38
9.323686	42
9.811932	35
9.811932	42
10.059805500000001	42
10.18374225	35
10.307679	38
10.307679	42
10.5505525	35
10.5505525	42
10.793426	35
10.793426	42
11.041299500000001	42
11.289173000000002	38
11.289173000000002	42
11.804920000000001	35
11.804920000000001	49
12.050543500000002	42
12.17335525	35
12.296167	38
12.296167	42
12.541790500000001	35
12.541790500000001	42
12.787414000000002	35
12.787414000000002	42
13.0330375	42
13.278661000000001	38
13.278661000000001	42
13.759908000000001	35
13.759908000000001	42
14.010531500000003	42
14.135843250000002	35
14.261155000000002	38
14.261155000000002	42
14.506778500000001	35
14.506778500000001	42
14.752402000000002	35
14.752402000000002	42
14.9930255	42
15.233649000000002	38
15.233649000000002	42
15.479272500000002	42
15.724896000000001	35
15.724896000000001	42
15.9701445	42
16.092768749999998	35
16.215393	38
16.215393	42
16.460641499999998	35
16.460641499999998	42
16.70589	35
16.70589	42
16.9511385	42
17.196386999999998	38
17.196386999999998	42
17.686884	35
17.686884	42
17.931382	42
18.053631	35
18.17588	38
18.17588	42
18.420378	35
18.420378	42
18.664876	35
18.664876	42
18.914374000000002	42
19.163872	38
19.163872	42
19.652868	35
19.652868	49
19.9031165	42
20.028240750000002	35
20.153365000000004	38
20.153365000000004	42
20.398613500000003	35
20.398613500000003	42
20.643862000000002	35
20.643862000000002	42
20.889110500000005	42
21.134359000000003	38
21.134359000000003	42
21.614856000000003	35
21.614856000000003	42
21.862729500000004	42
21.986666250000003	35
22.110603000000005	38
22.110603000000005	42
22.353476500000003	35
22.353476500000003	42
22.59635	35
22.59635	42
22.8492235	42
23.102097000000004	38
23.102097000000004	42
23.344970500000006	42
23.587844	35
23.587844	42
23.836966999999998	42
23.9615285	35
24.086090000000002	38
24.086090000000002	42
24.330213	35
24.330213	42
24.574336000000002	35
24.574336000000002	42
24.818459	42
25.062582000000003	38
25.062582000000003	42
25.550828000000003	35
25.550828000000003	42
25.7983265	42
25.92207575	35
26.045825000000004	38
26.045825000000004	42
26.283323500000005	35
26.283323500000005	42
26.520822000000003	35
26.520822000000003	42
26.768320500000005	42
27.015819000000004	38
27.015819000000004	42
27.520816	35
27.520816	49
27.7679395	42
27.89150125	35
28.015063	38
28.015063	42
28.2571865	35
28.2571865	42
28.49931	35
28.49931	42
28.7514335	42
29.003557	38
29.003557	42
29.497804	35
29.497804	42
29.747301999999998	42
29.872051	35
29.9968	38
29.9968	42
30.236298	35
30.236298	42
30.475796	35
30.475796	42
30.720294	42
30.964792	38
30.964792	42
31.21429	42
31.463788	35
31.463788	42
31.708286	42
31.830535	35
31.952784	38
31.952784	42
32.197282	35
32.197282	42
32.44178	35
32.44178	42
32.686278	42
32.930776	38
32.930776	42
33.419772	35
33.419772	42
33.669645499999994	42
33.794582250000005	35
33.919519	38
33.919519	42
34.1593925	35
34.1593925	42
34.399266000000004	35
34.399266000000004	42
34.6441395	42
34.889013	38
34.889013	42
35.37876	35
35.37876	49
35.63200799999999	35
35.63200799999999	42
35.758632	42
35.885256	38
36.00938	42
36.133503999999995	42
36.257628	42
36.381752	35
36.381752	42
36.505876	42
36.629999999999995	35
36.629999999999995	42
36.754124	42
36.878248	38
36.999872	42
37.121496	42
37.24312	42
37.364744	35
37.364744	42
37.489492999999996	42
37.614242	35
37.614242	42
37.738991	42
37.86374	38
37.985989	42
38.108238	42
38.230487	42
38.352736	35
38.352736	42
38.474985	42
38.597234	35
38.597234	42
38.719483	42
38.841732	38
38.956481	42
39.07123	42
39.185978999999996	42
39.300728	35
39.300728	42
39.427977	42
39.555226	35
39.555226	42
39.682475	42
39.809724	38
39.931973	42
40.054222	42
40.176471	42
40.29872	35
40.29872	42
40.423469	42
40.548218	35
40.548218	42
40.672967	42
40.797716	38
40.917465	42
41.037214000000006	42
41.156963	42
41.276712	35
41.276712	42
41.40239875	42
41.528085499999996	35
41.528085499999996	42
41.65377225	42
41.779459	38
41.90014575	42
42.020832500000004	42
42.14151925	42
42.262206000000006	35
42.262206000000006	42
42.38539275	42
42.5085795	35
42.5085795	42
42.631766250000005	42
42.754953	38
42.875639750000005	42
42.99632650000001	42
43.11701325000001	42
43.237700000000004	35
43.237700000000004	42
43.360324250000005	42
43.482948500000006	35
43.482948500000006	42
43.60557275	42
43.728197	38
43.85082125	42
43.973445500000004	42
44.096069750000005	42
44.218694000000006	35
44.218694000000006	42
44.34131825	42
44.4639425	35
44.4639425	42
44.58656675	42
44.709191000000004	38
44.831815250000005	42
44.95443950000001	42
45.07706375	42
45.199688	35
45.199688	42
45.3242495	42
45.448811	35
45.448811	42
45.573372500000005	42
45.697934	38
45.8174955	42
45.937057	42
46.0566185	42
46.17618	35
46.17618	42
46.3007415	42
46.425303	35
46.425303	42
46.549864500000005	42
46.674426	38
46.7964875	42
46.918549	42
47.0406105	42
47.162672	35
47.162672	42
47.284921	42
47.40717	35
47.40717	42
47.529419	42
47.651668	38
47.773917	42
47.896166	42
48.018415	42
48.140664	35
48.140664	42
48.265412999999995	42
48.390162	35
48.390162	42
48.514911	42
48.63966	38
48.759409	42
48.879158000000004	42
48.998906999999996	42
49.118656	35
49.118656	42
49.24034275	42
49.3620295	35
49.3620295	42
49.48371625	42
49.605403	38
49.72958975	42
49.853776499999995	42
49.97796325	42
50.10215	35
50.10215	42
50.22383675	42
50.3455235	35
50.3455235	42
50.588897	38
50.70808375	38
50.827270500000004	38
50.94645725	38
51.065644	35
51.065644	49
51.320767499999995	35
51.320767499999995	49
51.44832925	49
51.575891	38
51.70095275	49
51.8260145	49
51.95107625	49
52.076138	35
52.076138	49
52.201199749999994	49
52.326261499999994	35
52.326261499999994	49
52.451323249999994	49
52.576384999999995	38
52.69894675	49
52.8215085	49
52.944070249999996	49
53.066632	35
53.066632	49
53.19288125	49
53.31913049999999	35
53.31913049999999	49
53.44537975	49
53.571628999999994	38
53.69537825	49
53.81912749999999	49
53.942876749999996	35
53.942876749999996	49
54.066626	49
54.190375249999995	49
54.3141245	35
54.3141245	49
54.437873749999994	49
54.561623	38
54.682872249999996	49
54.8041215	49
54.92537075	49
55.04662	35
55.04662	49
55.17018175	49
55.2937435	35
55.2937435	49
55.41730525	49
55.540867	38
55.66442875	49
55.7879905	49
55.91155225	49
56.035114	35
56.035114	49
56.15867575	49
56.282237499999994	35
56.282237499999994	49
56.405799249999994	49
56.529360999999994	38
56.65042275	49
56.7714845	49
56.892546249999995	49
57.013608	35
57.013608	49
57.13716975	49
57.2607315	35
57.2607315	49
57.38429325	49
57.507855	38
57.63141675	49
57.7549785	49
57.87854025	35
57.87854025	49
58.002102	49
58.12566375	49
58.2492255	35
58.2492255	49
58.37278725	49
58.496349	38
58.61991075	49
58.7434725	49
58.867034249999996	49
58.990596	35
58.990596	49
59.11590774999999	49
59.24121949999999	35
59.24121949999999	49
59.366531249999994	49
59.491842999999996	38
59.61465474999999	49
59.7374665	49
59.86027824999999	49
59.98309	35
59.98309	49
60.105901749999994	49
60.2287135	35
60.2287135	49
60.351525249999995	49
60.47433699999999	38
60.59214874999999	49
60.709960499999994	49
60.827772249999995	49
60.94558399999999	35
60.94558399999999	49
61.069395749999984	49
61.19320749999999	35
61.19320749999999	49
61.31701924999999	49
61.440830999999996	38
61.56214274999999	49
61.683454499999996	49
61.80476624999999	35
61.80476624999999	49
61.926078	49
62.04988974999999	49
62.17370149999999	35
62.17370149999999	49
62.297513249999994	49
62.421324999999996	38
62.540136749999995	49
62.658948499999994	49
62.77776024999999	49
62.89657199999999	35
62.89657199999999	49
63.27363224999999	35
63.39931899999999	38
63.39931899999999	42
63.64569249999999	35
63.64569249999999	42
63.89206599999999	35
63.89206599999999	42
64.14343949999999	42
64.394813	38
64.394813	42
64.87755999999999	35
64.87755999999999	42
65.13005849999999	42
65.25630774999999	35
65.38255699999999	38
65.38255699999999	42
65.6250555	35
65.6250555	42
65.86755399999998	35
65.86755399999998	42
66.11505249999999	42
66.36255099999998	38
66.36255099999998	42
66.61004949999999	42
66.857548	35
66.857548	42
67.1039215	42
67.22710825	35
67.35029499999999	38
67.35029499999999	42
67.59666849999999	35
67.59666849999999	42
67.843042	35
67.843042	42
68.0894155	42
68.33578899999999	38
68.33578899999999	42
68.818536	35
68.818536	42
69.066784	42
69.190908	35
69.31503199999999	38
69.31503199999999	42
69.56327999999999	35
69.56327999999999	42
69.811528	35
69.811528	42
70.059776	42
70.30802399999999	38
70.30802399999999	42
70.82452	35
70.82452	49
71.19464275	35
71.31801700000001	38
71.31801700000001	42
71.5597655	35
71.5597655	42
71.801514	35
71.801514	42
72.0482625	42
72.295011	38
72.295011	42
72.778508	35
72.778508	42
73.023006	42
73.145255	35
73.267504	38
73.267504	42
73.512002	35
73.512002	42
73.7565	35
73.7565	42
74.000998	42
74.245496	38
74.245496	42
74.494994	42
74.74449200000001	35
74.74449200000001	42
74.98861500000001	42
75.11067650000001	35
75.23273800000001	38
75.23273800000001	42
75.47686100000001	35
75.47686100000001	42
75.720984	35
75.720984	42
75.965107	42
76.20923	38
76.20923	42
76.69747600000001	35
76.69747600000001	42
76.9480995	42
77.07341125000002	35
77.19872300000002	38
77.19872300000002	42
77.44434650000001	35
77.44434650000001	42
77.68997000000002	35
77.68997000000002	42
77.93059350000001	42
78.17121700000001	38
78.17121700000001	42
78.66246400000001	35
78.66246400000001	49
78.91458750000001	35
78.91458750000001	42
79.04064925000002	42
79.16671100000002	38
79.29027275000001	42
79.41383450000002	42
79.53739625000001	42
79.66095800000002	35
79.66095800000002	42
79.78451975000002	42
79.90808150000002	35
79.90808150000002	42
80.03164325000002	42
80.15520500000002	38
80.27876675000002	42
80.40232850000002	42
80.52589025000002	42
80.64945200000003	35
80.64945200000003	42
80.77263875000003	42
80.89582550000003	35
80.89582550000003	42
81.01901225000003	42
81.14219900000002	38
81.26538575000002	42
81.38857250000002	42
81.51175925000003	42
81.63494600000003	35
81.63494600000003	42
81.75563275000003	42
81.87631950000002	35
81.87631950000002	42
81.99700625000001	42
82.11769300000002	38
82.24087975000002	42
82.36406650000002	42
82.48725325000002	42
82.61044000000003	35
82.61044000000003	42
82.73268900000002	42
82.85493800000002	35
82.85493800000002	42
82.97718700000003	42
83.09943600000003	38
83.21918500000002	42
83.33893400000001	42
83.45868300000002	42
83.57843200000002	35
83.57843200000002	42
83.70318100000001	42
83.82793000000002	35
83.82793000000002	42
83.95267900000003	42
84.07742800000003	38
84.19467700000003	42
84.31192600000001	42
84.42917500000003	42
84.54642400000003	35
84.54642400000003	42
84.67423575000002	42
84.80204750000003	35
84.80204750000003	42
84.92985925000004	42
85.05767100000003	38
85.18048275000002	42
85.30329450000002	42
85.42610625000003	42
85.54891800000003	35
85.54891800000003	42
85.67172975000003	42
85.79454150000002	35
85.79454150000002	42
85.91735325000002	42
86.04016500000003	38
86.16047675000003	42
86.28078850000001	42
86.40110025000001	42
86.52141200000003	35
86.52141200000003	42
86.64597350000003	42
86.77053500000004	35
86.77053500000004	42
86.89509650000004	42
87.01965800000004	38
87.14171950000004	42
87.26378100000004	42
87.38584250000004	42
87.50790400000002	35
87.50790400000002	42
87.62996550000003	42
87.75202700000003	35
87.75202700000003	42
87.87408850000003	42
87.99615000000003	38
88.11821150000003	42
88.24027300000003	42
88.36233450000003	42
88.48439600000003	35
88.48439600000003	42
88.60914500000003	42
88.73389400000003	35
88.73389400000003	42
88.85864300000004	42
88.98339200000004	38
89.10564100000003	42
89.22789000000003	42
89.35013900000004	42
89.47238800000004	35
89.47238800000004	42
89.59463700000003	42
89.71688600000003	35
89.71688600000003	42
89.83913500000004	42
89.96138400000004	38
90.08113300000004	42
90.20088200000002	42
90.32063100000003	42
90.44038000000003	35
90.44038000000003	42
90.56300425000003	42
90.68562850000004	35
90.68562850000004	42
90.80825275000004	42
90.93087700000004	38
91.05350125000004	42
91.17612550000003	42
91.29874975000003	42
91.42137400000003	35
91.42137400000003	42
91.54649825000003	42
91.67162250000004	35
91.67162250000004	42
91.79674675000004	42
91.92187100000004	38
92.04199525000004	42
92.16211950000005	42
92.28224375000003	42
92.40236800000004	35
92.40236800000004	42
92.52536700000003	42
92.64836600000004	35
92.64836600000004	42
92.77136500000003	42
92.89436400000004	38
93.01486300000003	42
93.13536200000004	42
93.25586100000002	42
93.37636000000003	35
93.37636000000003	42
93.49935900000003	42
93.62235800000003	35
93.62235800000003	42
93.86835600000003	38
93.99135500000003	38
94.11435400000003	38
94.23735300000003	38
94.36035200000003	35
94.36035200000003	49
94.61435050000003	35
94.61435050000003	49
94.74134975000004	49
94.86834900000004	38
94.99284825000004	49
95.11734750000004	49
95.24184675000004	49
95.36634600000004	35
95.36634600000004	49
95.49334525000003	49
95.62034450000004	35
95.62034450000004	49
95.74734375000004	49
95.87434300000004	38
95.99884225000004	49
96.12334150000005	49
96.24784075000005	49
96.37234000000005	35
96.37234000000005	49
96.49608925000005	49
96.61983850000006	35
96.61983850000006	49
96.74358775000005	49
96.86733700000005	38
96.99108625000005	49
97.11483550000005	49
97.23858475000006	35
97.23858475000006	49
97.36233400000005	49
97.48358325000005	49
97.60483250000004	35
97.60483250000004	49
97.72608175000005	49
97.84733100000004	38
97.97108025000004	49
98.09482950000005	49
98.21857875000005	49
98.34232800000005	35
98.34232800000005	49
98.46532700000004	49
98.58832600000005	35
98.58832600000005	49
98.71132500000004	49
98.83432400000005	38
98.95732300000004	49
99.08032200000005	49
99.20332100000005	49
99.32632000000005	35
99.32632000000005	49
99.44931900000005	49
99.57231800000005	35
99.57231800000005	49
99.69531700000005	49
99.81831600000005	38
99.93881500000005	49
100.05931400000004	49
100.17981300000004	49
100.30031200000005	35
100.30031200000005	49
100.42562375000004	49
100.55093550000005	35
100.55093550000005	49
100.67624725000006	49
100.80155900000005	38
100.92437075000005	49
101.04718250000005	49
101.16999425000006	35
101.16999425000006	49
101.29280600000006	49
101.41811775000005	49
101.54342950000006	35
101.54342950000006	49
101.66874125000005	49
101.79405300000006	38
101.91436475000006	49
102.03467650000005	49
102.15498825000005	49
102.27530000000006	35
102.27530000000006	49
102.40117425000005	49
102.52704850000006	35
102.52704850000006	49
102.65292275000006	49
102.77879700000007	38
102.90217125000007	49
103.02554550000006	49
103.14891975000006	49
103.27229400000006	35
103.27229400000006	49
103.39316825000006	49
103.51404250000006	35
103.51404250000006	49
103.63491675000006	49
103.75579100000006	38
103.87666525000006	49
103.99753950000004	49
104.11841375000004	49
104.23928800000006	35
104.23928800000006	49
104.36559975000007	49
104.49191150000006	35
104.49191150000006	49
104.61822325000007	49
104.74453500000007	38
104.86584675000007	49
104.98715850000006	49
105.10847025000007	35
105.10847025000007	49
105.22978200000007	49
105.34859375000008	49
105.46740550000005	35
105.46740550000005	49
105.58621725000006	49
105.70502900000007	38
105.82634075000007	49
105.94765250000006	49
106.06896425000006	49
106.19027600000007	35
106.19027600000007	49
106.43964950000007	42
106.56433625000007	35
106.68902300000006	38
106.68902300000006	42
106.93339650000006	35
106.93339650000006	42
107.17777000000007	35
107.17777000000007	42
107.42714350000006	42
107.67651700000006	38
107.67651700000006	42
107.92089050000007	42
108.16526400000008	35
108.16526400000008	42
108.41901250000008	42
108.54588675000008	35
108.67276100000008	38
108.67276100000008	42
108.91650950000007	35
108.91650950000007	42
109.16025800000007	35
109.16025800000007	42
109.40400650000008	42
109.64775500000007	38
109.64775500000007	42
109.88650350000006	42
110.12525200000007	35
110.12525200000007	42
110.37812550000008	42
110.50456225000008	35
110.63099900000007	38
110.63099900000007	42
110.87887250000009	35
110.87887250000009	42
111.12674600000008	35
111.12674600000008	42
111.37461950000008	42
111.62249300000008	38
111.62249300000008	42
111.86536650000006	42
112.10824000000008	35
112.10824000000008	42
112.35386350000007	42
112.47667525000008	35
112.59948700000008	38
112.59948700000008	42
112.84511050000008	35
112.84511050000008	42
113.09073400000008	35
113.09073400000008	42
113.33635750000008	42
113.58198100000008	38
113.58198100000008	42
114.08322800000009	35
114.08322800000009	49
114.3266015000001	42
114.44828825000009	35
114.56997500000008	38
114.56997500000008	42
114.81334850000009	35
114.81334850000009	42
115.0567220000001	35
115.0567220000001	42
115.3000955000001	42
115.54346900000009	38
115.54346900000009	42
115.78684250000009	42
116.0302160000001	35
116.0302160000001	42
116.27583950000009	42
116.3986512500001	35
116.5214630000001	38
116.5214630000001	42
116.76708650000009	35
116.76708650000009	42
117.0127100000001	35
117.0127100000001	42
117.25833350000009	42
117.5039570000001	38
117.5039570000001	42
117.74458050000008	42
117.9852040000001	35
117.9852040000001	42
118.2380775000001	42
118.3645142500001	35
118.4909510000001	38
118.4909510000001	42
118.7388245000001	35
118.7388245000001	42
118.9866980000001	35
118.9866980000001	42
119.2345715000001	42
119.4824450000001	38
119.4824450000001	42
119.72531850000009	42
119.9681920000001	35
119.9681920000001	42
120.22069050000012	42
120.3469397500001	35
120.4731890000001	38
120.4731890000001	42
120.72068750000011	35
120.72068750000011	42
120.9681860000001	35
120.9681860000001	42
121.21568450000011	42
121.4631830000001	38
121.4631830000001	42
121.95818000000011	35
121.95818000000011	49
122.20917800000012	42
122.33467700000011	35
122.46017600000012	38
122.46017600000012	42
122.70617400000012	35
122.70617400000012	42
122.95217200000012	35
122.95217200000012	42
123.19817000000012	42
123.44416800000012	38
123.44416800000012	42
123.68516600000011	42
123.92616400000011	35
123.92616400000011	42
124.17528700000013	42
124.29984850000012	35
124.42441000000012	38
124.42441000000012	42
124.66853300000012	35
124.66853300000012	42
124.91265600000011	35
124.91265600000011	42
125.1517790000001	42
125.39090200000011	38
125.39090200000011	42
125.63502500000011	42
125.87914800000011	35
125.87914800000011	42
126.12477150000011	42
126.24758325000012	35
126.37039500000012	38
126.37039500000012	42
126.61601850000011	35
126.61601850000011	42
126.86164200000012	35
126.86164200000012	42
127.10726550000011	42
127.35288900000012	38
127.35288900000012	42
127.59851250000011	42
127.84413600000012	35
127.84413600000012	42
128.0893845000001	42
128.2120087500001	35
128.3346330000001	38
128.3346330000001	42
128.57488150000012	35
128.57488150000012	42
128.81513000000012	35
128.81513000000012	42
129.06037850000013	42
129.30562700000013	38
129.30562700000013	42
129.80612400000012	35
129.80612400000012	49
130.05899750000012	42
130.18543425000013	35
130.3118710000001	38
130.3118710000001	42
130.5547445000001	35
130.5547445000001	42
130.7976180000001	35
130.7976180000001	42
131.04549150000014	42
131.29336500000014	38
131.29336500000014	42
131.54123850000013	42
131.78911200000013	35
131.78911200000013	42
132.03361000000012	42
132.15585900000013	35
132.27810800000012	38
132.27810800000012	42
132.52260600000014	35
132.52260600000014	42
132.76710400000013	35
132.76710400000013	42
133.01160200000012	42
133.25610000000012	38
133.25610000000012	42
133.50059800000014	42
133.74509600000013	35
133.74509600000013	42
133.99034450000013	35
133.99034450000013	42
134.23559300000014	38
134.23559300000014	42
134.48084150000014	42
134.72609000000014	35
134.72609000000014	42
134.97133850000014	35
134.97133850000014	42
135.21658700000012	38
135.21658700000012	42
135.45683550000012	42
135.69708400000013	47
135.82052075000013	47
135.94395750000012	47
136.06739425000012	47
136.19083100000012	47
136.6745780000001	38
136.7955147500001	38
136.91645150000014	38
137.03738825000013	38
137.15832500000013	38
137.64207200000013	35
137.64207200000013	49
138.02138225000013	35
138.1478190000001	38
138.1478190000001	42
138.40069250000013	35
138.40069250000013	42
138.65356600000013	35
138.65356600000013	42
138.8964395000001	42
139.13931300000013	38
139.13931300000013	42
139.62506000000013	35
139.62506000000013	42
139.87630850000014	42
140.00193275000012	35
140.12755700000014	38
140.12755700000014	42
140.37880550000014	35
140.37880550000014	42
140.63005400000014	35
140.63005400000014	42
140.88130250000015	42
141.13255100000012	38
141.13255100000012	42
141.37879950000013	42
141.62504800000013	35
141.62504800000013	42
141.87492150000014	42
141.99985825000013	35
142.12479500000012	38
142.12479500000012	42
142.36966850000013	35
142.36966850000013	42
142.6145420000001	35
142.6145420000001	42
142.85941550000013	42
143.10428900000014	38
143.10428900000014	42
143.59403600000013	35
143.59403600000013	42
143.84153450000014	42
143.96528375000014	35
144.08903300000014	38
144.08903300000014	42
144.33653150000012	35
144.33653150000012	42
144.58403000000013	35
144.58403000000013	42
144.82652850000014	42
145.06902700000015	38
145.06902700000015	42
145.57402400000012	35
145.57402400000012	49
145.81814700000012	42
145.94020850000013	35
146.06227000000013	38
146.06227000000013	42
146.30639300000013	35
146.30639300000013	42
146.55051600000013	35
146.55051600000013	42
146.79463900000013	42
147.03876200000013	38
147.03876200000013	42
147.5270080000001	35
147.5270080000001	42
147.7737565000001	42
147.89713075000012	35
148.0205050000001	38
148.0205050000001	42
148.2672535000001	35
148.2672535000001	42
148.51400200000012	35
148.51400200000012	42
148.7607505000001	42
149.0074990000001	38
149.0074990000001	42
149.2542475000001	42
149.5009960000001	35
149.5009960000001	42
149.7454940000001	42
149.8677430000001	35
149.9899920000001	38
149.9899920000001	42
150.2344900000001	35
150.2344900000001	42
150.4789880000001	35
150.4789880000001	42
150.7234860000001	42
150.9679840000001	38
150.9679840000001	42
151.4469800000001	35
151.4469800000001	42
151.6972285000001	42
151.8223527500001	35
151.9474770000001	38
151.9474770000001	42
152.1927255000001	35
152.1927255000001	42
152.4379740000001	35
152.4379740000001	42
152.67822250000012	35
152.67822250000012	42
152.9184710000001	38
152.9184710000001	42
153.4189680000001	35
153.4189680000001	49
153.6749660000001	35
153.6749660000001	42
153.8029650000001	42
153.9309640000001	38
154.0539630000001	42
154.1769620000001	42
154.2999610000001	42
154.4229600000001	35
154.4229600000001	42
154.5459590000001	42
154.6689580000001	35
154.6689580000001	42
154.7919570000001	42
154.9149560000001	38
155.0329550000001	42
155.15095400000007	42
155.2689530000001	42
155.3869520000001	35
155.3869520000001	42
155.5097637500001	42
155.6325755000001	35
155.6325755000001	42
155.7553872500001	42
155.87819900000008	38
156.0010107500001	42
156.1238225000001	42
156.24663425000008	42
156.3694460000001	35
156.3694460000001	42
156.4947577500001	42
156.62006950000008	35
156.62006950000008	42
156.7453812500001	42
156.87069300000007	38
156.9885047500001	42
157.1063165000001	42
157.2241282500001	42
157.3419400000001	35
157.3419400000001	42
157.46975175000009	42
157.5975635000001	35
157.5975635000001	42
157.7253752500001	42
157.85318700000008	38
157.9759987500001	42
158.09881050000007	42
158.22162225000008	42
158.3444340000001	35
158.3444340000001	42
158.46474575000008	42
158.5850575000001	35
158.5850575000001	42
158.7053692500001	42
158.8256810000001	38
158.9459927500001	42
159.0663045000001	42
159.1866162500001	42
159.3069280000001	35
159.3069280000001	42
159.4326147500001	42
159.5583015000001	35
159.5583015000001	42
159.6839882500001	42
159.8096750000001	38
159.93286175000011	42
160.05604850000012	42
160.1792352500001	42
160.3024220000001	35
160.3024220000001	42
160.4256087500001	42
160.5487955000001	35
160.5487955000001	42
160.6719822500001	42
160.7951690000001	38
160.9158557500001	42
161.0365425000001	42
161.1572292500001	42
161.27791600000012	35
161.27791600000012	42
161.40016500000013	42
161.5224140000001	35
161.5224140000001	42
161.64466300000012	42
161.7669120000001	38
161.88916100000012	42
162.01141000000013	42
162.1336590000001	42
162.25590800000012	35
162.25590800000012	42
162.38065700000013	42
162.5054060000001	35
162.5054060000001	42
162.63015500000012	42
162.7549040000001	38
162.8771530000001	42
162.99940200000012	42
163.1216510000001	42
163.2439000000001	35
163.2439000000001	42
163.36421175000012	42
163.4845235000001	35
163.4845235000001	42
163.60483525000012	42
163.7251470000001	38
163.84795875000012	42
163.97077050000013	42
164.0935822500001	42
164.21639400000012	35
164.21639400000012	42
164.33920575000013	42
164.46201750000012	35
164.46201750000012	42
164.58482925000013	42
164.7076410000001	38
164.83045275000012	42
164.95326450000013	42
165.0760762500001	42
165.19888800000012	35
165.19888800000012	42
165.32076225000012	42
165.44263650000013	35
165.44263650000013	42
165.56451075000012	42
165.68638500000012	38
165.81075925000013	42
165.93513350000012	42
166.0595077500001	42
166.18388200000012	35
166.18388200000012	42
166.30575625000012	42
166.4276305000001	35
166.4276305000001	42
166.54950475000012	42
166.67137900000012	38
166.7932532500001	42
166.91512750000012	42
167.03700175000012	42
167.1588760000001	35
167.1588760000001	42
167.28112500000012	42
167.4033740000001	35
167.4033740000001	42
167.5256230000001	42
167.6478720000001	38
167.7676210000001	42
167.88737000000012	42
168.0071190000001	42
168.12686800000012	35
168.12686800000012	42
168.24911700000013	42
168.3713660000001	35
168.3713660000001	42
168.6158640000001	38
168.7406130000001	38
168.86536200000012	38
168.9901110000001	38
169.1148600000001	35
169.1148600000001	49
169.3681080000001	35
169.3681080000001	49
169.4947320000001	49
169.6213560000001	38
169.7454800000001	49
169.8696040000001	49
169.9937280000001	49
170.11785200000008	35
170.11785200000008	49
170.24447600000013	49
170.37110000000013	35
170.37110000000013	49
170.49772400000012	49
170.6243480000001	38
170.74597200000008	49
170.8675960000001	49
170.9892200000001	49
171.1108440000001	35
171.1108440000001	49
171.2345932500001	49
171.3583425000001	35
171.3583425000001	49
171.4820917500001	49
171.6058410000001	38
171.7295902500001	49
171.8533395000001	49
171.9770887500001	35
171.9770887500001	49
172.1008380000001	49
172.2245872500001	49
172.3483365000001	35
172.3483365000001	49
172.4720857500001	49
172.5958350000001	38
172.7170842500001	49
172.83833350000012	49
172.9595827500001	49
173.0808320000001	35
173.0808320000001	49
173.2063310000001	49
173.33183000000008	35
173.33183000000008	49
173.4573290000001	49
173.5828280000001	38
173.70582700000008	49
173.82882600000008	49
173.9518250000001	49
174.0748240000001	35
174.0748240000001	49
174.19782300000008	49
174.32082200000008	35
174.32082200000008	49
174.4438210000001	49
174.5668200000001	38
174.6873190000001	49
174.80781800000008	49
174.9283170000001	49
175.0488160000001	35
175.0488160000001	49
175.1750652500001	49
175.3013145000001	35
175.3013145000001	49
175.4275637500001	49
175.5538130000001	38
175.67756225000008	49
175.80131150000008	49
175.92506075000009	35
175.92506075000009	49
176.0488100000001	49
176.1725592500001	49
176.2963085000001	35
176.2963085000001	49
176.4200577500001	49
176.5438070000001	38
176.6650562500001	49
176.7863055000001	49
176.9075547500001	49
177.0288040000001	35
177.0288040000001	49
177.1516157500001	49
177.2744275000001	35
177.2744275000001	49
177.3972392500001	49
177.52005100000008	38
177.6428627500001	49
177.7656745000001	49
177.88848625000008	49
178.0112980000001	35
178.0112980000001	49
178.1366097500001	49
178.26192150000008	35
178.26192150000008	49
178.3872332500001	49
178.51254500000007	38
178.6328567500001	49
178.7531685000001	49
178.87348025000009	49
178.9937920000001	35
178.9937920000001	49
179.1183535000001	49
179.2429150000001	35
179.2429150000001	49
179.3674765000001	49
179.4920380000001	38
179.6115995000001	49
179.7311610000001	49
179.8507225000001	35
179.8507225000001	49
179.9702840000001	49
180.0923455000001	49
180.2144070000001	35
180.2144070000001	49
180.3364685000001	49
180.4585300000001	38
180.5780915000001	49
180.69765300000012	49
180.8172145000001	49
180.9367760000001	35
180.9367760000001	49
181.3149612500001	35
181.4410230000001	38
181.4410230000001	42
181.68814650000007	35
181.68814650000007	42
181.9352700000001	35
181.9352700000001	42
182.18239350000007	42
182.4295170000001	38
182.4295170000001	42
182.67664050000008	42
182.9237640000001	35
182.9237640000001	42
183.17088750000008	42
183.2944492500001	35
183.4180110000001	38
183.4180110000001	42
183.67013450000007	35
183.67013450000007	42
183.92225800000008	35
183.92225800000008	42
184.16438150000008	42
184.4065050000001	38
184.4065050000001	42
184.65362850000008	42
184.9007520000001	35
184.9007520000001	42
185.1456255000001	42
185.2680622500001	35
185.3904990000001	38
185.3904990000001	42
185.6353725000001	35
185.6353725000001	42
185.88024600000008	35
185.88024600000008	42
186.1251195000001	42
186.3699930000001	38
186.3699930000001	42
186.6148665000001	42
186.8597400000001	35
186.8597400000001	42
187.1038630000001	42
187.2259245000001	35
187.3479860000001	38
187.3479860000001	42
187.5921090000001	35
187.5921090000001	42
187.8362320000001	35
187.8362320000001	42
188.0853550000001	42
188.3344780000001	38
188.3344780000001	42
188.5736010000001	42
188.8127240000001	35
188.8127240000001	42
189.0579725000001	42
189.1805967500001	35
189.3032210000001	38
189.3032210000001	42
189.5484695000001	35
189.5484695000001	42
189.7937180000001	35
189.7937180000001	42
190.0389665000001	42
190.28421500000007	38
190.28421500000007	42
190.52946350000008	42
190.77471200000008	35
190.77471200000008	42
191.02258550000008	42
191.1465222500001	35
191.27045900000007	38
191.27045900000007	42
191.51333250000008	35
191.51333250000008	42
191.75620600000008	35
191.75620600000008	42
192.0040795000001	42
192.2519530000001	38
192.2519530000001	42
192.4998265000001	42
192.7477000000001	35
192.7477000000001	42
192.9990735000001	42
193.1247602500001	35
193.2504470000001	38
193.2504470000001	42
193.4968205000001	35
193.4968205000001	42
193.74319400000007	35
193.74319400000007	42
193.98456750000008	42
194.2259410000001	38
194.2259410000001	42
194.4723145000001	42
194.7186880000001	35
194.7186880000001	42
194.9650615000001	42
195.0882482500001	35
195.2114350000001	38
195.2114350000001	42
195.45280850000006	35
195.45280850000006	42
195.69418200000007	35
195.69418200000007	42
195.93555550000008	35
195.93555550000008	42
196.1769290000001	38
196.3051157500001	35
196.3051157500001	42
196.6896760000001	35
196.6896760000001	49