5.945927999999999	35
5.945927999999999	49
6.311297499999999	42
6.493982249999999	42
7.0470365	35
7.0470365	42
7.417406	35
7.7877754999999995	42
8.158145	38
8.5335145	42
8.908884	35
9.274253499999999	42
10.0149925	35
10.0149925	42
10.390362	35
10.7657315	42
11.141100999999999	38
11.5114705	42
11.881839999999999	35
12.2522095	42
12.437394249999999	42
12.987948499999998	35
12.987948499999998	42
13.353317999999998	35
13.7236875	42
14.094057	38
14.469426499999999	42
14.844796	35
15.221537221817647	42
15.965031260416666	35
15.965031260416666	42
16.331778260416666	35
16.698525260416666	42
17.065272260416666	38
17.442019260416664	49
17.818766260416666	35
17.818766260416666	49
18.19051326041667	42
18.929007260416668	35
18.929007260416668	42
19.295754260416665	35
19.667501260416667	42
20.039248260416667	38
20.415995260416665	42
20.792742260416667	35
21.164489260416666	42
21.90298326041667	35
21.90298326041667	42
22.269730260416665	35
22.641477260416668	42
23.013224260416667	38
23.384971260416666	49
23.756718260416665	35
24.128465260416665	42
24.866959260416667	35
24.866959260416667	42
25.23370626041667	35
25.60545326041667	42
25.97720026041667	38
26.353947260416668	49
26.730694260416666	35
27.097441260416666	42
27.280814760416668	42
27.83593526041667	35
27.83593526041667	42
28.20768226041667	35
28.57942926041667	42
28.95117626041667	38
29.32792353042614	49
29.704630112500002	35
29.704630112500002	49
30.075000612500002	42
30.815741612500002	35
30.815741612500002	42
31.186112112500002	35
31.5564826125	42
31.7416678625	42
31.9268531125	38
32.297223612500005	49
32.667594112500005	35
33.037964612500005	42
33.778705612500005	35
33.778705612500005	42
34.149076112500005	35
34.519446612500005	42
34.889817112500005	38
35.2651876125	49
35.6405581125	35
36.0109286125	42
36.7516696125	35
36.7516696125	42
37.1220401125	35
37.4924106125	42
37.8627811125	38
38.2381516125	49
38.6135221125	35
38.979801030565056	42
39.717373979166666	35
39.717373979166666	42
40.08866047916667	35
40.459946979166666	47
40.83123347916667	38
41.20751997916666	47
41.39566322916667	47
41.58380647916667	35
41.58380647916667	49
41.955092979166665	42
42.697665979166665	35
42.697665979166665	42
43.06895247916667	35
43.440238979166665	42
43.81152547916667	38
44.17781197916667	49
44.54409847916667	35
44.54409847916667	49
44.91538497916667	42
45.65795797916667	35
45.65795797916667	42
46.02924447916667	35
46.40053097916667	42
46.77181747916667	38
47.14310397916667	49
47.51439047916667	35
47.88067697916667	42
48.61824997916667	35
48.61824997916667	42
48.989536479166674	35
49.365822979166666	42
49.74210947916667	38
50.11339597916667	49
50.48468247916667	35
50.85596897916667	42
51.59854197916667	35
51.59854197916667	42
51.96982847916667	35
52.34111497916667	42
52.71240147916667	38
53.07868797916667	49
53.44497447916667	35
53.81626097916667	42
54.55883397916667	35
54.55883397916667	42
54.93012047916667	35
55.30140697916667	42
55.672693479166675	38
56.04397997916667	49
56.22962322916667	35
56.22962322916667	49
56.41526647916667	35
56.41526647916667	49
56.78655297916667	42
57.34598272916667	35
57.53412597916667	35
57.53412597916667	42
57.910412479166666	35
57.910412479166666	47
57.910412479166666	47
58.46734222916667	47
58.46734222916667	47
59.02427197916667	47
59.20991522916667	47
59.39555847916667	35
59.39555847916667	49
59.76684497916667	42
60.50941797916667	35
60.50941797916667	42
61.246990979166675	42
61.613277479166676	38
61.98456397916667	42
62.17020722916667	42
62.35585047916667	35
62.73213697916667	42
63.47970997916667	35
63.47970997916667	42
64.22228297916666	42
64.59356947916667	38
64.96485597916667	49
65.33614247916667	35
65.33614247916667	49
65.71242897916667	42
66.46000197916668	35
66.46000197916668	42
67.19257497916666	42
67.55386147916667	38
67.92514797916667	42
68.11079122916667	42
68.29643447916666	35
68.67272097916666	42
68.86086422916668	35
69.41529397916666	35
69.41529397916666	42
70.15286697916666	47
70.52415347916666	38
70.89043997916667	42
71.07358322916667	42
71.25672647916667	35
71.25672647916667	49
71.63801297916669	42
72.39058597916667	35
72.39058597916667	42
73.13315897916667	42
73.31880222916666	42
73.50444547916666	38
73.87573197916667	42
74.06137522916667	35
74.24701847916667	35
74.61830497916668	42
75.36087797916667	35
75.36087797916667	42
76.10345097916667	42
76.47473747916666	38
76.84102397916666	35
76.84102397916666	42
77.02416722916666	42
77.20731047916667	35
77.20731047916667	49
77.39545372916666	49
77.48952535416666	49
77.58359697916669	49
77.77174022916668	49
77.95988347916668	49
78.14552672916668	49
78.33116997916667	35
78.33116997916667	49
78.70245647916667	35
79.06874297916666	42
79.25188622916666	42
79.43502947916666	38
79.80631597916665	49
80.17760247916667	35
80.17760247916667	49
80.36324572916666	49
80.45606735416666	49
80.54888897916666	49
80.73453222916667	49
80.92017547916667	49
81.10581872916667	49
81.29146197916667	35
81.29146197916667	49
81.66274847916667	35
81.84839172916666	49
82.03403497916666	42
82.21967822916666	42
82.40532147916666	38
82.77660797916666	49
83.14789447916667	35
83.14789447916667	49
83.52418097916667	42
84.26675397916667	35
84.26675397916667	42
84.63304047916667	35
84.99932697916667	42
85.36561347916667	38
85.74189997916666	42
86.11818647916667	35
86.49447297916667	42
87.23704597916667	35
87.23704597916667	42
87.60333247916667	35
87.97461897916666	42
88.34590547916666	38
88.71719197916666	42
88.90283522916666	42
89.08847847916667	35
89.46476497916667	42
90.20733797916667	35
90.20733797916667	42
90.57362447916667	35
90.93991097916667	42
91.30619747916667	38
91.67748397916667	42
92.04877047916668	35
92.42005697916667	42
93.16262997916668	35
93.16262997916668	42
93.53391647916668	35
93.90520297916667	42
94.09084622916667	42
94.27648947916667	38
94.65277600492185	42
95.02905865416668	35
95.02905865416668	49
95.40011565416667	42
96.13722965416667	35
96.13722965416667	42
96.50328665416667	35
96.86934365416667	42
97.23540065416667	38
97.61145765416668	42
97.98751465416667	35
98.35857165416668	42
99.10068565416668	35
99.10068565416668	42
99.47174265416668	35
99.85279965416669	42
100.23385665416667	38
100.59491365416667	42
100.95597065416668	35
101.32702765416668	42
102.07414165416667	35
102.07414165416667	42
102.45019865416667	35
102.82125565416666	42
103.19231265416667	38
103.56336965416666	42
103.93442665416667	35
104.30548365416666	42
104.86206915416666	35
105.04759765416667	35
105.04759765416667	42
105.41865465416667	35
105.78471165416667	47
106.15076865416668	38
106.52682565416667	47
106.71485415416667	47
106.90288265416667	35
106.90288265416667	49
107.27393965416667	42
108.00605365416666	35
108.00605365416666	42
108.36711065416667	35
108.74316765416668	42
109.11922465416667	38
109.49528165416667	42
109.68331015416668	35
109.68331015416668	42
109.87133865416666	35
109.87133865416666	49
110.24239565416667	42
110.98450965416667	35
110.98450965416667	42
111.35556665416667	35
111.71662365416665	42
112.07768065416667	38
112.44873765416668	42
112.81979465416667	35
113.19585165416667	42
113.94296565416668	35
113.94296565416668	42
114.31402265416668	35
114.68507965416667	42
115.05613665416668	38
115.42719365416667	42
115.61272215416668	35
115.61272215416668	42
115.79825065416668	35
115.79825065416668	49
116.16930765416667	42
116.91642165416667	35
116.91642165416667	42
117.29247865416667	35
117.66353565416667	42
118.03459265416667	38
118.40564965416667	42
118.77670665416666	35
118.77670665416666	49
119.14276365416667	42
119.87987765416668	35
119.87987765416668	42
120.25093465416667	35
120.62699165416667	49
121.00304865416666	38
121.37410565416667	42
121.55963415416666	42
121.74516265416666	35
121.74516265416666	49
122.11621965416667	42
122.85833365416667	35
122.85833365416667	42
123.22939065416666	47
123.22939065416666	47
123.41491915416667	47
123.41491915416667	47
123.97150465416667	47
123.97150465416667	47
124.34256165416666	49
124.52809015416666	47
124.71361865416667	35
124.71361865416667	49
125.08467565416667	42
125.82678965416666	35
125.82678965416666	42
126.56890365416666	42
126.93996065416667	38
127.31101765416666	49
127.49654615416667	49
127.68207465416667	35
128.05813165416666	42
128.80024565416667	35
128.80024565416667	42
129.5373596541667	42
129.72288815416667	42
129.90841665416667	38
130.28447365416667	49
130.47250215416668	49
130.66053065416668	35
130.66053065416668	49
131.03158765416666	42
131.77370165416667	35
131.77370165416667	42
132.14475865416668	42
132.5158156541667	42
132.88687265416667	38
133.25792965416667	49
133.62898665416665	35
133.62898665416665	42
134.00004365416666	42
134.18557215416666	35
134.74215765416668	35
134.74215765416668	42
135.48427165416666	47
135.85532865416667	38
135.85532865416667	38
136.22138565416668	49
136.4044141541667	49
136.58744265416667	35
136.58744265416667	49
136.95849965416667	35
136.95849965416667	42
137.32955665416668	38
137.7006136541667	35
137.7006136541667	49
138.44772765416667	42
138.63575615416667	42
138.82378465416667	38
139.18984165416668	35
139.18984165416668	49
139.55589865416667	35
139.55589865416667	49
139.92695565416668	42
140.6690696541667	35
140.6690696541667	42
141.04012665416667	42
141.41618365416667	42
141.79224065416668	38
141.79224065416668	42
142.16329765416666	42
142.3488261541667	35
142.3488261541667	42
142.53435465416666	35
142.53435465416666	49
142.71988315416667	49
142.90541165416667	49
143.09094015416667	49
143.27646865416668	49
143.45949715416666	49
143.55101140416667	49
143.6425256541667	35
143.6425256541667	49
143.82555415416667	49
144.00858265416667	35
144.00858265416667	49
144.19411115416668	49
144.37963965416668	49
144.7506966541667	38
145.12175365416667	42
145.30728215416667	42
145.49281065416668	35
145.49281065416668	49
145.68083915416668	49
145.77485340416666	49
145.86886765416668	49
146.05689615416668	49
146.42795315416666	49
146.61098165416666	35
146.61098165416666	49
146.79401015416667	49
146.97703865416668	35
146.97703865416668	49
147.16256715416668	49
147.34809565416668	49
147.71915265416666	38
148.09020965416667	42
148.27573815416667	42
148.46126665416668	35
148.46126665416668	49
148.82732365416666	49
149.01035215416664	49
149.19338065416667	49
149.56443765416665	35
149.56443765416665	49
149.74996615416666	49
149.93549465416666	35
149.93549465416666	49
150.12102315416666	49
150.30655165416667	49
150.67760865416665	38
151.05366565416668	42
151.24169415416668	42
151.42972265416668	35
151.42972265416668	49
151.8007796541667	49
151.98630815416666	49
152.17183665416667	49
152.35736515416667	49
152.54289365416668	35
152.54289365416668	49
152.91395065416668	35
152.91395065416668	49
153.0994791541667	49
153.25408623750002	49
153.65606465416667	38
154.03212165416667	42
154.22015015416667	42
154.40817865416668	35
154.40817865416668	49
154.77923565416668	49
154.96476415416666	49
155.15029265416666	49
155.33582115416667	49
155.52134965416667	35
155.52134965416667	49
155.89240665416668	35
155.89240665416668	49
156.07793515416668	49
156.26346365416666	49
156.63452065416666	38
156.63452065416666	47
157.00057765416668	42
157.18360615416668	42
157.3666346541667	35
157.3666346541667	49
157.55216315416666	49
157.73769165416667	49
157.92322015416667	49
158.10874865416667	49
158.29677715416668	49
158.48480565416668	35
158.48480565416668	49
158.86086265416662	35
158.86086265416662	49
159.04139115416666	49
159.22191965416664	49
159.58297665416666	38
159.58297665416666	47
159.95403365416666	42
160.13956215416664	42
160.32509065416667	35
160.32509065416667	49
160.51311915416667	49
160.6071334041667	49
160.70114765416668	49
160.88917615416668	49
161.07720465416668	49
161.44826165416666	35
161.44826165416666	49
161.81931865416666	35
162.0048471541667	49
162.19037565416667	49
162.37590415416668	49
162.56143265416668	38
162.56143265416668	47
162.93748965416668	42
163.12551815416666	42
163.3135466541667	35
163.3135466541667	49
163.67960365416667	49
163.86263215416668	49
164.0456606541667	49
164.2361891541667	49
164.42671765416668	35
164.42671765416668	49
164.6172461541667	49
164.80777465416665	47
164.80777465416665	47
165.36436015416666	47
165.36436015416666	47
165.54988865416666	47
165.54988865416666	47
165.92094565416667	47
165.92094565416667	47
166.29200265416662	35
166.29200265416662	49
166.65305965416664	42
166.83358815416665	42
167.38517365416666	35
168.12228765416666	42
168.4883446541667	38
168.8694016541667	49
169.25045865416666	35
169.62151565416667	42
170.36862965416665	35
170.36862965416665	42
171.11074365416667	42
171.47680065416668	38
171.8478576541667	49
172.03338615416666	35
172.03338615416666	49
172.21891465416667	35
172.21891465416667	49
172.58997165416665	42
173.32708565416667	35
173.32708565416667	42
174.06419965416669	42
174.4352566541667	38
174.80631365416667	42
174.99184215416668	35
174.99184215416668	42
175.17737065416668	35
175.54842765416666	42
175.7339561541667	35
176.29054165416667	35
176.29054165416667	42
177.0376556541667	47
177.2256841541667	47
177.41371265416666	38
178.13582665416666	35
178.13582665416666	49
178.8879406541667	38
179.2639976541667	35
179.2639976541667	49
180.01111165416668	42
180.38216865416666	38
180.75322565416667	42
180.93875415416667	35
181.12428265416662	35
181.12428265416662	49
181.49033965416663	42
181.67336815416664	35
181.67336815416664	42
182.22745365416668	35
182.22745365416668	42
182.97456765416672	42
183.35062465416667	38
183.72168165416664	49
183.90721015416668	35
183.90721015416668	49
184.09273865416665	35
184.09273865416665	49
184.46379565416666	42
184.64932415416666	42
185.20590965416667	35
185.20590965416667	42
185.57696665416665	35
185.94302365416664	42
186.30908065416668	38
186.68013765416666	49
186.8656661541667	35
186.8656661541667	49
187.05119465416666	35
187.05119465416666	49
187.60778015416668	47
187.60778015416668	47
187.97883715416665	35
188.1643656541667	35
188.34989415416666	47
188.5354226541667	47
188.90647965416667	47
189.27753665416668	35
189.27753665416668	38
189.64859365416666	38
189.8341221541667	38
190.01965065416667	35
190.01965065416667	49
190.39070765416668	42
191.13782165416671	35
191.13782165416671	42
192.24599265416668	38
192.6220496541667	49
192.8100781541667	35
192.8100781541667	49
192.99810665416666	35
193.36916365416667	42
194.11127765416668	35
194.11127765416668	42
194.85339165416667	42
195.22444865416665	38
195.59550565416666	49
195.78103415416666	35
195.96656265416667	35
195.96656265416667	49
196.33761965416667	42
197.07973365416666	35
197.07973365416666	42
197.82184765416665	42
198.19290465416665	38
198.56396165416666	49
198.74949015416666	35
198.74949015416666	49
198.93501865416664	35
199.30107565416665	42
199.48410415416663	35
200.0431896541667	35
200.0431896541667	42
200.41924665416667	47
200.60477515416667	47
200.79030365416665	47
200.97583215416668	47
201.16136065416666	38
201.16136065416666	47
201.34688915416666	38
201.34688915416666	47
201.53241765416666	38
201.53241765416666	47
201.71794615416667	38
201.71794615416667	47
201.90347465416667	47
201.90347465416667	47
202.08900315416665	47
202.08900315416665	47
202.27453165416668	47
202.27453165416668	47
202.46006015416665	47
202.46006015416665	47
202.6455886541667	38
202.6455886541667	38
203.0216456541667	35
203.0216456541667	49
203.76375965416662	42
204.12981665416666	38
204.50087365416667	42
204.68640215416664	35
204.87193065416668	35
205.24298765416668	42
205.42851615416666	35
205.98510165416667	35
205.98510165416667	42
206.72221565416663	35
206.72221565416663	42
207.0882726541667	38
207.4643296541667	42
207.65235815416668	42
207.84038665416668	35
207.84038665416668	49
208.21144365416666	42
208.39697215416666	49
208.5825006541667	49
208.95855765416667	35
208.95855765416667	42
209.1465861541667	49
209.3346146541666	35
209.3346146541666	42
209.6956716541666	42
209.8762001541666	42
210.0567286541667	38
210.4327856541667	49
210.62081415416668	35
210.8088426541667	47
211.3729281541667	47
211.56095665416663	47
211.92701365416661	49
212.11004215416665	49
212.29307065416666	35
212.29307065416666	47
213.03518465416667	38
213.40624165416668	38
213.40624165416668	38
213.59177015416665	38
213.77729865416669	35
213.77729865416669	49
214.1533556541667	42
214.5294126541666	42
214.89546965416662	35
214.89546965416662	42
215.26152665416663	42
215.62758365416664	42
215.9936406541667	38
215.9936406541667	42
216.3696976541667	49
216.5577261541667	49
216.74575465416666	35
216.74575465416666	42
217.11681165416667	42
217.30234015416667	42
217.48786865416665	42
217.85892565416665	35
217.85892565416665	42
218.22998265416666	42
218.60103965416667	42
218.9720966541667	38
218.9720966541667	47
219.34815365416668	42
219.53618215416668	35
219.53618215416668	42
219.72421065416665	35
219.72421065416665	49
220.09526765416663	42
220.46632465416664	42
220.83738165416665	35
220.83738165416665	42
221.2084386541666	42
221.56949565416662	42
221.7500241541666	42
221.93055265416675	38
222.31160965416672	42
222.50213815416672	35
222.69266665416666	35
223.06372365416664	42
223.24925215416667	35
223.24925215416667	42
223.80083765416663	35
223.80083765416663	42
224.16689465416667	42
224.53795165416668	35
224.53795165416668	42
224.72348015416665	35
224.90900865416668	38
224.90900865416668	47
225.28006565416663	35
225.28006565416663	42
225.46559415416667	35
225.46559415416667	42
225.65112265416664	35
225.65112265416664	49
226.02217965416665	42
226.39323665416666	38
226.76429365416666	35
226.76429365416666	49
227.13535065416667	42
227.50640765416668	42
227.87746465416672	38
227.87746465416672	42
228.25352165416666	42
228.4415501541667	35
228.4415501541667	42
228.62957865416664	35
228.62957865416664	49
229.00063565416664	42
229.37169265416662	42
229.73774965416663	35
229.73774965416663	42
230.10380665416662	42
230.46486365416663	35
230.46486365416663	42
230.82592065416662	38
230.82592065416662	42
231.19697765416663	42
231.56803465416664	35
231.56803465416664	49