4.365624	35
4.365624	47
4.6384755	35
4.6384755	47
4.911327	38
4.911327	47
5.1791785	47
5.447030000000001	35
5.447030000000001	47
5.7198815000000005	35
5.7198815000000005	47
5.992733	38
5.992733	47
6.2655845	47
6.538436000000001	35
6.538436000000001	47
6.812340500000001	35
6.812340500000001	47
7.086245000000001	38
7.086245000000001	47
7.3601495	47
7.634054000000001	35
7.634054000000001	47
7.907958500000001	35
7.907958500000001	47
8.181863000000002	38
8.181863000000002	47
8.4557675	47
8.729672	35
8.729672	47
9.001898500000001	35
9.001898500000001	47
9.274125000000002	38
9.274125000000002	47
9.5463515	47
9.818578	35
9.818578	47
10.0908045	35
10.0908045	47
10.363031000000001	38
10.363031000000001	47
10.6352575	47
10.907484	35
10.907484	47
11.1797105	35
11.1797105	47
11.451937000000001	38
11.451937000000001	47
11.724163500000001	47
11.99639	35
11.99639	47
12.2736165	35
12.2736165	47
12.550843	38
12.550843	47
12.823069499999999	47
13.095296000000001	35
13.095296000000001	47
13.368353	35
13.368353	47
13.64141	38
13.64141	47
13.914467000000002	47
14.187524000000002	35
14.187524000000002	47
14.460581000000001	35
14.460581000000001	47
14.733638000000001	38
14.733638000000001	47
15.006695	47
15.279752000000002	35
15.279752000000002	47
15.553314000000002	35
15.553314000000002	47
15.826876000000002	38
15.826876000000002	47
16.100438	47
16.374000000000002	35
16.374000000000002	47
16.647562	35
16.647562	47
16.921124000000002	38
16.921124000000002	47
17.189686000000002	47
17.458248	35
17.458248	47
17.73181	35
17.73181	47
18.005372	38
18.005372	47
18.278934	47
18.552496	35
18.552496	47
18.826058	35
18.826058	47
19.09962	38
19.09962	47
19.373182	47
19.646744	35
19.646744	47
19.920306	35
19.920306	47
20.193868	38
20.193868	47
20.46743	47
20.740992000000002	35
20.740992000000002	47
21.009554	35
21.009554	47
21.278116	38
21.278116	47
21.551678000000003	47
21.825240000000004	35
21.825240000000004	47
22.102664000000004	35
22.102664000000004	47
22.380088000000004	38
22.380088000000004	47
22.652512	47
22.924936000000002	35
22.924936000000002	47
23.197360000000003	35
23.197360000000003	47
23.469784	38
23.469784	47
23.742208	47
24.014632000000002	35
24.014632000000002	47
24.287095	35
24.287095	47
24.559558000000003	38
24.559558000000003	47
24.832021	47
25.104484000000003	35
25.104484000000003	47
25.376947	35
25.376947	47
25.649410000000003	38
25.649410000000003	47
25.921873	47
26.194336000000003	35
26.194336000000003	47
26.466998000000004	35
26.466998000000004	47
26.739660000000004	38
26.739660000000004	47
27.012322000000005	47
27.284984000000005	35
27.284984000000005	47
27.557646000000002	35
27.557646000000002	47
27.830308000000002	38
27.830308000000002	47
28.102970000000003	47
28.375632000000003	35
28.375632000000003	47
28.654605500000002	35
28.654605500000002	47
28.933579	38
28.933579	47
29.202552500000007	47
29.471526000000004	35
29.471526000000004	47
29.745499500000005	35
29.745499500000005	47
30.019473000000005	38
30.019473000000005	47
30.293446500000005	47
30.567420000000002	35
30.567420000000002	47
30.836258000000004	35
30.836258000000004	47
31.105096000000003	38
31.105096000000003	47
31.383934000000004	47
31.662772	35
31.662772	47
31.93661	35
31.93661	47
32.21044800000001	38
32.21044800000001	47
32.479286	47
32.748124	35
32.748124	47
33.025645999999995	35
33.025645999999995	47
33.303168	38
33.303168	47
33.57069	47
33.838212	35
33.838212	47
34.115734	35
34.115734	47
34.393256	38
34.393256	47
34.665777999999996	47
34.9383	35
34.9383	47
35.2083465	35
35.2083465	47
35.478393000000004	38
35.478393000000004	47
35.748439499999996	47
36.018486	35
36.018486	47
36.2935325	35
36.2935325	47
36.56857900000001	38
36.56857900000001	47
36.8436255	47
37.118672000000004	35
37.118672000000004	47
37.395652	35
37.395652	47
37.672632	38
37.672632	47
37.934612	47
38.196592	35
38.196592	47
38.473572000000004	35
38.473572000000004	47
38.750552000000006	38
38.750552000000006	47
39.027532	47
39.304512	35
39.304512	47
39.57338300000001	35
39.57338300000001	47
39.842254000000004	38
39.842254000000004	47
40.116125000000004	47
40.389996000000004	35
40.389996000000004	47
40.663867	35
40.663867	47
40.937738	38
40.937738	47
41.211609	47
41.48548	35
41.48548	47
41.758343	35
41.758343	47
42.031206000000005	38
42.031206000000005	47
42.29906900000001	47
42.566932	35
42.566932	47
42.844795	35
42.844795	47
43.122658	38
43.122658	47
43.395521	47
43.668384	35
43.668384	47
43.9372145	35
43.9372145	47
44.206045	38
44.206045	47
44.4798755	47
44.753706	35
44.753706	47
45.027536500000004	35
45.027536500000004	47
45.301367000000006	38
45.301367000000006	47
45.570197500000006	47
45.839028000000006	35
45.839028000000006	47
46.114579500000005	35
46.114579500000005	47
46.390131000000004	38
46.390131000000004	47
46.66568250000001	47
46.94123400000001	35
46.94123400000001	47
47.21678550000001	35
47.21678550000001	47
47.492337000000006	38
47.492337000000006	47
47.7628885	47
48.03344	35
48.03344	47
48.307646999999996	35
48.307646999999996	47
48.581854	38
48.581854	47
48.851061	47
49.120268	35
49.120268	47
49.394475	35
49.394475	47
49.668682000000004	38
49.668682000000004	47
49.942889	47
50.217096	35
50.217096	47
50.491303	35
50.491303	47
50.76551	38
50.76551	47
51.039717	47
51.313924	35
51.313924	47
51.58313100000001	35
51.58313100000001	47
51.852338	38
51.852338	47
52.126545	47
52.400752000000004	35
52.400752000000004	47
52.673615000000005	35
52.673615000000005	47
52.946478000000006	38
52.946478000000006	47
53.21934100000001	47
53.492204	35
53.492204	47
53.765067	35
53.765067	47
54.03793	38
54.03793	47
54.310793000000004	47
54.583656000000005	35
54.583656000000005	47
54.856519000000006	35
54.856519000000006	47
55.12938200000001	38
55.12938200000001	47
55.397245000000005	47
55.665108000000004	35
55.665108000000004	47
55.942971	35
55.942971	47
56.220834	38
56.220834	47
56.493697000000004	47
56.766560000000005	35
56.766560000000005	47
57.038078500000005	35
57.038078500000005	47
57.309597000000004	38
57.309597000000004	47
57.5811155	47
57.852634	35
57.852634	47
58.12415250000001	35
58.12415250000001	47
58.39567100000001	38
58.39567100000001	47
58.677189500000004	47
58.958708	35
58.958708	47
59.2302265	35
59.2302265	47
59.501745	38
59.501745	47
59.7732635	47
60.044782000000005	35
60.044782000000005	47
60.316300500000004	35
60.316300500000004	47
60.587819	38
60.587819	47
60.8593375	47
61.130856	35
61.130856	47
61.404727	35
61.404727	47
61.678598	38
61.678598	47
61.947469000000005	47
62.21634	35
62.21634	47
62.495211	35
62.495211	47
62.774082	38
62.774082	47
63.042953000000004	47
63.311824	35
63.311824	47
63.585695	35
63.585695	47
63.859566	38
63.859566	47
64.128437	47
64.397308	35
64.397308	47
64.671179	35
64.671179	47
64.94505	38
64.94505	47
65.22392099999999	47
65.502792	35
65.502792	47
65.775319	35
65.775319	47
66.04784599999999	38
66.04784599999999	47
66.320373	47
66.5929	35
66.5929	47
66.865427	35
66.865427	47
67.137954	38
67.137954	47
67.410481	47
67.683008	35
67.683008	47
67.95885400000002	35
67.95885400000002	47
68.2347	38
68.2347	47
68.50554600000001	47
68.776392	35
68.776392	47
69.04723800000001	35
69.04723800000001	47
69.31808400000001	38
69.31808400000001	47
69.59393	47
69.869776	35
69.869776	47
70.140622	35
70.140622	47
70.411468	38
70.411468	47
70.68231399999999	47
70.95316	35
70.95316	47
71.22900600000001	35
71.22900600000001	47
71.504852	38
71.504852	47
71.775698	47
72.046544	35
72.046544	47
72.3214225	35
72.3214225	47
72.596301	38
72.596301	47
72.86617949999999	47
73.13605799999999	35
73.13605799999999	47
73.4059365	35
73.4059365	47
73.675815	38
73.675815	47
73.9506935	38
73.9506935	47
74.225572	35
74.225572	47
74.499443	35
74.499443	47
74.773314	42
74.773314	47
75.047185	47
75.321056	35
75.321056	47
75.594927	35
75.594927	47
75.868798	42
75.868798	47
76.41654	35
76.41654	47
76.690411	35
76.690411	47
76.964282	42
76.964282	47
77.512024	35
77.512024	47
77.785895	35
77.785895	47
78.059766	42
78.059766	47
78.32863699999999	47
78.59750799999999	35
78.59750799999999	47
78.86869099999998	35
78.86869099999998	47
79.13987399999999	42
79.13987399999999	47
79.69224	35
79.69224	47
79.96342299999999	35
79.96342299999999	47
80.234606	42
80.234606	47
80.776972	35
80.776972	47
81.05315499999999	35
81.05315499999999	47
81.32933799999999	42
81.32933799999999	47
81.87170399999998	35
81.87170399999998	47
82.14288699999999	35
82.14288699999999	47
82.41406999999998	42
82.41406999999998	47
82.68525299999999	47
82.95643599999998	35
82.95643599999998	47
83.23497099999999	35
83.23497099999999	47
83.51350599999999	42
83.51350599999999	47
83.78704099999999	47
84.06057599999998	35
84.06057599999998	47
84.32911099999998	35
84.32911099999998	47
84.59764599999998	42
84.59764599999998	47
85.154716	35
85.154716	47
85.423251	35
85.423251	47
85.69178599999998	42
85.69178599999998	47
86.23885599999998	35
86.23885599999998	47
86.51239099999998	35
86.51239099999998	47
86.78592599999999	42
86.78592599999999	47
87.05946099999998	47
87.33299599999998	35
87.33299599999998	47
87.60485099999998	35
87.60485099999998	47
87.87670599999998	42
87.87670599999998	47
88.42041599999997	35
88.42041599999997	47
88.69227099999998	35
88.69227099999998	47
88.96412599999998	42
88.96412599999998	47
89.50783599999998	35
89.50783599999998	47
89.78137099999998	35
89.78137099999998	47
90.05490599999999	42
90.05490599999999	47
90.60197599999998	35
90.60197599999998	47
90.87551099999999	35
90.87551099999999	47
91.14904599999998	42
91.14904599999998	47
91.42258099999998	47
91.69611599999999	35
91.69611599999999	47
91.96965099999998	35
91.96965099999998	47
92.24318599999998	42
92.24318599999998	47
92.79025599999999	35
92.79025599999999	47
93.06379099999998	35
93.06379099999998	47
93.33732599999999	42
93.33732599999999	47
93.61086099999999	47
93.88439599999998	35
93.88439599999998	47
94.15192299999998	35
94.15192299999998	47
94.41944999999998	42
94.41944999999998	47
94.97450399999998	35
94.97450399999998	47
95.24203099999998	35
95.24203099999998	47
95.50955799999998	42
95.50955799999998	47
95.782085	47
96.05461199999999	35
96.05461199999999	47
96.32713899999999	35
96.32713899999999	47
96.59966599999998	42
96.59966599999998	47
97.15471999999998	35
97.15471999999998	47
97.42724699999998	35
97.42724699999998	47
97.69977399999998	42
97.69977399999998	47
98.24482799999998	35
98.24482799999998	47
98.51735499999998	35
98.51735499999998	47
98.78988199999998	42
98.78988199999998	47
99.06240899999999	47
99.33493599999998	35
99.33493599999998	47
99.61246299999998	35
99.61246299999998	47
99.88998999999998	42
99.88998999999998	47
100.16251699999998	47
100.43504399999999	35
100.43504399999999	47
100.709251	35
100.709251	47
100.98345799999998	42
100.98345799999998	47
101.52187199999999	35
101.52187199999999	47
101.79607899999999	35
101.79607899999999	47
102.07028599999998	42
102.07028599999998	47
102.6087	35
102.6087	47
102.88290699999999	35
102.88290699999999	47
103.15711399999999	42
103.15711399999999	47
103.705528	35
103.705528	47
103.97973499999999	35
103.97973499999999	47
104.253942	42
104.253942	47
104.80235599999999	35
104.80235599999999	47
105.06988299999998	35
105.06988299999998	47
105.33740999999998	42
105.33740999999998	47
105.88246399999998	35
105.88246399999998	47
106.15499099999998	35
106.15499099999998	47
106.42751799999998	42
106.42751799999998	47
106.705045	47
106.98257199999999	35
106.98257199999999	47
107.25707449999999	35
107.25707449999999	47
107.53157699999998	42
107.53157699999998	47
108.07058199999999	35
108.07058199999999	47
108.34008449999997	35
108.34008449999997	47
108.60958699999998	42
108.60958699999998	47
108.87908949999998	42
109.14859199999998	35
109.14859199999998	47
109.42477499999998	47
109.70095799999999	38
109.70095799999999	47
109.97214099999998	47
110.24332399999999	35
110.24332399999999	47
110.51450699999998	35
110.51450699999998	47
110.78568999999999	38
110.78568999999999	47
111.05687299999998	47
111.05687299999998	47
111.32805599999999	35
111.32805599999999	47
111.60159099999998	35
111.60159099999998	47
111.875126	38
111.875126	47
112.153661	47
112.2929285	47
112.43219599999999	35
112.43219599999999	47
112.5689635	47
112.705731	35
112.705731	47
112.979266	38
112.979266	47
113.24780099999998	42
113.516336	35
113.516336	47
113.79222349999999	35
113.79222349999999	47
114.068111	38
114.068111	47
114.3439985	47
114.619886	35
114.619886	47
114.89577349999999	35
114.89577349999999	47
115.171661	38
115.171661	47
115.4475485	47
115.72343599999999	35
115.72343599999999	47
115.97760249999999	35
115.97760249999999	47
116.23176899999999	38
116.23176899999999	47
116.5009355	47
116.770102	35
116.770102	47
116.90718524999998	47
117.0442685	35
117.0442685	47
117.318435	38
117.318435	47
117.58760149999999	42
117.856768	35
117.856768	47
118.13862300000001	35
118.13862300000001	47
118.420478	38
118.420478	47
118.69733300000001	47
118.974188	35
118.974188	47
119.24104299999999	35
119.24104299999999	47
119.507898	38
119.507898	47
119.779753	47
120.051608	35
120.051608	47
120.322118	35
120.322118	47
120.592628	38
120.592628	47
120.863138	47
121.13364800000001	35
121.13364800000001	47
121.268903	47
121.404158	35
121.404158	47
121.674668	38
121.674668	47
121.945178	42
122.215688	35
122.215688	47
122.49355100000001	35
122.49355100000001	47
122.77141400000001	38
122.77141400000001	47
123.04427700000001	47
123.31714000000001	35
123.31714000000001	47
123.585003	35
123.585003	47
123.852866	38
123.852866	47
124.125729	47
124.398592	35
124.398592	47
124.676455	35
124.676455	47
124.954318	38
124.954318	47
125.222181	47
125.490044	35
125.490044	47
125.6264755	47
125.762907	35
125.762907	47
126.03577	38
126.03577	47
126.31363300000001	42
126.591496	35
126.591496	47
126.86435900000001	35
126.86435900000001	47
127.13722200000001	38
127.13722200000001	47
127.41008500000001	47
127.68294800000001	35
127.68294800000001	47
127.81937950000001	47
127.95581100000001	35
127.95581100000001	47
128.22867399999998	38
128.22867399999998	47
128.50153699999998	42
128.77439999999999	35
128.77439999999999	47
129.047263	35
129.047263	47
129.320126	38
129.320126	47
129.592989	47
129.865852	35
129.865852	47
130.0022835	47
130.138715	35
130.138715	47
130.411578	38
130.411578	47
130.679441	42
130.947304	35
130.947304	47
131.223323	35
131.223323	47
131.499342	38
131.499342	47
131.775361	47
132.05138	35
132.05138	47
132.32239900000002	35
132.32239900000002	47
132.593418	38
132.593418	47
132.869437	47
133.14545600000002	35
133.14545600000002	47
133.41895300000002	35
133.41895300000002	47
133.69245000000004	38
133.69245000000004	47
133.96594700000003	47
134.23944400000002	35
134.23944400000002	47
134.37619250000003	47
134.512941	35
134.512941	47
134.78643800000003	38
134.78643800000003	47
135.05993500000002	42
135.33343200000002	35
135.33343200000002	47
135.60518700000003	35
135.60518700000003	47
135.876942	38
135.876942	47
136.14869700000003	47
136.420452	35
136.420452	47
136.69220700000002	35
136.69220700000002	47
136.963962	38
136.963962	47
137.23571700000002	47
137.507472	35
137.507472	47
137.783646	35
137.783646	47
138.05982	38
138.05982	47
138.330994	47
138.602168	35
138.602168	47
138.737755	47
138.873342	35
138.873342	47
139.144516	38
139.144516	47
139.41569	42
139.68686399999999	35
139.68686399999999	47
139.960942	35
139.960942	47
140.23502	38
140.23502	47
140.514098	47
140.793176	35
140.793176	47
141.06225399999997	35
141.06225399999997	47
141.33133199999997	38
141.33133199999997	47
141.60540999999998	47
141.87948799999998	35
141.87948799999998	47
142.15566199999998	35
142.15566199999998	47
142.43183599999998	38
142.43183599999998	47
142.70300999999998	47
142.97418399999998	35
142.97418399999998	47
143.10727099999997	47
143.240358	35
143.240358	47
143.506532	38
143.506532	47
143.777706	42
144.04887999999997	35
144.04887999999997	47
144.32237699999996	35
144.32237699999996	47
144.59587399999998	38
144.59587399999998	47
144.87437099999997	47
145.15286799999996	35
145.15286799999996	47
145.42136499999995	35
145.42136499999995	47
145.68986199999998	38
145.68986199999998	47
145.96335899999997	47
146.23685599999996	35
146.23685599999996	47
146.51035299999998	35
146.51035299999998	47
146.78384999999997	38
146.78384999999997	47
147.05734699999996	47
147.33084399999996	35
147.33084399999996	47
147.60434099999998	35
147.60434099999998	47
147.74108949999996	35
147.87783799999997	38
147.87783799999997	47
148.15133499999996	42
148.42483199999998	35
148.42483199999998	47
148.69832899999997	35
148.69832899999997	47
148.97182599999996	38
148.97182599999996	47
149.24532299999996	47
149.51881999999998	35
149.51881999999998	47
149.79231699999997	35
149.79231699999997	47
150.06581399999996	38
150.06581399999996	47
150.33931099999998	47
150.61280799999997	35
150.61280799999997	47
150.88504749999998	35
150.88504749999998	47
151.15728699999997	38
151.15728699999997	47
151.42952649999998	47
151.70176599999996	35
151.70176599999996	47
151.83788574999997	47
151.97400549999998	35
151.97400549999998	47
152.24624499999996	38
152.24624499999996	47
152.51848449999997	42
152.79072399999998	35
152.79072399999998	47
153.06796349999996	35
153.06796349999996	47
153.34520299999997	38
153.34520299999997	47
153.61744249999995	47
153.88968199999997	35
153.88968199999997	47
154.16192149999998	35
154.16192149999998	47
154.43416099999996	38
154.43416099999996	47
154.70140049999998	47
154.96863999999997	35
154.96863999999997	47
155.24368549999997	35
155.24368549999997	47
155.51873099999997	38
155.51873099999997	47
155.78877649999998	47
156.05882199999996	35
156.05882199999996	47
156.19634474999998	47
156.33386749999997	35
156.33386749999997	47
156.60891299999997	38
156.60891299999997	47
156.88395849999998	42
157.15900399999998	35
157.15900399999998	47
157.43595299999998	35
157.43595299999998	47
157.71290199999999	38
157.71290199999999	47
157.98485099999996	47
158.25679999999997	35
158.25679999999997	47
158.52874899999998	35
158.52874899999998	47
158.80069799999998	38
158.80069799999998	47
159.07264699999996	47
159.34459599999997	35
159.34459599999997	47
159.61154499999998	35
159.61154499999998	47
159.878494	38
159.878494	47
160.145443	47
160.41239199999995	35
160.41239199999995	47
160.55086649999996	47
160.68934099999996	35
160.68934099999996	47
160.96629	38
160.96629	47
161.238239	42
161.51018799999997	35
161.51018799999997	47
161.79407199999994	35
161.79407199999994	47
162.07795599999992	38
162.07795599999992	47
162.35183999999995	47
162.62572399999996	35
162.62572399999996	47
162.76266599999994	47
162.89960799999994	35
162.89960799999994	47
163.17349199999995	38
163.17349199999995	47
163.44237599999997	42
163.71125999999995	35
163.71125999999995	47
163.97917649999997	35
163.97917649999997	47
164.24709299999995	38
164.24709299999995	47
164.52500949999995	47
164.80292599999996	35
164.80292599999996	47
164.93688424999996	47
165.07084249999997	35
165.07084249999997	47
165.33875899999995	38
165.33875899999995	47
165.61667549999996	42
165.89459199999996	35
165.89459199999996	47
166.16750849999994	35
166.16750849999994	47
166.44042499999995	38
166.44042499999995	47
166.71334149999996	47
166.98625799999996	35
166.98625799999996	47
167.25917449999994	35
167.25917449999994	47
167.53209099999995	38
167.53209099999995	47
167.80000749999996	47
168.06792399999995	35
168.06792399999995	47
168.34084049999996	35
168.34084049999996	47
168.61375699999996	38
168.61375699999996	47
168.88667349999997	47
169.15958999999995	35
169.15958999999995	47
169.29604824999996	47
169.43250649999996	35
169.43250649999996	47
169.70542299999997	38
169.70542299999997	47
169.98333949999997	42
170.26125599999995	35
170.26125599999995	47
170.53820499999995	35
170.53820499999995	47
170.81515399999995	38
170.81515399999995	47
171.08710299999993	47
171.35905199999993	35
171.35905199999993	47
171.62600099999995	35
171.62600099999995	47
171.89294999999996	38
171.89294999999996	47
172.15989899999994	47
172.42684799999995	35
172.42684799999995	47
172.70121599999996	35
172.70121599999996	47
172.97558399999994	38
172.97558399999994	47
173.25495199999995	47
173.53431999999995	35
173.53431999999995	47
173.67150399999994	47
173.80868799999993	35
173.80868799999993	47
174.08305599999994	38
174.08305599999994	47
174.35242399999996	42
174.62179199999994	35
174.62179199999994	47
174.90115999999995	35
174.90115999999995	47
175.18052799999995	38
175.18052799999995	47
175.45489599999993	47
175.72926399999994	35
175.72926399999994	47
175.99863199999996	35
175.99863199999996	47
176.26799999999994	38
176.26799999999994	47
176.54236799999995	47
176.81673599999996	35
176.81673599999996	47
177.08578149999997	35
177.08578149999997	47
177.35482699999997	38
177.35482699999997	47
177.62387249999998	47
177.89291799999995	35
177.89291799999995	47
178.16696349999995	35
178.16696349999995	47
178.44100899999995	38
178.44100899999995	47
178.71005449999996	42
178.97909999999996	35
178.97909999999996	47
179.25701649999996	47
179.53493299999994	38
179.53493299999994	47
179.80784949999995	47
180.08076599999995	35
180.08076599999995	47
180.34868249999997	35
180.34868249999997	47
180.61659899999995	38
180.61659899999995	47
180.88951549999996	47
181.16243199999997	35
181.16243199999997	47
181.43679999999998	35
181.43679999999998	47
181.71116799999996	38
181.71116799999996	47
181.98553599999997	47
182.25990399999998	35
182.25990399999998	47
182.39708799999997	47
182.53427199999996	35
182.53427199999996	47
182.80863999999997	38
182.80863999999997	47
183.08300799999998	42
183.35737599999996	35
183.35737599999996	47
183.63174399999997	35
183.63174399999997	47
183.90611199999998	38
183.90611199999998	47
184.18547999999996	47
184.46484799999996	35
184.46484799999996	47
184.73421599999998	35
184.73421599999998	47
185.00358399999996	38
185.00358399999996	47
185.27795199999997	47
185.55231999999998	35
185.55231999999998	47
185.82330149999999	35
185.82330149999999	47
186.094283	38
186.094283	47
186.36026449999997	47
186.62624599999998	35
186.62624599999998	47
186.76173674999998	47
186.89722749999999	35
186.89722749999999	47
187.168209	38
187.4441905	38
187.58218125	38
187.720172	35
187.720172	49
187.9950245	35
187.9950245	47
188.26987699999998	38
188.26987699999998	47
188.5447295	47
188.819582	35
188.819582	47
189.09443449999998	35
189.09443449999998	47
189.36928699999999	38
189.36928699999999	47
189.6441395	47
189.918992	35
189.918992	47
190.0542405	47
190.189489	35
190.189489	47
190.45998600000001	38
190.45998600000001	47
190.730483	47
191.00098	35
191.00098	47
191.13622850000002	47
191.271477	35
191.271477	47
191.541974	38
191.541974	47
191.81247100000002	47
191.81247100000002	47
192.082968	35
192.082968	47
192.082968	47
192.3563685	35
192.3563685	47
192.62976899999998	38
192.62976899999998	47
192.9031695	47
193.17657	35
193.17657	47
193.31327025	47
193.4499705	35
193.4499705	47
193.723371	38
193.723371	47
194.0017715	47
194.280172	35
194.280172	47
194.5561535	35
194.5561535	47
194.83213500000002	38
194.83213500000002	47
195.1031165	47
195.23860725	47
195.374098	35
195.374098	47
195.50708875	47
195.6400795	35
195.6400795	47
195.906061	38
195.906061	47
196.1770425	42
196.448024	35
196.448024	47
196.72432700000002	35
196.72432700000002	47
197.00063	38
197.00063	47
197.281933	47
197.56323600000002	35
197.56323600000002	47
197.69638750000001	47
197.82953900000004	35
197.82953900000004	47
198.095842	38
198.095842	47
198.37214500000002	47
198.648448	35
198.648448	47
198.91733200000002	35
198.91733200000002	47
199.186216	38
199.186216	47
199.4651	47
199.743984	35
199.743984	47
199.878426	47
200.012868	35
200.012868	47
200.281752	38
200.281752	47
200.55563600000002	47
200.82952	35
200.82952	47
201.1019525	35
201.1019525	47
201.374385	38
201.374385	47
201.6468175	47
201.78303375000002	47
201.91925	35
201.91925	47
202.05546625	47
202.1916825	35
202.1916825	47
202.464115	38
202.464115	47
202.7365475	47
203.00898	35
203.00898	47
203.14769625	47
203.2864125	35
203.2864125	47
203.563845	38
203.563845	47
203.8312775	47
204.09871	35
204.09871	47
204.23492625	47
204.3711425	35
204.3711425	47
204.643575	38
204.643575	47
204.9160075	38
204.9160075	42
205.18844	35
205.18844	47
205.4608725	47
205.733305	38
205.733305	47
206.0057375	47
206.27817	35
206.27817	47
206.41688625	47
206.5556025	47
206.833035	38
206.833035	47
207.1054675	47
207.37789999999998	35
207.37789999999998	47
207.51411625	47
207.6503325	47
207.922765	38
207.922765	47
208.1901975	47
208.45763	35
208.45763	47
208.59634625	47
208.7350625	47
209.012495	38
209.012495	47
209.27492749999996	42
209.53735999999998	35
209.53735999999998	47
209.8197925	47
210.102225	38
210.102225	47
210.37965749999998	47
210.65708999999998	35
210.65708999999998	47
210.79330624999997	47
210.9295225	47
211.201955	38
211.201955	47
211.47438749999998	47
211.74681999999999	35
211.74681999999999	47
212.0192525	47
212.29168499999997	38
212.29168499999997	47
212.56411749999998	47
212.83655	35
212.83655	47
212.97276624999998	47
213.1089825	47
213.38141499999998	38
213.38141499999998	47
213.65384749999998	42
213.92628	35
213.92628	47
214.1987125	47
214.47114499999998	38
214.47114499999998	47
214.7435775	47
215.01601	35
215.01601	47
215.14972625	47
215.28344249999998	47
215.550875	38
215.550875	47
215.8233075	47
216.09574	35
216.09574	47
216.23316625	47
216.37059250000001	47
216.645445	38
216.645445	47
216.9202975	47
217.19515	35
217.19515	47
217.33257625000002	47
217.4700025	47
217.744855	38
217.744855	47
218.0197075	42
218.29456000000002	35
218.29456000000002	47
218.43198625	47
218.5694125	47
218.844265	38
218.844265	47
219.11911750000002	47
219.39397	35
219.39397	47
219.53139625	47
219.6688225	47
219.943675	38
219.943675	47
220.2135275	42
220.48338	35
220.48338	47
220.61685450000002	47
220.750329	47
221.017278	38
221.017278	47
221.28922699999998	47
221.4252015	47
221.561176	35
221.561176	47
221.6971505	47
221.833125	35
221.833125	47
222.105074	38
222.105074	47
222.382023	38
222.382023	42
222.658972	35
222.658972	49
223.22287	38
223.756768	35
224.300666	38
224.844564	35
225.111513	35
225.378462	38
225.93236	35
226.204309	35
226.476258	38
226.748207	35
227.02015600000001	35
227.564054	38
228.107952	35
228.66185	38
229.205748	35
229.755453	38
230.0303055	35
230.16773175	47
230.305158	35
230.44258425	47
230.5800105	35
230.854863	38
231.1247155	42
231.39456800000002	35
231.939433	38
232.48429800000002	35
232.75673050000003	35
233.029163	38
233.57402800000003	35
234.118893	38
234.67375800000002	35
234.80747425	47
234.9411905	35
235.20862300000002	38
235.75348800000003	35
236.02882350000004	35
236.30415900000003	38
236.85483000000002	35
237.12516550000004	35
237.39550100000005	38
237.94617200000005	35
238.21812100000005	35
238.49007000000006	38
239.03396800000004	35
239.16744250000005	47
239.30091700000003	35
239.56786600000004	38
240.12176400000004	35
240.66566200000005	38
241.21956000000003	35
241.49150900000004	35
241.76345800000004	38
242.29735600000004	35
242.57430500000004	35
242.85125400000004	38
243.39515200000002	35
243.53112650000003	47
243.66710100000003	35
243.93905000000004	38
244.49294800000004	35
244.76828350000005	35
245.04361900000004	38
245.59429000000003	35
245.86462550000005	35
246.13496100000006	38
246.67563200000006	35
246.95258100000007	35
247.22953000000007	38
247.50147900000005	35
247.63745350000005	47
247.77342800000005	35
247.90940250000006	47
248.04537700000006	35
248.31732600000007	38
248.58927500000004	42
248.86122400000005	35
248.86122400000005	47
249.13607650000006	35
249.13607650000006	47
249.41092900000004	38
249.41092900000004	47
249.68578150000005	47
249.96063400000006	35
249.96063400000006	47
250.23548650000004	35
250.23548650000004	47
250.51033900000004	38
250.51033900000004	47
250.78519150000005	47
251.06004400000006	35
251.06004400000006	47
251.33296050000007	35
251.33296050000007	47
251.60587700000005	38
251.60587700000005	47
251.87879350000006	47
252.15171000000007	35
252.15171000000007	47
252.28816825000007	47
252.42462650000007	47
252.69754300000005	38
252.69754300000005	47
252.97045950000006	42
253.24337600000007	35
253.24337600000007	47
253.51532500000008	35
253.51532500000008	47
253.78727400000008	38
253.78727400000008	47
254.05922300000006	47
254.33117200000007	35
254.33117200000007	47
254.59812100000008	35
254.59812100000008	47
254.8650700000001	38
254.8650700000001	47
255.13701900000007	47
255.40896800000007	35
255.40896800000007	47
255.68591700000007	35
255.68591700000007	47
255.96286600000008	38
255.96286600000008	47
256.2348150000001	47
256.5067640000001	35
256.5067640000001	47
256.7787130000001	35
256.7787130000001	47
257.05066200000005	38
257.05066200000005	47
257.31761100000006	42
257.58456000000007	35
257.58456000000007	49
257.86150900000007	35
257.86150900000007	47
258.13845800000007	38
258.13845800000007	47
258.4154070000001	47
258.6923560000001	35
258.6923560000001	47
258.9643050000001	35
258.9643050000001	47
259.2362540000001	38
259.2362540000001	47
259.51320300000003	47
259.79015200000003	35
259.79015200000003	47
260.05952	35
260.05952	47
260.32888800000006	38
260.32888800000006	47
260.60325600000004	47
260.877624	35
260.877624	47
261.012308	47
261.14699200000007	35
261.14699200000007	47
261.41636000000005	38
261.41636000000005	47
261.69072800000004	47
261.9650960000001	35
261.9650960000001	47
262.2380125000001	35
262.2380125000001	47
262.5109290000001	38
262.5109290000001	47
262.7838455000001	47
263.05676200000005	35
263.05676200000005	47
263.32967850000006	35
263.32967850000006	47
263.60259500000006	38
263.60259500000006	47
263.8755115000001	47
264.1484280000001	35
264.1484280000001	47
264.4213445000001	35
264.4213445000001	47
264.6942610000001	38
264.6942610000001	47
264.96717750000005	47
265.1036357500001	47
265.24009400000006	35
265.24009400000006	47
265.3740522500001	47
265.50801050000007	35
265.50801050000007	47
265.7759270000001	38
265.7759270000001	47
266.0488435000001	42
266.3217600000001	35
266.3217600000001	47
266.5946765000001	35
266.5946765000001	47
266.86759300000006	38
266.86759300000006	47
267.14050950000006	47
267.4134260000001	35
267.4134260000001	47
267.6863425000001	35
267.6863425000001	47
267.9592590000001	38
267.9592590000001	47
268.2321755000001	47
268.5050920000001	35
268.5050920000001	47
268.77800850000006	35
268.77800850000006	47
269.05092500000006	38
269.05092500000006	47
269.32384150000007	47
269.5967580000001	35
269.5967580000001	47
269.73321625000005	47
269.8696745000001	35
269.8696745000001	47
270.1425910000001	38
270.1425910000001	47
270.4155075000001	47
270.68842400000005	35
270.68842400000005	47
270.96134050000006	35
270.96134050000006	47
271.23425700000007	38
271.23425700000007	47
271.5071735000001	47
271.7800900000001	35
271.7800900000001	47
272.0530065000001	35
272.0530065000001	47
272.3259230000001	38
272.3259230000001	47
272.60383950000005	47
272.88175600000005	35
272.88175600000005	47
273.14467250000007	35
273.14467250000007	47
273.4075890000001	38
273.4075890000001	47
273.6805055000001	47
273.81696375000007	47
273.9534220000001	35
273.9534220000001	47
274.0898802500001	47
274.2263385000001	35
274.2263385000001	47
274.4992550000001	38
274.4992550000001	47
274.77217150000007	38
274.77217150000007	47
275.0450880000001	35
275.0450880000001	49
275.3230045000001	35
275.3230045000001	47
275.6009210000001	38
275.6009210000001	47
275.8788375000001	47
276.1567540000001	35
276.1567540000001	47
276.4296705000001	35
276.4296705000001	47
276.70258700000005	38
276.70258700000005	47
276.97550350000006	47
277.24842000000007	35
277.24842000000007	47
277.5213365000001	35
277.5213365000001	47
277.7942530000001	38
277.7942530000001	47
278.0671695000001	47
278.3400860000001	35
278.3400860000001	47
278.4765442500001	47
278.61300250000005	35
278.61300250000005	47
278.88591900000006	38
278.88591900000006	47
279.16383550000006	47
279.44175200000006	35
279.44175200000006	47
279.7096685000001	35
279.7096685000001	47
279.9775850000001	38
279.9775850000001	47
280.2505015000001	47
280.52341800000005	35
280.52341800000005	47
280.79133450000006	35
280.79133450000006	47
281.0592510000001	38
281.0592510000001	47
281.3321675000001	47
281.6050840000001	35
281.6050840000001	47
281.8730005000001	35
281.8730005000001	47
282.1409170000001	38
282.1409170000001	47
282.41383350000007	47
282.6867500000001	35
282.6867500000001	47
282.8232082500001	47
282.9596665000001	35
282.9596665000001	47
283.2325830000001	38
283.2325830000001	47
283.5054995000001	42
283.7784160000001	35
283.7784160000001	47
284.0563325000001	35
284.0563325000001	47
284.33424900000006	38
284.33424900000006	47
284.60716550000006	47
284.8800820000001	35
284.8800820000001	47
285.1529985000001	35
285.1529985000001	47
285.4259150000001	38
285.4259150000001	47
285.6988315000001	47