10.807024	35
11.268149999999999	38
11.944838999999998	35
12.180401999999999	38
12.405964999999998	35
12.857090999999999	35
13.082653999999998	38
13.759343	35
13.984905999999999	38
14.426032	35
14.877158	38
15.543847	35
15.789409999999997	38
16.240536	35
16.240536	38
16.691661999999997	35
16.691661999999997	38
17.142788	35
17.142788	38
17.2555695	38
17.368350999999997	35
17.481132499999998	35
17.481132499999998	38
17.593913999999998	38
17.7066955	35
17.7066955	38
17.819477	35
17.9322585	38
18.045039999999997	35
18.045039999999997	49
18.496166	49
18.721729	35
18.947291999999997	35
18.947291999999997	42
19.398418	38
19.398418	42
19.623980999999997	35
19.849543999999998	35
19.849543999999998	42
20.300669999999997	38
20.300669999999997	42
20.526232999999998	35
20.751796	42
20.977358999999996	35
21.202921999999997	38
21.202921999999997	42
21.654048	35
21.654048	42
22.105173999999998	38
22.105173999999998	42
22.330737	35
22.556299999999997	35
22.556299999999997	42
23.007426	38
23.007426	42
23.232988999999996	35
23.458551999999997	35
23.458551999999997	42
23.909677999999996	38
23.909677999999996	42
24.135240999999997	35
24.360803999999998	42
24.586367	35
24.811929999999997	38
24.811929999999997	42
25.042493	42
25.273056	35
25.273056	49
25.714181999999997	38
25.714181999999997	42
25.939745	35
26.165307999999996	35
26.165307999999996	42
26.616433999999998	38
26.616433999999998	42
26.841997	35
27.067559999999997	35
27.067559999999997	42
27.518686	38
27.518686	42
27.744248999999996	35
27.969811999999997	42
28.195375	35
28.420937999999996	38
28.420937999999996	42
28.872063999999998	35
28.872063999999998	42
29.323189999999997	38
29.323189999999997	42
29.548752999999998	35
29.774316	35
29.774316	42
30.225441999999997	38
30.225441999999997	42
30.451005	35
30.676567999999996	35
30.676567999999996	42
31.127693999999998	38
31.127693999999998	42
31.353256999999996	35
31.578819999999997	42
32.029945999999995	42
32.255508999999996	38
32.255508999999996	42
32.481072	35
32.481072	42
32.706635	42
32.932198	38
32.932198	42
33.157760999999994	35
33.157760999999994	42
33.383323999999995	35
33.383323999999995	42
33.608886999999996	42
33.83445	38
33.83445	42
34.060013	35
34.060013	42
34.285576	35
34.285576	42
34.511139	42
34.736701999999994	38
34.736701999999994	42
34.962264999999995	35
34.962264999999995	42
35.187827999999996	42
35.413391	35
35.413391	42
35.638954	38
35.638954	42
35.864517	42
36.09007999999999	35
36.09007999999999	42
36.315642999999994	42
36.541205999999995	38
36.541205999999995	42
36.766769	35
36.766769	42
36.992332	35
36.992332	42
37.217895	42
37.443458	38
37.443458	42
37.669020999999994	35
37.669020999999994	42
37.894583999999995	35
37.894583999999995	42
38.120146999999996	42
38.34571	38
38.34571	42
38.571273	35
38.571273	42
38.796836	42
39.02239899999999	35
39.02239899999999	42
39.247961999999994	38
39.247961999999994	42
39.473524999999995	42
39.699087999999996	35
39.699087999999996	42
39.924651	42
40.150214	38
40.150214	42
40.375777	35
40.375777	42
40.60133999999999	35
40.60133999999999	42
40.826902999999994	42
41.052465999999995	38
41.052465999999995	42
41.278029	35
41.278029	42
41.503592	35
41.503592	42
41.729155	42
41.95471799999999	38
41.95471799999999	42
42.180280999999994	35
42.180280999999994	42
42.405843999999995	42
42.631406999999996	35
42.631406999999996	42
42.85697	38
42.85697	42
43.082533	42
43.308096	35
43.308096	42
43.53365899999999	42
43.759221999999994	38
43.759221999999994	42
43.984784999999995	35
43.984784999999995	42
44.210347999999996	35
44.210347999999996	42
44.435911	42
44.661474	38
44.661474	42
44.88703699999999	35
44.88703699999999	42
45.11259999999999	35
45.11259999999999	42
45.338162999999994	42
45.563725999999996	38
45.563725999999996	42
45.789289	35
45.789289	42
46.014852	38
46.014852	42
46.235415	35
46.235415	42
46.455977999999995	38
46.56620499999999	38
46.67643199999999	38
46.78665899999999	38
46.896885999999995	35
46.896885999999995	42
47.122448999999996	42
47.348012	38
47.348012	38
47.573575	35
47.573575	42
47.79913799999999	35
47.79913799999999	42
48.02470099999999	42
48.250263999999994	38
48.250263999999994	42
48.475826999999995	35
48.475826999999995	42
48.701389999999996	35
48.701389999999996	42
48.926953	42
49.15251599999999	38
49.15251599999999	42
49.37807899999999	35
49.37807899999999	42
49.603641999999994	42
49.829204999999995	35
49.829204999999995	42
50.054767999999996	38
50.054767999999996	42
50.280331	42
50.505894	35
50.505894	42
50.73145699999999	42
50.95701999999999	38
50.95701999999999	42
51.182582999999994	35
51.182582999999994	42
51.408145999999995	35
51.408145999999995	42
51.633708999999996	42
51.859272	38
51.859272	42
52.084835	35
52.084835	42
52.31039799999999	35
52.31039799999999	42
52.53596099999999	42
52.761523999999994	38
52.761523999999994	42
52.987086999999995	35
52.987086999999995	42
53.21265	42
53.43821299999999	35
53.43821299999999	42
53.66377599999999	38
53.66377599999999	42
53.88933899999999	42
54.114901999999994	35
54.114901999999994	42
54.340464999999995	42
54.566027999999996	38
54.566027999999996	42
54.791591	35
54.791591	42
55.01715399999999	35
55.01715399999999	42
55.24271699999999	42
55.46827999999999	38
55.46827999999999	42
55.693842999999994	35
55.693842999999994	42
55.919405999999995	35
55.919405999999995	42
56.144968999999996	42
56.370532	38
56.370532	42
56.59609499999999	35
56.59609499999999	42
56.82165799999999	42
57.04722099999999	35
57.04722099999999	42
57.272783999999994	38
57.272783999999994	42
57.50334699999999	42
57.733909999999995	35
57.733909999999995	42
57.954473	42
58.17503599999999	38
58.17503599999999	42
58.40059899999999	35
58.40059899999999	42
58.626161999999994	35
58.626161999999994	42
58.851724999999995	42
59.077287999999996	38
59.077287999999996	42
59.30285099999999	35
59.30285099999999	42
59.528414	35
59.528414	42
59.75397699999999	42
59.97953999999999	38
59.97953999999999	42
60.205102999999994	35
60.205102999999994	42
60.430665999999995	38
60.430665999999995	42
60.656228999999996	35
60.656228999999996	42
60.88179199999999	38
60.99957349999999	38
61.11735499999999	38
61.235136499999996	38
61.35291799999999	35
61.5691855	35
61.785453000000004	38
61.785453000000004	49
62.02172049999999	35
62.25798799999999	35
62.25798799999999	47
62.70911399999999	47
62.70911399999999	47
62.93467699999999	35
62.93467699999999	47
63.16023999999999	35
63.16023999999999	47
63.16023999999999	47
63.38580299999999	47
63.61136599999999	47
63.61136599999999	47
63.83692899999999	35
63.83692899999999	47
64.06249199999999	47
64.06249199999999	47
64.28805499999999	35
64.28805499999999	47
64.513618	47
64.513618	47
64.73918099999999	47
64.964744	35
64.964744	47
64.964744	47
65.185307	47
65.40586999999998	47
65.40586999999998	47
65.63143299999999	35
65.63143299999999	47
65.85699599999998	35
65.85699599999998	47
65.85699599999998	47
66.08255899999999	47
66.30812199999998	47
66.30812199999998	47
66.53868499999999	35
66.53868499999999	47
66.76924799999999	35
66.76924799999999	47
66.76924799999999	47
66.99481099999998	47
67.22037399999999	47
67.22037399999999	47
67.45093699999998	35
67.45093699999998	47
67.907063	35
67.907063	47
68.01984449999999	47
68.132626	47
68.2454075	47
68.358189	47
68.47097049999999	47
68.58375199999999	35
68.809315	35
69.03487799999999	38
69.03487799999999	49
69.255441	35
69.47600399999999	35
69.47600399999999	47
69.92712999999999	47
69.92712999999999	47
70.15269299999999	35
70.15269299999999	47
70.378256	35
70.378256	47
70.378256	47
70.60381899999999	47
70.829382	47
70.829382	47
71.05494499999999	35
71.05494499999999	47
71.28050799999998	47
71.28050799999998	47
71.50607099999999	35
71.50607099999999	47
71.73163399999999	47
71.73163399999999	47
71.957197	47
72.18275999999999	35
72.18275999999999	47
72.18275999999999	47
72.408323	47
72.63388599999999	47
72.63388599999999	47
72.85944899999998	35
72.85944899999998	47
73.08501199999999	35
73.08501199999999	47
73.08501199999999	47
73.31057499999999	47
73.536138	47
73.536138	47
73.76170099999999	35
73.76170099999999	47
73.98726399999998	35
73.98726399999998	47
73.98726399999998	47
74.21282699999999	47
74.43838999999998	47
74.43838999999998	47
74.66395299999999	35
74.66395299999999	47
74.88951599999999	38
75.00229749999998	38
75.115079	35
75.22786049999999	35
75.34064199999999	38
75.45342349999999	35
75.566205	35
75.79176799999999	35
75.79176799999999	49
76.24289399999999	38
76.24289399999999	49
76.46845699999999	35
76.69402	35
76.69402	49
77.13514599999998	38
77.13514599999998	49
77.36070899999999	35
77.58627199999998	35
77.58627199999998	49
78.04739799999999	38
78.04739799999999	49
78.27296099999998	35
78.49852399999999	49
78.724087	35
78.94964999999999	38
78.94964999999999	49
79.400776	35
79.400776	49
79.851902	38
79.851902	49
80.07746499999999	35
80.30302799999998	35
80.30302799999998	49
80.75415399999999	38
80.75415399999999	49
80.979717	35
81.20527999999999	35
81.20527999999999	49
81.65640599999999	38
81.65640599999999	49
81.88196899999998	35
82.10753199999999	49
82.33309499999999	35
82.55865799999998	38
82.55865799999998	49
83.009784	35
83.009784	49
83.46090999999998	38
83.46090999999998	49
83.68647299999999	35
83.91203599999999	35
83.91203599999999	49
84.36316199999999	38
84.36316199999999	49
84.58872499999998	35
84.81428799999999	35
84.81428799999999	49
85.25541399999999	38
85.25541399999999	49
85.48097699999998	35
85.70653999999998	49
85.93710299999998	35
86.16766599999998	38
86.16766599999998	49
86.61879199999998	35
86.61879199999998	49
87.06991799999999	38
87.06991799999999	49
87.295481	35
87.52104399999999	35
87.52104399999999	49
87.97216999999999	38
87.97216999999999	49
88.19773299999999	35
88.423296	35
88.423296	49
88.87442199999998	38
88.87442199999998	49
89.094985	35
89.31554799999998	38
89.43082949999997	38
89.54611099999998	35
89.66139249999998	35
89.77667399999999	38
90.00223699999998	35
90.22779999999999	35
90.22779999999999	49
90.67892599999999	38
90.67892599999999	49
90.90448899999998	35
91.13005199999999	35
91.13005199999999	49
91.581178	38
91.581178	49
91.80674099999999	35
92.03230399999998	35
92.03230399999998	49
92.48342999999998	38
92.48342999999998	49
92.70899299999999	35
92.93455599999999	49
93.15511899999998	35
93.37568199999998	38
93.37568199999998	49
93.83680799999999	35
93.83680799999999	49
94.28793399999998	38
94.28793399999998	49
94.51349699999999	35
94.73906	35
94.73906	49
95.19018599999998	38
95.19018599999998	49
95.41574899999998	35
95.64131199999999	35
95.64131199999999	49
96.09243799999999	38
96.09243799999999	49
96.31800099999998	35
96.54356399999999	49
96.769127	35
96.99468999999999	38
96.99468999999999	49
97.44581599999998	35
97.44581599999998	49
97.896942	38
97.896942	49
98.12250499999999	35
98.34806799999998	35
98.34806799999998	49
98.79919399999999	38
98.79919399999999	49
99.024757	35
99.25031999999999	35
99.25031999999999	49
99.70144599999999	38
99.70144599999999	49
99.92700899999998	35
100.15257199999999	49
100.37813499999999	35
100.60369799999998	38
100.60369799999998	49
101.054824	35
101.054824	49
101.50594999999998	38
101.50594999999998	49
101.73151299999998	35
101.95707599999999	35
101.95707599999999	49
102.40820199999999	35
102.40820199999999	38
102.40820199999999	49
102.63376499999998	35
102.63376499999998	38
102.85932799999998	35
103.310454	38
103.53601699999999	35
103.76157999999998	35
103.76157999999998	38
103.76157999999998	49
103.98714299999999	35
104.09992449999999	35
104.21270599999998	38
104.21270599999998	49
104.44326899999999	35
104.44326899999999	38
104.67383199999999	35
104.67383199999999	42
104.89439499999999	42
105.11495799999999	38
105.11495799999999	42
105.340521	35
105.340521	42
105.56608399999999	35
105.56608399999999	42
105.79164699999998	42
106.01720999999998	38
106.01720999999998	42
106.24277299999999	35
106.24277299999999	42
106.468336	35
106.468336	42
106.69389899999999	42
106.91946199999998	38
106.91946199999998	42
107.14502499999998	35
107.14502499999998	42
107.37058799999998	42
107.59615099999999	35
107.59615099999999	42
107.82171399999999	38
107.82171399999999	42
108.04727699999998	42
108.27283999999999	35
108.27283999999999	42
108.498403	42
108.72396599999999	38
108.72396599999999	42
108.94952899999998	35
108.94952899999998	42
109.17509199999998	35
109.17509199999998	42
109.40065499999999	42
109.626218	38
109.626218	42
109.85178099999999	35
109.85178099999999	42
110.07734399999998	35
110.07734399999998	42
110.30290699999998	42
110.52846999999998	38
110.52846999999998	42
110.75403299999999	35
110.75403299999999	42
110.97959599999999	42
111.20515899999998	35
111.20515899999998	42
111.43072199999999	38
111.43072199999999	42
111.65628499999998	42
111.88184799999999	35
111.88184799999999	42
112.10741099999998	42
112.33297399999998	38
112.33297399999998	42
112.55853699999999	35
112.55853699999999	42
112.7841	35
112.7841	42
113.004663	42
113.22522599999999	38
113.22522599999999	42
113.45578899999997	35
113.45578899999997	42
113.68635199999997	35
113.68635199999997	42
113.911915	42
114.13747799999999	38
114.13747799999999	42
114.36304099999998	35
114.36304099999998	42
114.58860399999998	42
114.81416699999998	35
114.81416699999998	42
115.03972999999999	38
115.03972999999999	42
115.26529299999999	42
115.49085599999998	35
115.49085599999998	42
115.71641899999999	42
115.941982	38
115.941982	42
116.16754499999999	35
116.16754499999999	42
116.39310799999998	35
116.39310799999998	42
116.61867099999998	42
116.84423399999999	38
116.84423399999999	42
117.069797	35
117.069797	42
117.29535999999999	35
117.29535999999999	42
117.52092299999998	42
117.74648599999998	38
117.74648599999998	42
117.97204899999998	35
117.97204899999998	42
118.19761199999999	38
118.19761199999999	42
118.42317499999999	35
118.42317499999999	42
118.64873799999998	42
118.87430099999999	38
118.98708249999999	38
119.09986399999998	35
119.31421399999999	35
119.52856399999999	38
119.52856399999999	49
119.75291399999998	35
119.97726399999996	35
119.97726399999996	47
120.42838999999998	47
120.42838999999998	47
120.65395299999997	35
120.65395299999997	47
120.87951599999998	35
120.87951599999998	47
120.87951599999998	47
121.10507899999998	47
121.33064199999998	47
121.33064199999998	47
121.55620499999998	35
121.55620499999998	47
121.78176799999997	47
121.78176799999997	47
122.00733099999998	35
122.00733099999998	47
122.23289399999997	47
122.23289399999997	47
122.45845699999998	47
122.68401999999998	35
122.68401999999998	47
122.68401999999998	47
122.90458299999997	47
123.12514599999999	47
123.12514599999999	47
123.35570899999996	35
123.35570899999996	47
123.58627199999997	35
123.58627199999997	47
123.58627199999997	47
123.81183499999997	47
124.03739799999998	47
124.03739799999998	47
124.26296099999998	35
124.26296099999998	47
124.48852399999997	35
124.48852399999997	47
124.48852399999997	47
124.71408699999998	47
124.93964999999997	47
124.93964999999997	47
125.17521299999996	35
125.17521299999996	47
125.41077599999996	38
125.52105749999998	38
125.631339	35
125.631339	47
125.7416205	47
125.851902	47
125.9596835	47
126.06746499999998	47
126.1752465	47
126.28302799999999	35
126.51359099999996	35
126.74415399999997	38
126.74415399999997	49
126.96971699999997	35
127.19527999999998	35
127.19527999999998	47
127.64640599999997	47
127.64640599999997	47
127.87196899999998	35
127.87196899999998	47
128.09753199999997	35
128.09753199999997	47
128.09753199999997	47
128.32309499999997	47
128.548658	47
128.548658	47
128.77422099999998	35
128.77422099999998	47
128.99978399999998	47
128.99978399999998	47
129.22534699999997	35
129.22534699999997	47
129.45090999999996	47
129.45090999999996	47
129.676473	47
129.90203599999998	35
129.90203599999998	47
129.90203599999998	47
130.12759899999998	47
130.35316199999997	47
130.35316199999997	47
130.57872499999996	35
130.57872499999996	47
130.80428799999999	35
130.80428799999999	47
130.80428799999999	47
131.02985099999998	47
131.25541399999997	47
131.25541399999997	47
131.48097699999997	35
131.48097699999997	47
131.70653999999996	35
131.70653999999996	47
131.70653999999996	47
131.93210299999998	47
132.15766599999998	47
132.15766599999998	47
132.38322899999997	35
132.38322899999997	47
132.38322899999997	47
132.60879199999997	47
132.60879199999997	47
132.84435499999998	35
132.84435499999998	38
132.96213649999996	38
133.079918	38
133.19019949999998	38
133.300481	38
133.41076249999998	38
133.52104399999996	35
133.52104399999996	49
133.96217	38
133.96217	49
134.18773299999998	35
134.41329599999997	35
134.41329599999997	49
134.864422	38
134.864422	49
135.084985	35
135.305548	35
135.305548	49
135.75667399999998	38
135.75667399999998	49
135.987237	35
136.21779999999998	49
136.44336299999998	35
136.66892599999997	38
136.66892599999997	49
137.120052	35
137.120052	49
137.57117799999997	38
137.57117799999997	49
137.79674099999997	35
138.02230399999996	35
138.02230399999996	49
138.47342999999998	38
138.47342999999998	49
138.69899299999997	35
138.92455599999997	35
138.92455599999997	49
139.37568199999998	38
139.37568199999998	49
139.60124499999998	35
139.82680799999997	49
140.05237099999997	35
140.27793399999996	38
140.27793399999996	49
140.72905999999998	35
140.72905999999998	49
141.18018599999996	38
141.18018599999996	49
141.405749	35
141.63131199999998	35
141.63131199999998	49
142.08243799999997	38
142.08243799999997	49
142.308001	35
142.53356399999998	35
142.53356399999998	49
142.98468999999997	38
142.98468999999997	49
143.20525299999997	35
143.425816	49
143.651379	35
143.87694199999999	38
143.87694199999999	49
144.34806799999996	35
144.34806799999996	49
144.78919399999998	38
144.78919399999998	49
145.01475699999997	35
145.24031999999997	35
145.24031999999997	49
145.69144599999998	38
145.69144599999998	49
145.91700899999998	35
146.14257199999997	35
146.14257199999997	49
146.59369799999996	38
146.59369799999996	49
146.829261	35
147.064824	38
147.1751055	38
147.28538699999996	35
147.39566849999997	35
147.50594999999996	38
147.72651299999995	35
147.94707599999998	35
147.94707599999998	49
148.39820199999997	38
148.39820199999997	49
148.62376499999996	35
148.84932799999999	35
148.84932799999999	49
149.30045399999997	38
149.30045399999997	49
149.52601699999997	35
149.75158	35
149.75158	49
150.20270599999998	38
150.20270599999998	49
150.42826899999997	35
150.65383199999997	49
150.879395	35
151.10495799999998	38
151.10495799999998	49
151.55608399999997	35
151.55608399999997	49
152.00721	38
152.00721	49
152.23277299999998	35
152.45833599999997	35
152.45833599999997	49
152.90946199999996	38
152.90946199999996	49
153.13502499999998	35
153.36058799999998	35
153.36058799999998	49
153.81171399999997	38
153.81171399999997	49
154.03727699999996	35
154.26283999999998	49
154.48840299999998	35
154.71396599999997	38
154.71396599999997	49
155.16509199999996	35
155.16509199999996	49
155.61621799999998	38
155.61621799999998	49
155.84178099999997	35
156.06734399999996	35
156.06734399999996	49
156.51846999999998	38
156.51846999999998	49
156.73903299999998	35
156.95959599999998	35
156.95959599999998	49
157.42072199999998	38
157.42072199999998	49
157.64628499999998	35
157.87184799999997	49
158.09741099999997	35
158.322974	38
158.322974	49
158.77409999999998	35
158.77409999999998	49
159.21522599999997	38
159.21522599999997	49
159.445789	35
159.67635199999998	35
159.67635199999998	38
159.78913349999996	38
159.90191499999997	38
160.01469649999996	38
160.12747799999997	35
160.12747799999997	38
160.24025949999998	38
160.35304099999996	35
160.35304099999996	38
160.46582249999997	38
160.57860399999998	35
161.48085599999996	35
161.48085599999996	38
161.48085599999996	49
161.70641899999998	35
161.81920049999997	35
161.93198199999998	38
162.16254499999997	35
162.16254499999997	38
162.39310799999996	35
162.61867099999995	35
162.84423399999997	38
162.84423399999997	49
163.06479699999997	35
163.28535999999997	35
163.28535999999997	47
163.73648599999996	47
163.73648599999996	47
163.96204899999998	35
163.96204899999998	47
164.18761199999997	35
164.18761199999997	47
164.18761199999997	47
164.41317499999997	47
164.638738	47
164.638738	47
164.86430099999995	35
164.86430099999995	47
165.08986399999998	47
165.08986399999998	47
165.31542699999997	35
165.31542699999997	47
165.54098999999997	47
165.54098999999997	47
165.766553	47
165.99211599999995	35
165.99211599999995	47
165.99211599999995	47
166.20767899999996	47
166.423242	47
166.423242	47
166.65880499999997	35
166.65880499999997	47
166.89436799999996	35
166.89436799999996	47
166.89436799999996	47
167.11493099999996	47
167.33549399999998	47
167.33549399999998	47
167.56105699999998	35
167.56105699999998	47
167.78661999999997	35
167.78661999999997	47
167.78661999999997	47
168.012183	47
168.23774600000002	47
168.23774600000002	47
168.468309	35
168.468309	47
168.92443499999996	35
168.92443499999996	47
169.03721649999997	47
169.14999799999998	49
169.26277949999997	47
169.601124	35
169.831687	35
170.06224999999992	38
170.06224999999992	49
170.28281299999995	35
170.50337599999997	35
170.50337599999997	47
170.95450199999996	47
170.95450199999996	49
171.18006499999996	35
171.18006499999996	47
171.40562799999998	35
171.40562799999998	47
171.40562799999998	47
171.63119099999997	47
171.85675399999997	47
171.85675399999997	47
172.082317	35
172.082317	47
172.30787999999995	47
172.30787999999995	47
172.53344299999998	35
172.53344299999998	47
172.75900599999997	47
172.75900599999997	47
172.98456899999996	47
173.210132	35
173.210132	47
173.210132	47
173.43569499999998	47
173.66125799999998	47
173.66125799999998	47
173.88682099999997	35
173.88682099999997	47
174.11238399999996	35
174.11238399999996	47
174.11238399999996	47
174.33794699999999	47
174.56350999999998	47
174.56350999999998	47
174.78907299999997	35
174.78907299999997	47
175.01463599999994	35
175.01463599999994	47
175.01463599999994	47
175.23519899999994	47
175.45576200000002	47
175.45576200000002	47
175.686325	35
175.686325	47
176.14245099999997	35
176.81914	35
176.81914	47
176.81914	47
177.05470300000002	35
177.05470300000002	47
177.05470300000002	47
177.29026599999997	35
177.29026599999997	47
177.29026599999997	47
177.51582899999997	35
177.51582899999997	47
177.51582899999997	47
177.741392	35
177.741392	47
177.741392	47
177.96695499999998	35
177.96695499999998	47
177.96695499999998	47
178.19251799999998	35
178.19251799999998	47
178.19251799999998	47
178.41808099999997	35
178.41808099999997	47
178.41808099999997	47
178.64364399999994	38
178.75392549999995	38
178.86420699999996	35
179.08476999999993	35
179.30533299999993	38
179.41561449999995	38
179.52589600000005	35
179.761459	35
179.761459	38
179.8792405	38
179.997022	38
180.10980349999997	38
180.22258499999998	38
180.3353665	38
180.44814799999992	49
180.66371099999995	35
180.66371099999995	38
180.77149249999994	38
180.87927399999992	35
180.87927399999992	38
180.9870554999999	38
181.09483699999993	35
181.09483699999993	38
181.20261849999991	38
181.3104	35
181.3104	49
181.54096299999998	35
181.771526	35
181.771526	38
181.88430749999998	38
181.997089	35
181.997089	47
182.10987049999997	47
182.22265199999998	35
182.22265199999998	38
182.22265199999998	49
182.44821499999998	35
182.44821499999998	38
182.5609965	38
182.67377799999997	35
182.67377799999997	47
182.78655949999998	47
182.899341	35
182.899341	49
183.124904	35
183.124904	38
183.23768549999997	38
183.35046699999998	35
183.35046699999998	47
183.46324849999996	47
183.57603	35
183.57603	38
183.57603	49
183.806593	35
184.03715599999998	35
184.03715599999998	49
184.03715599999998	49
184.48828199999997	38
184.48828199999997	49
184.71384499999996	35
184.93940799999996	35
184.93940799999996	49
185.39053399999997	38
185.39053399999997	49
185.61609699999997	35
185.84166	35
185.84166	49
186.29278599999998	38
186.29278599999998	49
186.51834899999997	35
186.74391199999994	49
186.96447499999996	35
187.18503799999996	38
187.18503799999996	49
187.63616399999998	35
187.63616399999998	49
188.08729000000002	38
188.08729000000002	49
188.31785299999999	35
188.54841599999997	35
188.54841599999997	49
188.99954199999996	38
188.99954199999996	49
189.22510499999999	35
189.45066799999995	35
189.90179399999997	38
189.90179399999997	49
190.12735699999996	35
190.35291999999998	49
190.57848299999998	35
190.80404599999997	38
190.80404599999997	49
191.25517199999996	35
191.25517199999996	49
191.25517199999996	49
191.70629799999998	38
191.70629799999998	49
191.93186099999997	35
192.15742399999996	35
192.15742399999996	49
192.60854999999998	38
192.60854999999998	49
192.83411299999997	35
193.05967599999997	35
193.05967599999997	49
193.51080199999996	38
193.51080199999996	49
193.73636499999998	35
193.96192799999997	49
194.18749099999997	35
194.413054	38
194.413054	49
194.86417999999995	35
194.86417999999995	49
195.30530599999997	38
195.30530599999997	49
195.530869	35
195.75643199999996	35
195.75643199999996	49
196.207558	38
196.207558	49
196.438121	35
196.66868399999998	35
197.11980999999997	38
197.34537299999997	35
198.26762499999998	38
198.49318799999992	35
198.7148114999999	35
198.93643499999996	49
198.93643499999996	49
199.16805849999997	35
199.39968199999996	35
199.39968199999996	47
199.85080799999994	47
199.85080799999994	49
200.07637099999997	35
200.07637099999997	47
200.30193399999996	35
200.30193399999996	47
200.30193399999996	47
200.52749699999995	47
200.75305999999995	47
200.75305999999995	49
200.97862299999994	35
200.97862299999994	47
201.20418599999996	47
201.20418599999996	47
201.42974899999996	35
201.42974899999996	47
201.65531199999995	47
201.65531199999995	49
201.88087499999995	47
202.10643799999997	35
202.10643799999997	47
202.10643799999997	47
202.33200099999996	47
202.55756399999996	47
202.55756399999996	49
202.78312699999995	35
202.78312699999995	47
203.00868999999994	35
203.00868999999994	47
203.00868999999994	47
203.23425299999997	47
203.45981599999996	47
203.45981599999996	49
203.68537899999995	35
203.68537899999995	47
203.91094199999995	35
203.91094199999995	47
203.91094199999995	47
204.13650499999994	47
204.36206799999997	47
204.36206799999997	49
204.58763099999996	35
204.58763099999996	47
204.81319399999998	38
204.9284755	38
205.04375699999997	35
205.04375699999997	47
205.15903849999998	47
205.27431999999988	47
205.38210149999986	47
205.48988299999988	47
205.59766449999987	47
205.705446	35
205.93600899999998	35
206.16657199999995	49
206.16657199999995	49
206.39213499999997	35
206.61769799999996	35
206.61769799999996	47
207.06882399999995	47
207.06882399999995	49
207.29438699999994	35
207.29438699999994	47
207.51994999999997	35
207.51994999999997	47
207.51994999999997	47
207.74551299999996	47
207.97107599999995	47
207.97107599999995	49
208.19663899999995	35
208.19663899999995	47
208.42220199999994	47
208.42220199999994	47
208.64776499999996	35
208.64776499999996	47
208.87332799999996	47
208.87332799999996	49
209.09889099999995	47
209.32445399999992	35
209.32445399999992	47
209.32445399999992	47
209.54501699999994	47
209.76557999999997	47
209.76557999999997	49
209.99114299999997	35
209.99114299999997	47
210.21670599999996	35
210.21670599999996	47
210.21670599999996	47
210.44226899999995	47
210.66783199999998	47
210.66783199999998	49
210.89339499999997	35
210.89339499999997	47
211.11895799999996	35
211.11895799999996	47
211.11895799999996	47
211.34452099999996	47
211.57008399999995	47
211.57008399999995	49
211.79564699999997	35
211.79564699999997	47
212.02120999999994	38
212.1314914999999	38
212.2417729999999	35
212.2417729999999	47
212.35205449999992	47
212.46233600000002	47
212.58011750000003	47
212.697899	47
212.81568050000004	47
212.93346199999993	35
212.93346199999993	49
213.15402499999993	42
213.37458799999996	38
213.37458799999996	42
213.60015099999995	35
213.60015099999995	42
213.82571399999998	35
213.82571399999998	38
213.82571399999998	42
214.05127699999997	42
214.27683999999996	38
214.27683999999996	42
214.50240299999996	35
214.50240299999996	42
214.72796599999995	35
214.72796599999995	38
214.72796599999995	42
214.95352899999997	42
215.17909199999997	38
215.17909199999997	42
215.40465499999996	35
215.40465499999996	42
215.63021799999996	38
215.63021799999996	42
215.85578099999998	35
215.85578099999998	42
216.08134399999997	38
216.08134399999997	42
216.30690699999997	42
216.53246999999996	35
216.53246999999996	38
216.53246999999996	42
216.75803299999995	42
216.98359600000003	38
216.98359600000003	42
217.21415900000002	35
217.21415900000002	42
217.4447219999999	35
217.4447219999999	38
217.4447219999999	42
217.6652849999999	42
217.88584799999995	38
217.88584799999995	42
218.11141099999998	35
218.11141099999998	42
218.33697399999997	35
218.33697399999997	38
218.33697399999997	42
218.56253699999996	42
218.78809999999996	38
218.78809999999996	42
219.01366299999995	35
219.01366299999995	42
219.23922599999997	38
219.23922599999997	42
219.46478899999997	35
219.46478899999997	42
219.69035199999996	38
219.69035199999996	42
219.91591499999996	42
220.14147799999995	35
220.14147799999995	38
220.14147799999995	42
220.36704099999997	42
220.59260399999997	38
220.59260399999997	42
220.81816699999996	35
220.81816699999996	42
221.04372999999995	35
221.04372999999995	38
221.04372999999995	42
221.26929299999995	42
221.49485599999997	38
221.49485599999997	42
221.72041899999996	35
221.72041899999996	42
221.94598199999996	35
221.94598199999996	38
221.94598199999996	42
222.17154499999995	42
222.39710799999997	38
222.39710799999997	42
222.62267099999997	35
222.62267099999997	42
222.84823399999996	38
222.84823399999996	42
223.07379699999996	35
223.07379699999996	42
223.29936	38
223.29936	42
223.52992300000003	42
223.76048599999996	35
223.76048599999996	38
223.76048599999996	42
223.98604899999995	42
224.21161199999995	38
224.21161199999995	42
224.43717499999997	35
224.43717499999997	42
224.66273799999996	35
224.66273799999996	38
224.66273799999996	42
224.88830099999996	42
225.11386399999995	38
225.11386399999995	42
225.33942699999994	35
225.33942699999994	42
225.5649899999999	35
225.5649899999999	38
225.5649899999999	42
225.7855529999999	42
226.00611599999996	38
226.00611599999996	42
226.23167899999996	35
226.23167899999996	42
226.4572419999999	38
226.4572419999999	42
226.67780499999992	35
226.67780499999992	42
226.8983679999999	38
226.8983679999999	42
227.1189309999999	42
227.3394940000001	35
227.3394940000001	38
227.3394940000001	42
227.5800570000001	42
227.82061999999996	38
227.82061999999996	42
228.04618299999996	35
228.04618299999996	42
228.27174599999995	35
228.27174599999995	38
228.27174599999995	42
228.49730899999994	42
228.72287199999994	38
228.72287199999994	42
228.94843499999996	35
228.94843499999996	42
229.1739979999999	35
229.1739979999999	38
229.1739979999999	42
229.3945609999999	42
229.61512399999995	38
229.61512399999995	42
229.84068699999997	35
229.84068699999997	42
230.06624999999985	38
230.06624999999985	42
230.28181299999986	35
230.28181299999986	42
230.49737600000006	38
230.49737600000006	42
230.73293900000004	42
230.96850199999986	35
230.96850199999986	38
230.96850199999986	42
231.18406499999986	42
231.39962800000006	38
231.39962800000006	42
231.63519100000005	35
231.63519100000005	42
231.87075399999998	35
231.87075399999998	38
231.87075399999998	42
232.09631699999997	42
232.32187999999996	38
232.32187999999996	42
232.54744299999996	35
232.54744299999996	42
232.77300599999995	35
232.77300599999995	38
232.77300599999995	42
232.99856899999997	42
233.22413199999997	38
233.22413199999997	42
233.44969499999996	35
233.44969499999996	42
233.67525799999996	38
233.67525799999996	42
233.90082099999995	35
233.90082099999995	42
234.12638399999986	38
234.12638399999986	42
234.34194699999986	42
234.55750999999995	35
234.55750999999995	38
234.55750999999995	42
234.78307299999994	42
235.00863600000005	38
235.00863600000005	42
235.24419900000007	35
235.24419900000007	42
235.4797619999999	35
235.4797619999999	38
235.4797619999999	42
235.7003249999999	42
235.920888	38
235.920888	42
236.13860849999998	35
236.13860849999998	42
236.35632899999996	35
236.35632899999996	38
236.35632899999996	42
236.58189199999995	42
236.807455	38
236.807455	42
237.03801800000002	35
237.03801800000002	42
237.26858099999995	38
237.26858099999995	42
237.49414399999995	35
237.49414399999995	42
237.719707	38
237.719707	42
237.95027	42
238.18083299999995	35
238.18083299999995	38
238.18083299999995	42
238.40639599999994	42
238.63195899999994	38
238.63195899999994	42
238.85752199999993	35
238.85752199999993	42
239.0830849999999	35
239.0830849999999	38
239.0830849999999	42
239.3036479999999	42
239.52421099999995	38
239.52421099999995	42
239.74977399999995	35
239.74977399999995	42
239.975337	35
239.975337	38
239.975337	42
240.2059	42
240.4364629999999	38
240.4364629999999	42
240.6570259999999	35
240.6570259999999	42
240.877589	38
240.877589	42
241.108152	35
241.108152	42
241.3387149999999	38
241.3387149999999	42
241.5592779999999	42
241.779841	35
241.779841	38
241.779841	42
242.010404	42
242.24096699999996	38
242.24096699999996	42
242.46652999999995	35
242.46652999999995	42
242.692093	38
242.692093	42
242.922656	35
242.922656	42
243.1532189999999	38
243.1532189999999	42
243.3737819999999	42
243.5943449999999	35
243.5943449999999	38
243.5943449999999	42
243.8149079999999	42
244.03547099999994	38
244.03547099999994	42
244.26103399999994	35
244.26103399999994	42
244.48659700000002	35
244.48659700000002	38
244.48659700000002	42
244.71716	42
244.94772299999988	38
244.94772299999988	42
245.16828599999988	35
245.16828599999988	42
245.388849	35
245.388849	38
245.388849	42
245.619412	42
245.8499749999999	38
245.8499749999999	42
246.07053799999989	35
246.07053799999989	42
246.29110099999994	38
246.29110099999994	42
246.51666399999993	35
246.51666399999993	42
246.74222699999996	38
246.74222699999996	42
246.96778999999995	42
247.19335299999995	35
247.19335299999995	38
247.19335299999995	42
247.41891599999994	42
247.64447899999996	38
247.64447899999996	42
247.87004199999996	35
247.87004199999996	42
248.095605	35
248.095605	38
248.095605	42
248.326168	42
248.55673099999987	38
248.55673099999987	42
248.7772939999999	35
248.7772939999999	42
248.997857	35
248.997857	38
248.997857	42
249.22842	42
249.458983	38
249.458983	42
249.68954600000004	35
249.68954600000004	42
249.92010899999997	38
249.92010899999997	42
250.14567199999996	35
250.14567199999996	42
250.37123499999984	38
250.37123499999984	42
250.58679799999982	42
250.80236099999996	38
250.80236099999996	42
251.03127599999996	42
251.2601909999999	38
251.2601909999999	42
251.4841059999999	42
251.70802099999997	38
251.70802099999997	42
251.93693599999997	42
252.16585099999998	38
252.16585099999998	42
252.39476599999998	42
252.62368099999998	35
252.62368099999998	38
252.62368099999998	42
252.84924399999997	42
253.0748069999999	38
253.0748069999999	42
253.2953699999999	35
253.2953699999999	42
253.51593299999996	35
253.51593299999996	38
253.51593299999996	42
253.74149599999996	42
253.967059	38
253.967059	42
254.19762200000002	35
254.19762200000002	42
254.42818499999998	35
254.42818499999998	38
254.42818499999998	42
254.65374799999998	42
254.87931099999997	38
254.87931099999997	42
255.10487399999997	35
255.10487399999997	42
255.330437	38
255.330437	42
255.55599999999998	35
255.55599999999998	42
255.78156299999992	38
255.78156299999992	42
256.0021259999999	42
256.222689	35
256.222689	38
256.222689	42
256.44825199999997	42
256.673815	38
256.673815	42
256.899378	35
256.899378	42
257.1249409999999	35
257.1249409999999	38
257.1249409999999	42
257.34550399999995	42
257.5660670000001	38
257.5660670000001	42
257.8016300000001	35
257.8016300000001	42
258.037193	35
258.037193	38
258.037193	42
258.26275599999997	42
258.488319	38
258.488319	42
258.71388199999996	35
258.71388199999996	42
258.939445	38
258.939445	42
259.165008	35
259.165008	42
259.39057099999997	38
259.39057099999997	42
259.616134	42
259.8416969999999	35
259.8416969999999	38
259.8416969999999	42
260.0622599999999	42
260.282823	38
260.282823	42
260.508386	35
260.508386	42
260.733949	35
260.733949	38
260.733949	42
260.95951199999996	42
261.185075	38
261.185075	42
261.410638	35
261.410638	42
261.636201	35
261.636201	38
261.636201	42
261.86676400000005	42
262.09732699999995	38
262.09732699999995	42
262.32289	35
262.32289	42
262.548453	38
262.548453	42
262.77401599999996	35
262.77401599999996	42
262.999579	38
262.999579	42
263.22514199999995	42
263.45070499999997	35
263.45070499999997	38
263.45070499999997	42
263.676268	42
263.901831	38
263.901831	42
264.13239400000003	35
264.13239400000003	42
264.36295699999994	35
264.36295699999994	38
264.8140829999999	38
265.0346459999999	35
265.255209	35
265.255209	38
265.7063350000002	38
265.9468980000002	35
266.1874609999999	38
266.30024249999997	38
266.41302399999995	35
266.52580549999993	35
266.63858699999986	38
266.85414999999983	35
267.069713	35
267.069713	49
267.52083899999997	38
267.52083899999997	49
267.746402	35
267.97196499999995	35
267.97196499999995	49
268.42309099999994	38
268.42309099999994	49
268.64865399999996	35
268.87421699999993	35
268.87421699999993	49
269.315343	38
269.315343	49
269.54090599999995	35
269.766469	49
269.992032	35
270.217595	38
270.217595	49
270.67872099999994	35
270.67872099999994	49
271.129847	38
271.129847	49
271.35540999999995	35
271.580973	35
271.580973	49
272.03209899999996	38
272.03209899999996	49
272.257662	35
272.48322499999995	35
272.70878799999997	35
272.70878799999997	38
272.82156949999995	38
272.93435099999994	35
272.93435099999994	38
273.1549139999999	35
273.375477	35
273.375477	38
273.4882585	38
273.60103999999995	35
273.60103999999995	38
273.826603	35
273.826603	38
274.052166	35
274.27772899999997	35
274.72885499999995	38
274.72885499999995	49
274.954418	35
275.17998100000005	35
275.17998100000005	49
275.641107	38
275.641107	49
275.86666999999994	35
276.09223299999996	35
276.09223299999996	49
276.54335899999995	38
276.54335899999995	49
276.768922	35
276.9944849999999	49
277.2150479999999	35
277.435611	38
277.435611	49
277.886737	35
277.886737	49
278.33786299999997	38
278.33786299999997	49
278.563426	35
278.788989	35
278.788989	49
279.25011499999994	38
279.25011499999994	49
279.47567799999996	35
279.701241	35
279.92680399999995	35
279.92680399999995	38
280.0395855	38
280.15236699999997	35
280.15236699999997	38
280.37793	35
280.60349299999996	35
280.60349299999996	38
280.71627449999994	38
280.829056	35
280.829056	38
281.05461899999995	35
281.05461899999995	38
281.28018199999997	35
281.505745	35
281.505745	49
281.956871	38
281.956871	49
282.18243399999994	35
282.40799699999997	35
282.40799699999997	49
282.85912299999995	38
282.85912299999995	49
283.084686	35
283.31024899999994	35
283.31024899999994	49
283.761375	38
283.761375	49
283.98693799999995	35
284.212501	49
284.43806399999994	35
284.66362699999996	38
284.66362699999996	49
285.1147529999999	35
285.1147529999999	49
285.555879	38
285.555879	49
285.78144199999997	35
286.007005	35
286.007005	49
286.45813100000004	38
286.45813100000004	49
286.688694	35
286.91925699999996	35
287.14482	35
287.37038299999995	35
287.37038299999995	38
287.59594599999997	35
287.821509	35
288.04707199999996	35
288.272635	35
288.272635	38
288.49819799999995	35
288.7237609999999	35
288.7237609999999	49
289.16488699999996	38
289.16488699999996	49
289.39045	35
289.61601299999995	35
289.61601299999995	49
290.067139	38
290.067139	49
290.29270199999996	35
290.51826500000004	35
290.51826500000004	49
290.97939099999996	38
290.97939099999996	49
291.204954	35
291.43051699999995	49
291.65608	35
291.88164299999994	38
291.88164299999994	49
292.332769	35
292.332769	49
292.783895	38
292.783895	49
293.009458	35