16.946555	49
17.022890833333335	49
17.099226666666667	49
17.1755625	49
17.251898333333333	49
17.328234166666668	49
17.40457	49
17.480905833333335	49
17.557241666666666	49
17.6335775	49
17.709913333333333	49
17.786249166666668	49
17.862585	49
17.938920833333334	49
18.015256666666666	49
18.0915925	49
18.167928333333332	49
18.244264166666667	49
18.3206	49
32.96708	35
32.96708	49
33.425095	38
34.1221175	35
34.351125	38
34.80914	35
35.267155	38
35.9541775	35
36.183185	38
36.6412	35
37.099215	38
37.7862375	35
38.015245	38
38.47326	35
38.931275	38
39.38929	35
39.50379375	38
39.6182975	35
39.847305	38
40.0763125	35
40.30532	35
40.30532	49
40.763335	38
41.4503575	35
41.679365	38
42.13738	35
42.595395	38
43.2824175	35
43.511425	38
43.96944	35
44.427455	38
45.1144775	35
45.343485	38
45.8015	35
46.259515	38
46.717530000000004	35
46.83203375	38
46.9465375	35
47.175545	38
47.4045525	35
47.63356	35
47.63356	49
47.8625675	35
47.8625675	49
47.97707125	49
47.97707125	35
48.091575	38
48.091575	49
48.778597500000004	35
49.007605	38
49.46562	35
49.923635	38
50.6106575	35
50.839665000000004	38
51.29768	35
51.755695	38
52.4427175	35
52.671725	38
53.12974	35
53.587755	38
54.04577	35
54.16027375	38
54.2747775	35
54.503785	38
54.7327925	35
54.961800000000004	35
54.961800000000004	49
55.419815	38
56.1068375	35
56.335845	38
56.79386	35
57.251875	38
57.9388975	35
58.167905	38
58.62592	35
59.083935	38
59.7709575	35
59.999965	38
60.45798	35
60.915995	38
61.37401	35
61.48851375	38
61.6030175	35
61.832025	38
62.0610325	35
62.29004	35
62.29004	49
65.7201525	42
65.83715624999999	42
65.95416	42
66.1831675	42
66.29767125	42
66.412175	42
66.52667875	42
66.6411825	42
66.87019	42
67.0991975	42
67.328205	42
67.5572125	42
67.67171625	42
67.78622	42
68.0152275	42
68.12973125	42
68.244235	42
68.35873875	42
68.4732425	42
68.70225	42
68.9312575	42
69.160265	42
69.3892725	42
69.50377625	42
69.61828	42
69.84728750000001	42
69.96179125	42
70.076295	42
70.19079875	42
70.3053025	42
70.53431	42
70.7633175	42
70.992325	42
71.2213325	42
71.33583625	42
71.45034	42
71.6793475	42
71.79385125	42
71.908355	42
72.02285875	42
72.1373625	42
72.36637	42
72.5953775	42
72.824385	42
73.0533925	42
73.16789625	42
73.2824	42
73.5114075	42
73.62591125	42
73.740415	42
73.85491875	42
73.96942250000001	42
74.19843	42
75.59247499999996	49
75.66881083333332	49
75.74514666666666	49
75.8214825	49
75.89781833333333	49
75.97415416666666	49
76.05049	49
76.12515916666666	49
76.19982833333333	49
76.2744975	49
76.34916666666668	49
76.42383583333334	49
76.49850500000001	49
76.57317416666667	49
76.64784333333334	49
76.72251250000001	49
76.79718166666667	49
76.87185083333334	49
76.94652	35
76.94652	49
77.1755275	42
77.29003125	42
77.404535	38
77.404535	42
77.6335425	42
77.74804625	42
78.0915575	35
78.0915575	42
78.20606125	42
78.320565	38
78.320565	42
78.5495725	42
78.66407625	42
78.77858	35
79.0075875	42
79.12209125	42
79.236595	38
79.236595	42
79.9236175	35
79.9236175	42
80.03812125	42
80.152625	38
80.152625	42
80.3816325	42
80.49613625	42
80.61064	35
80.8396475	42
80.95415125	42
81.068655	38
81.068655	42
81.2976625	42
81.41216625	42
81.7556775	35
81.7556775	42
81.87018125	42
81.984685	38
81.984685	42
82.2136925	42
82.32819625	42
82.4427	35
82.6717075	42
82.78621125	42
82.900715	38
82.900715	42
83.35873	35
83.47323375	38
83.5877375	35
83.5877375	42
83.70224125	42
83.816745	38
83.816745	42
84.0457525	35
84.0457525	42
84.16025625	42
84.27476	35
84.27476	49
84.5037675	42
84.61827125	42
84.732775	38
84.732775	42
84.9617825	42
85.07628625	42
85.4197975	35
85.4197975	42
85.53430125	42
85.648805	38
85.648805	42
85.8778125	42
85.99231625	42
86.10682	35
86.3358275	42
86.45033125	42
86.564835	38
86.564835	42
87.2518575	35
87.2518575	42
87.36636125	42
87.480865	38
87.480865	42
87.7098725	42
87.82437625	42
87.93888	35
88.1678875	42
88.28239125	42
88.396895	38
88.396895	42
88.6259025	42
88.74040625	42
89.0839175	35
89.0839175	42
89.19842125	42
89.312925	38
89.312925	42
89.5419325	42
89.65643625	42
89.77094	35
89.9999475	42
90.11445125	42
90.228955	38
90.228955	42
90.68697	35
90.80147375	38
90.9159775	35
90.9159775	42
91.03048125	42
91.144985	38
91.144985	42
91.3739925	35
91.603	35
91.603	49
91.8320075	42
91.94651125	42
92.061015	38
92.061015	42
92.2900225	42
92.40452625	42
92.7480375	35
92.7480375	42
92.86254125	42
92.977045	38
92.977045	42
93.2060525	42
93.32055625	42
93.43506000000001	35
93.6640675	42
93.77857125	42
93.893075	38
93.893075	42
94.5800975	35
94.5800975	42
94.69460125	42
94.809105	38
94.809105	42
95.0381125	42
95.15261625	42
95.26712	35
95.4961275	42
95.61063125	42
95.725135	38
95.725135	42
95.9541425	42
96.06864625	42
96.4121575	35
96.4121575	42
96.52666125	42
96.641165	38
96.641165	42
96.8701725	42
96.98467625	42
97.09918	35
97.3281875	42
97.44269125	42
97.55719500000001	38
97.55719500000001	42
98.00521	35
98.12221374999999	38
98.2392175	35
98.2392175	42
98.35622124999999	42
98.47322499999999	38
98.47322499999999	42
98.7022325	35
98.7022325	42
98.81673625	42
98.93124	35
98.93124	49
99.1602475	42
99.27475125	42
99.389255	38
99.389255	42
99.6182625	42
99.73276625	42
100.0762775	35
100.0762775	42
100.19078125	42
100.305285	38
100.305285	42
100.5342925	42
100.64879625	42
100.7633	35
100.9923075	42
101.10681125	42
101.221315	38
101.221315	42
101.9083375	35
101.9083375	42
102.02284125	42
102.137345	38
102.137345	42
102.3663525	42
102.48085625	42
102.59536	35
102.8243675	42
102.93887125	42
103.053375	38
103.053375	42
103.2823825	42
103.39688625	42
103.7403975	35
103.7403975	42
103.85490125	42
103.969405	38
103.969405	42
104.1984125	42
104.31291625	42
104.42742	35
104.6564275	42
104.77093125	42
104.885435	38
104.885435	42
106.25948	35
106.25948	49
109.6945925	42
109.80909625	42
109.92360000000001	42
110.1526075	42
110.26711125	42
110.381615	42
110.49361875000001	42
110.60562250000001	42
110.82963000000001	42
111.06363749999998	42
111.29764499999999	42
111.5266525	42
111.64115625	42
111.75566	42
111.9846675	42
112.09917125	42
112.213675	42
112.32817875	42
112.4426825	42
112.67169	42
112.9006975	42
113.129705	42
113.3587125	42
113.47321625000001	42
113.58772	42
113.8167275	42
113.93123125	42
114.045735	42
114.16023875	42
114.2747425	42
114.50375	42
114.7327575	42
114.961765	42
115.1907725	42
115.30527625	42
115.41978	42
115.6487875	42
115.76329125	42
115.877795	42
115.99229875	42
116.1068025	42
116.33581	42
116.5648175	42
116.793825	42
117.0228325	42
117.13733625	42
117.25184	42
117.4808475	42
117.59535125000001	42
117.709855	42
117.82185875000002	42
117.9338625	42
118.15787	42
119.99993000000002	35
120.2289375	35
120.34344125	35
120.457945	38
120.6869525	35
120.91596	35
120.91596	49
121.1449675	42
121.25947125	42
121.373975	38
121.373975	42
121.6029825	42
121.71748625000001	42
122.0609975	35
122.0609975	42
122.17550125	42
122.290005	38
122.290005	42
122.5190125	42
122.63351625	42
122.74802	35
122.9770275	42
123.09153125	42
123.206035	38
123.206035	42
123.8930575	35
123.8930575	42
124.00756125	42
124.122065	38
124.122065	42
124.3510725	42
124.46557625	42
124.58008	35
124.8090875	42
124.92359125	42
125.038095	38
125.038095	42
125.26710250000001	42
125.38160625	42
125.7251175	35
125.7251175	42
125.83962125000001	42
125.954125	38
125.954125	42
126.1831325	42
126.29763625	42
126.41214	35
126.6411475	42
126.75565125	42
126.870155	38
126.870155	42
127.32817	35
127.44267375	38
127.5571775	35
127.5571775	42
127.67168125	42
127.786185	38
127.786185	42
128.0151925	35
128.0151925	42
128.12969625	42
128.2442	35
128.2442	49
128.4732075	42
128.58771125	42
128.702215	38
128.702215	42
128.9312225	42
129.04572625	42
129.3892375	35
129.3892375	42
129.50374125	42
129.618245	38
129.618245	42
129.8472525	42
129.96175625	42
130.07626	35
130.3052675	42
130.41977125	42
130.534275	38
130.534275	42
131.2212975	35
131.2212975	42
131.33580125	42
131.45030500000001	38
131.45030500000001	42
131.6793125	42
131.79381625	42
131.90832	35
132.1373275	42
132.25183125	42
132.366335	38
132.366335	42
132.5953425	42
132.70984625	42
133.0533575	35
133.0533575	42
133.16786125	42
133.282365	38
133.282365	42
133.5113725	42
133.62587625	42
133.74038	35
133.9693875	42
134.08389125	42
134.198395	38
134.198395	42
134.65641	35
134.77091375	38
134.8854175	35
134.8854175	42
134.99992125	42
135.114425	38
135.114425	42
135.3434325	35
135.57244	35
135.57244	49
135.8014475	42
135.91595125	42
136.030455	38
136.030455	42
136.2594625	42
136.37396625	42
136.7174775	35
136.7174775	42
136.83198125	42
136.946485	38
136.946485	42
137.1754925	42
137.28999625	42
137.4045	35
137.6335075	42
137.74801125	42
137.862515	38
137.862515	42
138.5495375	35
138.5495375	42
138.66404125	42
138.778545	38
138.778545	42
139.0075525	42
139.12205625	42
139.23656	35
139.4655675	42
139.58007125	42
139.69457500000001	38
139.69457500000001	42
139.9235825	42
140.03808625	42
140.3815975	35
140.3815975	42
140.49610125	42
140.610605	38
140.610605	42
140.8396125	42
140.95411625	42
141.06862	35
141.2976275	42
141.41213125	42
141.526635	38
141.526635	42
141.98465	35
142.09915375	38
142.2136575	35
142.2136575	42
142.32816125	42
142.442665	38
142.442665	42
142.6716725	35
142.6716725	42
142.78617625	42
142.90068	35
142.90068	49
143.1296875	42
143.24419125	42
143.358695	38
143.358695	42
143.5877025	42
143.70220625	42
144.0457175	35
144.0457175	42
144.16022125	42
144.274725	38
144.274725	42
144.5037325	42
144.61823625	42
144.73274	35
144.9617475	42
145.07625125	42
145.190755	38
145.190755	42
145.8777775	35
145.8777775	42
145.99228125	42
146.106785	38
146.106785	42
146.3357925	42
146.45029625	42
146.5648	35
146.7938075	42
146.90831125	42
147.022815	38
147.022815	42
147.2518225	42
147.36632625000001	42
147.7098375	35
147.7098375	42
147.82434125	42
147.93884500000001	38
147.93884500000001	42
148.1678525	42
148.28235625	42
148.39686	35
148.6258675	42
148.74037125	42
148.854875	38
148.854875	42
149.19838625	35
149.31289	35
149.5418975	35
149.770905	38
149.9999125	35
150.11441625	35
150.22892	35
150.22892	49
150.686935	38
151.3739575	35
151.602965	38
152.06098	35
152.518995	38
153.2060175	35
153.435025	38
153.89304	35
154.351055	38
155.0380775	35
155.267085	38
155.7151	35
156.183115	38
156.64113	35
156.75563375	38
156.8701375	35
157.099145	38
157.3281525	35
157.55716	35
157.55716	49
158.015175	38
158.7021975	35
158.931205	38
159.38922	35
159.847235	38
160.5342575	35
160.763265	38
161.22128	35
161.679295	38
162.3663175	35
162.595325	38
163.05334	35
163.511355	38
163.96937	35
164.08387375	38
164.1983775	35
164.427385	38
164.6563925	35
164.8854	35
164.8854	49
165.1144075	35
165.1144075	49
165.22891125	35
165.22891125	49
165.343415	38
165.343415	49
166.0304375	35
166.259445	38
166.71746	35
167.175475	38
167.8624975	35
168.091505	38
168.54952	35
169.007535	38
169.6945575	35
169.923565	38
170.38158	35
170.839595	38
171.29761	35
171.41211375	38
171.52661750000001	35
171.755625	38
171.9846325	35
172.21364	35
172.21364	49
172.671655	38
173.3586775	35
173.587685	38
174.0457	35
174.503715	38
175.1907375	35
175.419745	38
175.87776	35
176.335775	38
177.0227975	35
177.251805	38
177.70982	35
178.167835	38
178.62585	35
178.74035375	38
178.8548575	35
179.083865	38
179.54188	35
179.54188	49