20.01	49
20.0725	42
20.135	49
20.1975	42
20.26	49
20.3225	42
20.385	49
20.4475	42
20.51	49
20.57375	42
20.637500000000003	49
20.70125	42
20.765	49
20.82875	42
20.8925	49
20.95625	42
21.02	49
21.0825	42
21.145	49
21.2075	42
21.3325	35
21.3325	38
21.3325	42
21.52	35
21.52	42
22.01	35
22.01	49
22.137500000000003	42
22.52	35
22.52	38
22.52	42
22.645	42
22.77	42
23.02	35
23.02	42
23.145	42
23.52	35
23.52	38
23.52	42
23.645	42
23.77	42
24.02	35
24.02	42
24.145	42
24.52	35
24.52	38
24.52	42
24.645	42
24.77	42
25.02	35
25.02	42
25.145	42
25.52	35
25.52	38
25.52	42
25.645	42
25.77	42
26.02	35
26.02	42
26.145	42
26.52	35
26.52	38
26.52	42
26.645	42
26.77	42
27.02	35
27.02	42
27.145	42
27.52	35
27.52	38
27.52	42
27.645	42
27.77	42
28.02	35
28.02	42
28.145	42
28.52	35
28.52	38
28.52	42
28.645	42
28.77	42
29.02	35
29.02	42
30.01	35
30.01	49
30.137500000000003	42
30.52	35
30.52	38
30.52	42
30.645	42
30.77	42
31.02	35
31.02	42
31.1425	42
31.51	35
31.51	38
31.51	42
31.637500000000003	42
31.765	42
32.02	35
32.02	42
32.145	42
32.52	35
32.52	38
32.52	42
32.645	42
32.77	42
33.02	35
33.02	42
33.145	42
33.52	35
33.52	38
33.52	42
33.645	42
33.77	42
34.02	35
34.02	42
34.145	42
34.52	35
34.52	38
34.52	42
34.645	42
34.77	42
35.02	35
35.02	42
35.1425	42
35.51	35
35.51	38
35.51	42
35.6375	42
35.765	42
36.02	35
36.02	42
36.145	42
36.52	35
36.52	38
36.52	42
36.645	42
36.77	42
37.02	35
37.02	42
37.145	42
37.52	35
37.52	38
37.52	42
37.645	42
37.77	42
38.02	35
38.02	49
38.145	42
38.52	35
38.52	38
38.52	42
38.645	42
38.77	42
39.02	35
39.02	42
39.145	42
39.52	35
39.52	38
39.52	42
39.645	42
39.77	42
40.02	35
40.02	42
40.145	42
40.52	35
40.52	38
40.52	42
40.645	42
40.77	42
41.02	35
41.02	42
41.27	42
41.52	35
41.52	38
41.52	42
41.645	42
41.77	42
42.02	35
42.02	42
42.145	42
42.52	35
42.52	38
42.52	42
42.645	42
42.77	42
43.02	35
43.02	42
43.145	42
43.52	35
43.52	38
43.52	42
43.645	42
43.77	42
44.02	35
44.02	42
44.145	42
44.52	35
44.52	38
44.52	42
44.645	42
44.77	42
45.02	35
45.02	42
45.145	42
45.52	35
45.52	38
45.52	42
45.645	42
45.77	42
46.02	35
46.02	49
48.52	49
48.645	49
48.77	49
48.895	49
49.02	49
49.14	49
49.260000000000005	49
49.38	49
49.5	49
49.6275	49
49.754999999999995	49
49.8825	49
50.01	35
50.01	49
50.1375	42
50.52	35
50.52	38
50.52	42
50.645	42
50.77	42
51.02	35
51.02	42
51.1425	42
51.51	35
51.51	38
51.51	42
51.635	42
51.76	42
52.01	35
52.01	42
52.1375	42
52.52	35
52.52	38
52.52	42
52.645	42
52.77	42
53.02	35
53.02	42
53.145	42
53.52	35
53.52	38
53.52	42
53.645	42
53.77	42
54.02	35
54.02	42
54.145	42
54.52	35
54.52	38
54.52	42
54.6425	42
54.765	42
55.01	35
55.01	42
55.135	42
55.51	35
55.51	38
55.51	42
55.635	42
55.76	42
56.01	35
56.01	42
56.135	42
56.51	35
56.51	38
56.51	42
56.635	42
56.76	42
57.01	35
57.01	42
58.01	35
58.01	49
66.01	35
66.01	49
74.01	35
74.01	49
81.01	35
81.01	49
81.385	35
81.385	49
81.6975	49
81.6975	35
82.01	35
82.01	49
82.1375	42
82.52	35
82.52	38
82.52	42
82.645	42
82.77	42
83.02	35
83.02	42
83.145	42
83.52	35
83.52	38
83.52	42
83.645	42
83.77	42
84.02	35
84.02	42
84.145	42
84.52	35
84.52	38
84.52	42
84.645	42
84.77	42
85.02	35
85.02	42
85.145	42
85.52	35
85.52	38
85.52	42
85.645	42
85.77	42
86.02	35
86.02	42
86.145	42
86.52	35
86.52	38
86.52	42
86.645	42
86.77	42
87.02	35
87.02	42
87.145	42
87.52	35
87.52	38
87.52	42
87.645	42
87.77	42
88.02	35
88.02	42
88.145	42
88.52	35
88.52	38
88.52	42
88.645	42
88.77	42
89.02	35
89.02	42
89.145	42
89.52	35
89.52	38
89.52	42
89.645	42
89.77	42
90.02	35
90.02	42
90.145	42
90.52	35
90.52	38
90.52	42
90.645	42
90.77	42
91.02	35
91.02	42
91.145	42
91.52	35
91.52	38
91.52	42
91.645	42
91.77	42
92.02	35
92.02	42
92.145	42
92.52	35
92.52	38
92.52	42
92.645	42
92.77	42
93.02	35
93.02	42
93.145	42
93.52	35
93.52	38
93.52	42
93.645	42
93.77	42
93.895	42
94.02	35
94.02	49
94.145	42
94.52	35
94.52	38
94.52	42
94.645	42
94.77	42
95.02	35
95.02	42
95.145	42
95.52	35
95.52	38
95.52	42
95.645	42
95.77	42
96.02	35
96.02	42
96.145	42
96.52	35
96.52	38
96.52	42
96.6425	42
96.765	42
97.01	35
97.01	42
97.3225	35
97.3225	38
97.3225	42
97.51	35
97.51	42
98.01	35
98.01	49
98.1375	42
98.52	35
98.52	38
98.52	42
98.645	42
98.77	42
99.02	35
99.02	42
99.145	42
99.52	35
99.52	38
99.52	42
99.645	42
99.77	42
100.02	35
100.02	42
100.145	42
100.52	35
100.52	38
100.52	42
100.645	42
100.77	42
101.02	35
101.02	42
101.145	42
101.52	35
101.52	38
101.52	42
101.645	42
101.77	42
102.02	35
102.02	42
102.145	42
102.52	35
102.52	38
102.52	42
102.645	42
102.77	42
103.02	35
103.02	42
103.1425	42
103.51	35
103.51	38
103.51	42
103.635	42
103.76	42
104.01	35
104.01	42
104.135	42
104.51	35
104.51	38
104.51	42
104.635	42
104.76	42
105.01	35
105.01	42
105.1375	42
105.52	35
105.52	38
105.52	42
105.645	42
105.77	42
106.02	35
106.02	42
106.145	42
106.52	35
106.52	38
106.52	42
106.6425	42
106.765	42
107.01	35
107.01	42
107.135	42
107.51	35
107.51	38
107.51	42
107.635	42
107.76	42
108.01	35
108.01	42
108.1375	42
108.52	35
108.52	38
108.52	42
108.645	42
108.77	42
109.02	35
109.02	42
109.145	42
109.52	35
109.52	38
109.52	42
109.645	42
109.77	42
109.895	42
110.02	35
110.02	49
110.145	42
110.52	35
110.52	38
110.52	42
110.645	42
110.77	42
111.02	35
111.02	42
111.145	42
111.52	35
111.52	38
111.52	42
111.645	42
111.77	42
112.02	35
112.02	42
112.145	42
112.52	35
112.52	38
112.52	42
112.645	42
112.77	42
113.02	35
113.02	42
113.145	42
113.52	35
113.52	38
113.52	42
113.645	42
113.77	42
114.02	35
114.02	49
118.01	35
118.01	49
118.1375	42
118.52	35
118.52	38
118.52	42
118.645	42
118.77	42
119.02	35
119.02	42
119.1425	42
119.51	35
119.51	38
119.51	42
119.6375	42
119.765	42
120.02	35
120.02	42
120.145	42
120.52	35
120.52	38
120.52	42
120.645	42
120.77	42
121.02	35
121.02	42
121.145	42
121.52	35
121.52	38
121.52	42
121.645	42
121.77	42
122.02	35
122.02	42
122.145	42
122.52	35
122.52	38
122.52	42
122.645	42
122.77	42
123.02	35
123.02	42
123.145	42
123.52	35
123.52	38
123.52	42
123.645	42
123.77	42
124.02	35
124.02	42
124.145	42
124.52	35
124.52	38
124.52	42
124.645	42
124.77	42
125.02	35
125.02	42
125.145	42
125.52	35
125.52	38
125.52	42
125.645	42
125.77	42
126.02	35
126.02	49
126.145	42
126.52	35
126.52	38
126.52	42
126.645	42
126.77	42
127.02	35
127.02	42
127.145	42
127.52	35
127.52	38
127.52	42
127.645	42
127.77000000000001	42
128.02	35
128.02	42
128.145	42
128.52	35
128.52	38
128.52	42
128.645	42
128.77	42
129.02	35
129.02	42
129.145	42
129.52	35
129.52	38
129.52	42
129.645	42
129.77	42
130.02	35
130.02	42
130.145	42
130.52	35
130.52	38
130.52	42
130.645	42
130.77	42
131.02	35
131.02	42
131.1425	42
131.51	35
131.51	38
131.51	42
131.6375	42
131.765	42
132.02	35
132.02	42
132.145	42
132.52	35
132.52	38
132.52	42
132.645	42
132.77	42
133.02	35
133.02	42
133.32625	35
133.32625	38
133.32625	42
133.51	35
133.51	42
134.01	35
134.01	49
134.1375	42
134.52	35
134.52	38
134.52	42
134.645	42
134.77	42
135.02	35
135.02	42
135.145	42
135.52	35
135.52	38
135.52	42
135.645	42
135.77	42
136.02	35
136.02	42
136.145	42
136.52	35
136.52	38
136.52	42
136.645	42
136.77	42
137.02	35
137.02	42
137.145	42
137.52	35
137.52	38
137.52	42
137.645	42
137.77	42
138.02	35
138.02	42
138.145	42
138.52	35
138.52	38
138.52	42
138.645	42
138.77	42
139.02	35
139.02	42
139.145	42
139.52	35
139.52	38
139.52	42
139.645	42
139.77	42
140.02	35
140.02	42
140.145	42
140.52	35
140.52	38
140.52	42
140.645	42
140.77	42
141.02	35
141.02	42
141.145	42
141.52	35
141.52	38
141.52	42
141.645	42
141.77	42
142.02	35
142.02	42
142.145	42
142.52	35
142.52	38
142.52	42
142.645	42
142.77	42
143.02	35
143.02	42
143.145	42
143.52	35
143.52	38
143.52	42
143.645	42
143.77	42
144.02	35
144.02	42
144.145	42
144.52	35
144.52	38
144.52	42
144.645	42
144.77	42
145.02	35
145.02	42
145.145	42
145.52	35
145.52	38
145.52	42
145.645	42
145.77	42
146.02	35
146.02	42
146.145	42
146.52	35
146.52	38
146.52	42
146.645	42
146.77	42
147.02	35
147.02	42
147.1425	42
147.51	35
147.51	38
147.51	42
147.635	42
147.76	42
148.01	35
148.01	42
148.1375	42
148.52	35
148.52	38
148.52	42
148.645	42
148.77	42
149.02	35
149.02	42
149.145	42
149.52	35
149.52	38
149.52	42
149.645	42
149.77	42
150.02	35
150.02	49
150.145	42
150.52	35
150.52	38
150.52	42
150.645	42
150.77	42
151.02	35
151.02	42
151.145	42
151.52	35
151.52	38
151.52	42
151.645	42
151.77	42
152.02	35
152.02	42
152.145	42
152.52	35
152.52	38
152.52	42
152.645	42
152.77	42
153.02	35
153.02	42
153.145	42
153.52	35
153.52	38
153.52	42
153.6425	42
153.765	42
154.01	35
154.01	42
154.135	42
154.51	35
154.51	38
154.51	42
154.635	42
154.76	42
155.01	35
155.01	42
155.135	42
155.51	35
155.51	38
155.51	42
155.635	42
155.76	42
156.01	35
156.01	42
156.135	42
156.51	35
156.51	38
156.51	42
156.635	42
156.76	42
157.01	35
157.01	42
157.1375	42
157.52	35
157.52	38
157.52	42
157.645	42
157.77	42
158.02	35
158.02	42
158.145	42
158.52	35
158.52	38
158.52	42
158.6425	42
158.765	42
159.01	35
159.01	42
159.1375	42
159.52	35
159.52	38
159.52	42
159.645	42
159.77	42
160.02	35
160.02	42
160.145	42
160.52	35
160.52	38
160.52	42
160.645	42
160.77	42
161.02	35
161.02	42
161.145	42
161.52	35
161.52	38
161.52	42
161.645	42
161.77	42
162.02	35
162.02	42
162.145	42
162.52	35
162.52	38
162.52	42
162.6425	42
162.765	42
163.01	35
163.01	42
163.135	42
163.51	35
163.51	38
163.51	42
163.6375	42
163.765	42
164.02	35
164.02	42
164.145	42
164.52	35
164.52	38
164.52	42
164.645	42
164.77	42
165.02	35
165.02	42
165.145	42
165.52	35
165.52	38
165.52	42
165.6425	42
165.765	42
166.01	35
166.01	49
166.135	42
166.51	35
166.51	38
166.51	42
166.635	42
166.76	42
167.01	35
167.01	42
167.135	42
167.51	35
167.51	38
167.51	42
167.635	42
167.76	42
168.01	35
168.01	42
168.1375	42
168.52	35
168.52	38
168.52	42
168.645	42
168.77	42
169.02	35
169.02	42
169.145	42
169.52	35
169.52	38
169.52	42
169.645	42
169.77	42
170.02	35
170.02	42
170.145	42
170.52	35
170.52	38
170.52	42
170.645	42
170.77	42
171.02	35
171.02	42
171.145	42
171.52	35
171.52	38
171.52	42
171.6425	42
171.765	42
172.01	35
172.01	42
172.1375	42
172.52	35
172.52	38
172.52	42
172.645	42
172.77	42
173.02	35
173.02	42
173.145	42
173.52	35
173.52	38
173.52	42
173.645	42
173.77	42
174.02	35
174.02	42
174.145	42
174.52	35
174.52	38
174.52	42
174.645	42
174.77	42
175.02	35
175.02	42
175.145	42
175.52	35
175.52	38
175.52	42
175.6425	42
175.765	42
176.01	35
176.01	42
176.135	42
176.51	35
176.51	38
176.51	42
176.635	42
176.76	42
177.01	35
177.01	42
177.135	42
177.51	35
177.51	38
177.51	42
177.6375	42
177.765	42
178.02	35
178.02	42
178.145	42
178.52	35
178.52	38
178.52	42
178.6425	42
178.765	42
179.01	35
179.01	42
179.135	42
179.51	35
179.51	38
179.51	42
179.635	42
179.76	42
180.01	35
180.01	42
180.1375	42
180.52	35
180.52	38
180.52	42
180.645	42
180.77	42
181.02	35
181.02	42
181.145	42
181.52	35
181.52	38
181.52	42
181.6425	42
181.765	42
182.01	35
182.01	49
185.615	35
185.615	38
185.615	42
185.865	35
185.865	42
186.5	35
186.5	49