4.024383	47
4.070114625	47
4.115846250000001	47
4.161577875000001	47
4.207309500000001	47
4.253041125000001	47
4.29877275	47
4.3445043750000005	47
4.390236000000001	35
4.390236000000001	49
5.853648000000001	35
7.3170600000000015	35
8.790472000000001	35
10.070957500000002	38
10.253884000000001	35
10.253884000000001	49
10.7976635	35
11.524369500000002	35
11.707296000000001	35
12.266075500000001	35
12.631928500000003	38
12.814855000000001	35
12.997781500000002	38
13.180708000000003	35
13.724487500000004	35
14.451193500000002	35
14.634120000000003	35
15.182899500000003	35
15.182899500000003	38
15.365826000000002	38
15.411557625000002	38
15.457289250000002	38
15.503020875000002	38
15.548752500000003	38
15.594484125000003	38
15.640215750000003	38
15.685947375000003	38
15.731679000000003	35
15.777410625000003	35
15.823142250000004	35
15.914605500000002	35
15.914605500000002	38
15.960337125000002	35
15.960337125000002	38
16.006068750000004	35
16.006068750000004	38
16.051800375000003	38
16.097532	35
16.097532	49
16.18899525	42
16.2804585	38
16.371921750000002	42
16.371921750000002	35
16.463385000000002	35
16.463385000000002	42
16.554848250000003	35
16.554848250000003	42
16.646311500000003	38
16.737774750000003	42
16.829238000000004	35
16.829238000000004	42
16.920701250000004	42
17.012164500000004	38
17.103627750000005	35
17.103627750000005	42
17.149359375000003	35
17.195091	35
17.195091	42
17.286554250000002	42
17.378017500000002	35
17.378017500000002	38
17.469480750000002	42
17.469480750000002	35
17.560944000000003	35
17.560944000000003	38
17.652407250000003	42
17.743870500000003	38
17.835333750000004	42
17.835333750000004	35
17.926797000000004	35
17.926797000000004	42
18.018260250000004	35
18.018260250000004	42
18.109723500000005	38
18.20118675	42
18.292650000000002	35
18.292650000000002	42
18.384113250000002	42
18.475576500000003	38
18.567039750000003	35
18.567039750000003	42
18.612771375000005	35
18.658503000000003	35
18.658503000000003	42
18.749966250000003	42
18.841429500000004	35
18.841429500000004	38
18.932892750000004	42
18.932892750000004	35
19.024356000000004	35
19.024356000000004	38
19.115819250000005	42
19.2072825	38
19.298745750000002	42
19.298745750000002	35
19.390209000000002	35
19.390209000000002	42
19.481672250000003	35
19.481672250000003	42
19.573135500000003	38
19.664598750000003	42
19.756062000000004	35
19.756062000000004	42
19.847525250000004	42
19.938988500000004	38
20.030451750000005	35
20.030451750000005	42
20.076183375000003	35
20.121915000000005	35
20.121915000000005	42
20.213378250000005	42
20.304841500000002	35
20.304841500000002	38
20.396304750000002	42
20.396304750000002	35
20.487768000000003	35
20.487768000000003	38
20.579231250000003	42
20.670694500000003	38
20.762157750000004	42
20.762157750000004	35
20.853621000000004	35
20.853621000000004	42
20.945084250000004	35
20.945084250000004	42
21.036547500000005	38
21.128010750000005	42
21.219474000000005	35
21.219474000000005	42
21.310937250000002	42
21.402400500000002	38
21.493863750000003	35
21.493863750000003	42
21.539595375000005	35
21.585327000000003	35
21.585327000000003	42
21.676790250000003	42
21.768253500000004	35
21.768253500000004	38
21.859716750000004	42
21.859716750000004	35
21.951180000000004	35
21.951180000000004	49
22.042643250000005	42
22.134106500000005	38
22.225569750000005	42
22.225569750000005	35
22.317033000000002	35
22.317033000000002	42
22.408496250000002	35
22.408496250000002	42
22.499959500000003	38
22.591422750000003	42
22.682886000000003	35
22.682886000000003	42
22.774349250000004	42
22.865812500000004	38
22.957275750000004	35
22.957275750000004	42
23.003007375000003	35
23.048739000000005	35
23.048739000000005	42
23.140202250000005	42
23.231665500000005	35
23.231665500000005	38
23.323128750000006	42
23.323128750000006	35
23.414592000000003	35
23.414592000000003	38
23.506055250000003	42
23.597518500000003	38
23.688981750000004	42
23.688981750000004	35
23.780445000000004	35
23.780445000000004	42
23.871908250000004	35
23.871908250000004	42
23.963371500000004	38
24.054834750000005	42
24.146298000000005	35
24.146298000000005	42
24.237761250000005	42
24.329224500000006	38
24.420687750000003	35
24.420687750000003	42
24.466419375000005	35
24.512151000000003	42
24.512151000000003	35
24.603614250000003	42
24.695077500000004	35
24.695077500000004	38
24.786540750000004	42
24.786540750000004	35
24.878004000000004	35
24.878004000000004	38
24.969467250000005	42
25.060930500000005	38
25.152393750000005	42
25.152393750000005	35
25.243857000000006	35
25.243857000000006	42
25.335320250000006	35
25.335320250000006	42
25.426783500000003	38
25.518246750000003	42
25.609710000000003	35
25.609710000000003	42
25.701173250000004	42
25.792636500000004	38
25.884099750000004	35
25.884099750000004	42
25.929831375000006	35
25.975563000000005	35
25.975563000000005	42
26.067026250000005	42
26.158489500000005	35
26.158489500000005	38
26.249952750000006	42
26.249952750000006	35
26.341416000000006	35
26.341416000000006	38
26.432879250000006	42
26.524342500000003	38
26.615805750000003	42
26.615805750000003	35
26.707269000000004	35
26.707269000000004	42
26.798732250000004	35
26.798732250000004	42
26.890195500000004	38
26.981658750000005	42
27.073122000000005	35
27.073122000000005	42
27.164585250000005	42
27.256048500000006	38
27.347511750000006	35
27.347511750000006	38
27.393243375000004	35
27.393243375000004	38
27.438975000000006	38
27.438975000000006	35
27.485956625000004	38
27.532938250000004	38
27.579919875000005	38
27.626901500000002	38
27.626901500000002	35
27.673883125000007	38
27.720864750000004	38
27.767846375000005	38
27.720864750000004	35
27.814828000000006	35
27.814828000000006	49
27.903791250000005	42
27.992754500000007	42
28.081717750000006	42
28.170681000000005	38
28.262144250000006	42
28.353607500000006	42
28.445070750000006	42
28.536534000000007	35
28.536534000000007	42
28.627997250000004	42
28.719460500000004	38
28.810923750000004	42
28.902387000000004	38
28.993850250000005	42
29.085313500000005	42
29.176776750000005	42
29.268240000000006	38
29.362203250000004	35
29.362203250000004	42
29.456166500000005	35
29.456166500000005	42
29.550129750000007	35
29.550129750000007	42
29.644093000000005	35
29.644093000000005	38
29.733056250000008	42
29.822019500000007	35
29.822019500000007	42
29.910982750000006	42
29.999946000000005	35
29.999946000000005	42
30.091409250000005	35
30.091409250000005	42
30.182872500000006	38
30.274335750000006	42
30.365799000000006	35
30.365799000000006	38
30.457262250000007	35
30.457262250000007	42
30.548725500000007	35
30.548725500000007	42
30.640188750000004	35
30.640188750000004	42
30.731652000000004	35
30.731652000000004	49
30.823115250000004	42
30.914578500000005	42
31.006041750000005	42
31.097505000000005	38
31.188968250000006	42
31.280431500000006	42
31.371894750000006	42
31.463358000000007	35
31.463358000000007	42
31.554821250000007	42
31.646284500000007	38
31.737747750000004	42
31.829211000000004	38
31.920674250000005	42
32.01213750000001	42
32.103600750000005	42
32.195064	38
32.286527250000006	35
32.286527250000006	42
32.3779905	35
32.3779905	42
32.46945375000001	35
32.46945375000001	42
32.560917	35
32.560917	38
32.65238025000001	42
32.743843500000004	35
32.743843500000004	42
32.83530675000001	42
32.926770000000005	35
32.926770000000005	42
33.01823325000001	35
33.01823325000001	42
33.109696500000005	38
33.20115975000001	42
33.292623000000006	35
33.292623000000006	38
33.38408625	35
33.38408625	42
33.47554950000001	35
33.47554950000001	42
33.56701275	35
33.56701275	42
33.65847600000001	35
33.65847600000001	49
33.75243925	35
33.75243925	42
33.8464025	35
33.8464025	42
33.940365750000005	42
34.03432900000001	38
34.123292250000006	42
34.21225550000001	38
34.301218750000004	42
34.390182	35
34.390182	42
34.48164525000001	35
34.48164525000001	42
34.573108500000004	38
34.66457175000001	35
34.71030337500001	35
34.66457175000001	42
34.756035000000004	38
34.84749825000001	35
34.84749825000001	42
34.938961500000005	35
34.938961500000005	38
35.03042475000001	35
35.03042475000001	42
35.121888000000006	35
35.121888000000006	38
35.21335125000001	35
35.21335125000001	42
35.304814500000006	35
35.304814500000006	42
35.39627775	42
35.48774100000001	38
35.579204250000004	42
35.67066750000001	38
35.762130750000004	42
35.85359400000001	35
35.85359400000001	42
35.945057250000005	35
35.945057250000005	42
36.03652050000001	38
36.127983750000006	35
36.17371537500001	35
36.127983750000006	42
36.21944700000001	38
36.310910250000006	35
36.310910250000006	42
36.4023735	35
36.4023735	38
36.49383675000001	35
36.49383675000001	42
36.585300000000004	35
36.585300000000004	38
36.67676325000001	35
36.67676325000001	42
36.768226500000004	35
36.768226500000004	42
36.85968975000001	42
36.951153000000005	38
37.04261625000001	42
37.134079500000006	38
37.22554275000001	42
37.317006000000006	35
37.317006000000006	42
37.40846925	35
37.40846925	42
37.49993250000001	38
37.591395750000004	35
37.637127375000006	35
37.591395750000004	42
37.68285900000001	38
37.774322250000004	35
37.774322250000004	42
37.86578550000001	35
37.86578550000001	38
37.957248750000005	35
37.957248750000005	42
38.04871200000001	35
38.04871200000001	38
38.140175250000006	35
38.140175250000006	42
38.23163850000001	35
38.23163850000001	42
38.323101750000006	42
38.414565	38
38.50602825000001	42
38.597491500000004	38
38.68895475000001	42
38.780418000000004	47
38.780418000000004	35
38.826149625000006	47
38.87188125000001	47
38.917612875	47
38.963344500000005	47
39.00907612500001	47
39.05480775000001	47
39.100539375000004	47
39.146271000000006	47
39.19200262500001	47
39.23773425000001	47
39.283465875000005	47
39.32919750000001	47
39.37492912500001	47
39.42066075000001	47
39.466392375000005	47
39.51212400000001	35
39.51212400000001	49
39.603587250000004	42
39.69505050000001	42
39.786513750000005	42
39.87797700000001	38
39.969440250000005	42
40.06090350000001	42
40.152366750000006	42
40.24383000000001	35
40.24383000000001	42
40.33529325000001	42
40.42675650000001	38
40.51821975000001	42
40.609683000000004	38
40.70114625000001	42
40.792609500000005	42
40.88407275000001	42
40.975536000000005	38
41.06699925000001	35
41.06699925000001	42
41.158462500000006	35
41.158462500000006	42
41.24992575000001	35
41.24992575000001	42
41.34138900000001	35
41.34138900000001	38
41.43285225000001	42
41.52431550000001	35
41.52431550000001	42
41.615778750000004	42
41.70724200000001	35
41.70724200000001	42
41.798705250000005	35
41.798705250000005	42
41.89016850000001	38
41.981631750000005	42
42.07309500000001	35
42.07309500000001	38
42.164558250000006	35
42.164558250000006	42
42.25602150000001	35
42.25602150000001	42
42.34748475000001	35
42.34748475000001	42
42.43894800000001	35
42.43894800000001	49
42.532911250000005	42
42.6268745	42
42.72083775	42
42.814801	38
42.90376425000001	42
42.99272750000001	42
43.081690750000014	42
43.170654000000006	35
43.170654000000006	42
43.26211725000001	42
43.35358050000001	38
43.44504375000001	42
43.53650700000001	38
43.627970250000004	42
43.71943350000001	42
43.810896750000005	42
43.90236000000001	38
43.993823250000005	35
43.993823250000005	42
44.08528650000001	35
44.08528650000001	42
44.176749750000006	35
44.176749750000006	42
44.26821300000001	35
44.26821300000001	38
44.35967625000001	42
44.45113950000001	35
44.45113950000001	42
44.54260275000001	42
44.634066000000004	35
44.634066000000004	42
44.72552925000001	35
44.72552925000001	42
44.816992500000005	38
44.90845575000001	42
44.999919000000006	35
44.999919000000006	38
45.09138225000001	35
45.09138225000001	42
45.182845500000006	35
45.182845500000006	42
45.27430875000001	35
45.27430875000001	42
45.36577200000001	35
45.36577200000001	49
45.45723525000001	35
45.45723525000001	42
45.54869850000001	35
45.54869850000001	42
45.64016175000001	42
45.73162500000001	38
45.823088250000005	42
45.91455150000001	38
46.006014750000006	42
46.09747800000001	35
46.09747800000001	42
46.188941250000006	35
46.188941250000006	42
46.28040450000001	38
46.37186775000001	35
46.41759937500001	35
46.37186775000001	42
46.46333100000001	38
46.55479425000001	35
46.55479425000001	42
46.64625750000001	35
46.64625750000001	38
46.73772075000001	35
46.73772075000001	42
46.829184000000005	35
46.829184000000005	38
46.92064725000001	35
46.92064725000001	42
47.012110500000006	35
47.012110500000006	42
47.10357375000001	42
47.195037000000006	38
47.28650025000001	42
47.37796350000001	38
47.46942675000001	42
47.56089000000001	35
47.56089000000001	42
47.65235325000001	35
47.65235325000001	42
47.74381650000001	38
47.835279750000005	35
47.88101137500001	35
47.835279750000005	42
47.92674300000001	38
47.97247462500001	38
48.018206250000006	38
48.018206250000006	35
48.06393787500001	38
48.10966950000001	38
48.10966950000001	35
48.201132750000006	38
48.201132750000006	35
48.24686437500001	38
48.29259600000001	35
48.29259600000001	49
48.38405925000001	35
48.38405925000001	42
48.47552250000001	35
48.47552250000001	42
48.56698575000001	42
48.65844900000001	38
48.74991225000001	35
48.74991225000001	42
48.841375500000005	42
48.93283875000001	42
49.024302000000006	35
49.024302000000006	42
49.11576525000001	35
49.11576525000001	42
49.20722850000001	38
49.29869175000001	35
49.344423375000005	35
49.29869175000001	42
49.39015500000001	42
49.48161825000001	35
49.48161825000001	42
49.57308150000001	35
49.57308150000001	38
49.66454475000001	35
49.66454475000001	38
49.75600800000001	35
49.75600800000001	49
49.847471250000005	35
49.847471250000005	42
49.93893450000001	35
49.93893450000001	42
50.030397750000006	42
50.12186100000001	38
50.21332425000001	42
50.30478750000001	42
50.39625075000001	42
50.48771400000001	47
50.48771400000001	35
50.534695625000005	47
50.581677250000006	47
50.628658875000006	47
50.67564050000001	47
50.722622125	47
50.76960375	47
50.816585375	47
50.863567	47
50.908048625000006	47
50.95253025000001	47
50.99701187500001	47
51.04149350000001	47
51.08597512500001	47
51.130456750000015	47
51.17493837500002	47
51.21942000000001	35
51.21942000000001	49
51.40234650000001	42
51.76819950000001	35
52.13405250000001	42
52.49990550000001	35
52.49990550000001	38
52.59136875000001	35
52.68283200000001	35
52.68283200000001	42
52.86575850000001	42
53.048685000000006	42
53.23161150000001	35
53.59746450000001	42
53.78039100000001	35
53.78039100000001	42
53.87185425000001	35
53.96331750000001	38
54.054780750000006	35
54.14624400000001	35
54.14624400000001	38
54.32917050000001	42
54.42063375000001	42
54.51209700000001	42
54.69502350000001	35
54.69502350000001	38
54.87795000000001	42
54.96941325000001	42
55.060876500000006	42
55.24380300000001	35
55.24380300000001	38
55.33526625000001	35
55.42672950000001	38
55.51819275000001	35
55.563924375000006	35
55.60965600000001	35
55.60965600000001	42
55.79258250000001	42
55.97550900000001	35
55.97550900000001	42
56.15843550000001	35
56.34136200000001	35
56.52428850000001	35
56.52428850000001	42
56.70721500000001	35
56.70721500000001	42
56.80117825000001	35
56.89514150000001	38
56.98910475	35
57.08306800000001	35
57.08306800000001	49
57.17453125000001	42
57.265994500000005	42
57.35745775000001	42
57.448921000000006	38
57.54038425000001	42
57.631847500000006	42
57.72331075000001	42
57.769042375000005	42
57.81477400000001	35
57.81477400000001	42
57.90623725000001	42
57.99770050000001	38
58.08916375000001	42
58.18062700000001	38
58.26959025000001	35
58.26959025000001	42
58.35855350000001	35
58.35855350000001	42
58.44751675000001	42
58.44751675000001	35
58.53648000000002	35
58.53648000000002	38
58.62794325000001	42
58.71940650000001	35
58.71940650000001	42
58.81086975000001	42
58.90233300000001	38
58.99379625000001	42
59.085259500000014	42
59.17672275000001	42
59.22245437500001	42
59.26818600000001	35
59.26818600000001	42
59.36214925000001	42
59.4561125	38
59.550075750000005	42
59.644039	38
59.73550225000001	35
59.73550225000001	42
59.82696550000001	35
59.82696550000001	42
59.91842875000001	42
59.91842875000001	35
60.00989200000001	35
60.00989200000001	38
60.098855250000014	35
60.098855250000014	42
60.18781850000001	35
60.18781850000001	42
60.27678175000001	42
60.36574500000002	35
60.36574500000002	38
60.45720825000001	42
60.54867150000001	38
60.64013475000001	42
60.68586637500001	42
60.73159800000001	35
60.73159800000001	42
60.82306125000001	35
60.82306125000001	42
60.91452450000001	38
61.00598775000001	35
61.00598775000001	42
61.05171937500001	35
61.097451000000014	38
61.18891425000001	35
61.18891425000001	42
61.28037750000001	35
61.28037750000001	38
61.37184075000001	42
61.37184075000001	35
61.46330400000001	35
61.46330400000001	38
61.55476725000001	35
61.55476725000001	42
61.64623050000001	35
61.64623050000001	42
61.73769375000001	42
61.82915700000001	35
61.82915700000001	38
61.92062025000001	42
62.01208350000001	38
62.103546750000014	42
62.19501000000001	38
62.19501000000001	35
62.24074162500001	38
62.28647325000001	38
62.28647325000001	35
62.33220487500001	38
62.37793650000001	38
62.42366812500001	38
62.46939975000001	35
62.46939975000001	38
62.51513137500001	35
62.51513137500001	38
62.56086300000001	38
62.606594625000014	38
62.65232625000001	38
62.65232625000001	35
62.69805787500001	38
62.74378950000001	38
62.74378950000001	35
62.78952112500001	38
62.83525275000001	38
62.88098437500001	38
62.83525275000001	35
62.92671600000001	35
62.92671600000001	49
63.01817925000001	42
63.109642500000014	38
63.292569000000015	35
63.292569000000015	42
63.38403225000001	42
63.47549550000001	35
63.47549550000001	38
63.56695875000001	35
63.65842200000001	42
63.74988525000001	42
63.84134850000001	35
63.84134850000001	38
63.93281175000001	35
64.02427500000002	35
64.02427500000002	42
64.11573825	42
64.20720150000001	35
64.20720150000001	38
64.29866475000001	35
64.390128	35
64.390128	42
64.57305450000001	35
64.57305450000001	42
64.755981	38
64.755981	42
64.93890750000001	35
65.03037075000002	35
65.121834	35
65.30476050000001	38
65.30476050000001	42
65.48768700000001	35
65.48768700000001	42
65.58165025000001	35
65.67561350000001	38
65.76957675	35
65.86354000000001	35
65.86354000000001	38
65.86354000000001	42
65.95250325000002	35
66.04146650000003	35
66.04146650000003	42
66.13042975000002	35
66.13042975000002	42
66.21939300000001	42
66.40231950000002	35
66.40231950000002	38
66.49378275000001	35
66.49378275000001	42
66.58524600000001	35
66.58524600000001	42
66.67670925000002	35
66.67670925000002	42
66.7681725	42
66.95109900000001	35
66.95109900000001	38
66.95109900000001	42
67.04256225000002	35
67.1340255	38
67.22548875000001	35
67.27122037500001	35
67.31695200000001	35
67.31695200000001	42
67.49987850000001	38
67.49987850000001	42
67.68280500000002	35
67.68280500000002	42
67.86573150000001	35
68.04865800000002	35
68.2365845	35
68.2365845	38
68.2365845	42
68.42451100000002	35
68.42451100000002	42
68.51597425000001	35
68.60743750000002	38
68.69890075000002	35
68.79036400000001	35
68.79036400000001	49
68.87932725000002	42
68.96829050000002	42
69.05725375000003	42
69.14621700000001	38
69.23768025000001	42
69.32914350000001	42
69.42060675000002	42
69.466338375	42
69.51207000000001	35
69.51207000000001	42
69.60353325000001	42
69.69499650000002	38
69.78645975	42
69.87792300000001	38
69.97188625000001	35
69.97188625000001	42
70.06584950000001	35
70.06584950000001	42
70.15981275	42
70.15981275	35
70.25377600000002	35
70.25377600000002	38
70.34273925000002	42
70.43170250000003	35
70.43170250000003	42
70.52066575000002	42
70.60962900000001	38
70.70109225000002	42
70.7925555	42
70.88401875000001	42
70.92975037500001	42
70.97548200000001	35
70.97548200000001	42
71.06694525000002	42
71.15840850000001	38
71.24987175000001	42
71.34133500000002	38
71.43279825000002	35
71.43279825000002	42
71.52426150000001	35
71.52426150000001	42
71.61572475000001	42
71.61572475000001	35
71.70718800000002	35
71.70718800000002	38
71.80115125	35
71.80115125	42
71.8951145	35
71.8951145	42
71.98907775	42
72.08304100000002	35
72.08304100000002	38
72.17200425000001	42
72.26096750000002	38
72.34993075000003	42
72.39441237500002	42
72.43889400000002	35
72.43889400000002	42
72.53285725	35
72.53285725	42
72.62682050000001	38
72.72078375000001	35
72.72078375000001	42
72.76776537500002	35
72.81474700000001	38
72.90621025000002	35
72.90621025000002	42
72.99767350000002	35
72.99767350000002	38
73.08913675000002	42
73.08913675000002	35
73.18060000000001	47
73.18060000000001	35
73.22633162500001	47
73.27206325000002	47
73.31779487500002	47
73.45498975000002	42
73.54645300000001	38
73.63791625000002	42
73.72937950000002	47
73.77511112500002	47
73.82084275000001	47
73.86657437500001	47
73.91230600000002	38
73.95803762500002	38
74.00376925000002	38
74.04950087500002	38
74.09523250000002	38
74.14096412500002	38
74.18669575000001	35
74.18669575000001	38
74.23242737500001	38
74.23242737500001	35
74.27815900000002	47
74.32389062500002	47
74.36962225000002	47
74.41535387500002	47
74.36962225000002	35
74.46108550000002	38
74.46108550000002	35
74.50681712500001	38
74.55254875000001	38
74.59828037500002	38
74.55254875000001	35
74.64401200000002	38
75.16779149999999	38
75.233767	38
75.29974250000001	38
75.365718	38
75.73157100000002	38
75.77730262500002	38
75.82303425	38
75.86876587500001	38
75.91449750000001	38
75.96022912500001	38
76.00596075000001	38
76.05169237500002	38
76.09742400000002	35
76.09742400000002	49
76.28035050000001	38
76.46327700000002	35
76.46327700000002	42
76.55474025000001	42
76.64620350000001	38
76.73766675000002	42
76.82913	35
76.82913	42
76.92059325000001	35
77.01205650000001	38
77.19498300000001	35
77.19498300000001	42
77.37790950000002	38
77.46937275000002	42
77.56083600000001	42
77.56083600000001	35
77.6218115	42
77.74376250000002	38
77.92668900000001	42
77.92668900000001	35
77.98766450000001	42
78.04864000000002	42
78.10961550000002	38
78.20107875000001	42
78.29254200000001	35
78.29254200000001	42
78.38400525000002	35
78.47546850000002	38
78.65839500000001	35
78.65839500000001	42
78.84132150000002	38
78.90229700000002	42
78.96327250000002	42
79.02424800000001	35
79.02424800000001	42
79.20717450000001	38
79.39010100000002	35
79.39010100000002	42
79.48156425000002	42
79.57302750000001	38
79.66449075000001	42
79.75595400000002	35
79.75595400000002	42
79.84741725000002	35
79.93888050000001	38
80.12180700000002	35
80.12180700000002	42
80.30473350000001	38
80.39619675000002	42
80.48766000000002	42
80.48766000000002	35
80.54863550000002	42
80.67058650000001	38
80.85351300000002	42
80.85351300000002	35
80.91448850000002	42
80.97546400000002	42
81.03643950000001	38
81.12790275000002	42
81.21936600000001	35
81.21936600000001	42
81.31082925000001	35
81.40229250000002	38
81.58521900000001	35
81.58521900000001	42
81.76814550000002	38
81.82912100000001	42
81.89009650000001	42
81.95107200000001	35
81.95107200000001	49
82.13399850000002	38
82.31692500000001	35
82.31692500000001	42
82.40838825000002	42
82.49985150000002	38
82.59131475000001	42
82.68277800000001	35
82.68277800000001	42
82.77424125000002	35
82.86570450000002	38
83.04863100000001	35
83.04863100000001	42
83.23155750000001	38
83.32302075000001	42
83.41448400000002	42
83.41448400000002	35
83.47545950000001	42
83.59741050000001	38
83.78033700000002	42
83.78033700000002	35
83.84131250000002	42
83.90228800000001	42
83.96326350000001	38
84.05472675000001	42
84.14619000000002	35
84.14619000000002	42
84.23765325000001	35
84.32911650000001	38
84.51204300000002	35
84.51204300000002	42
84.69496950000001	38
84.75594500000001	42
84.81692050000001	42
84.87789600000002	35
84.87789600000002	42
85.06082250000001	38
85.24374900000001	35
85.24374900000001	42
85.33521225000001	42
85.42667550000002	38
85.51813875000002	42
85.60960200000001	35
85.60960200000001	42
85.70106525000001	35
85.79252850000002	38
85.97545500000001	35
85.97545500000001	42
86.15838150000002	38
86.24984475000001	42
86.34130800000001	42
86.34130800000001	35
86.40228350000001	42
86.52423450000002	38
86.70716100000001	42
86.70716100000001	35
86.76813650000001	42
86.82911200000001	42
86.89008750000002	38
86.98155075000001	42
87.07301400000001	35
87.07301400000001	42
87.16447725000002	35
87.25594050000001	38
87.43886700000002	35
87.43886700000002	42
87.62179350000001	38
87.68276900000002	42
87.74374450000002	42
87.80472000000002	35
87.80472000000002	49
87.98764650000001	38
88.17057300000002	35
88.17057300000002	42
88.26203625000001	42
88.35349950000001	38
88.44496275000002	42
88.53642600000002	35
88.53642600000002	42
88.62788925000001	35
88.71935250000001	38
88.90227900000002	35
88.90227900000002	42
89.08520550000001	38
89.17666875000002	42
89.26813200000001	42
89.26813200000001	35
89.32910750000002	42
89.45105850000002	38
89.63398500000001	42
89.63398500000001	35
89.69496050000002	42
89.75593600000002	42
89.81691150000002	38
89.90837475000002	42
89.99983800000001	35
89.99983800000001	42
90.09130125000001	35
90.18276450000002	38
90.36569100000001	35
90.36569100000001	42
90.54861750000002	38
90.60959300000002	42
90.67056850000002	42
90.73154400000001	35
90.73154400000001	42
90.91447050000002	38
91.09739700000002	35
91.09739700000002	42
91.19136025000002	42
91.28532350000002	38
91.37928675	42
91.47325000000002	35
91.47325000000002	42
91.56221325000003	35
91.65117650000002	38
91.82910300000002	35
91.82910300000002	42
92.0170295	38
92.11099275000001	42
92.20495600000002	42
92.20495600000002	35
92.26593150000002	42
92.38788250000002	38
92.57080900000003	42
92.57080900000003	35
92.63011783333336	42
92.68942666666669	42
92.74873550000002	38
92.83769875000003	42
92.92666200000002	35
92.92666200000002	42
93.01812525000001	35
93.10958850000002	38
93.29251500000002	35
93.29251500000002	42
93.47544150000002	38
93.53641700000001	42
93.59739250000001	42
93.65836800000001	35
93.65836800000001	49
93.84129450000002	38
94.02422100000001	35
94.02422100000001	42
94.11568425000002	42
94.20714750000002	38
94.29861075000002	42
94.39007400000001	35
94.39007400000001	42
94.48153725000002	35
94.57300050000002	38
94.75592700000001	35
94.75592700000001	42
94.93885350000002	38
95.03031675000001	42
95.12178000000002	42
95.12178000000002	35
95.18275550000001	42
95.30470650000002	38
95.48763300000002	42
95.48763300000002	35
95.54860850000001	42
95.60958400000001	42
95.67055950000001	38
95.76202275000001	42
95.85348600000002	35
95.85348600000002	42
95.94494925000002	35
96.03641250000001	38
96.21933900000002	35
96.21933900000002	42
96.40226550000001	38
96.46324100000001	42
96.52421650000002	42
96.58519200000002	35
96.58519200000002	42
96.76811850000001	38
96.95104500000002	35
96.95104500000002	42
97.04250825000001	42
97.13397150000002	38
97.22543475000002	42
97.31689800000002	35
97.31689800000002	42
97.40836125000001	35
97.49982450000002	38
97.68275100000001	35
97.68275100000001	42
97.86567750000002	38
97.95714075000002	42
98.04860400000001	42
98.04860400000001	35
98.11124616666669	42
98.23653050000001	47
98.28351212500002	47
98.33049375000002	47
98.377475375	47
98.424457	47
98.424457	35
98.47018862500002	47
98.51592025000002	47
98.56165187500002	47
98.60738350000003	47
98.65311512500003	47
98.69884675000002	47
98.74457837500002	47
98.79031000000002	47
98.79031000000002	35
98.83604162500002	47
98.88177325000002	47
98.88177325000002	35
98.92750487500003	47
98.97323650000003	47
99.01896812500003	47
99.06469975000002	47
99.11043137500002	47
99.15616300000002	47
99.15616300000002	35
99.20189462500002	47
99.24762625000002	47
99.29335787500003	47
99.33908950000003	47
99.38482112500002	47
99.43055275000002	47
99.47628437500002	47
99.52201600000002	35
99.52201600000002	49
99.70494250000002	38
99.88786900000002	35
99.88786900000002	42
99.97933225000003	42
100.07079550000002	38
100.16225875000002	42
100.25372200000002	35
100.25372200000002	42
100.34268525000003	35
100.43164850000002	38
100.60957500000004	35
100.60957500000004	42
100.79250150000001	38
100.88396475000002	42
100.97542800000002	42
100.97542800000002	35
101.03640350000002	42
101.15835450000002	38
101.34128100000002	42
101.34128100000002	35
101.40225650000002	42
101.46323200000002	42
101.52420750000002	38
101.61567075000002	42
101.70713400000001	35
101.70713400000001	42
101.79859725000001	35
101.89006050000002	38
102.07298700000001	35
102.07298700000001	42
102.25591350000002	38
102.31688900000002	42
102.37786450000002	42
102.43884000000001	35
102.43884000000001	42
102.62176650000002	38
102.80469300000001	35
102.80469300000001	42
102.89615625000002	42
102.98761950000002	38
103.07908275000001	42
103.17054600000002	35
103.17054600000002	42
103.26200925000002	35
103.35347250000002	38
103.53639900000002	35
103.53639900000002	42
103.71932550000002	38
103.81078875000001	42
103.90225200000002	42
103.90225200000002	35
103.96322750000002	42
104.08517850000001	38
104.26810500000002	42
104.26810500000002	35
104.33074716666668	42
104.39338933333335	42
104.45603150000001	38
104.54999475000001	42
104.64395800000001	35
104.64395800000001	42
104.73292125000003	35
104.82188450000002	38
104.99981100000004	35
104.99981100000004	42
105.18273750000002	38
105.24371300000001	42
105.30468850000001	42
105.36566400000002	35
105.36566400000002	49
105.54859050000002	38
105.73151700000003	35
105.73151700000003	42
105.82298025000001	42
105.91444350000002	38
106.00590675000002	42
106.09737000000001	35
106.09737000000001	42
106.18883325000002	35
106.28029650000002	38
106.46322300000001	35
106.46322300000001	42
106.64614950000002	38
106.73761275000003	42
106.82907600000001	42
106.82907600000001	35
106.89005150000001	42
107.01200250000002	38
107.19492900000002	42
107.19492900000002	35
107.25590450000001	42
107.31688000000001	42
107.37785550000002	38
107.46931875000001	42
107.56078200000002	35
107.56078200000002	42
107.65224525000002	35
107.74370850000003	38
107.92663500000002	35
107.92663500000002	42
108.10956150000001	38
108.17053700000002	42
108.23151250000002	42
108.29248800000002	35
108.29248800000002	42
108.47541450000001	38
108.65834100000002	35
108.65834100000002	42
108.74980425000003	42
108.84126750000001	38
108.93273075000002	42
109.02419400000002	35
109.02419400000002	42
109.11565725000001	35
109.20712050000002	38
109.39004700000002	35
109.39004700000002	42
109.57297350000002	38
109.66443675000002	42
109.75590000000003	42
109.75590000000003	35
109.81687550000002	42
109.93882650000002	38
110.12175300000001	42
110.12175300000001	35
110.18272850000002	42
110.24370400000002	42
110.30467950000002	38
110.39614275000002	42
110.48760600000001	35
110.48760600000001	42
110.57906925000002	35
110.67053250000002	38
110.85345900000002	35
110.85345900000002	42
111.03638550000002	38
111.09736100000002	42
111.15833650000002	42
111.21931200000002	35
111.21931200000002	49
111.40223850000002	38
111.58516500000002	35
111.58516500000002	42
111.67662825000002	42
111.76809150000003	38
111.85955475000002	42
111.95101800000002	35
111.95101800000002	42
112.04248125000002	35
112.13394450000001	38
112.31687100000002	35
112.31687100000002	42
112.49979750000001	38
112.59126075000002	42
112.68272400000002	42
112.68272400000002	35
112.74369950000002	42
112.86565050000002	38
113.04857700000002	42
113.04857700000002	35
113.10955250000002	42
113.17052800000002	42
113.23150350000002	38
113.32296675000002	42
113.41443000000002	35
113.41443000000002	42
113.50589325000001	35
113.59735650000002	38
113.78028300000003	35
113.78028300000003	42
113.96320950000002	38
114.02418500000002	42
114.08516050000001	42
114.14613600000003	35
114.14613600000003	42
114.32906250000002	38
114.51198900000001	35
114.51198900000001	42
114.60345225000002	42
114.69491550000002	38
114.78637875000003	42
114.87784200000002	35
114.87784200000002	42
114.96930525000002	35
115.06076850000002	38
115.24369500000002	35
115.24369500000002	42
115.42662150000002	38
115.51808475000001	42
115.60954800000002	42
115.60954800000002	35
115.67052350000002	42
115.79247450000003	38
115.97540100000002	42
115.97540100000002	35
116.03637650000002	42
116.09735200000001	42
116.15832750000003	38
116.24979075000002	42
116.34125400000002	35
116.34125400000002	42
116.43271725000002	35
116.52418050000001	38
116.70710700000002	35
116.70710700000002	42
116.89003350000002	38
116.95100900000001	42
117.01198450000003	42
117.07296000000002	35
117.07296000000002	49
117.25588650000002	38
117.43881300000002	35
117.43881300000002	42
117.53027625000001	42
117.62173950000002	38
117.71320275000002	42
117.80466600000003	35
117.80466600000003	42
117.89612925000002	35
117.98759250000002	38
118.17051900000003	35
118.17051900000003	42
118.35344550000002	38
118.44490875000002	42
118.53637200000001	42
118.53637200000001	35
118.59734750000003	42
118.71929850000002	38
118.90222500000002	42
118.90222500000002	35
118.96320050000003	42
119.02417600000003	42
119.08515150000002	38
119.17661475000003	42
119.26807800000002	35
119.26807800000002	42
119.35954125000002	35
119.45100450000002	38
119.63393100000002	35
119.63393100000002	42
119.81685750000003	38
119.87783300000002	42
119.93880850000002	42
119.99978400000002	35
119.99978400000002	42
120.18271050000003	38
120.36563700000002	35
120.36563700000002	42
120.45710025000002	42
120.54856350000001	38
120.64002675000002	42
120.73149000000002	35
120.73149000000002	42
120.82295325000003	35
120.91441650000002	38
121.09734300000002	35
121.09734300000002	42
121.28526950000001	38
121.37923275000001	42
121.47319600000002	42
121.47319600000002	35
121.53417150000003	42
121.65612250000002	47
121.70185412500003	47
121.74758575000003	47
121.79331737500003	47
121.83904900000003	47
121.83904900000003	35
121.88478062500003	47
121.93051225000002	47
121.97624387500002	47
122.02197550000002	47
122.06770712500003	47
122.11343875000003	47
122.15917037500003	47
122.20490200000003	47
122.20490200000003	35
122.25063362500002	47
122.29636525000002	47
122.29636525000002	35
122.34209687500002	47
122.38782850000003	47
122.43356012500003	47
122.47929175000003	47
122.52502337500003	47
122.57075500000002	47
122.57075500000002	35
122.61523662500004	47
122.65971825000003	47
122.70419987500003	47
122.74868150000003	47
122.79316312500004	47
122.83764475000004	47
122.88212637500004	47
122.92660800000003	35
122.92660800000003	49
123.10953450000002	38
123.29246100000002	35
123.29246100000002	42
123.38392425000002	42
123.47538750000002	38
123.56685075000001	42
123.65831400000002	35
123.65831400000002	42
123.74977725000002	35
123.84124050000003	38
124.02416700000002	35
124.02416700000002	42
124.20709350000003	38
124.29855675000002	42
124.39002000000002	42
124.39002000000002	35
124.45099550000002	42
124.57294650000001	38
124.75587300000002	42
124.75587300000002	35
124.81684850000002	42
124.87782400000002	42
124.93879950000002	38
125.03026275000002	42
125.12172600000002	35
125.12172600000002	42
125.21318925000003	35
125.30465250000002	38
125.48757900000003	35
125.48757900000003	42
125.67050550000002	38
125.73148100000002	42
125.79245650000003	42
125.85343200000003	35
125.85343200000003	42
126.03635850000002	38
126.21928500000003	35
126.21928500000003	42
126.31074825000002	42
126.40221150000002	38
126.49367475000003	42
126.58513800000003	35
126.58513800000003	42
126.67660125000002	35
126.76806450000002	38
126.95099100000002	35
126.95099100000002	42
127.13391750000002	38
127.22538075000003	42
127.31684400000002	42
127.31684400000002	35
127.37948616666667	42
127.50477050000002	38
127.69269700000001	42
127.69269700000001	35
127.75367250000002	42
127.81464800000003	42
127.87562350000002	38
127.96708675	42
128.05855000000003	35
128.05855000000003	42
128.15001325	35
128.2414765	38
128.424403	35
128.424403	42
128.60732950000002	38
128.668305	42
128.72928050000002	42
128.790256	35
128.790256	49
128.9681825	38
129.14610900000002	35
129.14610900000002	42
129.23757225000003	42
129.32903550000003	38
129.42049875000004	42
129.511962	35
129.511962	42
129.60342525000002	35
129.69488850000002	38
129.87781500000003	35
129.87781500000003	42
130.06074150000003	38
130.15220475	42
130.243668	42
130.243668	35
130.30464350000003	42
130.42659450000002	38
130.60952100000003	42
130.60952100000003	35
130.6704965	42
130.73147200000002	42
130.7924475	38
130.88391075	42
130.97537400000002	35
130.97537400000002	42
131.06683725000002	35
131.15830050000002	38
131.34122700000003	35
131.34122700000003	42
131.5241535	38
131.58512900000002	42
131.64610450000004	42
131.70708000000002	35
131.70708000000002	42
131.89000650000003	38
132.07293300000003	35
132.07293300000003	42
132.16439625	42
132.2558595	38
132.34732275000002	42
132.43878600000002	35
132.43878600000002	42
132.53024925000003	35
132.62171250000003	38
132.80463900000004	35
132.80463900000004	42
132.98756550000002	38
133.07902875000002	42
133.17049200000002	42
133.17049200000002	35
133.23146750000004	42
133.35341850000003	38
133.536345	42
133.536345	35
133.59732050000002	42
133.65829600000004	42
133.71927150000002	38
133.81073475000002	42
133.90219800000003	35
133.90219800000003	42
133.99366125000003	35
134.08512450000003	38
134.268051	35
134.268051	42
134.45097750000002	38
134.51195300000003	42
134.57292850000002	42
134.63390400000003	35
134.63390400000003	49
134.81683050000004	38
134.99975700000002	35
134.99975700000002	42
135.09122025000002	42
135.18268350000002	38
135.27414675000003	42
135.36561000000003	35
135.36561000000003	42
135.45707325000004	35
135.5485365	38
135.73146300000002	35
135.73146300000002	42
135.91438950000003	38
136.00585275000003	42
136.09731600000003	42
136.09731600000003	35
136.15829150000002	42
136.2802425	38
136.46316900000002	42
136.46316900000002	35
136.52414450000003	42
136.58512000000002	42
136.64609550000003	38
136.73755875000003	42
136.82902200000004	35
136.82902200000004	42
136.92048525	35
137.01194850000002	38
137.19487500000002	35
137.19487500000002	42
137.37780150000003	38
137.43877700000002	42
137.49975250000003	42
137.560728	35
137.560728	42
137.74365450000002	38
137.92658100000003	35
137.92658100000003	42
138.01804425000003	42
138.10950750000003	38
138.20097075	42
138.29243400000001	35
138.29243400000001	42
138.38389725000002	35
138.47536050000002	38
138.65828700000003	35
138.65828700000003	42
138.84121350000004	38
138.93267675	42
139.02414000000002	42
139.02414000000002	35
139.08511550000003	42
139.20706650000002	38
139.38999300000003	42
139.38999300000003	35
139.45096850000002	42
139.51194400000003	42
139.5729195	38
139.66438275000002	42
139.75584600000002	35
139.75584600000002	42
139.84730925000002	35
139.93877250000003	38
140.12169900000004	35
140.12169900000004	42
140.30462550000001	38
140.36560100000003	42
140.42657650000004	42
140.48755200000002	35
140.48755200000002	49
140.67047850000003	38
140.85340500000004	35
140.85340500000004	42
140.94486825	42
141.03633150000002	38
141.12779475000002	42
141.21925800000002	35
141.21925800000002	42
141.31072125000003	35
141.40218450000003	38
141.585111	35
141.585111	42
141.76803750000002	38
141.85950075000002	42
141.95096400000003	42
141.95096400000003	35
142.0119395	42
142.13389050000004	38
142.31681700000001	42
142.31681700000001	35
142.3794591666667	42
142.44210133333337	42
142.50474350000002	38
142.59870675000002	42
142.69267000000002	35
142.69267000000002	42
142.78163325000003	35
142.87059650000003	38
143.04852300000002	35
143.04852300000002	42
143.23144950000002	38
143.29242500000004	42
143.35340050000002	42
143.41437600000003	35
143.41437600000003	42
143.5973025	38
143.78022900000002	35
143.78022900000002	42
143.87169225000002	42
143.96315550000003	38
144.05461875000003	42
144.14608200000004	35
144.14608200000004	42
144.23754525000004	35
144.32900850000001	38
144.51193500000002	35
144.51193500000002	42
144.69486150000003	38
144.78632475000003	42
144.87778800000004	42
144.87778800000004	35
144.93876350000002	42
145.06071450000002	47
145.10644612500002	47
145.15217775000002	47
145.19790937500002	47
145.24364100000003	47
145.24364100000003	35
145.28937262500003	47
145.33510425000003	47
145.38083587500003	47
145.42656750000003	47
145.47229912500003	47
145.51803075000004	47
145.56376237500004	47
145.609494	47
145.609494	35
145.655225625	47
145.70095725000002	47
145.70095725000002	35
145.74668887500002	47
145.79242050000002	47
145.83815212500002	47
145.88388375000002	47
145.92961537500003	47
145.97534700000003	47
145.97534700000003	35
146.02232862500003	47
146.06931025000003	47
146.11629187500003	47
146.16327350000003	47
146.21025512500003	47
146.25723675000003	47
146.304218375	47
146.3512	35
146.3512	49
146.52912650000002	38
146.70705300000003	35
146.70705300000003	42
146.79851625000003	42
146.88997950000004	38
146.98144275	42
147.07290600000002	35
147.07290600000002	42
147.16436925000002	35
147.25583250000003	38
147.43875900000003	35
147.43875900000003	42
147.6216855	38
147.71314875000002	42
147.80461200000002	42
147.80461200000002	35
147.86558750000003	42
147.98753850000003	38
148.17046500000004	42
148.17046500000004	35
148.23144050000002	42
148.29241600000003	42
148.35339150000001	38
148.44485475000002	42
148.53631800000002	35
148.53631800000002	42
148.62778125000003	35
148.71924450000003	38
148.90217100000004	35
148.90217100000004	42
149.08509750000002	38
149.14607300000003	42
149.2070485	42
149.26802400000003	35
149.26802400000003	42
149.45095050000003	38
149.633877	35
149.633877	42
149.72534025000002	42
149.81680350000002	38
149.90826675000002	42
149.99973000000003	35
149.99973000000003	42
150.09119325000003	35
150.18265650000004	38
150.36558300000002	35
150.36558300000002	42
150.54850950000002	38
150.63997275000003	42
150.73143600000003	42
150.73143600000003	35
150.79241150000001	42
150.91436250000004	38
151.09728900000002	42
151.09728900000002	35
151.1599311666667	42
151.22257333333334	42
151.28521550000002	38
151.37917875000002	42
151.47314200000002	35
151.47314200000002	42
151.56210525000003	35
151.6510685	38
151.82899500000002	35
151.82899500000002	42
152.01192150000003	38
152.07289700000004	42
152.13387250000002	42
152.19484800000004	35
152.19484800000004	49
152.37777450000002	38
152.56070100000002	35
152.56070100000002	42
152.65216425000003	42
152.74362750000003	38
152.83509075000003	42
152.92655400000004	35
152.92655400000004	42
153.01801725	35
153.10948050000002	38
153.29240700000003	35
153.29240700000003	42
153.47533350000003	38
153.56679675000004	42
153.65826	42
153.65826	35
153.71923550000002	42
153.84118650000002	38
154.02411300000003	42
154.02411300000003	35
154.08508850000004	42
154.14606400000002	42
154.20703950000004	38
154.29850275000004	42
154.38996600000002	35
154.38996600000002	42
154.48142925000002	35
154.57289250000002	38
154.75581900000003	35
154.75581900000003	42
154.93874550000004	38
154.99972100000002	42
155.06069650000003	42
155.12167200000002	35
155.12167200000002	42
155.30459850000003	38
155.48752500000006	35
155.48752500000006	42
155.58148825000006	42
155.67545150000004	38
155.76941475000004	42
155.86337799999998	35
155.86337799999998	42
155.95234125	35
156.0413045	38
156.21923100000004	35
156.21923100000004	42
156.40215750000002	38
156.49362075000002	42
156.58508400000002	42
156.58508400000002	35
156.64605950000004	42
156.76801050000003	38
156.95093700000004	42
156.95093700000004	35
157.01191250000002	42
157.07288800000003	42
157.13386350000002	38
157.22532675000002	42
157.31679000000003	35
157.31679000000003	42
157.40825325000003	35
157.49971650000003	38
157.68264300000004	35
157.68264300000004	42
157.86556950000002	38
157.92654500000003	42
157.98752050000002	42
158.04849600000003	35
158.04849600000003	49
158.23142250000004	38
158.41434900000002	35
158.41434900000002	42
158.50581225000002	42
158.59727550000002	38
158.68873875000003	42
158.78020200000003	35
158.78020200000003	42
158.87166525000004	35
158.96312850000004	38
159.14605500000002	35
159.14605500000002	42
159.32898150000003	38
159.42044475000003	42
159.51190800000003	42
159.51190800000003	35
159.57288350000002	42
159.69483450000004	38
159.87776100000005	42
159.87776100000005	35
159.94040316666673	42
160.00304533333338	42
160.06568750000005	38
160.15965075000005	42
160.253614	35
160.253614	42
160.34257725	35
160.43154049999998	38
160.60946700000002	35
160.60946700000002	42
160.79239350000003	38
160.85336900000001	42
160.91434450000003	42
160.97532000000004	35
160.97532000000004	42
161.15824650000002	38
161.34117300000003	35
161.34117300000003	42
161.43263625000003	42
161.52409950000003	38
161.61556275000004	42
161.70702600000004	35
161.70702600000004	42
161.79848925000002	35
161.88995250000002	38
162.07287900000003	35
162.07287900000003	42
162.25580550000004	38
162.34726875000004	42
162.43873200000002	42
162.43873200000002	35
162.49970750000003	42
162.62165850000002	38
162.80458500000003	42
162.80458500000003	35
162.86556050000002	42
162.92653600000003	42
162.98751150000004	38
163.07897475000001	42
163.17043800000002	35
163.17043800000002	42
163.26190125000002	35
163.35336450000003	38
163.53629100000003	35
163.53629100000003	42
163.71921750000004	38
163.78019300000003	42
163.84116850000004	42
163.90214400000002	35
163.90214400000002	49
164.08507050000003	38
164.26799700000004	35
164.26799700000004	42
164.35946025000004	42
164.45092350000002	38
164.54238675000002	42
164.63385000000002	35
164.63385000000002	42
164.72531325000003	35
164.81677650000003	38
164.99970300000004	35
164.99970300000004	42
165.18262950000002	38
165.27409275000002	42
165.36555600000003	42
165.36555600000003	35
165.42653150000004	42
165.54848250000003	38
165.73140900000004	42
165.73140900000004	35
165.79238450000003	42
165.85336000000004	42
165.91433550000002	38
166.00579875000003	42
166.09726200000003	35
166.09726200000003	42
166.18872525000003	35
166.28018850000004	38
166.46311500000002	35
166.46311500000002	42
166.64604150000002	38
166.70701700000004	42
166.76799250000002	42
166.82896800000006	35
166.82896800000006	42
167.01689450000006	38
167.20482099999998	35
167.20482099999998	42
167.29378425	42
167.3827475	38
167.47171075	42
167.56067400000003	35
167.56067400000003	42
167.65213725000004	35
167.74360050000004	38
167.92652700000005	35
167.92652700000005	42
168.11445350000005	38
168.20841675000005	42
168.30238000000003	42
168.30238000000003	35
168.3633555	42
168.4853065	47
168.531038125	47
168.57676975	47
168.622501375	47
168.66823300000001	47
168.66823300000001	35
168.71396462500002	47
168.75969625000002	47
168.80542787500002	47
168.85115950000002	47
168.89689112500002	47
168.94262275000003	47
168.98835437500003	47
169.03408600000003	47
169.03408600000003	35
169.07981762500003	47
169.12554925000003	47
169.12554925000003	35
169.171280875	47
169.2170125	47
169.262744125	47
169.30847575	47
169.35420737500002	47
169.399939	47
169.399939	35
169.444420625	47
169.48890225	47
169.533383875	47
169.5778655	47
169.622347125	47
169.66682875	47
169.711310375	47
169.755792	35
169.755792	49